# 1st line: number of mesh points
# rho and r_seitz are calculated from total density
# zeta and r_seitz only correct of rho > 1d-12

# abcissa weight rho drho ddrho zeta r_seitz
500
  9.830308526508E-006  1.966074589941E-005  1.613155271534E+003 -1.952466647660E+004  2.417206394657E+005 -6.279307032463E-013  1.229744893065E-001
  3.932200719717E-005  3.932303800261E-005  1.612579561060E+003 -1.951753905689E+004  2.416302779116E+005 -6.274498822604E-013  1.229891220270E-001
  8.847741541455E-005  5.898842277178E-005  1.611620460319E+003 -1.950566532210E+004  2.414797443320E+005 -6.265535326123E-013  1.230135147772E-001
  1.573003992804E-004  7.865844718600E-005  1.610278593960E+003 -1.948905321377E+004  2.412691421677E+005 -6.256636334035E-013  1.230476748842E-001
  2.457963722417E-004  9.833465899987E-005  1.608554835635E+003 -1.946771383881E+004  2.409986160857E+005 -6.246378734033E-013  1.230916126121E-001
  3.539722959954E-004  1.180186070023E-004  1.606450307149E+003 -1.944166145840E+004  2.406683518295E+005 -6.228377275880E-013  1.231453411679E-001
  4.818366816528E-004  1.377118412759E-004  1.603966377368E+003 -1.941091347356E+004  2.402785760263E+005 -6.213923934871E-013  1.232088767094E-001
  6.293995911626E-004  1.574159134560E-004  1.601104660880E+003 -1.937549040773E+004  2.398295559528E+005 -6.195208116977E-013  1.232822383547E-001
  7.966726389934E-004  1.771323769912E-004  1.597867016424E+003 -1.933541588606E+004  2.393215992587E+005 -6.170051991738E-013  1.233654481940E-001
  9.836689940782E-004  1.968627874036E-004  1.594255545081E+003 -1.929071661172E+004  2.387550536483E+005 -6.144095260210E-013  1.234585313019E-001
  1.190403382016E-003  2.166087025496E-004  1.590272588225E+003 -1.924142233909E+004  2.381303065210E+005 -6.115875378284E-013  1.235615157531E-001
  1.416892087541E-003  2.363716828821E-004  1.585920725248E+003 -1.918756584386E+004  2.374477845718E+005 -6.082478163698E-013  1.236744326385E-001
  1.663152957245E-003  2.561532917128E-004  1.581202771054E+003 -1.912918289020E+004  2.367079533506E+005 -6.051735619368E-013  1.237973160840E-001
  1.929205402573E-003  2.759550954757E-004  1.576121773319E+003 -1.906631219494E+004  2.359113167824E+005 -6.017146747975E-013  1.239302032709E-001
  2.215070403074E-003  2.957786639908E-004  1.570681009541E+003 -1.899899538880E+004  2.350584166483E+005 -5.979361568092E-013  1.240731344579E-001
  2.520770509919E-003  3.156255707300E-004  1.564883983860E+003 -1.892727697477E+004  2.341498320283E+005 -5.936127921330E-013  1.242261530056E-001
  2.846329849692E-003  3.354973930828E-004  1.558734423663E+003 -1.885120428368E+004  2.331861787060E+005 -5.894634830138E-013  1.243893054017E-001
  3.191774128432E-003  3.553957126240E-004  1.552236275983E+003 -1.877082742701E+004  2.321681085367E+005 -5.848268161574E-013  1.245626412897E-001
  3.557130635959E-003  3.753221153821E-004  1.545393703681E+003 -1.868619924693E+004  2.310963087798E+005 -5.797655095590E-013  1.247462134983E-001
  3.942428250463E-003  3.952781921092E-004  1.538211081437E+003 -1.859737526378E+004  2.299715013948E+005 -5.747123140587E-013  1.249400780735E-001
  4.347697443358E-003  4.152655385525E-004  1.530692991529E+003 -1.850441362092E+004  2.287944423042E+005 -5.692909133044E-013  1.251442943121E-001
  4.772970284417E-003  4.352857557265E-004  1.522844219431E+003 -1.840737502704E+004  2.275659206221E+005 -5.635651546033E-013  1.253589247979E-001
  5.218280447175E-003  4.553404501876E-004  1.514669749215E+003 -1.830632269614E+004  2.262867578509E+005 -5.578249505444E-013  1.255840354397E-001
  5.683663214611E-003  4.754312343099E-004  1.506174758774E+003 -1.820132228499E+004  2.249578070460E+005 -5.519889637077E-013  1.258196955109E-001
  6.169155485101E-003  4.955597265624E-004  1.497364614865E+003 -1.809244182839E+004  2.235799519507E+005 -5.454424620990E-013  1.260659776923E-001
  6.674795778653E-003  5.157275517886E-004  1.488244867989E+003 -1.797975167225E+004  2.221541061015E+005 -5.390833397501E-013  1.263229581163E-001
  7.200624243425E-003  5.359363414876E-004  1.478821247093E+003 -1.786332440445E+004  2.206812119054E+005 -5.319864848979E-013  1.265907164135E-001
  7.746682662519E-003  5.561877340970E-004  1.469099654127E+003 -1.774323478370E+004  2.191622396900E+005 -5.252919720498E-013  1.268693357617E-001
  8.313014461060E-003  5.764833752781E-004  1.459086158440E+003 -1.761955966647E+004  2.175981867282E+005 -5.181445019376E-013  1.271589029374E-001
  8.899664713569E-003  5.968249182030E-004  1.448786991031E+003 -1.749237793202E+004  2.159900762380E+005 -5.107635776074E-013  1.274595083691E-001
  9.506680151615E-003  6.172140238444E-004  1.438208538669E+003 -1.736177040562E+004  2.143389563591E+005 -5.029004084861E-013  1.277712461938E-001
  1.013410917176E-002  6.376523612666E-004  1.427357337872E+003 -1.722781978020E+004  2.126458991078E+005 -4.950152829236E-013  1.280942143154E-001
  1.078200184380E-002  6.581416079202E-004  1.416240068766E+003 -1.709061053627E+004  2.109119993104E+005 -4.867797481149E-013  1.284285144660E-001
  1.145040991929E-002  6.786834499385E-004  1.404863548824E+003 -1.695022886047E+004  2.091383735184E+005 -4.782594092480E-013  1.287742522694E-001
  1.213938684040E-002  6.992795824361E-004  1.393234726502E+003 -1.680676256268E+004  2.073261589049E+005 -4.698481879248E-013  1.291315373081E-001
  1.284898774901E-002  7.199317098113E-004  1.381360674762E+003 -1.666030099180E+004  2.054765121443E+005 -4.617064690423E-013  1.295004831920E-001
  1.357926949620E-002  7.406415460502E-004  1.369248584506E+003 -1.651093495046E+004  2.035906082773E+005 -4.527551338090E-013  1.298812076307E-001
  1.433029065191E-002  7.614108150341E-004  1.356905757926E+003 -1.635875660850E+004  2.016696395622E+005 -4.436356778795E-013  1.302738325087E-001
  1.510211151509E-002  7.822412508494E-004  1.344339601764E+003 -1.620385941560E+004  1.997148143126E+005 -4.349283511659E-013  1.306784839625E-001
  1.589479412397E-002  8.031345981016E-004  1.331557620514E+003 -1.604633801294E+004  1.977273557258E+005 -4.253573535259E-013  1.310952924627E-001
  1.670840226680E-002  8.240926122311E-004  1.318567409549E+003 -1.588628814418E+004  1.957085007009E+005 -4.159251178192E-013  1.315243928969E-001
  1.754300149280E-002  8.451170598329E-004  1.305376648196E+003 -1.572380656568E+004  1.936594986483E+005 -4.061934246076E-013  1.319659246581E-001
  1.839865912351E-002  8.662097189796E-004  1.291993092768E+003 -1.555899095625E+004  1.915816102940E+005 -3.959702049576E-013  1.324200317345E-001
  1.927544426443E-002  8.873723795480E-004  1.278424569548E+003 -1.539193982642E+004  1.894761064776E+005 -3.862112384147E-013  1.328868628042E-001
  2.017342781695E-002  9.086068435487E-004  1.264678967748E+003 -1.522275242735E+004  1.873442669474E+005 -3.753067454998E-013  1.333665713323E-001
  2.109268249069E-002  9.299149254598E-004  1.250764232442E+003 -1.505152865959E+004  1.851873791528E+005 -3.660297309677E-013  1.338593156723E-001
  2.203328281612E-002  9.512984525641E-004  1.236688357484E+003 -1.487836898159E+004  1.830067370365E+005 -3.550276548038E-013  1.343652591709E-001
  2.299530515754E-002  9.727592652906E-004  1.222459378419E+003 -1.470337431836E+004  1.808036398272E+005 -3.441872947564E-013  1.348845702769E-001
  2.397882772639E-002  9.942992175591E-004  1.208085365394E+003 -1.452664597004E+004  1.785793908346E+005 -3.339785404506E-013  1.354174226536E-001
  2.498393059493E-002  1.015920177130E-003  1.193574416079E+003 -1.434828552085E+004  1.763352962483E+005 -3.232752998297E-013  1.359639952959E-001
  2.601069571024E-002  1.037624025957E-003  1.178934648608E+003 -1.416839474820E+004  1.740726639411E+005 -3.126320261507E-013  1.365244726509E-001
  2.705920690860E-002  1.059412660547E-003  1.164174194533E+003 -1.398707553231E+004  1.717928022802E+005 -3.012641029307E-013  1.370990447433E-001
  2.812954993023E-002  1.081287992318E-003  1.149301191832E+003 -1.380442976632E+004  1.694970189446E+005 -2.900282454841E-013  1.376879073053E-001
  2.922181243436E-002  1.103251947969E-003  1.134323777932E+003 -1.362055926698E+004  1.671866197536E+005 -2.785234059048E-013  1.382912619108E-001
  3.033608401473E-002  1.125306469854E-003  1.119250082803E+003 -1.343556568614E+004  1.648629075047E+005 -2.671399250283E-013  1.389093161147E-001
  3.147245621542E-002  1.147453516351E-003  1.104088222094E+003 -1.324955042299E+004  1.625271808246E+005 -2.562897904593E-013  1.395422835964E-001
  3.263102254705E-002  1.169695062249E-003  1.088846290341E+003 -1.306261453725E+004  1.601807330329E+005 -2.447378936618E-013  1.401903843095E-001
  3.381187850339E-002  1.192033099133E-003  1.073532354236E+003 -1.287485866345E+004  1.578248510209E+005 -2.327677114956E-013  1.408538446360E-001
  3.501512157837E-002  1.214469635775E-003  1.058154445990E+003 -1.268638292619E+004  1.554608141464E+005 -2.206792832229E-013  1.415328975458E-001
  3.624085128345E-002  1.237006698530E-003  1.042720556763E+003 -1.249728685672E+004  1.530898931457E+005 -2.103170485541E-013  1.422277827621E-001
  3.748916916538E-002  1.259646331739E-003  1.027238630203E+003 -1.230766931080E+004  1.507133490644E+005 -1.981033749496E-013  1.429387469328E-001
  3.876017882444E-002  1.282390598136E-003  1.011716556075E+003 -1.211762838795E+004  1.483324322074E+005 -1.861974966937E-013  1.436660438070E-001
  4.005398593302E-002  1.305241579266E-003  9.961621640007E+002 -1.192726135213E+004  1.459483811102E+005 -1.744968652275E-013  1.444099344189E-001
  4.137069825459E-002  1.328201375897E-003  9.805832173079E+002 -1.173666455409E+004  1.435624215324E+005 -1.629508312985E-013  1.451706872771E-001
  4.271042566323E-002  1.351272108452E-003  9.649874070024E+002 -1.154593335529E+004  1.411757654735E+005 -1.512702638141E-013  1.459485785609E-001
  4.407328016341E-002  1.374455917436E-003  9.493823458636E+002 -1.135516205357E+004  1.387896102136E+005 -1.387283027479E-013  1.467438923232E-001
  4.545937591035E-002  1.397754963880E-003  9.337755626722E+002 -1.116444381064E+004  1.364051373791E+005 -1.274109972799E-013  1.475569207009E-001
  4.686882923075E-002  1.421171429779E-003  9.181744965759E+002 -1.097387058141E+004  1.340235120347E+005 -1.147176876965E-013  1.483879641322E-001
  4.830175864396E-002  1.444707518548E-003  9.025864915974E+002 -1.078353304537E+004  1.316458818016E+005 -1.038513190415E-013  1.492373315816E-001
  4.975828488365E-002  1.468365455478E-003  8.870187912908E+002 -1.059352053986E+004  1.292733760053E+005 -9.151147972311E-014  1.501053407726E-001
  5.123853091993E-002  1.492147488203E-003  8.714785335528E+002 -1.040392099555E+004  1.269071048505E+005 -8.035894097243E-014  1.509923184289E-001
  5.274262198188E-002  1.516055887169E-003  8.559727455911E+002 -1.021482087395E+004  1.245481586272E+005 -6.840021686228E-014  1.518986005233E-001
  5.427068558066E-002  1.540092946119E-003  8.405083390569E+002 -1.002630510727E+004  1.221976069457E+005 -5.680903998722E-014  1.528245325359E-001
  5.582285153302E-002  1.564260982573E-003  8.250921053455E+002 -9.838457040416E+003  1.198564980040E+005 -4.505629819280E-014  1.537704697212E-001
  5.739925198530E-002  1.588562338332E-003  8.097307110681E+002 -9.651358375366E+003  1.175258578861E+005 -3.320478864596E-014  1.547367773838E-001
  5.900002143803E-002  1.612999379973E-003  7.944306937005E+002 -9.465089117909E+003  1.152066898932E+005 -2.168037570980E-014  1.557238311648E-001
  6.062529677088E-002  1.637574499364E-003  7.791984574107E+002 -9.279727526779E+003  1.128999739074E+005 -1.050496473409E-014  1.567320173370E-001
  6.227521726827E-002  1.662290114181E-003  7.640402690708E+002 -9.095350065249E+003  1.106066657892E+005  6.695861336857E-016  1.577617331118E-001
  6.394992464542E-002  1.687148668440E-003  7.489622544542E+002 -8.912031355217E+003  1.083276968086E+005  1.176391716809E-014  1.588133869551E-001
  6.564956307496E-002  1.712152633027E-003  7.339703946230E+002 -8.729844133809E+003  1.060639731109E+005  2.323394210880E-014  1.598873989159E-001
  6.737427921404E-002  1.737304506249E-003  7.190705225070E+002 -8.548859212548E+003  1.038163752169E+005  3.415013712738E-014  1.609842009649E-001
  6.912422223211E-002  1.762606814387E-003  7.042683196775E+002 -8.369145439093E+003  1.015857575578E+005  4.471485252000E-014  1.621042373461E-001
  7.089954383907E-002  1.788062112257E-003  6.895693133169E+002 -8.190769661589E+003  9.937294804603E+004  5.539512379216E-014  1.632479649401E-001
  7.270039831418E-002  1.813672983787E-003  6.749788733875E+002 -8.013796695642E+003  9.717874768098E+004  6.602464483550E-014  1.644158536399E-001
  7.452694253540E-002  1.839442042599E-003  6.605022099997E+002 -7.838289293930E+003  9.500393019041E+004  7.650814577484E-014  1.656083867403E-001
  7.637933600943E-002  1.865371932600E-003  6.461443709816E+002 -7.664308118463E+003  9.284924170759E+004  8.682959557535E-014  1.668260613407E-001
  7.825774090225E-002  1.891465328589E-003  6.319102396504E+002 -7.491911715508E+003  9.071540048411E+004  9.661155655632E-014  1.680693887618E-001
  8.016232207035E-002  1.917724936867E-003  6.178045327875E+002 -7.321156493171E+003  8.860309663839E+004  1.062700988742E-013  1.693388949773E-001
  8.209324709253E-002  1.944153495867E-003  6.038317988157E+002 -7.152096701640E+003  8.651299193978E+004  1.157895383051E-013  1.706351210600E-001
  8.405068630235E-002  1.970753776782E-003  5.899964161812E+002 -6.984784416094E+003  8.444571962826E+004  1.260197347489E-013  1.719586236444E-001
  8.603481282122E-002  1.997528584221E-003  5.763025919375E+002 -6.819269522256E+003  8.240188426942E+004  1.344390620330E-013  1.733099754044E-001
  8.804580259214E-002  2.024480756857E-003  5.627543605339E+002 -6.655599704590E+003  8.038206164457E+004  1.436352115395E-013  1.746897655481E-001
  9.008383441408E-002  2.051613168108E-003  5.493555828043E+002 -6.493820437123E+003  7.838679867578E+004  1.521051725712E-013  1.760986003304E-001
  9.214908997710E-002  2.078928726810E-003  5.361099451588E+002 -6.333974976872E+003  7.641661338534E+004  1.608466084066E-013  1.775371035824E-001
  9.424175389809E-002  2.106430377918E-003  5.230209589750E+002 -6.176104359859E+003  7.447199488958E+004  1.695452771083E-013  1.790059172595E-001
  9.636201375725E-002  2.134121103210E-003  5.100919601869E+002 -6.020247399682E+003  7.255340342628E+004  1.771857685339E-013  1.805057020093E-001
  9.851006013526E-002  2.162003922007E-003  4.973261090719E+002 -5.866440688619E+003  7.066127041547E+004  1.851057388016E-013  1.820371377575E-001
  1.006860866512E-001  2.190081891910E-003  4.847263902318E+002 -5.714718601228E+003  6.879599855307E+004  1.918522183449E-013  1.836009243156E-001
  1.028902900012E-001  2.218358109541E-003  4.722956127664E+002 -5.565113300411E+003  6.695796193669E+004  1.991885075188E-013  1.851977820088E-001
  1.051228699979E-001  2.246835711311E-003  4.600364106372E+002 -5.417654745896E+003  6.514750622316E+004  2.060410844853E-013  1.868284523247E-001
  1.073840296104E-001  2.275517874190E-003  4.479512432180E+002 -5.272370705108E+003  6.336494881703E+004  2.121074024559E-013  1.884936985856E-001
  1.096739750056E-001  2.304407816497E-003  4.360423960302E+002 -5.129286766365E+003  6.161057908947E+004  2.186824859397E-013  1.901943066421E-001
  1.119929155896E-001  2.333508798707E-003  4.243119816587E+002 -4.988426354374E+003  5.988465862675E+004  2.235894110456E-013  1.919310855913E-001
  1.143410640503E-001  2.362824124271E-003  4.127619408454E+002 -4.849810747948E+003  5.818742150764E+004  2.290885324390E-013  1.937048685185E-001
  1.167186364011E-001  2.392357140448E-003  4.013940437561E+002 -4.713459099919E+003  5.651907460886E+004  2.338771780721E-013  1.955165132634E-001
  1.191258520249E-001  2.422111239159E-003  3.902098914185E+002 -4.579388459168E+003  5.487979793781E+004  2.386867781974E-013  1.973669032125E-001
  1.215629337189E-001  2.452089857854E-003  3.792109173245E+002 -4.447613794722E+003  5.326974499173E+004  2.429866276622E-013  1.992569481164E-001
  1.240301077413E-001  2.482296480400E-003  3.683983891954E+002 -4.318148021861E+003  5.168904314231E+004  2.461836898649E-013  2.011875849347E-001
  1.265276038575E-001  2.512734637975E-003  3.577734109031E+002 -4.191002030158E+003  5.013779404500E+004  2.493638240943E-013  2.031597787073E-001
  1.290556553882E-001  2.543407909995E-003  3.473369245445E+002 -4.066184713402E+003  4.861607407190E+004  2.526014679456E-013  2.051745234540E-001
  1.316144992580E-001  2.574319925047E-003  3.370897126633E+002 -3.943703001318E+003  4.712393476733E+004  2.545468981905E-013  2.072328431017E-001
  1.342043760450E-001  2.605474361847E-003  3.270324006140E+002 -3.823561893033E+003  4.566140332515E+004  2.565522134230E-013  2.093357924408E-001
  1.368255300316E-001  2.636874950214E-003  3.171654590638E+002 -3.705764492197E+003  4.422848308670E+004  2.576333969455E-013  2.114844581104E-001
  1.394782092560E-001  2.668525472060E-003  3.074892066267E+002 -3.590312043704E+003  4.282515405839E+004  2.587159580931E-013  2.136799596131E-001
  1.421626655646E-001  2.700429762411E-003  2.980038126239E+002 -3.477203971919E+003  4.145137344790E+004  2.588440688558E-013  2.159234503588E-001
  1.448791546661E-001  2.732591710434E-003  2.887092999664E+002 -3.366437920354E+003  4.010707621783E+004  2.588093771182E-013  2.182161187394E-001
  1.476279361856E-001  2.765015260497E-003  2.796055481519E+002 -3.258009792696E+003  3.879217565580E+004  2.581892327616E-013  2.205591892325E-001
  1.504092737207E-001  2.797704413242E-003  2.706922963727E+002 -3.151913795123E+003  3.750656395996E+004  2.566111366253E-013  2.229539235347E-001
  1.532234348983E-001  2.830663226680E-003  2.619691467272E+002 -3.048142479822E+003  3.625011283856E+004  2.544151074542E-013  2.254016217253E-001
  1.560706914324E-001  2.863895817319E-003  2.534355675292E+002 -2.946686789627E+003  3.502267412279E+004  2.521035363049E-013  2.279036234579E-001
  1.589513191834E-001  2.897406361298E-003  2.450908967096E+002 -2.847536103701E+003  3.382408039153E+004  2.493804827133E-013  2.304613091809E-001
  1.618655982178E-001  2.931199095559E-003  2.369343453044E+002 -2.750678284172E+003  3.265414560696E+004  2.454300891662E-013  2.330761013862E-001
  1.648138128702E-001  2.965278319033E-003  2.289650010222E+002 -2.656099723652E+003  3.151266575996E+004  2.409387363052E-013  2.357494658826E-001
  1.677962518056E-001  2.999648393860E-003  2.211818318856E+002 -2.563785393547E+003  3.039941952412E+004  2.361174542825E-013  2.384829130957E-001
  1.708132080832E-001  3.034313746623E-003  2.135836899406E+002 -2.473718893075E+003  2.931416891720E+004  2.295467822523E-013  2.412779993902E-001
  1.738649792215E-001  3.069278869616E-003  2.061693150270E+002 -2.385882498925E+003  2.825665996907E+004  2.241541110411E-013  2.441363284129E-001
  1.769518672648E-001  3.104548322136E-003  1.989373386044E+002 -2.300257215453E+003  2.722662339486E+004  2.179445952190E-013  2.470595524540E-001
  1.800741788507E-001  3.140126731803E-003  1.918862876273E+002 -2.216822825348E+003  2.622377527226E+004  2.097343226089E-013  2.500493738242E-001
  1.832322252791E-001  3.176018795904E-003  1.850145884629E+002 -2.135557940686E+003  2.524781772201E+004  2.004724660624E-013  2.531075462414E-001
  1.864263225826E-001  3.212229282769E-003  1.783205708457E+002 -2.056440054280E+003  2.429843959032E+004  1.919001155723E-013  2.562358762259E-001
  1.896567915983E-001  3.248763033179E-003  1.718024718632E+002 -1.979445591264E+003  2.337531713225E+004  1.823893120232E-013  2.594362244960E-001
  1.929239580409E-001  3.285624961791E-003  1.654584399658E+002 -1.904549960816E+003  2.247811469502E+004  1.720331824743E-013  2.627105073598E-001
  1.962281525771E-001  3.322820058613E-003  1.592865389951E+002 -1.831727607950E+003  2.160648540017E+004  1.599636897450E-013  2.660606980957E-001
  1.995697109023E-001  3.360353390492E-003  1.532847522255E+002 -1.760952065305E+003  2.076007182361E+004  1.472216705191E-013  2.694888283127E-001
  2.029489738173E-001  3.398230102644E-003  1.474509864123E+002 -1.692196004840E+003  1.993850667254E+004  1.345420174196E-013  2.729969892827E-001
  2.063662873085E-001  3.436455420218E-003  1.417830758404E+002 -1.625431289378E+003  1.914141345828E+004  1.212777625501E-013  2.765873332337E-001
  2.098220026275E-001  3.475034649885E-003  1.362787863691E+002 -1.560629023924E+003  1.836840716412E+004  1.069890430218E-013  2.802620745910E-001
  2.133164763746E-001  3.513973181471E-003  1.309358194660E+002 -1.497759606668E+003  1.761909490716E+004  9.203596729789E-014  2.840234911534E-001
  2.168500705817E-001  3.553276489620E-003  1.257518162253E+002 -1.436792779636E+003  1.689307659344E+004  7.588430312738E-014  2.878739251893E-001
  2.204231527988E-001  3.592950135496E-003  1.207243613655E+002 -1.377697678891E+003  1.618994556528E+004  5.932746875155E-014  2.918157844333E-001
  2.240360961807E-001  3.632999768520E-003  1.158509871999E+002 -1.320442884238E+003  1.550928924021E+004  4.219674031428E-014  2.958515429644E-001
  2.276892795770E-001  3.673431128145E-003  1.111291775766E+002 -1.264996468369E+003  1.485068974060E+004  2.333753422890E-014  2.999837419433E-001
  2.313830876220E-001  3.714250045674E-003  1.065563717814E+002 -1.211326045373E+003  1.421372451315E+004  5.134539562382E-015  3.042149901817E-001
  2.351179108282E-001  3.755462446115E-003  1.021299683997E+002 -1.159398818572E+003  1.359796693771E+004 -1.384490827050E-014  3.085479645164E-001
  2.388941456809E-001  3.797074350078E-003  9.784732913314E+001 -1.109181627610E+003  1.300298692452E+004 -3.405760239179E-014  3.129854099543E-001
  2.427121947345E-001  3.839091875711E-003  9.370578256530E+001 -1.060640994755E+003  1.242835149940E+004 -5.618779895801E-014  3.175301395534E-001
  2.465724667110E-001  3.881521240686E-003  8.970262787285E+001 -1.013743170351E+003  1.187362537607E+004 -7.730985440971E-014  3.221850339974E-001
  2.504753766009E-001  3.924368764227E-003  8.583513847824E+001 -9.684541773803E+002  1.133837151526E+004 -9.966704417585E-014  3.269530408196E-001
  2.544213457654E-001  3.967640869177E-003  8.210056563945E+001 -9.247398550813E+002  1.082215166977E+004 -1.228944864047E-013  3.318371732237E-001
  2.584108020414E-001  4.011344084122E-003  7.849614197327E+001 -8.825659015890E+002  1.032452691523E+004 -1.462794262397E-013  3.368405084475E-001
  2.624441798480E-001  4.055485045557E-003  7.501908490848E+001 -8.418979155458E+002  9.845058165906E+003 -1.696344391962E-013  3.419661856027E-001
  2.665219202956E-001  4.100070500102E-003  7.166660006550E+001 -8.027014366525E+002  9.383306675233E+003 -1.944245022859E-013  3.472174029236E-001
  2.706444712976E-001  4.145107306769E-003  6.843588455932E+001 -7.649419851198E+002  8.938834520568E+003 -2.192806109819E-013  3.525974143471E-001
  2.748122876832E-001  4.190602439283E-003  6.532413022269E+001 -7.285850999898E+002  8.511205071914E+003 -2.437577454778E-013  3.581095253360E-001
  2.790258313137E-001  4.236562988450E-003  6.232852674670E+001 -6.935963762953E+002  8.099983444210E+003 -2.693240640927E-013  3.637570878542E-001
  2.832855712010E-001  4.282996164587E-003  5.944626473622E+001 -6.599415010318E+002  7.704736932947E+003 -2.952314270905E-013  3.695434943882E-001
  2.875919836279E-001  4.329909300005E-003  5.667453867775E+001 -6.275862879156E+002  7.325035432859E+003 -3.198878778000E-013  3.754721709020E-001
  2.919455522717E-001  4.377309851548E-003  5.401054981736E+001 -5.964967109084E+002  6.960451839464E+003 -3.455325860938E-013  3.815465686011E-001
  2.963467683296E-001  4.425205403192E-003  5.145150894692E+001 -5.666389364869E+002  6.610562433316E+003 -3.719019376819E-013  3.877701543703E-001
  3.007961306479E-001  4.473603668706E-003  4.899463909660E+001 -5.379793546438E+002  6.274947246816E+003 -3.980199822370E-013  3.941463997404E-001
  3.052941458522E-001  4.522512494374E-003  4.663717813218E+001 -5.104846086045E+002  5.953190413490E+003 -4.221007205548E-013  4.006787682236E-001
  3.098413284823E-001  4.571939861783E-003  4.437638125568E+001 -4.841216232493E+002  5.644880499683E+003 -4.476880342583E-013  4.073707008506E-001
  3.144382011281E-001  4.621893890671E-003  4.220952340818E+001 -4.588576322341E+002  5.349610818640E+003 -4.718487979775E-013  4.142255997274E-001
  3.190852945695E-001  4.672382841850E-003  4.013390157374E+001 -4.346602038015E+002  5.066979726991E+003 -4.935959549458E-013  4.212468094216E-001
  3.237831479192E-001  4.723415120192E-003  3.814683698371E+001 -4.114972652819E+002  4.796590903676E+003 -5.166996020772E-013  4.284375959766E-001
  3.285323087679E-001  4.774999277691E-003  3.624567722069E+001 -3.893371262817E+002  4.538053611403E+003 -5.373323905248E-013  4.358011233453E-001
  3.333333333333E-001  4.827144016591E-003  3.442779822195E+001 -3.681485005626E+002  4.290982940735E+003 -5.568303522410E-013  4.433404270296E-001
  3.381867866117E-001  4.879858192602E-003  3.269060618170E+001 -3.479005266152E+002  4.055000036957E+003 -5.768569754338E-013  4.510583847073E-001
  3.430932425333E-001  4.933150818173E-003  3.103153935263E+001 -3.285627869329E+002  3.829732309896E+003 -5.935015824260E-013  4.589576836310E-001
  3.480532841203E-001  4.987031065868E-003  2.944806974642E+001 -3.101053259974E+002  3.614813626890E+003 -6.064137806065E-013  4.670407845909E-001
  3.530675036492E-001  5.041508271801E-003  2.793770473384E+001 -2.924986669836E+002  3.409884489129E+003 -6.196141581734E-013  4.753098822436E-001
  3.581365028158E-001  5.096591939172E-003  2.649798854474E+001 -2.757138272007E+002  3.214592191640E+003 -6.303528787735E-013  4.837668616329E-001
  3.632608929041E-001  5.152291741875E-003  2.512650366865E+001 -2.597223322818E+002  3.028590967177E+003 -6.361981519023E-013  4.924132507586E-001
  3.684412949588E-001  5.208617528209E-003  2.382087215686E+001 -2.444962291404E+002  2.851542114338E+003 -6.406432773240E-013  5.012501690913E-001
  3.736783399619E-001  5.265579324662E-003  2.257875682676E+001 -2.300080977142E+002  2.683114110213E+003 -6.418996211293E-013  5.102782719884E-001
  3.789726690123E-001  5.323187339805E-003  2.139786236976E+001 -2.162310615139E+002  2.522982707934E+003 -6.385561591412E-013  5.194976910392E-001
  3.843249335105E-001  5.381451968273E-003  2.027593636397E+001 -2.031387970029E+002  2.370831019481E+003 -6.297343181791E-013  5.289079704568E-001
  3.897357953460E-001  5.440383794842E-003  1.921077019298E+001 -1.907055418298E+002  2.226349584133E+003 -6.197119333619E-013  5.385079997485E-001
  3.952059270903E-001  5.499993598618E-003  1.820019987236E+001 -1.789061019403E+002  2.089236422962E+003 -6.032714861011E-013  5.482959430272E-001
  4.007360121927E-001  5.560292357317E-003  1.724210678553E+001 -1.677158575948E+002  1.959197079800E+003 -5.819845515743E-013  5.582691654883E-001
  4.063267451812E-001  5.621291251662E-003  1.633441833072E+001 -1.571107683212E+002  1.835944649101E+003 -5.544040187969E-013  5.684241577593E-001
  4.119788318683E-001  5.683001669888E-003  1.547510848094E+001 -1.470673768309E+002  1.719199791144E+003 -5.238924576849E-013  5.787564590384E-001
  4.176929895600E-001  5.745435212354E-003  1.466219825897E+001 -1.375628119299E+002  1.608690735039E+003 -4.851537837462E-013  5.892605801762E-001
  4.234699472710E-001  5.808603696282E-003  1.389375612943E+001 -1.285747904558E+002  1.504153269993E+003 -4.424988436454E-013  5.999299281063E-001
  4.293104459435E-001  5.872519160606E-003  1.316789831012E+001 -1.200816182733E+002  1.405330725323E+003 -3.910092694932E-013  6.107567333107E-001
  4.352152386716E-001  5.937193870949E-003  1.248278900495E+001 -1.120621903616E+002  1.311973939683E+003 -3.354116671206E-013  6.217319822837E-001
  4.411850909306E-001  6.002640324729E-003  1.183664056068E+001 -1.044959900280E+002  1.223841220001E+003 -2.720818405631E-013  6.328453572466E-001
  4.472207808110E-001  6.068871256391E-003  1.122771354999E+001 -9.736308728147E+001  1.140698290615E+003 -2.017200528097E-013  6.440851856333E-001
  4.533230992589E-001  6.135899642772E-003  1.065431678334E+001 -9.064413640185E+001  1.062318233099E+003 -1.275457647614E-013  6.554384021078E-001
  4.594928503202E-001  6.203738708611E-003  1.011480725211E+001 -8.432037274011E+001  9.884814172783E+002 -4.408048078190E-014  6.668905260659E-001
  4.657308513924E-001  6.272401932198E-003  9.607590005589E+000 -7.837360878506E+001  9.189754239255E+002  4.585296582337E-014  6.784256576874E-001
  4.720379334802E-001  6.341903051163E-003  9.131117964475E+000 -7.278622953290E+001  8.535949596368E+002  1.408460997579E-013  6.900264956280E-001
  4.784149414579E-001  6.412256068427E-003  8.683891673545E+000 -6.754118719544E+001  7.921417643750E+002  2.422985863216E-013  7.016743793329E-001
  4.848627343381E-001  6.483475258298E-003  8.264458996104E+000 -6.262199528323E+001  7.344245121736E+002  3.483090979827E-013  7.133493587030E-001
  4.913821855461E-001  6.555575172733E-003  7.871414752983E+000 -5.801272209971E+001  6.802587054827E+002  4.616117977542E-013  7.250302934210E-001
  4.979741832006E-001  6.628570647764E-003  7.503400308755E+000 -5.369798368219E+001  6.294665636388E+002  5.751604291040E-013  7.366949836422E-001
  5.046396304008E-001  6.702476810086E-003  7.159103107921E+000 -4.966293622552E+001  5.818769059295E+002  6.936971795054E-013  7.483203329556E-001
  5.113794455212E-001  6.777309083830E-003  6.837256163760E+000 -4.589326802388E+001  5.373250297179E+002  8.172831898798E-013  7.598825435453E-001
  5.181945625116E-001  6.853083197508E-003  6.536637502578E+000 -4.237519096561E+001  4.956525840861E+002  9.375510105178E-013  7.713573423421E-001
  5.250859312060E-001  6.929815191146E-003  6.256069566057E+000 -3.909543161590E+001  4.567074394416E+002  1.061017840281E-012  7.827202356935E-001
  5.320545176366E-001  7.007521423604E-003  5.994418574388E+000 -3.604122192141E+001  4.203435535286E+002  1.180673262895E-012  7.939467887465E-001
  5.391013043575E-001  7.086218580100E-003  5.750593852858E+000 -3.320028957021E+001  3.864208342669E+002  1.297842179731E-012  8.050129244122E-001
  5.462272907741E-001  7.165923679926E-003  5.523547124540E+000 -3.056084804029E+001  3.548049998376E+002  1.413097738887E-012  8.158952355310E-001
  5.534334934816E-001  7.246654084380E-003  5.312271771672E+000 -2.811158636863E+001  3.253674364171E+002  1.521128362732E-012  8.265713027868E-001
  5.607209466109E-001  7.328427504912E-003  5.115802068315E+000 -2.584165867238E+001  2.979850539503E+002  1.624599515650E-012  8.370200101012E-001
  5.680907021827E-001  7.411262011483E-003  4.933212386807E+000 -2.374067345304E+001  2.725401403429E+002  1.717047012071E-012  8.472218487618E-001
  5.755438304707E-001  7.495176041166E-003  4.763616380496E+000 -2.179868271330E+001  2.489202144341E+002  1.804747134695E-012  8.571592014599E-001
  5.830814203728E-001  7.580188406970E-003  4.606166145187E+000 -2.000617091580E+001  2.270178781035E+002  1.877718080160E-012  8.668165977640E-001
  5.907045797917E-001  7.666318306912E-003  4.460051361676E+000 -1.835404381175E+001  2.067306678461E+002  1.941722859001E-012  8.761809333474E-001
  5.984144360243E-001  7.753585333338E-003  4.324498421688E+000 -1.683361716666E+001  1.879609061381E+002  1.991804245101E-012  8.852416464793E-001
  6.062121361613E-001  7.842009482502E-003  4.198769539490E+000 -1.543660540949E+001  1.706155529012E+002  2.025851775256E-012  8.939908468326E-001
  6.140988474955E-001  7.931611164409E-003  4.082161851355E+000 -1.415511023024E+001  1.546060573559E+002  2.047820637842E-012  9.024233934494E-001
  6.220757579409E-001  8.022411212936E-003  3.974006505018E+000 -1.298160915033E+001  1.398482105433E+002  2.051422829713E-012  9.105369206400E-001
  6.301440764614E-001  8.114430896230E-003  3.873667741179E+000 -1.190894408893E+001  1.262619987759E+002  2.039041862684E-012  9.183318125429E-001
  6.383050335109E-001  8.207691927403E-003  3.780541969035E+000 -1.093030994731E+001  1.137714582648E+002  2.012269741124E-012  9.258111289290E-001
  6.465598814833E-001  8.302216475524E-003  3.694056837763E+000 -1.003924323223E+001  1.023045311565E+002  1.969698891583E-012  9.329804864796E-001
  6.549098951744E-001  8.398027176926E-003  3.613670305783E+000 -9.229610738523E+000  9.179292319543E+001  1.907766982140E-012  9.398479011211E-001
  6.633563722545E-001  8.495147146827E-003  3.538869709564E+000 -8.495598309629E+000  8.217196321475E+001  1.832202098566E-012  9.464235980034E-001
  6.719006337539E-001  8.593599991288E-003  3.469170833665E+000 -7.831699693966E+000  7.338046464361E+001  1.743178732062E-012  9.527197963290E-001
  6.805440245593E-001  8.693409819506E-003  3.404116983601E+000 -7.232705513975E+000  6.536058920392E+001  1.637816212522E-012  9.587504764794E-001
  6.892879139233E-001  8.794601256469E-003  3.343278063072E+000 -6.693692363487E+000  5.805771295553E+001  1.518850055016E-012  9.645311367784E-001
  6.981336959871E-001  8.897199455961E-003  3.286249656989E+000 -6.210012048068E+000  5.142029483519E+001  1.386761185897E-012  9.700785468083E-001
  7.070827903152E-001  9.001230113956E-003  3.232652121675E+000 -5.777280981955E+000  4.539974782061E+001  1.245108475016E-012  9.754105035410E-001
  7.161366424455E-001  9.106719482390E-003  3.182129683508E+000 -5.391369754137E+000  3.995031283781E+001  1.090849102343E-012  9.805455957074E-001
  7.252967244510E-001  9.213694383338E-003  3.134349547222E+000 -5.048392875114E+000  3.502893551687E+001  9.255549579392E-013  9.855029808885E-001
  7.345645355186E-001  9.322182223606E-003  3.089001014994E+000 -4.744698714874E+000  3.059514588873E+001  7.563459259743E-013  9.903021788317E-001
  7.439416025400E-001  9.432211009745E-003  3.045794617348E+000 -4.476859641638E+000  2.661094110325E+001  5.789879075464E-013  9.949628835248E-001
  7.534294807203E-001  9.543809363512E-003  3.004461256857E+000 -4.241662369936E+000  2.304067123720E+001  3.945786097221E-013  9.995047956534E-001
  7.630297542000E-001  9.657006537783E-003  2.964751365526E+000 -4.036098525687E+000  1.985092824928E+001  2.084323639047E-013  1.003947476247E+000
  7.727440366954E-001  9.771832432940E-003  2.926434076674E+000 -3.857355434966E+000  1.701043812844E+001  1.912062222317E-014  1.008310221612E+000
  7.825739721536E-001  9.888317613741E-003  2.889296412054E+000 -3.702807142326E+000  1.448995627131E+001 -1.699938656502E-013  1.012611959066E+000
  7.925212354258E-001  1.000649332670E-002  2.853142484874E+000 -3.570005663612E+000  1.226216611439E+001 -3.569035067771E-013  1.016871162520E+000
  8.025875329584E-001  1.012639151798E-002  2.817792719328E+000 -3.456672477414E+000  1.030158103723E+001 -5.455386371581E-013  1.021105786628E+000
  8.127746035011E-001  1.024804485184E-002  2.783083087140E+000 -3.360690258483E+000  8.584449543797E+000 -7.284249803153E-013  1.025333217950E+000
  8.230842188350E-001  1.037148672960E-002  2.748864361607E+000 -3.280094855654E+000  7.088663720340E+000 -9.075279126812E-013  1.029570241488E+000
  8.335181845190E-001  1.049675130923E-002  2.715001389516E+000 -3.213067516083E+000  5.793670960269E+000 -1.081352583338E-012  1.033833020840E+000
  8.440783406568E-001  1.062387352550E-002  2.681372381274E+000 -3.157927356908E+000  4.680388938650E+000 -1.246622627236E-012  1.038137090245E+000
  8.547665626839E-001  1.075288911077E-002  2.647868219520E+000 -3.113124084725E+000  3.731123811836E+000 -1.406380439081E-012  1.042497356849E+000
  8.655847621758E-001  1.088383461638E-002  2.614391786434E+000 -3.077230962685E+000  2.929491611003E+000 -1.553569719108E-012  1.046928111605E+000
  8.765348876780E-001  1.101674743475E-002  2.580857309894E+000 -3.048938024348E+000  2.260342792092E+000 -1.694291423252E-012  1.051443047323E+000
  8.876189255584E-001  1.115166582209E-002  2.547189728598E+000 -3.027045532895E+000  1.709689898859E+000 -1.818241616448E-012  1.056055282549E+000
  8.988389008829E-001  1.128862892191E-002  2.513324076193E+000 -3.010457683748E+000  1.264638290360E+000 -1.934975669526E-012  1.060777390062E+000
  9.101968783143E-001  1.142767678917E-002  2.479204884424E+000 -2.998176548123E+000  9.133198792890E-001 -2.035583994063E-012  1.065621428936E+000
  9.216949630368E-001  1.156885041525E-002  2.444785605269E+000 -2.989296254599E+000  6.448298231163E-001 -2.126274890811E-012  1.070598979241E+000
  9.333353017046E-001  1.171219175365E-002  2.410028051980E+000 -2.982997405322E+000  4.491661058728E-001 -2.199321605328E-012  1.075721178604E+000
  9.451200834176E-001  1.185774374655E-002  2.374901858910E+000 -2.978541723088E+000  3.171719448105E-001 -2.258871302350E-012  1.080998759960E+000
  9.570515407237E-001  1.200555035216E-002  2.339383959982E+000 -2.975266925143E+000  2.404809529011E-001 -2.302088900316E-012  1.086442089927E+000
  9.691319506484E-001  1.215565657299E-002  2.303458085614E+000 -2.972581819250E+000  2.114649852706E-001 -2.333173610221E-012  1.092061207379E+000
  9.813636357544E-001  1.230810848498E-002  2.267114277876E+000 -2.969961617236E+000  2.231845952011E-001 -2.343054840887E-012  1.097865861821E+000
  9.937489652293E-001  1.246295326757E-002  2.230348423654E+000 -2.966943460979E+000  2.693420232004E-001 -2.338371720385E-012  1.103865551308E+000
  1.006290356005E+000  1.262023923477E-002  2.193161805552E+000 -2.963122155575E+000  3.442366408851E-001 -2.318286480598E-012  1.110069559678E+000
  1.018990273907E+000  1.278001586715E-002  2.155560670235E+000 -2.958146104187E+000  4.427227700012E-001 -2.282086626201E-012  1.116486992945E+000
  1.031851234841E+000  1.294233384499E-002  2.117555813937E+000 -2.951713438951E+000  5.601697958200E-001 -2.229090813300E-012  1.123126814744E+000
  1.044875806003E+000  1.310724508236E-002  2.079162184782E+000 -2.943568342141E+000  6.924244933646E-001 -2.158545200367E-012  1.129997880764E+000
  1.058066607138E+000  1.327480276248E-002  2.040398501619E+000 -2.933497551700E+000  8.357754844547E-001 -2.073208623252E-012  1.137108972138E+000
  1.071426311823E+000  1.344506137405E-002  2.001286889007E+000 -2.921327045163E+000  9.869197433803E-001 -1.970266290115E-012  1.144468827791E+000
  1.084957648792E+000  1.361807674895E-002  1.961852528011E+000 -2.906918895936E+000  1.142931069100E+000 -1.855660539245E-012  1.152086175757E+000
  1.098663403298E+000  1.379390610110E-002  1.922123322458E+000 -2.890168295880E+000  1.301230442229E+000 -1.724778496310E-012  1.159969763530E+000
  1.112546418516E+000  1.397260806657E-002  1.882129580287E+000 -2.871000738135E+000  1.459558185677E+000 -1.579687865855E-012  1.168128387472E+000
  1.126609596985E+000  1.415424274514E-002  1.841903709633E+000 -2.849369354157E+000  1.615947848654E+000 -1.421364700378E-012  1.176570921380E+000
  1.140855902095E+000  1.433887174317E-002  1.801479929304E+000 -2.825252398966E+000  1.768701734816E+000 -1.250871373267E-012  1.185306344263E+000
  1.155288359613E+000  1.452655821788E-002  1.760893993269E+000 -2.798650878693E+000  1.916367996593E+000 -1.067605804088E-012  1.194343767432E+000
  1.169910059257E+000  1.471736692327E-002  1.720182928828E+000 -2.769586314585E+000  2.057719219220E+000 -8.744658203819E-013  1.203692460977E+000
  1.184724156317E+000  1.491136425740E-002  1.679384788098E+000 -2.738098637736E+000  2.191732419622E+000 -6.722615339513E-013  1.213361879738E+000
  1.199733873325E+000  1.510861831145E-002  1.638538412491E+000 -2.704244208933E+000  2.317570387118E+000 -4.630507342670E-013  1.223361688856E+000
  1.214942501771E+000  1.530919892035E-002  1.597683209837E+000 -2.668093958151E+000  2.434564294855E+000 -2.453676345733E-013  1.233701789008E+000
  1.230353403874E+000  1.551317771520E-002  1.556858943832E+000 -2.629731638364E+000  2.542197512984E+000 -2.396074080776E-014  1.244392341421E+000
  1.245970014403E+000  1.572062817747E-002  1.516105535498E+000 -2.589252188517E+000  2.640090556783E+000  2.019645090809E-013  1.255443792766E+000
  1.261795842559E+000  1.593162569510E-002  1.475462876334E+000 -2.546760200665E+000  2.727987105240E+000  4.302551664722E-013  1.266866900037E+000
  1.277834473907E+000  1.614624762054E-002  1.434970652882E+000 -2.502368486463E+000  2.805741028015E+000  6.591068554461E-013  1.278672755504E+000
  1.294089572372E+000  1.636457333079E-002  1.394668182389E+000 -2.456196738389E+000  2.873304361136E+000  8.872752665280E-013  1.290872811860E+000
  1.310564882294E+000  1.658668428962E-002  1.354594259316E+000 -2.408370281244E+000  2.930716174324E+000  1.113342202862E-012  1.303478907639E+000
  1.327264230548E+000  1.681266411190E-002  1.314787012395E+000 -2.359018909700E+000  2.978092275387E+000  1.333158979176E-012  1.316503293033E+000
  1.344191528724E+000  1.704259863026E-002  1.275283771997E+000 -2.308275807823E+000  3.015615699699E+000  1.548046502072E-012  1.329958656196E+000
  1.361350775387E+000  1.727657596408E-002  1.236120947528E+000 -2.256276546716E+000  3.043527935365E+000  1.754627413479E-012  1.343858150136E+000
  1.378746058390E+000  1.751468659100E-002  1.197333914636E+000 -2.203158156606E+000  3.062120837250E+000  1.948700091120E-012  1.358215420323E+000
  1.396381557275E+000  1.775702342093E-002  1.158956911960E+000 -2.149058269872E+000  3.071729185604E+000  2.133163541907E-012  1.373044633090E+000
  1.414261545744E+000  1.800368187279E-002  1.121022947202E+000 -2.094114331719E+000  3.072723847529E+000  2.302402902716E-012  1.388360504967E+000
  1.432390394201E+000  1.825475995395E-002  1.083563712280E+000 -2.038462875340E+000  3.065505502011E+000  2.456384104666E-012  1.404178333039E+000
  1.450772572390E+000  1.851035834267E-002  1.046609507341E+000 -1.982238858602E+000  3.050498891626E+000  2.591592998569E-012  1.420514026461E+000
  1.469412652102E+000  1.877058047342E-002  1.010189173406E+000 -1.925575059434E+000  3.028147566383E+000  2.708656693743E-012  1.437384139239E+000
  1.488315309978E+000  1.903553262542E-002  9.743300334035E-001 -1.868601527244E+000  2.998909087398E+000  2.803730942891E-012  1.454805904405E+000
  1.507485330398E+000  1.930532401444E-002  9.390578414016E-001 -1.811445087820E+000  2.963250660249E+000  2.877594128550E-012  1.472797269722E+000
  1.526927608467E+000  1.958006688797E-002  9.043967397712E-001 -1.754228899319E+000  2.921645169912E+000  2.925885235624E-012  1.491376935043E+000
  1.546647153093E+000  1.985987662391E-002  8.703692240772E-001 -1.697072057028E+000  2.874567591131E+000  2.949389301144E-012  1.510564391474E+000
  1.566649090169E+000  2.014487183303E-002  8.369961154536E-001 -1.640089244714E+000  2.822491749874E+000  2.947012488372E-012  1.530379962489E+000
  1.586938665861E+000  2.043517446518E-002  8.042965402257E-001 -1.583390430454E+000  2.765887413276E+000  2.916228723694E-012  1.550844847149E+000
  1.607521250000E+000  2.073090991960E-002  7.722879165365E-001 -1.527080604918E+000  2.705217687007E+000  2.856177156335E-012  1.571981165588E+000
  1.628402339588E+000  2.103220715932E-002  7.409859477285E-001 -1.471259560156E+000  2.640936700524E+000  2.767968842027E-012  1.593812006947E+000
  1.649587562420E+000  2.133919883002E-002  7.104046222243E-001 -1.416021706981E+000  2.573487561956E+000  2.649577518311E-012  1.616361479932E+000
  1.671082680832E+000  2.165202138333E-002  6.805562196432E-001 -1.361455929118E+000  2.503300565624E+000  2.501833032189E-012  1.639654766193E+000
  1.692893595565E+000  2.197081520497E-002  6.514513228835E-001 -1.307645472293E+000  2.430791636300E+000  2.323377044922E-012  1.663718176730E+000
  1.715026349769E+000  2.229572474776E-002  6.230988358923E-001 -1.254667866494E+000  2.356360995283E+000  2.116216257183E-012  1.688579211545E+000
  1.737487133138E+000  2.262689866987E-002  5.955060068371E-001 -1.202594879664E+000  2.280392034271E+000  1.880368845621E-012  1.714266622769E+000
  1.760282286187E+000  2.296448997842E-002  5.686784563872E-001 -1.151492501063E+000  2.203250383781E+000  1.616200017098E-012  1.740810481520E+000
  1.783418304674E+000  2.330865617868E-002  5.426202108022E-001 -1.101420952617E+000  2.125283163548E+000  1.325936662117E-012  1.768242248745E+000
  1.806901844175E+000  2.365955942924E-002  5.173337395243E-001 -1.052434726516E+000  2.046818402962E+000  1.010466689502E-012  1.796594850337E+000
  1.830739724818E+000  2.401736670327E-002  4.928199969582E-001 -1.004582647370E+000  1.968164620080E+000  6.711643128383E-013  1.825902756825E+000
  1.854938936184E+000  2.438224995616E-002  4.690784681227E-001 -9.579079572213E-001  1.889610548262E+000  3.123015402638E-013  1.856202067951E+000
  1.879506642368E+000  2.475438629994E-002  4.461072178495E-001 -9.124484217226E-001  1.811424999816E+000 -6.632361553998E-014  1.887530602495E+000
  1.904450187236E+000  2.513395818467E-002  4.239029432053E-001 -8.682364557892E-001  1.733856856427E+000 -4.583992350129E-013  1.919927993694E+000
  1.929777099847E+000  2.552115358717E-002  4.024610288074E-001 -8.252992670435E-001  1.657135176436E+000 -8.641957683955E-013  1.953435790669E+000
  1.955495100083E+000  2.591616620741E-002  3.817756047040E-001 -7.836590153790E-001  1.581469409290E+000 -1.277434213012E-012  1.988097566265E+000
  1.981612104475E+000  2.631919567292E-002  3.618396064904E-001 -7.433329869828E-001  1.507049707766E+000 -1.696448645490E-012  2.023959031773E+000
  2.008136232230E+000  2.673044775156E-002  3.426448373332E-001 -7.043337811709E-001  1.434047328784E+000 -2.114283363444E-012  2.061068159007E+000
  2.035075811486E+000  2.715013457311E-002  3.241820315791E-001 -6.666695084126E-001  1.362615113860E+000 -2.529133708281E-012  2.099475310260E+000
  2.062439385788E+000  2.757847486001E-002  3.064409196259E-001 -6.303439979451E-001  1.292888040470E+000 -2.934597151857E-012  2.139233376709E+000
  2.090235720801E+000  2.801569416771E-002  2.894102937446E-001 -5.953570134116E-001  1.224983835833E+000 -3.326139029287E-012  2.180397925858E+000
  2.118473811262E+000  2.846202513514E-002  2.730780745425E-001 -5.617044749926E-001  1.159003644872E+000 -3.698872234603E-012  2.223027358682E+000
  2.147162888201E+000  2.891770774564E-002  2.574313777702E-001 -5.293786865432E-001  1.095032744330E+000 -4.047356472470E-012  2.267183077150E+000
  2.176312426413E+000  2.938298959899E-002  2.424565811831E-001 -4.983685662971E-001  1.033141295333E+000 -4.365903939021E-012  2.312929662912E+000
  2.205932152222E+000  2.985812619504E-002  2.281393911797E-001 -4.686598797544E-001  9.733851269575E-001 -4.648955744677E-012  2.360335067923E+000
  2.236032051522E+000  3.034338122938E-002  2.144649089511E-001 -4.402354734262E-001  9.158065436616E-001 -4.891474978816E-012  2.409470817922E+000
  2.266622378129E+000  3.083902690182E-002  2.014176958882E-001 -4.130755081791E-001  8.604351497984E-001 -5.089545013744E-012  2.460412229677E+000
  2.297713662445E+000  3.134534423818E-002  1.889818380104E-001 -3.871576909865E-001  8.072886847479E-001 -5.235292760462E-012  2.513238643052E+000
  2.329316720450E+000  3.186262342603E-002  1.771410091897E-001 -3.624575039733E-001  7.563738625961E-001 -5.326003576779E-012  2.568033668987E+000
  2.361442663038E+000  3.239116416519E-002  1.658785329651E-001 -3.389484297125E-001  7.076872106656E-001 -5.355896293511E-012  2.624885454616E+000
  2.394102905709E+000  3.293127603351E-002  1.551774427536E-001 -3.166021718174E-001  6.612159016050E-001 -5.321188182461E-012  2.683886966810E+000
  2.427309178642E+000  3.348327886897E-002  1.450205402853E-001 -2.953888699528E-001  6.169385741631E-001 -5.218457490554E-012  2.745136295596E+000
  2.461073537146E+000  3.404750316862E-002  1.353904521024E-001 -2.752773084754E-001  5.748261381921E-001 -5.044224354123E-012  2.808736978981E+000
  2.495408372530E+000  3.462429050548E-002  1.262696839838E-001 -2.562351179972E-001  5.348425598586E-001 -4.796185141501E-012  2.874798350889E+000
  2.530326423398E+000  3.521399396401E-002  1.176406731704E-001 -2.382289692544E-001  4.969456234739E-001 -4.472446612929E-012  2.943435914060E+000
  2.565840787378E+000  3.581697859546E-002  1.094858382848E-001 -2.212247587465E-001  4.610876667863E-001 -4.071978077809E-012  3.014771739929E+000
  2.601964933334E+000  3.643362189376E-002  1.017876268563E-001 -2.051877856993E-001  4.272162870129E-001 -3.595574740968E-012  3.088934897707E+000
  2.638712714049E+000  3.706431429322E-002  9.452856037887E-002 -1.900829199826E-001  3.952750153041E-001 -3.043529044457E-012  3.166061915116E+000
  2.676098379430E+000  3.770945968912E-002  8.769127684249E-002 -1.758747607002E-001  3.652039577538E-001 -2.417934698368E-012  3.246297273441E+000
  2.714136590232E+000  3.836947598236E-002  8.125857069935E-002 -1.625277852432E-001  3.369404014628E-001 -1.722372038263E-012  3.329793939866E+000
  2.752842432351E+000  3.904479564947E-002  7.521343023580E-002 -1.500064886724E-001  3.104193845483E-001 -9.620460787800E-013  3.416713940370E+000
  2.792231431696E+000  3.973586633921E-002  6.953907233823E-002 -1.382755133680E-001  2.855742293577E-001 -1.421923456927E-013  3.507228976768E+000
  2.832319569669E+000  4.044315149734E-002  6.421897465292E-002 -1.272997689486E-001  2.623370384882E-001  7.303134961276E-013  3.601521091933E+000
  2.873123299289E+000  4.116713102086E-002  5.923690515273E-002 -1.170445425238E-001  2.406391535358E-001  1.647077728509E-012  3.699783387610E+000
  2.914659561979E+000  4.190830194354E-002  5.457694913449E-002 -1.074755994012E-001  2.204115767938E-001  2.598035062934E-012  3.802220799788E+000
  2.956945805065E+000  4.266717915414E-002  5.022353368187E-002 -9.855927441875E-002  2.015853563936E-001  3.572201280557E-012  3.909050937114E+000
  3.000000000000E+000  4.344429614932E-002  4.616144963773E-002 -9.026255412037E-002  1.840919356229E-001  4.558241138297E-012  4.020504988499E+000
  3.043840661365E+000  4.424020582308E-002  4.237587113852E-002 -8.255315003307E-002  1.678634673764E-001  5.540603113788E-012  4.136828706762E+000
  3.088486866678E+000  4.505548129460E-002  3.885237277105E-002 -7.539956333738E-002  1.528330948802E-001  6.507070531618E-012  4.258283475992E+000
  3.133958277047E+000  4.589071677685E-002  3.557694441842E-002 -6.877114125444E-002  1.389351999977E-001  7.440642734064E-012  4.385147471225E+000
  3.180275158719E+000  4.674652848797E-002  3.253600386797E-002 -6.263812549603E-002  1.261056205523E-001  8.326629041157E-012  4.517716920063E+000
  3.227458405560E+000  4.762355560797E-002  2.971640725878E-002 -5.697169314403E-002  1.142818382176E-001  9.146693952263E-012  4.656307477079E+000
  3.275529562509E+000  4.852246128332E-002  2.710545745068E-002 -5.174399033998E-002  1.034031386001E-001  9.883756997034E-012  4.801255723192E+000
  3.324510850077E+000  4.944393368200E-002  2.469091040005E-002 -4.692815917581E-002  9.341074520329E-002  1.052170409392E-011  4.952920803690E+000
  3.374425189910E+000  5.038868710203E-002  2.246097963064E-002 -4.249835818266E-002  8.424792899071E-002  1.103941918666E-011  5.111686220390E+000
  3.425296231502E+000  5.135746313639E-002  2.040433888982E-002 -3.842977681742E-002  7.586009528246E-002  1.142506089406E-011  5.277961795326E+000
  3.477148380094E+000  5.235103189784E-002  1.851012308229E-002 -3.469864434537E-002  6.819484971177E-002  1.165808895804E-011  5.452185825649E+000
  3.530006825834E+000  5.337019330676E-002  1.676792757499E-002 -3.128223351383E-002  6.120204494477E-002  1.172577990541E-011  5.634827451964E+000
  3.583897574256E+000  5.441577844603E-002  1.516780596735E-002 -2.815885940540E-002  5.483380982906E-002  1.161266289663E-011  5.826389265240E+000
  3.638847478148E+000  5.548865098670E-002  1.370026642199E-002 -2.530787385163E-002  4.904456258539E-002  1.130853105997E-011  6.027410180723E+000
  3.694884270887E+000  5.658970868864E-002  1.235626665129E-002 -2.270965577777E-002  4.379100959587E-002  1.080374146477E-011  6.238468611081E+000
  3.752036601308E+000  5.771988498079E-002  1.112720765521E-002 -2.034559783910E-002  3.903213127349E-002  1.008902082413E-011  6.460185975274E+000
  3.810334070199E+000  5.888015062562E-002  1.000492630579E-002 -1.819808969715E-002  3.472915642262E-002  9.160985240032E-012  6.693230584569E+000
  3.869807268505E+000  6.007151547295E-002  8.981686873391E-003 -1.625049827258E-002  3.084552642244E-002  8.020237258002E-012  6.938321952682E+000
  3.930487817331E+000  6.129503030858E-002  8.050171589479E-003 -1.448714529842E-002  2.734685048488E-002  6.667768575960E-012  7.196235583431E+000
  3.992408409843E+000  6.255178880352E-002  7.203470339936E-003 -1.289328248574E-002  2.420085315857E-002  5.110814775717E-012  7.467808296542E+000
  4.055602855172E+000  6.384292957002E-002  6.435069582201E-003 -1.145506460066E-002  2.137731517155E-002  3.362456197300E-012  7.753944160622E+000
  4.120106124432E+000  6.516963833101E-002  5.738840578555E-003 -1.015952074009E-002  1.884800862869E-002  1.436272446198E-012  8.055621111791E+000
  4.185954398964E+000  6.653315021009E-002  5.109027036616E-003 -8.994524081003E-003  1.658662750658E-002 -6.483532879426E-013  8.373898347420E+000
  4.253185120935E+000  6.793475214960E-002  4.540232246637E-003 -7.948760366683E-003  1.456871431900E-002 -2.866827777536E-012  8.709924596884E+000
  4.321837046422E+000  6.937578546490E-002  4.027405803472E-003 -7.011695381371E-003  1.277158376021E-002 -5.188570511966E-012  9.064947385598E+000
  4.391950301120E+000  7.085764854355E-002  3.565829998992E-003 -6.173541653315E-003  1.117424407183E-002 -7.580594624987E-012  9.440323425033E+000
  4.463566438835E+000  7.238179969882E-002  3.151105968355E-003 -5.425224614486E-003  9.757316821353E-003 -1.000480918373E-011  9.837530280327E+000
  4.536728502895E+000  7.394976018725E-002  2.779139670794E-003 -4.758348433498E-003  8.502955725835E-003 -1.242162501424E-011  1.025817948881E+001
  4.611481090679E+000  7.556311740127E-002  2.446127782469E-003 -4.165161726305E-003  7.394765103598E-003 -1.478285181860E-011  1.070403132776E+001
  4.687870421430E+000  7.722352824817E-002  2.148543575482E-003 -3.638523336975E-003  6.417718487995E-003 -1.704279776779E-011  1.117701145865E+001
  4.765944407533E+000  7.893272272784E-002  1.883122853301E-003 -3.171868368231E-003  5.558077891243E-003 -1.915037872201E-011  1.167922970804E+001
  4.845752729492E+000  8.069250772248E-002  1.646850008694E-003 -2.759174628474E-003  4.803314161602E-003 -2.105426661439E-011  1.221300128415E+001
  4.927346914797E+000  8.250477101257E-002  1.436944265770E-003 -2.394929648608E-003  4.142028833921E-003 -2.270167470093E-011  1.278087077190E+001
  5.010780420931E+000  8.437148553436E-002  1.250846162931E-003 -2.074098408255E-003  3.563877831193E-003 -2.404165126712E-011  1.338563930111E+001
  5.096108722763E+000  8.629471389541E-002  1.086204328558E-003 -1.792091896896E-003  3.059497333239E-003 -2.502269152058E-011  1.403039534127E+001
  5.183389404586E+000  8.827661316581E-002  9.408625959730E-004 -1.544736621207E-003  2.620432087710E-003 -2.559805259795E-011  1.471854964589E+001
  5.272682257105E+000  9.031943996425E-002  8.128474989102E-004 -1.328245155461E-003  2.239066398478E-003 -2.572275401486E-011  1.545387494860E+001
  5.364049379651E+000  9.242555585946E-002  7.003561832062E-004 -1.139187817473E-003  1.908557987103E-003 -2.535704111795E-011  1.624055110643E+001
  5.457555287978E+000  9.459743310926E-002  6.017447649612E-004 -9.744655382726E-004  1.622774884797E-003 -2.446993971886E-011  1.708321649311E+001
  5.553267027968E+000  9.683766076100E-002  5.155171599144E-004 -8.312839796982E-004  1.376235475265E-003 -2.303279821815E-011  1.798702657034E+001
  5.651254295630E+000  9.914895113938E-002  4.403144033798E-004 -7.071289404399E-004  1.164051773356E-003 -2.102644434358E-011  1.895772071067E+001
  5.751589563796E+000  1.015341467494E-001  3.749044748082E-004 -5.997430779301E-004  9.818759908750E-004 -1.844560435094E-011  2.000169851409E+001
  5.854348215936E+000  1.039962276248E-001  3.181726359447E-004 -5.071039609560E-004  8.258504094009E-004 -1.529284192023E-011  2.112610705717E+001
  5.959608687557E+000  1.065383191537E-001  2.691122866921E-004 -4.274034560403E-004  6.925605508248E-004 -1.157698591559E-011  2.233894074093E+001
  6.067452615683E+000  1.091637004188E-001  2.268163382044E-004 -3.590284395997E-004  5.789916096660E-004 -7.327457430481E-012  2.364915566767E+001
  6.177964996951E+000  1.118758130872E-001  1.904690984795E-004 -3.005428177085E-004  4.824880871934E-004 -2.576749836838E-012  2.506680078260E+001
  6.291234354880E+000  1.146782708938E-001  1.593386618319E-004 -2.506708260163E-004  4.007165460063E-004  2.617648290503E-012  2.660316836879E+001
  6.407352916949E+000  1.175748697626E-001  1.327697901363E-004 -2.082815740516E-004  3.316313850257E-004  8.194917959529E-012  2.827096689073E+001
  6.526416802128E+000  1.205695986129E-001  1.101772706951E-004 -1.723747908134E-004  2.734435187589E-004  1.407619429177E-011  3.008451964873E+001
  6.648526219580E+000  1.236666509049E-001  9.103973299869E-005 -1.420677222536E-004  2.245918311696E-004  2.017150124172E-011  3.205999324074E+001
  6.773785679311E+000  1.268704369821E-001  7.489390456614E-005 -1.165831260028E-004  1.837172634211E-004  2.637474904659E-011  3.421566043761E+001
  6.902304215570E+000  1.301855972713E-001  6.132928447170E-005 -9.523830451629E-005  1.496393860710E-004  3.256887275918E-011  3.657220276807E+001
  7.034195623922E+000  1.336170164087E-001  4.998321208922E-005 -7.743511473228E-005  1.213352999077E-004  3.862764307321E-011  3.915305888927E+001
  7.169578712934E+000  1.371698383673E-001  4.053630801890E-005 -6.265089033084E-005  9.792070544200E-005  4.440979889821E-011  4.198482569167E+001
  7.308577571516E+000  1.408494826628E-001  3.270826407120E-005 -5.043021176867E-005  7.863297904698E-005  4.976301695597E-011  4.509772006084E+001
  7.451321853057E+000  1.446616617293E-001  2.625395954341E-005 -4.037745939065E-005  6.281609379621E-005  5.453049977299E-011  4.852611029795E+001
  7.597947077547E+000  1.486123995567E-001  2.095988178234E-005 -3.215008604688E-005  4.990722512111E-005  5.854630996896E-011  5.230912739284E+001
  7.748594953021E+000  1.527080516973E-001  1.664083012348E-005 -2.545254768751E-005  3.942488538754E-005  6.163333418900E-011  5.649136766287E+001
  7.903413717736E+000  1.569553267535E-001  1.313688365652E-005 -2.003083326453E-005  3.095843726069E-005  6.361050033590E-011  6.112369974179E+001
  8.062558504629E+000  1.613613094717E-001  1.031061480832E-005 -1.566753880657E-005  2.415884311382E-005  6.428227036124E-011  6.626419058129E+001
  8.226191729726E+000  1.659334855793E-001  8.044532369271E-006 -1.217743459484E-005  1.873051652485E-005  6.345029888820E-011  7.197916711949E+001
  8.394483506327E+000  1.706797685137E-001  6.238739227890E-006 -9.403478780299E-006  1.442415182707E-005  6.089055607608E-011  7.834443277925E+001
  8.567612086926E+000  1.756085282071E-001  4.808791639663E-006 -7.213235360737E-006  1.103041842435E-005  5.637161319399E-011  8.544666135587E+001
  8.745764335025E+000  1.807286221064E-001  3.683748262669E-006 -5.495658996958E-006  8.374417799771E-006  4.962201294422E-011  9.338499579414E+001
  8.929136229160E+000  1.860494286260E-001  2.804398386821E-006 -4.158213514516E-006  6.310812472581E-006  4.033527063762E-011  1.022728869544E+002
  9.117933401693E+000  1.915808832504E-001  2.121659722717E-006 -3.124294959521E-006  4.719547231268E-006  2.816437017381E-011  1.122402195712E+002
  9.312371715124E+000  1.973335175235E-001  1.595136780560E-006 -2.330933631343E-006  3.502093449986E-006  1.269079761090E-011  1.234357921696E+002
  9.512677878945E+000  2.033185011886E-001  1.191831261304E-006 -1.726752519097E-006  2.578156894176E-006 -6.564990552928E-012  1.360302493152E+002
  9.719090110332E+000  2.095476877688E-001  8.849960246804E-007 -1.270161983601E-006  1.882797915769E-006 -3.011197707834E-011  1.502196151233E+002
  9.931858842267E+000  2.160336639044E-001  6.531241346878E-007 -9.277723581007E-007  1.363920189648E-006 -5.855347935330E-011  1.662296564971E+002
  1.015124748302E+001  2.227898028021E-001  4.790642698249E-007 -6.730074376706E-007  9.800901003487E-007 -9.249731372138E-011  1.843214272372E+002
  1.037753323129E+001  2.298303221843E-001  3.492534891577E-007 -4.849026727116E-007  6.986535895570E-007 -1.323999464076E-010  2.047985293775E+002
  1.061100795175E+001  2.371703471699E-001  2.530580354036E-007 -3.470723859494E-007  4.941208381281E-007 -1.785828621175E-010  2.280169020675E+002
  1.085197911611E+001  2.448259785618E-001  1.822125979147E-007 -2.468306184146E-007  3.467917618261E-007 -2.310208923648E-010  2.543983468677E+002
  1.110077081537E+001  2.528143670735E-001  1.303483073588E-007 -1.744504025318E-007  2.415971691523E-007 -2.891613736083E-010  2.844495730490E+002
  1.135772484956E+001  2.611537940784E-001  9.259973112126E-008 -1.225464730209E-007  1.671318005167E-007 -3.514931810693E-010  3.187893784917E+002
  1.162320190175E+001  2.698637595360E-001  6.528130760452E-008 -8.556675047807E-008  1.148565698658E-007 -4.155685334276E-010  3.581878113268E+002
  1.189758280382E+001  2.789650778206E-001  4.562400383154E-008 -5.937843108594E-008  7.844836164015E-008 -4.776597776529E-010  4.036230438421E+002
  1.218126990242E+001  2.884799822596E-001  3.156349181185E-008 -4.093521939290E-008  5.327684958570E-008 -5.325924444763E-010  4.563647279363E+002
  1.247468853413E+001  2.984322392826E-001  2.157178840351E-008 -2.801314826602E-008  3.598909527700E-008 -5.738358355405E-010  5.180977437786E+002
  1.277828862002E+001  3.088472731875E-001  1.452505422467E-008 -1.900351235059E-008  2.418419118102E-008 -5.937561138054E-010  5.911093524969E+002
  1.309254639077E+001  3.197523026463E-001  9.601057949716E-009 -1.275264988145E-008  1.616192169506E-008 -5.845934676206E-010  6.785794778780E+002
  1.341796625462E+001  3.311764902095E-001  6.200641632730E-009 -8.439582448281E-009  1.073127148725E-008 -5.398840046314E-010  7.850455827202E+002
  1.375508282195E+001  3.431511062169E-001  3.888333701435E-009 -5.483801216462E-009  7.066534292491E-009 -4.593120772708E-010  9.171757743744E+002
  1.410446310162E+001  3.557097086969E-001  2.348019822311E-009 -3.476715081005E-009  4.600679013132E-009 -3.585755408726E-010  1.085108499475E+003
  1.446670888596E+001  3.688883410292E-001  1.350278254350E-009 -2.131407352927E-009  2.947431453350E-009 -2.981701643144E-010  1.304866236004E+003
  1.484245934302E+001  3.827257493700E-001  7.286051609699E-010 -1.246354202965E-009  1.845164586142E-009 -4.677190162796E-010  1.602788940908E+003
  1.523239383723E+001  3.972636220891E-001  3.622943384523E-010 -6.796273268471E-010  1.117116652466E-009 -1.455628886319E-009  2.023111889829E+003
  1.563723500136E+001  4.125468537596E-001  1.641984237927E-010 -3.308359382507E-010  6.436584999951E-010 -5.141444102531E-009  2.633807865513E+003
  1.605775208607E+001  4.286238365683E-001  7.199161111576E-011 -1.286699172724E-010  3.433151398109E-010 -1.656780916471E-008  3.466941024052E+003
  1.649476461582E+001  4.455467823929E-001  4.188492637700E-011 -2.240297340588E-011  1.600332984935E-010 -3.578587698023E-008  4.152928934253E+003
  1.694914638379E+001  4.633720792263E-001  4.402110366508E-011  2.388046167568E-011  5.480725161823E-011 -3.897914959040E-008  4.084636771181E+003
  1.742182982203E+001  4.821606861220E-001  5.900246782469E-011  3.524233081223E-011  2.617701653226E-013 -3.087962794637E-008  3.704677087308E+003
  1.791381078784E+001  5.019785714107E-001  7.518583436399E-011  2.867504875579E-011 -2.282733156364E-011 -2.416383969057E-008  3.417131907697E+003
  1.842615381215E+001  5.228971995942E-001  8.651636083363E-011  1.514587997594E-011 -2.779494070533E-011 -1.982772098542E-008  3.260926452878E+003
  1.895999786176E+001  5.449940730840E-001  9.077075261139E-011  1.173960959245E-012 -2.361684284432E-011 -1.699176249695E-008  3.209162973580E+003
  1.951656267356E+001  5.683533358366E-001  8.814348265398E-011 -9.904657756120E-012 -1.601600785790E-011 -1.503844230904E-008  3.240736219032E+003
  2.009715572669E+001  5.930664469535E-001  8.014345137188E-011 -1.690666292458E-011 -8.321976156855E-012 -1.362131406884E-008  3.345166491313E+003
  2.070317992707E+001  6.192329335039E-001  6.877988317557E-011 -1.997380685531E-011 -2.171461194527E-012 -1.254573067139E-008  3.520085997397E+003
  2.133614208874E+001  6.469612332096E-001  5.601308793882E-011 -1.993569424731E-011  1.915461554979E-012 -1.169770758320E-008  3.769443572289E+003
  2.199766230782E+001  6.763696392388E-001  4.343567061957E-011 -1.785327017154E-011  4.075417055393E-012 -1.100751699077E-008  4.102906069817E+003
  2.268948433818E+001  7.075873612439E-001  3.213930982146E-011 -1.472635364767E-011  4.756872896871E-012 -1.043062734362E-008  4.536228291171E+003
  2.341348709294E+001  7.407557189842E-001  2.271584205943E-011 -1.133914386369E-011  4.485211350633E-012 -9.937643631368E-009  5.092497268955E+003
  2.417169741362E+001  7.760294874639E-001  1.534121945428E-011 -8.210489790203E-012  3.724546142897E-012 -9.508485411078E-009  5.804352651578E+003
  2.496630426925E+001  8.135784155747E-001  9.896922059095E-012 -5.613400649557E-012  2.816075787172E-012 -9.129098970108E-009  6.717490097179E+003
  2.579967457140E+001  8.535889438281E-001  6.093933960027E-012 -3.631131701979E-012  1.969432641282E-012 -8.789407417841E-009  7.896012680029E+003
  2.667437081864E+001  8.962661510291E-001  3.576895660004E-012 -2.223943906513E-012  1.284362521084E-012 -8.482026857495E-009  9.430578351955E+003
  2.759317081651E+001  9.418359647997E-001  1.998028903126E-012 -1.289303468876E-012  7.842927701729E-013 -8.201466853303E-009  1.145090546935E+004
  2.855908975674E+001  9.905476768748E-001  1.059965589273E-012 -7.067884299404E-013  4.492439906987E-013 -7.943564074086E-009  1.414522400550E+004
  2.957540498378E+001  1.042676811269E+000  5.327436491081E-013 -3.657666383614E-013  2.414309395636E-013  0.000000000000E+000  0.000000000000E+000
  3.064568382919E+001  1.098528402000E+000  2.529626174231E-013 -1.782921548584E-013  1.216225492236E-013  0.000000000000E+000  0.000000000000E+000
  3.177381495601E+001  1.158440747351E+000  1.131119810095E-013 -8.163542933347E-014  5.732754789464E-014  0.000000000000E+000  0.000000000000E+000
  3.296404372807E+001  1.222789720048E+000  4.745647794433E-014 -3.499644474065E-014  2.521896859827E-014  0.000000000000E+000  0.000000000000E+000
  3.422101220608E+001  1.291993727721E+000  1.860561648173E-014 -1.399346909045E-014  1.032045911680E-014  0.000000000000E+000  0.000000000000E+000
  3.554980447538E+001  1.366519436102E+000  6.785338872940E-015 -5.196434025545E-015  3.913638940354E-015  0.000000000000E+000  0.000000000000E+000
  3.695599813319E+001  1.446888389511E+000  2.290162023127E-015 -1.783364242214E-015  1.368968213214E-015  0.000000000000E+000  0.000000000000E+000
  3.844572291106E+001  1.533684690030E+000  7.113211227881E-016 -5.625217251879E-016  4.394013125567E-016  0.000000000000E+000  0.000000000000E+000
  4.002572758518E+001  1.627563929686E+000  2.020361505679E-016 -1.620777045850E-016  1.286466416518E-016  0.000000000000E+000  0.000000000000E+000
  4.170345654134E+001  1.729263610453E+000  5.210827082793E-017 -4.236370760100E-017  3.412585179636E-017  0.000000000000E+000  0.000000000000E+000
  4.348713762001E+001  1.839615336740E+000  1.210885849749E-017 -9.967818123445E-018  8.140085538278E-018  0.000000000000E+000  0.000000000000E+000
  4.538588318162E+001  1.959559126947E+000  2.506368189354E-018 -2.086248994565E-018  1.724300663504E-018  0.000000000000E+000  0.000000000000E+000
  4.740980671574E+001  2.090160267552E+000  4.604981811805E-019 -3.995080004787E-019  3.358966683255E-019  0.000000000000E+000  0.000000000000E+000
  4.957015778746E+001  2.232629229408E+000  7.548222185589E-020 -6.189358124263E-020  4.648100681569E-020  0.000000000000E+000  0.000000000000E+000
  5.187947869225E+001  2.388345286640E+000  9.467191729952E-021 -8.050076428814E-021  1.048207687272E-020  0.000000000000E+000  0.000000000000E+000
  5.435178690397E+001  2.558884630889E+000  1.544530951149E-021 -1.180050810024E-021 -6.587671483492E-023  0.000000000000E+000  0.000000000000E+000
  5.700278828629E+001  2.746053966795E+000  2.178491537530E-023 -3.039836451869E-022  2.713595797036E-022  0.000000000000E+000  0.000000000000E+000
  5.985012714155E+001  2.951930820846E+000  2.639871040811E-023  0.000000000000E+000  0.000000000000E+000  0.000000000000E+000  0.000000000000E+000
  6.291368055481E+001  3.178912111311E+000  0.000000000000E+000  0.000000000000E+000  0.000000000000E+000  0.000000000000E+000  0.000000000000E+000
  6.621590623276E+001  3.429772933797E+000  0.000000000000E+000  0.000000000000E+000  0.000000000000E+000  0.000000000000E+000  0.000000000000E+000
  6.978225524452E+001  3.707738044625E+000  0.000000000000E+000  0.000000000000E+000  0.000000000000E+000  0.000000000000E+000  0.000000000000E+000
  7.364166388185E+001  4.016569212832E+000  0.000000000000E+000  0.000000000000E+000  0.000000000000E+000  0.000000000000E+000  0.000000000000E+000
  7.782714245929E+001  4.360672516382E+000  0.000000000000E+000  0.000000000000E+000  0.000000000000E+000  0.000000000000E+000  0.000000000000E+000
  8.237648351994E+001  4.745230855210E+000  0.000000000000E+000  0.000000000000E+000  0.000000000000E+000  0.000000000000E+000  0.000000000000E+000
  8.733311794503E+001  5.176368549127E+000  0.000000000000E+000  0.000000000000E+000  0.000000000000E+000  0.000000000000E+000  0.000000000000E+000
  9.274715535088E+001  5.661357031559E+000  0.000000000000E+000  0.000000000000E+000  0.000000000000E+000  0.000000000000E+000  0.000000000000E+000
  9.867665554529E+001  6.208873552072E+000  0.000000000000E+000  0.000000000000E+000  0.000000000000E+000  0.000000000000E+000  0.000000000000E+000
  1.051891916055E+002  6.829328764649E+000  0.000000000000E+000  0.000000000000E+000  0.000000000000E+000  0.000000000000E+000  0.000000000000E+000
  1.123637836013E+002  7.535284543316E+000  0.000000000000E+000  0.000000000000E+000  0.000000000000E+000  0.000000000000E+000  0.000000000000E+000
  1.202933069206E+002  8.341990973528E+000  0.000000000000E+000  0.000000000000E+000  0.000000000000E+000  0.000000000000E+000  0.000000000000E+000
  1.290875131414E+002  9.268082166539E+000  0.000000000000E+000  0.000000000000E+000  0.000000000000E+000  0.000000000000E+000  0.000000000000E+000
  1.388768482001E+002  1.033648575811E+001  0.000000000000E+000  0.000000000000E+000  0.000000000000E+000  0.000000000000E+000  0.000000000000E+000
  1.498173177370E+002  1.157562284364E+001  0.000000000000E+000  0.000000000000E+000  0.000000000000E+000  0.000000000000E+000  0.000000000000E+000
  1.620967411853E+002  1.302100699722E+001  0.000000000000E+000  0.000000000000E+000  0.000000000000E+000  0.000000000000E+000  0.000000000000E+000
  1.759428668168E+002  1.471739812515E+001  0.000000000000E+000  0.000000000000E+000  0.000000000000E+000  0.000000000000E+000  0.000000000000E+000
  1.916340085825E+002  1.672173748087E+001  0.000000000000E+000  0.000000000000E+000  0.000000000000E+000  0.000000000000E+000  0.000000000000E+000
  2.095131417987E+002  1.910719757888E+001  0.000000000000E+000  0.000000000000E+000  0.000000000000E+000  0.000000000000E+000  0.000000000000E+000
  2.300068054477E+002  2.196884699990E+001  0.000000000000E+000  0.000000000000E+000  0.000000000000E+000  0.000000000000E+000  0.000000000000E+000
  2.536507797910E+002  2.543169216868E+001  0.000000000000E+000  0.000000000000E+000  0.000000000000E+000  0.000000000000E+000  0.000000000000E+000
  2.811254638474E+002  2.966227967912E+001  0.000000000000E+000  0.000000000000E+000  0.000000000000E+000  0.000000000000E+000  0.000000000000E+000
  3.133053780630E+002  3.488573552677E+001  0.000000000000E+000  0.000000000000E+000  0.000000000000E+000  0.000000000000E+000  0.000000000000E+000
  3.513296254502E+002  4.141128389041E+001  0.000000000000E+000  0.000000000000E+000  0.000000000000E+000  0.000000000000E+000  0.000000000000E+000
  3.967041014106E+002  4.967130404214E+001  0.000000000000E+000  0.000000000000E+000  0.000000000000E+000  0.000000000000E+000  0.000000000000E+000
  4.514529193349E+002  6.028257212519E+001  0.000000000000E+000  0.000000000000E+000  0.000000000000E+000  0.000000000000E+000  0.000000000000E+000
  5.183481233601E+002  7.414493328740E+001  0.000000000000E+000  0.000000000000E+000  0.000000000000E+000  0.000000000000E+000  0.000000000000E+000
  6.012676077950E+002  9.260523890243E+001  0.000000000000E+000  0.000000000000E+000  0.000000000000E+000  0.000000000000E+000  0.000000000000E+000
  7.057700503752E+002  1.177394213729E+002  0.000000000000E+000  0.000000000000E+000  0.000000000000E+000  0.000000000000E+000  0.000000000000E+000
  8.400513767914E+002  1.528577972397E+002  0.000000000000E+000  0.000000000000E+000  0.000000000000E+000  0.000000000000E+000  0.000000000000E+000
  1.016602135495E+003  2.034537342122E+002  0.000000000000E+000  0.000000000000E+000  0.000000000000E+000  0.000000000000E+000  0.000000000000E+000
  1.255220715580E+003  2.790860613466E+002  0.000000000000E+000  0.000000000000E+000  0.000000000000E+000  0.000000000000E+000  0.000000000000E+000
  1.588815776243E+003  3.973705897531E+002  0.000000000000E+000  0.000000000000E+000  0.000000000000E+000  0.000000000000E+000  0.000000000000E+000
  2.075392011604E+003  5.931596040112E+002  0.000000000000E+000  0.000000000000E+000  0.000000000000E+000  0.000000000000E+000  0.000000000000E+000
  2.825079847529E+003  9.419154890021E+002  0.000000000000E+000  0.000000000000E+000  0.000000000000E+000  0.000000000000E+000  0.000000000000E+000
  4.068408296184E+003  1.627629972033E+003  0.000000000000E+000  0.000000000000E+000  0.000000000000E+000  0.000000000000E+000  0.000000000000E+000
  6.357262947674E+003  3.178964796686E+003  0.000000000000E+000  0.000000000000E+000  0.000000000000E+000  0.000000000000E+000  0.000000000000E+000
  1.130231930164E+004  7.535323971013E+003  0.000000000000E+000  0.000000000000E+000  0.000000000000E+000  0.000000000000E+000  0.000000000000E+000
  2.543105175140E+004  2.543171841285E+004  0.000000000000E+000  0.000000000000E+000  0.000000000000E+000  0.000000000000E+000  0.000000000000E+000
  1.017262069958E+005  2.034537473226E+005  0.000000000000E+000  0.000000000000E+000  0.000000000000E+000  0.000000000000E+000  0.000000000000E+000
