# 1st line: number of mesh points
# abcissa weight wavefunction wavefunction_1st wavefunction_2nd
500
# Principal QN=   1 , l=   1 , Occupation=   2.0100
  9.830308526508E-006  1.966074589941E-005  6.097039923689E-005  6.202116068496E+000 -3.486814144859E+001
  3.932200719717E-005  3.932303800261E-005  2.438661746765E-004  6.201087817914E+000 -3.486338498662E+001
  8.847741541455E-005  5.898842277178E-005  5.486410615509E-004  6.199374288823E+000 -3.485545812508E+001
  1.573003992804E-004  7.865844718600E-005  9.752179587339E-004  6.196975814048E+000 -3.484436172722E+001
  2.457963722417E-004  9.833465899987E-005  1.523488938977E-003  6.193892859570E+000 -3.483009700275E+001
  3.539722959954E-004  1.180186070023E-004  2.193315263265E-003  6.190126024540E+000 -3.481266550911E+001
  4.818366816528E-004  1.377118412759E-004  2.984527399287E-003  6.185676041311E+000 -3.479206915299E+001
  6.293995911626E-004  1.574159134560E-004  3.896925044076E-003  6.180543775467E+000 -3.476831019221E+001
  7.966726389934E-004  1.771323769912E-004  4.930277150803E-003  6.174730225861E+000 -3.474139123794E+001
  9.836689940782E-004  1.968627874036E-004  6.084321959802E-003  6.168236524659E+000 -3.471131525729E+001
  1.190403382016E-003  2.166087025496E-004  7.358767033815E-003  6.161063937382E+000 -3.467808557614E+001
  1.416892087541E-003  2.363716828821E-004  8.753289297536E-003  6.153213862962E+000 -3.464170588240E+001
  1.663152957245E-003  2.561532917128E-004  1.026753508148E-002  6.144687833795E+000 -3.460218022949E+001
  1.929205402573E-003  2.759550954757E-004  1.190112017020E-002  6.135487515794E+000 -3.455951304025E+001
  2.215070403074E-003  2.957786639908E-004  1.365362985502E-002  6.125614708454E+000 -3.451370911105E+001
  2.520770509919E-003  3.156255707300E-004  1.552461899111E-002  6.115071344912E+000 -3.446477361625E+001
  2.846329849692E-003  3.354973930828E-004  1.751361205928E-002  6.103859492006E+000 -3.441271211299E+001
  3.191774128432E-003  3.553957126240E-004  1.962010323224E-002  6.091981350342E+000 -3.435753054621E+001
  3.557130635959E-003  3.753221153821E-004  2.184355644567E-002  6.079439254357E+000 -3.429923525402E+001
  3.942428250463E-003  3.952781921092E-004  2.418340547396E-002  6.066235672376E+000 -3.423783297323E+001
  4.347697443358E-003  4.152655385525E-004  2.663905401083E-002  6.052373206674E+000 -3.417333084533E+001
  4.772970284417E-003  4.352857557265E-004  2.920987575491E-002  6.037854593534E+000 -3.410573642252E+001
  5.218280447175E-003  4.553404501876E-004  3.189521450024E-002  6.022682703295E+000 -3.403505767418E+001
  5.683663214611E-003  4.754312343099E-004  3.469438423195E-002  6.006860540404E+000 -3.396130299341E+001
  6.169155485101E-003  4.955597265624E-004  3.760666922712E-002  5.990391243453E+000 -3.388448120392E+001
  6.674795778653E-003  5.157275517886E-004  4.063132416086E-002  5.973278085215E+000 -3.380460156712E+001
  7.200624243425E-003  5.359363414876E-004  4.376757421789E-002  5.955524472672E+000 -3.372167378934E+001
  7.746682662519E-003  5.561877340970E-004  4.701461520952E-002  5.937133947029E+000 -3.363570802931E+001
  8.313014461060E-003  5.764833752781E-004  5.037161369630E-002  5.918110183722E+000 -3.354671490587E+001
  8.899664713569E-003  5.968249182030E-004  5.383770711632E-002  5.898456992408E+000 -3.345470550571E+001
  9.506680151615E-003  6.172140238444E-004  5.741200391935E-002  5.878178316954E+000 -3.335969139140E+001
  1.013410917176E-002  6.376523612666E-004  6.109358370697E-002  5.857278235396E+000 -3.326168460955E+001
  1.078200184380E-002  6.581416079202E-004  6.488149737864E-002  5.835760959893E+000 -3.316069769899E+001
  1.145040991929E-002  6.786834499385E-004  6.877476728405E-002  5.813630836663E+000 -3.305674369923E+001
  1.213938684040E-002  6.992795824361E-004  7.277238738168E-002  5.790892345893E+000 -3.294983615889E+001
  1.284898774901E-002  7.199317098113E-004  7.687332340386E-002  5.767550101639E+000 -3.283998914431E+001
  1.357926949620E-002  7.406415460502E-004  8.107651302826E-002  5.743608851698E+000 -3.272721724817E+001
  1.433029065191E-002  7.614108150341E-004  8.538086605614E-002  5.719073477456E+000 -3.261153559824E+001
  1.510211151509E-002  7.822412508494E-004  8.978526459735E-002  5.693948993718E+000 -3.249295986608E+001
  1.589479412397E-002  8.031345981016E-004  9.428856326224E-002  5.668240548505E+000 -3.237150627588E+001
  1.670840226680E-002  8.240926122311E-004  9.888958936065E-002  5.641953422829E+000 -3.224719161320E+001
  1.754300149280E-002  8.451170598329E-004  1.035871431080E-001  5.615093030433E+000 -3.212003323381E+001
  1.839865912351E-002  8.662097189796E-004  1.083799978390E-001  5.587664917505E+000 -3.199004907240E+001
  1.927544426443E-002  8.873723795480E-004  1.132669002280E-001  5.559674762356E+000 -3.185725765139E+001
  2.017342781695E-002  9.086068435487E-004  1.182465705182E-001  5.531128375066E+000 -3.172167808951E+001
  2.109268249069E-002  9.299149254598E-004  1.233177027571E-001  5.502031697095E+000 -3.158333011048E+001
  2.203328281612E-002  9.512984525641E-004  1.284789650409E-001  5.472390800851E+000 -3.144223405150E+001
  2.299530515754E-002  9.727592652906E-004  1.337289997665E-001  5.442211889227E+000 -3.129841087161E+001
  2.397882772639E-002  9.942992175591E-004  1.390664238912E-001  5.411501295087E+000 -3.115188216003E+001
  2.498393059493E-002  1.015920177130E-003  1.444898292011E-001  5.380265480721E+000 -3.100267014423E+001
  2.601069571024E-002  1.037624025957E-003  1.499977825879E-001  5.348511037246E+000 -3.085079769796E+001
  2.705920690860E-002  1.059412660547E-003  1.555888263333E-001  5.316244683963E+000 -3.069628834895E+001
  2.812954993023E-002  1.081287992318E-003  1.612614784033E-001  5.283473267672E+000 -3.053916628656E+001
  2.922181243436E-002  1.103251947969E-003  1.670142327500E-001  5.250203761928E+000 -3.037945636912E+001
  3.033608401473E-002  1.125306469854E-003  1.728455596228E-001  5.216443266257E+000 -3.021718413102E+001
  3.147245621542E-002  1.147453516351E-003  1.787539058887E-001  5.182199005304E+000 -3.005237578960E+001
  3.263102254705E-002  1.169695062249E-003  1.847376953606E-001  5.147478327943E+000 -2.988505825174E+001
  3.381187850339E-002  1.192033099133E-003  1.907953291362E-001  5.112288706321E+000 -2.971525912012E+001
  3.501512157837E-002  1.214469635775E-003  1.969251859449E-001  5.076637734842E+000 -2.954300669917E+001
  3.624085128345E-002  1.237006698530E-003  2.031256225048E-001  5.040533129101E+000 -2.936833000074E+001
  3.748916916538E-002  1.259646331739E-003  2.093949738885E-001  5.003982724746E+000 -2.919125874937E+001
  3.876017882444E-002  1.282390598136E-003  2.157315538990E-001  4.966994476284E+000 -2.901182338714E+001
  4.005398593302E-002  1.305241579266E-003  2.221336554545E-001  4.929576455824E+000 -2.883005507822E+001
  4.137069825459E-002  1.328201375897E-003  2.285995509836E-001  4.891736851745E+000 -2.864598571294E+001
  4.271042566323E-002  1.351272108452E-003  2.351274928299E-001  4.853483967304E+000 -2.845964791144E+001
  4.407328016341E-002  1.374455917436E-003  2.417157136658E-001  4.814826219176E+000 -2.827107502688E+001
  4.545937591035E-002  1.397754963880E-003  2.483624269172E-001  4.775772135919E+000 -2.808030114815E+001
  4.686882923075E-002  1.421171429779E-003  2.550658271975E-001  4.736330356368E+000 -2.788736110215E+001
  4.830175864396E-002  1.444707518548E-003  2.618240907513E-001  4.696509627958E+000 -2.769229045547E+001
  4.975828488365E-002  1.468365455478E-003  2.686353759087E-001  4.656318804969E+000 -2.749512551564E+001
  5.123853091993E-002  1.492147488203E-003  2.754978235489E-001  4.615766846704E+000 -2.729590333174E+001
  5.274262198188E-002  1.516055887169E-003  2.824095575743E-001  4.574862815574E+000 -2.709466169453E+001
  5.427068558066E-002  1.540092946119E-003  2.893686853948E-001  4.533615875124E+000 -2.689143913597E+001
  5.582285153302E-002  1.564260982573E-003  2.963732984209E-001  4.492035287962E+000 -2.668627492807E+001
  5.739925198530E-002  1.588562338332E-003  3.034214725685E-001  4.450130413622E+000 -2.647920908128E+001
  5.900002143803E-002  1.612999379973E-003  3.105112687725E-001  4.407910706338E+000 -2.627028234208E+001
  6.062529677088E-002  1.637574499364E-003  3.176407335106E-001  4.365385712735E+000 -2.605953619003E+001
  6.227521726827E-002  1.662290114181E-003  3.248078993369E-001  4.322565069444E+000 -2.584701283415E+001
  6.394992464542E-002  1.687148668440E-003  3.320107854262E-001  4.279458500627E+000 -2.563275520855E+001
  6.564956307496E-002  1.712152633027E-003  3.392473981265E-001  4.236075815420E+000 -2.541680696742E+001
  6.737427921404E-002  1.737304506249E-003  3.465157315231E-001  4.192426905290E+000 -2.519921247933E+001
  6.912422223211E-002  1.762606814387E-003  3.538137680102E-001  4.148521741311E+000 -2.498001682076E+001
  7.089954383907E-002  1.788062112257E-003  3.611394788744E-001  4.104370371346E+000 -2.475926576893E+001
  7.270039831418E-002  1.813672983787E-003  3.684908248852E-001  4.059982917152E+000 -2.453700579385E+001
  7.452694253540E-002  1.839442042599E-003  3.758657568968E-001  4.015369571391E+000 -2.431328404963E+001
  7.637933600943E-002  1.865371932600E-003  3.832622164578E-001  3.970540594562E+000 -2.408814836503E+001
  7.825774090225E-002  1.891465328589E-003  3.906781364303E-001  3.925506311837E+000 -2.386164723322E+001
  8.016232207035E-002  1.917724936867E-003  3.981114416179E-001  3.880277109823E+000 -2.363382980071E+001
  8.209324709253E-002  1.944153495867E-003  4.055600494023E-001  3.834863433225E+000 -2.340474585557E+001
  8.405068630235E-002  1.970753776782E-003  4.130218703881E-001  3.789275781436E+000 -2.317444581473E+001
  8.603481282122E-002  1.997528584221E-003  4.204948090563E-001  3.743524705030E+000 -2.294298071053E+001
  8.804580259214E-002  2.024480756857E-003  4.279767644253E-001  3.697620802175E+000 -2.271040217648E+001
  9.008383441408E-002  2.051613168108E-003  4.354656307201E-001  3.651574714970E+000 -2.247676243211E+001
  9.214908997710E-002  2.078928726810E-003  4.429592980491E-001  3.605397125682E+000 -2.224211426699E+001
  9.424175389809E-002  2.106430377918E-003  4.504556530875E-001  3.559098752916E+000 -2.200651102405E+001
  9.636201375725E-002  2.134121103210E-003  4.579525797683E-001  3.512690347696E+000 -2.177000658185E+001
  9.851006013526E-002  2.162003922007E-003  4.654479599798E-001  3.466182689470E+000 -2.153265533619E+001
  1.006860866512E-001  2.190081891910E-003  4.729396742695E-001  3.419586582030E+000 -2.129451218076E+001
  1.028902900012E-001  2.218358109541E-003  4.804256025537E-001  3.372912849363E+000 -2.105563248702E+001
  1.051228699979E-001  2.246835711311E-003  4.879036248334E-001  3.326172331422E+000 -2.081607208322E+001
  1.073840296104E-001  2.275517874190E-003  4.953716219149E-001  3.279375879826E+000 -2.057588723254E+001
  1.096739750056E-001  2.304407816497E-003  5.028274761354E-001  3.232534353482E+000 -2.033513461046E+001
  1.119929155896E-001  2.333508798707E-003  5.102690720939E-001  3.185658614145E+000 -2.009387128125E+001
  1.143410640503E-001  2.362824124271E-003  5.176942973849E-001  3.138759521911E+000 -1.985215467368E+001
  1.167186364011E-001  2.392357140448E-003  5.251010433371E-001  3.091847930632E+000 -1.961004255590E+001
  1.191258520249E-001  2.422111239159E-003  5.324872057545E-001  3.044934683290E+000 -1.936759300949E+001
  1.215629337189E-001  2.452089857854E-003  5.398506856605E-001  2.998030607291E+000 -1.912486440271E+001
  1.240301077413E-001  2.482296480400E-003  5.471893900448E-001  2.951146509714E+000 -1.888191536306E+001
  1.265276038575E-001  2.512734637975E-003  5.545012326108E-001  2.904293172501E+000 -1.863880474890E+001
  1.290556553882E-001  2.543407909995E-003  5.617841345264E-001  2.857481347603E+000 -1.839559162049E+001
  1.316144992580E-001  2.574319925047E-003  5.690360251732E-001  2.810721752067E+000 -1.815233521015E+001
  1.342043760450E-001  2.605474361847E-003  5.762548428980E-001  2.764025063094E+000 -1.790909489177E+001
  1.368255300316E-001  2.636874950214E-003  5.834385357628E-001  2.717401913044E+000 -1.766593014958E+001
  1.394782092560E-001  2.668525472060E-003  5.905850622942E-001  2.670862884409E+000 -1.742290054626E+001
  1.421626655646E-001  2.700429762411E-003  5.976923922316E-001  2.624418504763E+000 -1.718006569035E+001
  1.448791546661E-001  2.732591710434E-003  6.047585072730E-001  2.578079241664E+000 -1.693748520303E+001
  1.476279361856E-001  2.765015260497E-003  6.117814018187E-001  2.531855497554E+000 -1.669521868432E+001
  1.504092737207E-001  2.797704413242E-003  6.187590837108E-001  2.485757604627E+000 -1.645332567859E+001
  1.532234348983E-001  2.830663226680E-003  6.256895749700E-001  2.439795819680E+000 -1.621186563962E+001
  1.560706914324E-001  2.863895817319E-003  6.325709125269E-001  2.393980318967E+000 -1.597089789503E+001
  1.589513191834E-001  2.897406361298E-003  6.394011489485E-001  2.348321193035E+000 -1.573048161027E+001
  1.618655982178E-001  2.931199095559E-003  6.461783531589E-001  2.302828441567E+000 -1.549067575208E+001
  1.648138128702E-001  2.965278319033E-003  6.529006111534E-001  2.257511968231E+000 -1.525153905152E+001
  1.677962518056E-001  2.999648393860E-003  6.595660267053E-001  2.212381575534E+000 -1.501312996664E+001
  1.708132080832E-001  3.034313746623E-003  6.661727220650E-001  2.167446959697E+000 -1.477550664471E+001
  1.738649792215E-001  3.069278869616E-003  6.727188386508E-001  2.122717705554E+000 -1.453872688417E+001
  1.769518672648E-001  3.104548322136E-003  6.792025377292E-001  2.078203281469E+000 -1.430284809624E+001
  1.800741788507E-001  3.140126731803E-003  6.856220010872E-001  2.033913034302E+000 -1.406792726632E+001
  1.832322252791E-001  3.176018795904E-003  6.919754316921E-001  1.989856184395E+000 -1.383402091515E+001
  1.864263225826E-001  3.212229282769E-003  6.982610543409E-001  1.946041820623E+000 -1.360118505978E+001
  1.896567915983E-001  3.248763033179E-003  7.044771162974E-001  1.902478895486E+000 -1.336947517450E+001
  1.929239580409E-001  3.285624961791E-003  7.106218879167E-001  1.859176220257E+000 -1.313894615159E+001
  1.962281525771E-001  3.322820058613E-003  7.166936632554E-001  1.816142460206E+000 -1.290965226210E+001
  1.995697109023E-001  3.360353390492E-003  7.226907606690E-001  1.773386129883E+000 -1.268164711663E+001
  2.029489738173E-001  3.398230102644E-003  7.286115233928E-001  1.730915588485E+000 -1.245498362620E+001
  2.063662873085E-001  3.436455420218E-003  7.344543201087E-001  1.688739035309E+000 -1.222971396319E+001
  2.098220026275E-001  3.475034649885E-003  7.402175454945E-001  1.646864505291E+000 -1.200588952251E+001
  2.133164763746E-001  3.513973181471E-003  7.458996207571E-001  1.605299864644E+000 -1.178356088294E+001
  2.168500705817E-001  3.553276489620E-003  7.514989941477E-001  1.564052806605E+000 -1.156277776880E+001
  2.204231527988E-001  3.592950135496E-003  7.570141414591E-001  1.523130847287E+000 -1.134358901192E+001
  2.240360961807E-001  3.632999768520E-003  7.624435665031E-001  1.482541321652E+000 -1.112604251400E+001
  2.276892795770E-001  3.673431128145E-003  7.677858015701E-001  1.442291379611E+000 -1.091018520945E+001
  2.313830876220E-001  3.714250045674E-003  7.730394078667E-001  1.402387982251E+000 -1.069606302867E+001
  2.351179108282E-001  3.755462446115E-003  7.782029759342E-001  1.362837898207E+000 -1.048372086197E+001
  2.388941456809E-001  3.797074350078E-003  7.832751260445E-001  1.323647700167E+000 -1.027320252408E+001
  2.427121947345E-001  3.839091875711E-003  7.882545085754E-001  1.284823761547E+000 -1.006455071930E+001
  2.465724667110E-001  3.881521240686E-003  7.931398043625E-001  1.246372253306E+000 -9.857807007453E+000
  2.504753766009E-001  3.924368764227E-003  7.979297250292E-001  1.208299140939E+000 -9.653011770595E+000
  2.544213457654E-001  3.967640869177E-003  8.026230132927E-001  1.170610181632E+000 -9.450204180625E+000
  2.584108020414E-001  4.011344084122E-003  8.072184432469E-001  1.133310921604E+000 -9.249422167778E+000
  2.624441798480E-001  4.055485045557E-003  8.117148206208E-001  1.096406693623E+000 -9.050702390116E+000
  2.665219202956E-001  4.100070500102E-003  8.161109830127E-001  1.059902614718E+000 -8.854080204061E+000
  2.706444712976E-001  4.145107306769E-003  8.204058000993E-001  1.023803584086E+000 -8.659589636026E+000
  2.748122876832E-001  4.190602439283E-003  8.245981738207E-001  9.881142811972E-001 -8.467263355207E+000
  2.790258313137E-001  4.236562988450E-003  8.286870385387E-001  9.528391641080E-001 -8.277132647591E+000
  2.832855712010E-001  4.282996164587E-003  8.326713611707E-001  9.179824679890E-001 -8.089227391245E+000
  2.875919836279E-001  4.329909300005E-003  8.365501412978E-001  8.835482038655E-001 -7.903576032937E+000
  2.919455522717E-001  4.377309851548E-003  8.403224112470E-001  8.495401575817E-001 -7.720205566147E+000
  2.963467683296E-001  4.425205403192E-003  8.439872361473E-001  8.159618889911E-001 -7.539141510527E+000
  3.007961306479E-001  4.473603668706E-003  8.475437139612E-001  7.828167313761E-001 -7.360407892858E+000
  3.052941458522E-001  4.522512494374E-003  8.509909754887E-001  7.501077911029E-001 -7.184027229561E+000
  3.098413284823E-001  4.571939861783E-003  8.543281843476E-001  7.178379475131E-001 -7.010020510811E+000
  3.144382011281E-001  4.621893890671E-003  8.575545369271E-001  6.860098530563E-001 -6.838407186305E+000
  3.190852945695E-001  4.672382841850E-003  8.606692623162E-001  6.546259336665E-001 -6.669205152733E+000
  3.237831479192E-001  4.723415120192E-003  8.636716222081E-001  6.236883893842E-001 -6.502430742990E+000
  3.285323087679E-001  4.774999277691E-003  8.665609107792E-001  5.931991952265E-001 -6.338098717184E+000
  3.333333333333E-001  4.827144016591E-003  8.693364545441E-001  5.631601023072E-001 -6.176222255471E+000
  3.381867866117E-001  4.879858192602E-003  8.719976121869E-001  5.335726392071E-001 -6.016812952763E+000
  3.430932425333E-001  4.933150818173E-003  8.745437743700E-001  5.044381135957E-001 -5.859880815339E+000
  3.480532841203E-001  4.987031065868E-003  8.769743635188E-001  4.757576141051E-001 -5.705434259397E+000
  3.530675036492E-001  5.041508271801E-003  8.792888335866E-001  4.475320124540E-001 -5.553480111573E+000
  3.581365028158E-001  5.096591939172E-003  8.814866697965E-001  4.197619658238E-001 -5.404023611461E+000
  3.632608929041E-001  5.152291741875E-003  8.835673883643E-001  3.924479194821E-001 -5.257068416144E+000
  3.684412949588E-001  5.208617528209E-003  8.855305362012E-001  3.655901096550E-001 -5.112616606777E+000
  3.736783399619E-001  5.265579324662E-003  8.873756905986E-001  3.391885666431E-001 -4.970668697220E+000
  3.789726690123E-001  5.323187339805E-003  8.891024588948E-001  3.132431181798E-001 -4.831223644740E+000
  3.843249335105E-001  5.381451968273E-003  8.907104781263E-001  2.877533930281E-001 -4.694278862799E+000
  3.897357953460E-001  5.440383794842E-003  8.921994146629E-001  2.627188248110E-001 -4.559830235918E+000
  3.952059270903E-001  5.499993598618E-003  8.935689638293E-001  2.381386560714E-001 -4.427872136636E+000
  4.007360121927E-001  5.560292357317E-003  8.948188495146E-001  2.140119425563E-001 -4.298397444540E+000
  4.063267451812E-001  5.621291251662E-003  8.959488237694E-001  1.903375577185E-001 -4.171397567382E+000
  4.119788318683E-001  5.683001669888E-003  8.969586663939E-001  1.671141974297E-001 -4.046862464241E+000
  4.176929895600E-001  5.745435212354E-003  8.978481845176E-001  1.443403848981E-001 -3.924780670747E+000
  4.234699472710E-001  5.808603696282E-003  8.986172121714E-001  1.220144757819E-001 -3.805139326318E+000
  4.293104459435E-001  5.872519160606E-003  8.992656098558E-001  1.001346634907E-001 -3.687924203391E+000
  4.352152386716E-001  5.937193870949E-003  8.997932641044E-001  7.869898466578E-002 -3.573119738629E+000
  4.411850909306E-001  6.002640324729E-003  9.002000870464E-001  5.770532482907E-002 -3.460709066042E+000
  4.472207808110E-001  6.068871256391E-003  9.004860159689E-001  3.715142419081E-002 -3.350674052005E+000
  4.533230992589E-001  6.135899642772E-003  9.006510128804E-001  1.703488360505E-002 -3.242995332115E+000
  4.594928503202E-001  6.203738708611E-003  9.006950640795E-001 -2.646829338871E-003 -3.137652349828E+000
  4.657308513924E-001  6.272401932198E-003  9.006181797272E-001 -2.189637410077E-002 -3.034623396834E+000
  4.720379334802E-001  6.341903051163E-003  9.004203934287E-001 -4.071653086272E-002 -2.933885655103E+000
  4.784149414579E-001  6.412256068427E-003  9.001017618231E-001 -5.911019410413E-002 -2.835415240525E+000
  4.848627343381E-001  6.483475258298E-003  8.996623641858E-001 -7.708036609249E-002 -2.739187248086E+000
  4.913821855461E-001  6.555575172733E-003  8.991023020436E-001 -9.463015030410E-002 -2.645175798494E+000
  4.979741832006E-001  6.628570647764E-003  8.984216988057E-001 -1.117627447896E-001 -2.553354086169E+000
  5.046396304008E-001  6.702476810086E-003  8.976206994124E-001 -1.284814354994E-001 -2.463694428531E+000
  5.113794455212E-001  6.777309083830E-003  8.966994700029E-001 -1.447895895848E-001 -2.376168316456E+000
  5.181945625116E-001  6.853083197508E-003  8.956581976056E-001 -1.606906486912E-001 -2.290746465847E+000
  5.250859312060E-001  6.929815191146E-003  8.944970898507E-001 -1.761881222584E-001 -2.207398870181E+000
  5.320545176366E-001  7.007521423604E-003  8.932163747097E-001 -1.912855808468E-001 -2.126094853951E+000
  5.391013043575E-001  7.086218580100E-003  8.918163002620E-001 -2.059866495050E-001 -2.046803126886E+000
  5.462272907741E-001  7.165923679926E-003  8.902971344904E-001 -2.202950011962E-001 -1.969491838823E+000
  5.534334934816E-001  7.246654084380E-003  8.886591651088E-001 -2.342143503018E-001 -1.894128635137E+000
  5.607209466109E-001  7.328427504912E-003  8.869026994226E-001 -2.477484462180E-001 -1.820680712584E+000
  5.680907021827E-001  7.411262011483E-003  8.850280642241E-001 -2.609010670653E-001 -1.749114875453E+000
  5.755438304707E-001  7.495176041166E-003  8.830356057242E-001 -2.736760135262E-001 -1.679397591879E+000
  5.830814203728E-001  7.580188406970E-003  8.809256895225E-001 -2.860771028309E-001 -1.611495050205E+000
  5.907045797917E-001  7.666318306912E-003  8.786987006168E-001 -2.981081629065E-001 -1.545373215255E+000
  5.984144360243E-001  7.753585333338E-003  8.763550434539E-001 -3.097730267094E-001 -1.480997884370E+000
  6.062121361613E-001  7.842009482502E-003  8.738951420223E-001 -3.210755267556E-001 -1.418334743100E+000
  6.140988474955E-001  7.931611164409E-003  8.713194399881E-001 -3.320194898675E-001 -1.357349420380E+000
  6.220757579409E-001  8.022411212936E-003  8.686284008760E-001 -3.426087321537E-001 -1.298007543081E+000
  6.301440764614E-001  8.114430896230E-003  8.658225082951E-001 -3.528470542370E-001 -1.240274789779E+000
  6.383050335109E-001  8.207691927403E-003  8.629022662102E-001 -3.627382367469E-001 -1.184116943619E+000
  6.465598814833E-001  8.302216475524E-003  8.598681992604E-001 -3.722860360911E-001 -1.129499944115E+000
  6.549098951744E-001  8.398027176926E-003  8.567208531243E-001 -3.814941805221E-001 -1.076389937771E+000
  6.633563722545E-001  8.495147146827E-003  8.534607949315E-001 -3.903663665100E-001 -1.024753327377E+000
  6.719006337539E-001  8.593599991288E-003  8.500886137225E-001 -3.989062554366E-001 -9.745568198458E-001
  6.805440245593E-001  8.693409819506E-003  8.466049209537E-001 -4.071174706223E-001 -9.257674724613E-001
  6.892879139233E-001  8.794601256469E-003  8.430103510503E-001 -4.150035946964E-001 -8.783527374143E-001
  6.981336959871E-001  8.897199455961E-003  8.393055620041E-001 -4.225681673215E-001 -8.322805044957E-001
  7.070827903152E-001  9.001230113956E-003  8.354912360159E-001 -4.298146832814E-001 -7.875191418315E-001
  7.161366424455E-001  9.106719482390E-003  8.315680801826E-001 -4.367465909397E-001 -7.440375345415E-001
  7.252967244510E-001  9.213694383338E-003  8.275368272257E-001 -4.433672910760E-001 -7.018051212130E-001
  7.345645355186E-001  9.322182223606E-003  8.233982362608E-001 -4.496801361056E-001 -6.607919280841E-001
  7.439416025400E-001  9.432211009745E-003  8.191530936069E-001 -4.556884296868E-001 -6.209686008396E-001
  7.534294807203E-001  9.543809363512E-003  8.148022136312E-001 -4.613954267179E-001 -5.823064339266E-001
  7.630297542000E-001  9.657006537783E-003  8.103464396295E-001 -4.668043337251E-001 -5.447773973066E-001
  7.727440366954E-001  9.771832432940E-003  8.057866447379E-001 -4.719183096427E-001 -5.083541605685E-001
  7.825739721536E-001  9.888317613741E-003  8.011237328736E-001 -4.767404669814E-001 -4.730101143324E-001
  7.925212354258E-001  1.000649332670E-002  7.963586397022E-001 -4.812738733827E-001 -4.387193888878E-001
  8.025875329584E-001  1.012639151798E-002  7.914923336264E-001 -4.855215535547E-001 -4.054568700144E-001
  8.127746035011E-001  1.024804485184E-002  7.865258167944E-001 -4.894864915808E-001 -3.731982119447E-001
  8.230842188350E-001  1.037148672960E-002  7.814601261231E-001 -4.931716335952E-001 -3.419198474409E-001
  8.335181845190E-001  1.049675130923E-002  7.762963343321E-001 -4.965798908129E-001 -3.115989949630E-001
  8.440783406568E-001  1.062387352550E-002  7.710355509840E-001 -4.997141429041E-001 -2.822136629206E-001
  8.547665626839E-001  1.075288911077E-002  7.656789235269E-001 -5.025772416983E-001 -2.537426510105E-001
  8.655847621758E-001  1.088383461638E-002  7.602276383334E-001 -5.051720152030E-001 -2.261655486520E-001
  8.765348876780E-001  1.101674743475E-002  7.546829217322E-001 -5.075012719204E-001 -1.994627305452E-001
  8.876189255584E-001  1.115166582209E-002  7.490460410262E-001 -5.095678054429E-001 -1.736153493887E-001
  8.988389008829E-001  1.128862892191E-002  7.433183054917E-001 -5.113743993078E-001 -1.486053258030E-001
  9.101968783143E-001  1.142767678917E-002  7.375010673538E-001 -5.129238320879E-001 -1.244153355212E-001
  9.216949630368E-001  1.156885041525E-002  7.315957227315E-001 -5.142188826962E-001 -1.010287939160E-001
  9.333353017046E-001  1.171219175365E-002  7.256037125476E-001 -5.152623358779E-001 -7.842983794847E-002
  9.451200834176E-001  1.185774374655E-002  7.195265233959E-001 -5.160569878655E-001 -5.660330562979E-002
  9.570515407237E-001  1.200555035216E-002  7.133656883616E-001 -5.166056521660E-001 -3.553471310486E-002
  9.691319506484E-001  1.215565657299E-002  7.071227877871E-001 -5.169111654551E-001 -1.521022947241E-002
  9.813636357544E-001  1.230810848498E-002  7.007994499785E-001 -5.169763935447E-001  4.383350529978E-003
  9.937489652293E-001  1.246295326757E-002  6.943973518450E-001 -5.168042373945E-001  2.325863583810E-002
  1.006290356005E+000  1.262023923477E-002  6.879182194673E-001 -5.163976391352E-001  4.142767022294E-002
  1.018990273907E+000  1.278001586715E-002  6.813638285866E-001 -5.157595880697E-001  5.890196514475E-002
  1.031851234841E+000  1.294233384499E-002  6.747360050103E-001 -5.148931266200E-001  7.569253413351E-002
  1.044875806003E+000  1.310724508236E-002  6.680366249264E-001 -5.138013561839E-001  9.180992852152E-002
  1.058066607138E+000  1.327480276248E-002  6.612676151235E-001 -5.124874428696E-001  1.072642743466E-001
  1.071426311823E+000  1.344506137405E-002  6.544309531085E-001 -5.109546230708E-001  1.220653102377E-001
  1.084957648792E+000  1.361807674895E-002  6.475286671180E-001 -5.092062088503E-001  1.362224260887E-001
  1.098663403298E+000  1.379390610110E-002  6.405628360181E-001 -5.072455930964E-001  1.497447023220E-001
  1.112546418516E+000  1.397260806657E-002  6.335355890873E-001 -5.050762544180E-001  1.626409495378E-001
  1.126609596985E+000  1.415424274514E-002  6.264491056798E-001 -5.027017617456E-001  1.749197483448E-001
  1.140855902095E+000  1.433887174317E-002  6.193056147619E-001 -5.001257786055E-001  1.865894891623E-001
  1.155288359613E+000  1.452655821788E-002  6.121073943218E-001 -4.973520670353E-001  1.976584117880E-001
  1.169910059257E+000  1.471736692327E-002  6.048567706462E-001 -4.943844911097E-001  2.081346445195E-001
  1.184724156317E+000  1.491136425740E-002  5.975561174626E-001 -4.912270200486E-001  2.180262426251E-001
  1.199733873325E+000  1.510861831145E-002  5.902078549452E-001 -4.878837308787E-001  2.273412259589E-001
  1.214942501771E+000  1.530919892035E-002  5.828144485807E-001 -4.843588106233E-001  2.360876155181E-001
  1.230353403874E+000  1.551317771520E-002  5.753784078960E-001 -4.806565579967E-001  2.442734687490E-001
  1.245970014403E+000  1.572062817747E-002  5.679022850433E-001 -4.767813845803E-001  2.519069134095E-001
  1.261795842559E+000  1.593162569510E-002  5.603886732463E-001 -4.727378154624E-001  2.589961798076E-001
  1.277834473907E+000  1.614624762054E-002  5.528402051049E-001 -4.685304893237E-001  2.655496312422E-001
  1.294089572372E+000  1.636457333079E-002  5.452595507617E-001 -4.641641579540E-001  2.715757924792E-001
  1.310564882294E+000  1.658668428962E-002  5.376494159317E-001 -4.596436851898E-001  2.770833761129E-001
  1.327264230548E+000  1.681266411190E-002  5.300125397970E-001 -4.549740452629E-001  2.820813066683E-001
  1.344191528724E+000  1.704259863026E-002  5.223516927704E-001 -4.501603205554E-001  2.865787423163E-001
  1.361350775387E+000  1.727657596408E-002  5.146696741320E-001 -4.452076987583E-001  2.905850940856E-001
  1.378746058390E+000  1.751468659100E-002  5.069693095429E-001 -4.401214694347E-001  2.941100424717E-001
  1.396381557275E+000  1.775702342093E-002  4.992534484415E-001 -4.349070199921E-001  2.971635513561E-001
  1.414261545744E+000  1.800368187279E-002  4.915249613282E-001 -4.295698310720E-001  2.997558791675E-001
  1.432390394201E+000  1.825475995395E-002  4.837867369459E-001 -4.241154713660E-001  3.018975872313E-001
  1.450772572390E+000  1.851035834267E-002  4.760416793619E-001 -4.185495918760E-001  3.035995452726E-001
  1.469412652102E+000  1.877058047342E-002  4.682927049613E-001 -4.128779196340E-001  3.048729340542E-001
  1.488315309978E+000  1.903553262542E-002  4.605427393588E-001 -4.071062509038E-001  3.057292451500E-001
  1.507485330398E+000  1.930532401444E-002  4.527947142383E-001 -4.012404438906E-001  3.061802778714E-001
  1.526927608467E+000  1.958006688797E-002  4.450515641301E-001 -3.952864109837E-001  3.062381333824E-001
  1.546647153093E+000  1.985987662391E-002  4.373162231365E-001 -3.892501105675E-001  3.059152060585E-001
  1.566649090169E+000  2.014487183303E-002  4.295916216142E-001 -3.831375384309E-001  3.052241721598E-001
  1.586938665861E+000  2.043517446518E-002  4.218806828271E-001 -3.769547188156E-001  3.041779759086E-001
  1.607521250000E+000  2.073090991960E-002  4.141863195789E-001 -3.707076951410E-001  3.027898130769E-001
  1.628402339588E+000  2.103220715932E-002  4.065114308372E-001 -3.644025204489E-001  3.010731122062E-001
  1.649587562420E+000  2.133919883002E-002  3.988588983623E-001 -3.580452476126E-001  2.990415135983E-001
  1.671082680832E+000  2.165202138333E-002  3.912315833499E-001 -3.516419193562E-001  2.967088462283E-001
  1.692893595565E+000  2.197081520497E-002  3.836323231028E-001 -3.451985581331E-001  2.940891027479E-001
  1.715026349769E+000  2.229572474776E-002  3.760639277407E-001 -3.387211559134E-001  2.911964127563E-001
  1.737487133138E+000  2.262689866987E-002  3.685291769617E-001 -3.322156639295E-001  2.880450145298E-001
  1.760282286187E+000  2.296448997842E-002  3.610308168666E-001 -3.256879824343E-001  2.846492254098E-001
  1.783418304674E+000  2.330865617868E-002  3.535715568570E-001 -3.191439505206E-001  2.810234110584E-001
  1.806901844175E+000  2.365955942924E-002  3.461540666189E-001 -3.125893360569E-001  2.771819537974E-001
  1.830739724818E+000  2.401736670327E-002  3.387809732023E-001 -3.060298257886E-001  2.731392202517E-001
  1.854938936184E+000  2.438224995616E-002  3.314548582068E-001 -2.994710156585E-001  2.689095285232E-001
  1.879506642368E+000  2.475438629994E-002  3.241782550822E-001 -2.929184013942E-001  2.645071151214E-001
  1.904450187236E+000  2.513395818467E-002  3.169536465544E-001 -2.863773694127E-001  2.599461018801E-001
  1.929777099847E+000  2.552115358717E-002  3.097834621839E-001 -2.798531880888E-001  2.552404630857E-001
  1.955495100083E+000  2.591616620741E-002  3.026700760634E-001 -2.733509994316E-001  2.504039930418E-001
  1.981612104475E+000  2.631919567292E-002  2.956158046628E-001 -2.668758112121E-001  2.454502742877E-001
  2.008136232230E+000  2.673044775156E-002  2.886229048256E-001 -2.604324895806E-001  2.403926466852E-001
  2.035075811486E+000  2.715013457311E-002  2.816935719222E-001 -2.540257522109E-001  2.352441775766E-001
  2.062439385788E+000  2.757847486001E-002  2.748299381625E-001 -2.476601620034E-001  2.300176332102E-001
  2.090235720801E+000  2.801569416771E-002  2.680340710714E-001 -2.413401213766E-001  2.247254516151E-001
  2.118473811262E+000  2.846202513514E-002  2.613079721272E-001 -2.350698671715E-001  2.193797170985E-001
  2.147162888201E+000  2.891770774564E-002  2.546535755638E-001 -2.288534661898E-001  2.139921365206E-001
  2.176312426413E+000  2.938298959899E-002  2.480727473354E-001 -2.226948113816E-001  2.085740174905E-001
  2.205932152222E+000  2.985812619504E-002  2.415672842407E-001 -2.165976186951E-001  2.031362486070E-001
  2.236032051522E+000  3.034338122938E-002  2.351389132046E-001 -2.105654245935E-001  1.976892818542E-001
  2.266622378129E+000  3.083902690182E-002  2.287892907107E-001 -2.046015842418E-001  1.922431172402E-001
  2.297713662445E+000  3.134534423818E-002  2.225200023812E-001 -1.987092703604E-001  1.868072897519E-001
  2.329316720450E+000  3.186262342603E-002  2.163325626951E-001 -1.928914727362E-001  1.813908586761E-001
  2.361442663038E+000  3.239116416519E-002  2.102284148386E-001 -1.871509983799E-001  1.760023993206E-001
  2.394102905709E+000  3.293127603351E-002  2.042089306776E-001 -1.814904723096E-001  1.706499971465E-001
  2.427309178642E+000  3.348327886897E-002  1.982754108434E-001 -1.759123389395E-001  1.653412443056E-001
  2.461073537146E+000  3.404750316862E-002  1.924290849209E-001 -1.704188640456E-001  1.600832385540E-001
  2.495408372530E+000  3.462429050548E-002  1.866711117278E-001 -1.650121372768E-001  1.548825844974E-001
  2.530326423398E+000  3.521399396401E-002  1.810025796741E-001 -1.596940751772E-001  1.497453971011E-001
  2.565840787378E+000  3.581697859546E-002  1.754245071882E-001 -1.544664246776E-001  1.446773073827E-001
  2.601964933334E+000  3.643362189376E-002  1.699378431989E-001 -1.493307670159E-001  1.396834701866E-001
  2.638712714049E+000  3.706431429322E-002  1.645434676598E-001 -1.442885220400E-001  1.347685739228E-001
  2.676098379430E+000  3.770945968912E-002  1.592421921038E-001 -1.393409528437E-001  1.299368521397E-001
  2.714136590232E+000  3.836947598236E-002  1.540347602162E-001 -1.344891706873E-001  1.251920967848E-001
  2.752842432351E+000  3.904479564947E-002  1.489218484130E-001 -1.297341401499E-001  1.205376729957E-001
  2.792231431696E+000  3.973586633921E-002  1.439040664154E-001 -1.250766844611E-001  1.159765352545E-001
  2.832319569669E+000  4.044315149734E-002  1.389819578074E-001 -1.205174909589E-001  1.115112447274E-001
  2.873123299289E+000  4.116713102086E-002  1.341560005695E-001 -1.160571166207E-001  1.071439876076E-001
  2.914659561979E+000  4.190830194354E-002  1.294266075777E-001 -1.116959936166E-001  1.028765942715E-001
  2.956945805065E+000  4.266717915414E-002  1.247941270620E-001 -1.074344348320E-001  9.871055905678E-002
  3.000000000000E+000  4.344429614932E-002  1.202588430186E-001 -1.032726393145E-001  9.464706047075E-002
  3.043840661365E+000  4.424020582308E-002  1.158209755703E-001 -9.921069759584E-002  9.068698163608E-002
  3.088486866678E+000  4.505548129460E-002  1.114806812741E-001 -9.524859684911E-002  8.683093078661E-002
  3.133958277047E+000  4.589071677685E-002  1.072380533739E-001 -9.138622584154E-002  8.307926162997E-002
  3.180275158719E+000  4.674652848797E-002  1.030931220006E-001 -8.762337964896E-002  7.943209340144E-002
  3.227458405560E+000  4.762355560797E-002  9.904585432166E-002 -8.395976410300E-002  7.588933044298E-002
  3.275529562509E+000  4.852246128332E-002  9.509615464550E-002 -8.039499994735E-002  7.245068115256E-002
  3.324510850077E+000  4.944393368200E-002  9.124386448807E-002 -7.692862668507E-002  6.911567616199E-002
  3.374425189910E+000  5.038868710203E-002  8.748876260994E-002 -7.356010610528E-002  6.588368561645E-002
  3.425296231502E+000  5.135746313639E-002  8.383056503504E-002 -7.028882548377E-002  6.275393544501E-002
  3.477148380094E+000  5.235103189784E-002  8.026892506350E-002 -6.711410045865E-002  5.972552252947E-002
  3.530006825834E+000  5.337019330676E-002  7.680343329250E-002 -6.403517758856E-002  5.679742869716E-002
  3.583897574256E+000  5.441577844603E-002  7.343361766085E-002 -6.105123660768E-002  5.396853348354E-002
  3.638847478148E+000  5.548865098670E-002  7.015894353375E-002 -5.816139239777E-002  5.123762563030E-002
  3.694884270887E+000  5.658970868864E-002  6.697881384534E-002 -5.536469670385E-002  4.860341330558E-002
  3.752036601308E+000  5.771988498079E-002  6.389256931694E-002 -5.266013962540E-002  4.606453305346E-002
  3.810334070199E+000  5.888015062562E-002  6.089948876943E-002 -5.004665092028E-002  4.361955750031E-002
  3.869807268505E+000  6.007151547295E-002  5.799878954767E-002 -4.752310116278E-002  4.126700186511E-002
  3.930487817331E+000  6.129503030858E-002  5.518962807461E-002 -4.508830280122E-002  3.900532934011E-002
  3.992408409843E+000  6.255178880352E-002  5.247110055138E-002 -4.274101116281E-002  3.683295542497E-002
  4.055602855172E+000  6.384292957002E-002  4.984224381856E-002 -4.047992545570E-002  3.474825131407E-002
  4.120106124432E+000  6.516963833101E-002  4.730203639170E-002 -3.830368981882E-002  3.274954644994E-002
  4.185954398964E+000  6.653315021009E-002  4.484939968183E-002 -3.621089446958E-002  3.083513036785E-002
  4.253185120935E+000  6.793475214960E-002  4.248319940917E-002 -3.420007699801E-002  2.900325396521E-002
  4.321837046422E+000  6.937578546490E-002  4.020224721477E-002 -3.226972385345E-002  2.725213033616E-002
  4.391950301120E+000  7.085764854355E-002  3.800530247178E-002 -3.041827206542E-002  2.557993531470E-002
  4.463566438835E+000  7.238179969882E-002  3.589107429385E-002 -2.864411123559E-002  2.398480787019E-002
  4.536728502895E+000  7.394976018725E-002  3.385822373447E-002 -2.694558583134E-002  2.246485049579E-002
  4.611481090679E+000  7.556311740127E-002  3.190536616697E-002 -2.532099780406E-002  2.101812972456E-002
  4.687870421430E+000  7.722352824817E-002  3.003107383036E-002 -2.376860954709E-002  1.964267689829E-002
  4.765944407533E+000  7.893272272784E-002  2.823387852274E-002 -2.228664719930E-002  1.833648930197E-002
  4.845752729492E+000  8.069250772248E-002  2.651227441943E-002 -2.087330429064E-002  1.709753176155E-002
  4.927346914797E+000  8.250477101257E-002  2.486472098976E-002 -1.952674571587E-002  1.592373878494E-002
  5.010780420931E+000  8.437148553436E-002  2.328964598319E-002 -1.824511201283E-002  1.481301730635E-002
  5.096108722763E+000  8.629471389541E-002  2.178544845268E-002 -1.702652391135E-002  1.376325007248E-002
  5.183389404586E+000  8.827661316581E-002  2.035050178132E-002 -1.586908710928E-002  1.277229968625E-002
  5.272682257105E+000  9.031943996425E-002  1.898315667704E-002 -1.477089722344E-002  1.183801330028E-002
  5.364049379651E+000  9.242555585946E-002  1.768174410002E-002 -1.373004485488E-002  1.095822792866E-002
  5.457555287978E+000  9.459743310926E-002  1.644457808796E-002 -1.274462070146E-002  1.013077632301E-002
  5.553267027968E+000  9.683766076100E-002  1.526995844646E-002 -1.181272064541E-002  9.353493336440E-003
  5.651254295630E+000  9.914895113938E-002  1.415617327425E-002 -1.093245074012E-002  8.624222679908E-003
  5.751589563796E+000  1.015341467494E-001  1.310150129754E-002 -1.010193201904E-002  7.940823957519E-003
  5.854348215936E+000  1.039962276248E-001  1.210421399252E-002 -9.319305050108E-003  7.301179853547E-003
  5.959608687557E+000  1.065383191537E-001  1.116257748149E-002 -8.582734162503E-003  6.703203333093E-003
  6.067452615683E+000  1.091637004188E-001  1.027485419531E-002 -7.890411277472E-003  6.144844711837E-003
  6.177964996951E+000  1.118758130872E-001  9.439304302676E-003 -7.240559282963E-003  5.624098448204E-003
  6.291234354880E+000  1.146782708938E-001  8.654186915660E-003 -6.631434901613E-003  5.139009513670E-003
  6.407352916949E+000  1.175748697626E-001  7.917761089869E-003 -6.061331013621E-003  4.687679204113E-003
  6.526416802128E+000  1.205695986129E-001  7.228286646811E-003 -5.528578409918E-003  4.268270266824E-003
  6.648526219580E+000  1.236666509049E-001  6.584024855170E-003 -5.031546966277E-003  3.879011233937E-003
  6.773785679311E+000  1.268704369821E-001  5.983239016186E-003 -4.568646245415E-003  3.518199873123E-003
  6.902304215570E+000  1.301855972713E-001  5.424195006043E-003 -4.138325551055E-003  3.184205690006E-003
  7.034195623922E+000  1.336170164087E-001  4.905161834583E-003 -3.739073474915E-003  2.875471443066E-003
  7.169578712934E+000  1.371698383673E-001  4.424412284511E-003 -3.369416993986E-003  2.590513660105E-003
  7.308577571516E+000  1.408494826628E-001  3.980223698068E-003 -3.027920190719E-003  2.327922174683E-003
  7.451321853057E+000  1.446616617293E-001  3.570878978731E-003 -2.713182682146E-003  2.086358730271E-003
  7.597947077547E+000  1.486123995567E-001  3.194667873438E-003 -2.423837854962E-003  1.864554728194E-003
  7.748594953021E+000  1.527080516973E-001  2.849888596040E-003 -2.158551011565E-003  1.661308221641E-003
  7.903413717736E+000  1.569553267535E-001  2.534849844940E-003 -1.916017536539E-003  1.475480281068E-003
  8.062558504629E+000  1.613613094717E-001  2.247873257220E-003 -1.694961193584E-003  1.305990875288E-003
  8.226191729726E+000  1.659334855793E-001  1.987296328059E-003 -1.494132659242E-003  1.151814426421E-003
  8.394483506327E+000  1.706797685137E-001  1.751475808133E-003 -1.312308391731E-003  1.011975205212E-003
  8.567612086926E+000  1.756085282071E-001  1.538791573333E-003 -1.148289920814E-003  8.855427351803E-004
  8.745764335025E+000  1.807286221064E-001  1.347650941011E-003 -1.000903628198E-003  7.716273696828E-004
  8.929136229160E+000  1.860494286260E-001  1.176493385794E-003 -8.690010677139E-004  6.693761949697E-004
  9.117933401693E+000  1.915808832504E-001  1.023795586434E-003 -7.514598512861E-004  5.779693951270E-004
  9.312371715124E+000  1.973335175235E-001  8.880767141829E-004 -6.471851010763E-004  4.966171918447E-004
  9.512677878945E+000  2.033185011886E-001  7.679038536713E-004 -5.551114412918E-004  4.245574441399E-004
  9.719090110332E+000  2.095476877688E-001  6.618974302886E-004 -4.742054759956E-004  3.610539615275E-004
  9.931858842267E+000  2.160336639044E-001  5.687365045481E-004 -4.034686731322E-004  3.053955500224E-004
  1.015124748302E+001  2.227898028021E-001  4.871637848909E-004 -3.419405511384E-004  2.568957752562E-004
  1.037753323129E+001  2.298303221843E-001  4.159902066275E-004 -2.887020442012E-004  2.148933925410E-004
  1.061100795175E+001  2.371703471699E-001  3.540989269505E-004 -2.428789066752E-004  1.787533615742E-004
  1.085197911611E+001  2.448259785618E-001  3.004485946056E-004 -2.036450073992E-004  1.478683352875E-004
  1.110077081537E+001  2.528143670735E-001  2.540757680752E-004 -1.702253615064E-004  1.216604896115E-004
  1.135772484956E+001  2.611537940784E-001  2.140963778565E-004 -1.418987513317E-004  9.958354492919E-005
  1.162320190175E+001  2.698637595360E-001  1.797061561039E-004 -1.179997993814E-004  8.112482170576E-005
  1.189758280382E+001  2.789650778206E-001  1.501799896912E-004 -9.792037484711E-005  6.580717278746E-005
  1.218126990242E+001  2.884799822596E-001  1.248701893995E-004 -8.111024019515E-005  5.319064329428E-005
  1.247468853413E+001  2.984322392826E-001  1.032037069014E-004 -6.707687491963E-005  4.287372553142E-005
  1.277828862002E+001  3.088472731875E-001  8.467837066689E-005 -5.538444818399E-005  3.449410006502E-005
  1.309254639077E+001  3.197523026463E-001  6.885824985162E-005 -4.565194904590E-005  2.772878372697E-005
  1.341796625462E+001  3.311764902095E-001  5.536828957670E-005 -3.755052027141E-005  2.229363910639E-005
  1.375508282195E+001  3.431511062169E-001  4.388838973115E-005 -3.080007728061E-005  1.794223601274E-005
  1.410446310162E+001  3.557097086969E-001  3.414712070848E-005 -2.516532542320E-005  1.446409123971E-005
  1.446670888596E+001  3.688883410292E-001  2.591528182287E-005 -2.045131461454E-005  1.168234646924E-005
  1.484245934302E+001  3.827257493700E-001  1.899951051261E-005 -1.649868873048E-005  9.450973215181E-006
  1.523239383723E+001  3.972636220891E-001  1.323614237333E-005 -1.317879687246E-005  7.651616496470E-006
  1.563723500136E+001  4.125468537596E-001  8.485503765027E-006 -1.038883403238E-005  6.190204077083E-006
  1.605775208607E+001  4.286238365683E-001  4.626791079043E-006 -8.047169800941E-006  4.993454800763E-006
  1.649476461582E+001  4.455467823929E-001  1.553655265860E-006 -6.089006214172E-006  4.005417607594E-006
  1.694914638379E+001  4.633720792263E-001 -8.294309760116E-007 -4.462480884624E-006  3.184162722654E-006
  1.742182982203E+001  4.821606861220E-001 -2.609990301063E-006 -3.125301014054E-006  2.498729345669E-006
  1.791381078784E+001  5.019785714107E-001 -3.869553721033E-006 -2.041959932720E-006  1.926411550635E-006
  1.842615381215E+001  5.228971995942E-001 -4.684923191281E-006 -1.181552877062E-006  1.450437999305E-006
  1.895999786176E+001  5.449940730840E-001 -5.128774176081E-006 -5.161752475034E-007  1.058073640342E-006
  1.951656267356E+001  5.683533358366E-001 -5.269717585125E-006 -1.985684485419E-008  7.391449499800E-007
  2.009715572669E+001  5.930664469535E-001 -5.171959944046E-006  3.320385380574E-007  4.849664059579E-007
  2.070317992707E+001  6.192329335039E-001 -4.894709528981E-006  5.630359192864E-007  2.876263364545E-007
  2.133614208874E+001  6.469612332096E-001 -4.491474199163E-006  6.954914536107E-007  1.395761183343E-007
  2.199766230782E+001  6.763696392388E-001 -4.009384386789E-006  7.503529503376E-007  3.345842647400E-008
  2.268948433818E+001  7.075873612439E-001 -3.488653534691E-006  7.468315043832E-007 -3.789218729908E-008
  2.341348709294E+001  7.407557189842E-001 -2.962260281549E-006  7.020652357692E-007 -8.134022825790E-008
  2.417169741362E+001  7.760294874639E-001 -2.455904469454E-006  6.308395719845E-007 -1.032883144467E-007
  2.496630426925E+001  8.135784155747E-001 -1.988255475173E-006  5.454091322573E-007 -1.095105886552E-007
  2.579967457140E+001  8.535889438281E-001 -1.571479379832E-006  4.554460051370E-007 -1.050145476346E-007
  2.667437081864E+001  8.962661510291E-001 -1.212003817300E-006  3.681199028108E-007 -9.395270333574E-008
  2.759317081651E+001  9.418359647997E-001 -9.114582424538E-007  2.882989494455E-007 -7.959356763814E-008
  2.855908975674E+001  9.905476768748E-001 -6.677144163245E-007  2.188469746200E-007 -6.435122204556E-008
  2.957540498378E+001  1.042676811269E+000 -4.759478432642E-007  1.609849302547E-007 -4.986488055596E-008
  3.064568382919E+001  1.098528402000E+000 -3.296455002332E-007  1.146807012100E-007 -3.711474200195E-008
  3.177381495601E+001  1.158440747351E+000 -2.214973195283E-007  7.903287458647E-008 -2.655810110586E-008
  3.296404372807E+001  1.222789720048E+000 -1.441265597118E-007  5.261922220200E-008 -1.826989300286E-008
  3.422101220608E+001  1.291993727721E+000 -9.063488346091E-008  3.378860030704E-008 -1.207408747848E-008
  3.554980447538E+001  1.366519436102E+000 -5.495886891975E-008  2.088431234276E-008 -7.655960917119E-009
  3.695599813319E+001  1.446888389511E+000 -3.205317051513E-008  1.239630180833E-008 -4.649514681430E-009
  3.844572291106E+001  1.533684690030E+000 -1.792950317778E-008  7.047586257169E-009 -2.698464109563E-009
  4.002572758518E+001  1.627563929686E+000 -9.588776656762E-009  3.826187772056E-009 -1.492703084061E-009
  4.170345654134E+001  1.729263610453E+000 -4.885785830791E-009  1.976994179429E-009 -7.845668109833E-010
  4.348713762001E+001  1.839615336740E+000 -2.362584962978E-009  9.685268399062E-010 -3.904221558982E-010
  4.538588318162E+001  1.959559126947E+000 -1.079527328385E-009  4.479586204366E-010 -1.831965370360E-010
  4.740980671574E+001  2.090160267552E+000 -4.638374962369E-010  1.946760618176E-010 -8.068095357539E-011
  4.957015778746E+001  2.232629229408E+000 -1.863930634476E-010  7.907007503442E-011 -3.317615392265E-011
  5.187947869225E+001  2.388345286640E+000 -6.962906291370E-011  2.983518895531E-011 -1.266250966650E-011
  5.435178690397E+001  2.558884630889E+000 -2.401563784119E-011  1.038799774630E-011 -4.456154718543E-012
  5.700278828629E+001  2.746053966795E+000 -7.589642754302E-012  3.312247979795E-012 -1.435099654000E-012
  5.985012714155E+001  2.951930820846E+000 -2.178885532667E-012  9.589197742808E-013 -4.193669436240E-013
  6.291368055481E+001  3.178912111311E+000 -5.627477386921E-013  2.496357080628E-013 -1.101331260683E-013
  6.621590623276E+001  3.429772933797E+000 -1.293251778032E-013  5.780085457090E-014 -2.571065012460E-014
  6.978225524452E+001  3.707738044625E+000 -2.611683664784E-014  1.175590226050E-014 -5.269742592967E-015
  7.364166388185E+001  4.016569212832E+000 -4.569333619959E-015  2.070665694887E-015 -9.349788591808E-016
  7.782714245929E+001  4.360672516382E+000 -6.814407531763E-016  3.107812454394E-016 -1.412938984250E-016
  8.237648351994E+001  4.745230855210E+000 -8.502821839751E-017  3.901364553529E-017 -1.785226916010E-017
  8.733311794503E+001  5.176368549127E+000 -8.688772953302E-018  4.009629565446E-018 -1.846003577832E-018
  9.274715535088E+001  5.661357031559E+000 -7.093719313813E-019  3.291435647794E-019 -1.524117827529E-019
  9.867665554529E+001  6.208873552072E+000 -4.496286118806E-020  2.097060728534E-020 -9.763642582813E-021
  1.051891916055E+002  6.829328764649E+000 -2.139878120921E-021  1.002947566996E-021 -4.693728416367E-022
  1.123637836013E+002  7.535284543316E+000 -7.353575133853E-023  3.462677146834E-023 -1.628430789768E-023
  1.202933069206E+002  8.341990973528E+000 -1.742646344647E-024  8.242223415495E-025 -3.894079295704E-025
  1.290875131414E+002  9.268082166539E+000 -2.697131426586E-026  1.281035149813E-026 -6.078777604118E-027
  1.388768482001E+002  1.033648575811E+001 -2.555558362433E-028  1.218639033715E-028 -5.806606354069E-029
  1.498173177370E+002  1.157562284364E+001 -1.371967388836E-030  6.567104839809E-031 -3.141345601878E-031
  1.620967411853E+002  1.302100699722E+001 -3.801720878394E-033  1.826272076408E-033 -8.768165175077E-034
  1.759428668168E+002  1.471739812515E+001 -4.855821438691E-036  2.340564596251E-036 -1.127655839239E-036
  1.916340085825E+002  1.672173748087E+001 -2.489535751711E-039  1.203842423866E-039 -5.819066976418E-040
  2.095131417987E+002  1.910719757888E+001 -4.319965166023E-043  2.095310565327E-043 -1.015964358750E-043
  2.300068054477E+002  2.196884699990E+001 -2.052067070812E-047  9.981659181824E-048 -4.854013332188E-048
  2.536507797910E+002  2.543169216868E+001 -2.043811562467E-052  9.968357809233E-053 -4.860878233002E-053
  2.811254638474E+002  2.966227967912E+001 -3.041541628017E-058  1.487232537991E-058 -7.270936004656E-059
  3.133053780630E+002  3.488573552677E+001 -4.374829672892E-065  2.144279577637E-065 -1.050855628474E-065
  3.513296254502E+002  4.141128389041E+001 -3.447634596203E-073  1.693601789051E-073 -8.318696473863E-074
  3.967041014106E+002  4.967130404214E+001 -7.026748843090E-083  3.459001082324E-083 -1.702594324747E-083
  4.514529193349E+002  6.028257212519E+001 -1.349896994319E-094  6.657957828890E-095 -3.283629016153E-095
  5.183481233601E+002  7.414493328740E+001 -6.132393571722E-109  3.030079032771E-109 -1.497122441687E-109
  6.012676077950E+002  9.260523890243E+001 -9.514668481740E-127  4.709142336376E-127 -2.330637933685E-127
  7.057700503752E+002  1.177394213729E+002 -3.145421650629E-149  1.559168788108E-149 -7.728522421247E-150
  8.400513767914E+002  1.528577972397E+002 -3.702201062284E-178  1.837736869134E-178 -9.122187612850E-179
  1.016602135495E+003  2.034537342122E+002 -3.033314804535E-216  1.507626680150E-216 -7.493159026638E-217
  1.255220715580E+003  2.790860613466E+002 -8.779143480345E-268  4.368439116598E-268 -2.173687158793E-268
  1.588815776243E+003  3.973705897531E+002  0.000000000000E+000  0.000000000000E+000  0.000000000000E+000
  2.075392011604E+003  5.931596040112E+002  0.000000000000E+000  0.000000000000E+000  0.000000000000E+000
  2.825079847529E+003  9.419154890021E+002  0.000000000000E+000  0.000000000000E+000  0.000000000000E+000
  4.068408296184E+003  1.627629972033E+003  0.000000000000E+000  0.000000000000E+000  0.000000000000E+000
  6.357262947674E+003  3.178964796686E+003  0.000000000000E+000  0.000000000000E+000  0.000000000000E+000
  1.130231930164E+004  7.535323971013E+003  0.000000000000E+000  0.000000000000E+000  0.000000000000E+000
  2.543105175140E+004  2.543171841285E+004  0.000000000000E+000  0.000000000000E+000  0.000000000000E+000
  1.017262069958E+005  2.034537473226E+005  0.000000000000E+000  0.000000000000E+000  0.000000000000E+000
