# 1st line: number of mesh points
# abcissa weight wavefunction wavefunction_1st wavefunction_2nd
500
# Principal QN=   2 , l=   0 , Occupation=   1.0000
  9.830308526508E-006  1.966074589941E-005 -1.634869634515E+000  5.061428396499E+000 -1.570490313080E+001
  3.932200719717E-005  3.932303800261E-005 -1.634720371224E+000  5.060965257329E+000 -1.570320092728E+001
  8.847741541455E-005  5.898842277178E-005 -1.634471616381E+000  5.060193429798E+000 -1.570036423827E+001
  1.573003992804E-004  7.865844718600E-005 -1.634123395950E+000  5.059113020528E+000 -1.569639353904E+001
  2.457963722417E-004  9.833465899987E-005 -1.633675746278E+000  5.057724178767E+000 -1.569128949487E+001
  3.539722959954E-004  1.180186070023E-004 -1.633128714090E+000  5.056027096378E+000 -1.568505296094E+001
  4.818366816528E-004  1.377118412759E-004 -1.632482356492E+000  5.054022007810E+000 -1.567768498225E+001
  6.293995911626E-004  1.574159134560E-004 -1.631736740958E+000  5.051709190073E+000 -1.566918679348E+001
  7.966726389934E-004  1.771323769912E-004 -1.630891945334E+000  5.049088962701E+000 -1.565955981875E+001
  9.836689940782E-004  1.968627874036E-004 -1.629948057828E+000  5.046161687717E+000 -1.564880567152E+001
  1.190403382016E-003  2.166087025496E-004 -1.628905177003E+000  5.042927769583E+000 -1.563692615430E+001
  1.416892087541E-003  2.363716828821E-004 -1.627763411774E+000  5.039387655157E+000 -1.562392325842E+001
  1.663152957245E-003  2.561532917128E-004 -1.626522881396E+000  5.035541833631E+000 -1.560979916376E+001
  1.929205402573E-003  2.759550954757E-004 -1.625183715459E+000  5.031390836476E+000 -1.559455623846E+001
  2.215070403074E-003  2.957786639908E-004 -1.623746053877E+000  5.026935237375E+000 -1.557819703855E+001
  2.520770509919E-003  3.156255707300E-004 -1.622210046877E+000  5.022175652152E+000 -1.556072430763E+001
  2.846329849692E-003  3.354973930828E-004 -1.620575854991E+000  5.017112738693E+000 -1.554214097647E+001
  3.191774128432E-003  3.553957126240E-004 -1.618843649043E+000  5.011747196869E+000 -1.552245016261E+001
  3.557130635959E-003  3.753221153821E-004 -1.617013610138E+000  5.006079768447E+000 -1.550165516992E+001
  3.942428250463E-003  3.952781921092E-004 -1.615085929646E+000  5.000111236996E+000 -1.547975948814E+001
  4.347697443358E-003  4.152655385525E-004 -1.613060809193E+000  4.993842427790E+000 -1.545676679235E+001
  4.772970284417E-003  4.352857557265E-004 -1.610938460642E+000  4.987274207705E+000 -1.543268094251E+001
  5.218280447175E-003  4.553404501876E-004 -1.608719106079E+000  4.980407485110E+000 -1.540750598288E+001
  5.683663214611E-003  4.754312343099E-004 -1.606402977800E+000  4.973243209751E+000 -1.538124614143E+001
  6.169155485101E-003  4.955597265624E-004 -1.603990318289E+000  4.965782372632E+000 -1.535390582925E+001
  6.674795778653E-003  5.157275517886E-004 -1.601481380204E+000  4.958026005889E+000 -1.532548963994E+001
  7.200624243425E-003  5.359363414876E-004 -1.598876426356E+000  4.949975182660E+000 -1.529600234890E+001
  7.746682662519E-003  5.561877340970E-004 -1.596175729693E+000  4.941631016942E+000 -1.526544891268E+001
  8.313014461060E-003  5.764833752781E-004 -1.593379573278E+000  4.932994663457E+000 -1.523383446824E+001
  8.899664713569E-003  5.968249182030E-004 -1.590488250264E+000  4.924067317494E+000 -1.520116433221E+001
  9.506680151615E-003  6.172140238444E-004 -1.587502063882E+000  4.914850214761E+000 -1.516744400009E+001
  1.013410917176E-002  6.376523612666E-004 -1.584421327408E+000  4.905344631223E+000 -1.513267914547E+001
  1.078200184380E-002  6.581416079202E-004 -1.581246364145E+000  4.895551882932E+000 -1.509687561918E+001
  1.145040991929E-002  6.786834499385E-004 -1.577977507398E+000  4.885473325859E+000 -1.506003944841E+001
  1.213938684040E-002  6.992795824361E-004 -1.574615100449E+000  4.875110355715E+000 -1.502217683581E+001
  1.284898774901E-002  7.199317098113E-004 -1.571159496530E+000  4.864464407764E+000 -1.498329415858E+001
  1.357926949620E-002  7.406415460502E-004 -1.567611058795E+000  4.853536956635E+000 -1.494339796749E+001
  1.433029065191E-002  7.614108150341E-004 -1.563970160296E+000  4.842329516123E+000 -1.490249498589E+001
  1.510211151509E-002  7.822412508494E-004 -1.560237183949E+000  4.830843638988E+000 -1.486059210868E+001
  1.589479412397E-002  8.031345981016E-004 -1.556412522509E+000  4.819080916747E+000 -1.481769640125E+001
  1.670840226680E-002  8.240926122311E-004 -1.552496578536E+000  4.807042979453E+000 -1.477381509841E+001
  1.754300149280E-002  8.451170598329E-004 -1.548489764368E+000  4.794731495481E+000 -1.472895560324E+001
  1.839865912351E-002  8.662097189796E-004 -1.544392502081E+000  4.782148171292E+000 -1.468312548595E+001
  1.927544426443E-002  8.873723795480E-004 -1.540205223465E+000  4.769294751203E+000 -1.463633248269E+001
  2.017342781695E-002  9.086068435487E-004 -1.535928369980E+000  4.756173017147E+000 -1.458858449433E+001
  2.109268249069E-002  9.299149254598E-004 -1.531562392730E+000  4.742784788420E+000 -1.453988958517E+001
  2.203328281612E-002  9.512984525641E-004 -1.527107752420E+000  4.729131921430E+000 -1.449025598171E+001
  2.299530515754E-002  9.727592652906E-004 -1.522564919320E+000  4.715216309436E+000 -1.443969207127E+001
  2.397882772639E-002  9.942992175591E-004 -1.517934373231E+000  4.701039882279E+000 -1.438820640066E+001
  2.498393059493E-002  1.015920177130E-003 -1.513216603440E+000  4.686604606110E+000 -1.433580767476E+001
  2.601069571024E-002  1.037624025957E-003 -1.508412108684E+000  4.671912483103E+000 -1.428250475511E+001
  2.705920690860E-002  1.059412660547E-003 -1.503521397106E+000  4.656965551172E+000 -1.422830665843E+001
  2.812954993023E-002  1.081287992318E-003 -1.498544986214E+000  4.641765883675E+000 -1.417322255514E+001
  2.922181243436E-002  1.103251947969E-003 -1.493483402839E+000  4.626315589108E+000 -1.411726176777E+001
  3.033608401473E-002  1.125306469854E-003 -1.488337183087E+000  4.610616810801E+000 -1.406043376944E+001
  3.147245621542E-002  1.147453516351E-003 -1.483106872298E+000  4.594671726597E+000 -1.400274818221E+001
  3.263102254705E-002  1.169695062249E-003 -1.477793024996E+000  4.578482548531E+000 -1.394421477543E+001
  3.381187850339E-002  1.192033099133E-003 -1.472396204844E+000  4.562051522499E+000 -1.388484346406E+001
  3.501512157837E-002  1.214469635775E-003 -1.466916984594E+000  4.545380927919E+000 -1.382464430696E+001
  3.624085128345E-002  1.237006698530E-003 -1.461355946036E+000  4.528473077386E+000 -1.376362750509E+001
  3.748916916538E-002  1.259646331739E-003 -1.455713679952E+000  4.511330316321E+000 -1.370180339970E+001
  3.876017882444E-002  1.282390598136E-003 -1.449990786058E+000  4.493955022607E+000 -1.363918247053E+001
  4.005398593302E-002  1.305241579266E-003 -1.444187872955E+000  4.476349606227E+000 -1.357577533389E+001
  4.137069825459E-002  1.328201375897E-003 -1.438305558076E+000  4.458516508884E+000 -1.351159274076E+001
  4.271042566323E-002  1.351272108452E-003 -1.432344467624E+000  4.440458203622E+000 -1.344664557478E+001
  4.407328016341E-002  1.374455917436E-003 -1.426305236526E+000  4.422177194433E+000 -1.338094485032E+001
  4.545937591035E-002  1.397754963880E-003 -1.420188508365E+000  4.403676015861E+000 -1.331450171037E+001
  4.686882923075E-002  1.421171429779E-003 -1.413994935328E+000  4.384957232599E+000 -1.324732742448E+001
  4.830175864396E-002  1.444707518548E-003 -1.407725178146E+000  4.366023439070E+000 -1.317943338665E+001
  4.975828488365E-002  1.468365455478E-003 -1.401379906029E+000  4.346877259013E+000 -1.311083111312E+001
  5.123853091993E-002  1.492147488203E-003 -1.394959796607E+000  4.327521345050E+000 -1.304153224020E+001
  5.274262198188E-002  1.516055887169E-003 -1.388465535867E+000  4.307958378251E+000 -1.297154852200E+001
  5.427068558066E-002  1.540092946119E-003 -1.381897818086E+000  4.288191067692E+000 -1.290089182815E+001
  5.582285153302E-002  1.564260982573E-003 -1.375257345769E+000  4.268222150001E+000 -1.282957414145E+001
  5.739925198530E-002  1.588562338332E-003 -1.368544829579E+000  4.248054388897E+000 -1.275760755547E+001
  5.900002143803E-002  1.612999379973E-003 -1.361760988269E+000  4.227690574727E+000 -1.268500427219E+001
  6.062529677088E-002  1.637574499364E-003 -1.354906548616E+000  4.207133523987E+000 -1.261177659949E+001
  6.227521726827E-002  1.662290114181E-003 -1.347982245348E+000  4.186386078841E+000 -1.253793694863E+001
  6.394992464542E-002  1.687148668440E-003 -1.340988821072E+000  4.165451106629E+000 -1.246349783176E+001
  6.564956307496E-002  1.712152633027E-003 -1.333927026204E+000  4.144331499368E+000 -1.238847185925E+001
  6.737427921404E-002  1.737304506249E-003 -1.326797618892E+000  4.123030173243E+000 -1.231287173712E+001
  6.912422223211E-002  1.762606814387E-003 -1.319601364943E+000  4.101550068098E+000 -1.223671026432E+001
  7.089954383907E-002  1.788062112257E-003 -1.312339037745E+000  4.079894146909E+000 -1.216000033003E+001
  7.270039831418E-002  1.813672983787E-003 -1.305011418191E+000  4.058065395254E+000 -1.208275491084E+001
  7.452694253540E-002  1.839442042599E-003 -1.297619294600E+000  4.036066820777E+000 -1.200498706803E+001
  7.637933600943E-002  1.865371932600E-003 -1.290163462635E+000  4.013901452639E+000 -1.192670994463E+001
  7.825774090225E-002  1.891465328589E-003 -1.282644725225E+000  3.991572340966E+000 -1.184793676255E+001
  8.016232207035E-002  1.917724936867E-003 -1.275063892482E+000  3.969082556289E+000 -1.176868081966E+001
  8.209324709253E-002  1.944153495867E-003 -1.267421781614E+000  3.946435188972E+000 -1.168895548678E+001
  8.405068630235E-002  1.970753776782E-003 -1.259719216846E+000  3.923633348636E+000 -1.160877420464E+001
  8.603481282122E-002  1.997528584221E-003 -1.251957029330E+000  3.900680163575E+000 -1.152815048086E+001
  8.804580259214E-002  2.024480756857E-003 -1.244136057059E+000  3.877578780164E+000 -1.144709788677E+001
  9.008383441408E-002  2.051613168108E-003 -1.236257144781E+000  3.854332362259E+000 -1.136563005428E+001
  9.214908997710E-002  2.078928726810E-003 -1.228321143907E+000  3.830944090592E+000 -1.128376067269E+001
  9.424175389809E-002  2.106430377918E-003 -1.220328912421E+000  3.807417162153E+000 -1.120150348543E+001
  9.636201375725E-002  2.134121103210E-003 -1.212281314790E+000  3.783754789572E+000 -1.111887228679E+001
  9.851006013526E-002  2.162003922007E-003 -1.204179221871E+000  3.759960200489E+000 -1.103588091857E+001
  1.006860866512E-001  2.190081891910E-003 -1.196023510814E+000  3.736036636918E+000 -1.095254326674E+001
  1.028902900012E-001  2.218358109541E-003 -1.187815064973E+000  3.711987354604E+000 -1.086887325800E+001
  1.051228699979E-001  2.246835711311E-003 -1.179554773807E+000  3.687815622375E+000 -1.078488485634E+001
  1.073840296104E-001  2.275517874190E-003 -1.171243532779E+000  3.663524721485E+000 -1.070059205956E+001
  1.096739750056E-001  2.304407816497E-003 -1.162882243268E+000  3.639117944949E+000 -1.061600889575E+001
  1.119929155896E-001  2.333508798707E-003 -1.154471812459E+000  3.614598596877E+000 -1.053114941968E+001
  1.143410640503E-001  2.362824124271E-003 -1.146013153250E+000  3.589969991797E+000 -1.044602770922E+001
  1.167186364011E-001  2.392357140448E-003 -1.137507184149E+000  3.565235453971E+000 -1.036065786170E+001
  1.191258520249E-001  2.422111239159E-003 -1.128954829171E+000  3.540398316709E+000 -1.027505399020E+001
  1.215629337189E-001  2.452089857854E-003 -1.120357017738E+000  3.515461921676E+000 -1.018923021987E+001
  1.240301077413E-001  2.482296480400E-003 -1.111714684570E+000  3.490429618191E+000 -1.010320068415E+001
  1.265276038575E-001  2.512734637975E-003 -1.103028769587E+000  3.465304762521E+000 -1.001697952096E+001
  1.290556553882E-001  2.543407909995E-003 -1.094300217795E+000  3.440090717175E+000 -9.930580868939E+000
  1.316144992580E-001  2.574319925047E-003 -1.085529979189E+000  3.414790850181E+000 -9.844018863524E+000
  1.342043760450E-001  2.605474361847E-003 -1.076719008636E+000  3.389408534375E+000 -9.757307633103E+000
  1.368255300316E-001  2.636874950214E-003 -1.067868265776E+000  3.363947146668E+000 -9.670461295080E+000
  1.394782092560E-001  2.668525472060E-003 -1.058978714904E+000  3.338410067322E+000 -9.583493951928E+000
  1.421626655646E-001  2.700429762411E-003 -1.050051324870E+000  3.312800679212E+000 -9.496419687217E+000
  1.448791546661E-001  2.732591710434E-003 -1.041087068960E+000  3.287122367092E+000 -9.409252561606E+000
  1.476279361856E-001  2.765015260497E-003 -1.032086924789E+000  3.261378516854E+000 -9.322006608812E+000
  1.504092737207E-001  2.797704413242E-003 -1.023051874190E+000  3.235572514780E+000 -9.234695831557E+000
  1.532234348983E-001  2.830663226680E-003 -1.013982903100E+000  3.209707746797E+000 -9.147334197492E+000
  1.560706914324E-001  2.863895817319E-003 -1.004881001446E+000  3.183787597724E+000 -9.059935635090E+000
  1.589513191834E-001  2.897406361298E-003 -9.957471630349E-001  3.157815450524E+000 -8.972514029534E+000
  1.618655982178E-001  2.931199095559E-003 -9.865823854370E-001  3.131794685543E+000 -8.885083218572E+000
  1.648138128702E-001  2.965278319033E-003 -9.773876698721E-001  3.105728679756E+000 -8.797656988364E+000
  1.677962518056E-001  2.999648393860E-003 -9.681640210950E-001  3.079620806009E+000 -8.710249069312E+000
  1.708132080832E-001  3.034313746623E-003 -9.589124472796E-001  3.053474432255E+000 -8.622873131872E+000
  1.738649792215E-001  3.069278869616E-003 -9.496339599038E-001  3.027292920800E+000 -8.535542782361E+000
  1.769518672648E-001  3.104548322136E-003 -9.403295736333E-001  3.001079627536E+000 -8.448271558750E+000
  1.800741788507E-001  3.140126731803E-003 -9.310003062054E-001  2.974837901183E+000 -8.361072926452E+000
  1.832322252791E-001  3.176018795904E-003 -9.216471783124E-001  2.948571082527E+000 -8.273960274101E+000
  1.864263225826E-001  3.212229282769E-003 -9.122712134854E-001  2.922282503661E+000 -8.186946909333E+000
  1.896567915983E-001  3.248763033179E-003 -9.028734379770E-001  2.895975487225E+000 -8.100046054561E+000
  1.929239580409E-001  3.285624961791E-003 -8.934548806446E-001  2.869653345649E+000 -8.013270842753E+000
  1.962281525771E-001  3.322820058613E-003 -8.840165728334E-001  2.843319380398E+000 -7.926634313215E+000
  1.995697109023E-001  3.360353390492E-003 -8.745595482596E-001  2.816976881217E+000 -7.840149407377E+000
  2.029489738173E-001  3.398230102644E-003 -8.650848428932E-001  2.790629125385E+000 -7.753828964593E+000
  2.063662873085E-001  3.436455420218E-003 -8.555934948414E-001  2.764279376964E+000 -7.667685717941E+000
  2.098220026275E-001  3.475034649885E-003 -8.460865442315E-001  2.737930886061E+000 -7.581732290054E+000
  2.133164763746E-001  3.513973181471E-003 -8.365650330946E-001  2.711586888083E+000 -7.495981188951E+000
  2.168500705817E-001  3.553276489620E-003 -8.270300052493E-001  2.685250603009E+000 -7.410444803896E+000
  2.204231527988E-001  3.592950135496E-003 -8.174825061853E-001  2.658925234659E+000 -7.325135401280E+000
  2.240360961807E-001  3.632999768520E-003 -8.079235829478E-001  2.632613969971E+000 -7.240065120522E+000
  2.276892795770E-001  3.673431128145E-003 -7.983542840218E-001  2.606319978288E+000 -7.155245970006E+000
  2.313830876220E-001  3.714250045674E-003 -7.887756592175E-001  2.580046410643E+000 -7.070689823045E+000
  2.351179108282E-001  3.755462446115E-003 -7.791887595551E-001  2.553796399062E+000 -6.986408413877E+000
  2.388941456809E-001  3.797074350078E-003 -7.695946371508E-001  2.527573055868E+000 -6.902413333708E+000
  2.427121947345E-001  3.839091875711E-003 -7.599943451036E-001  2.501379472995E+000 -6.818716026785E+000
  2.465724667110E-001  3.881521240686E-003 -7.503889373815E-001  2.475218721311E+000 -6.735327786523E+000
  2.504753766009E-001  3.924368764227E-003 -7.407794687093E-001  2.449093849953E+000 -6.652259751673E+000
  2.544213457654E-001  3.967640869177E-003 -7.311669944569E-001  2.423007885668E+000 -6.569522902549E+000
  2.584108020414E-001  4.011344084122E-003 -7.215525705280E-001  2.396963832168E+000 -6.487128057299E+000
  2.624441798480E-001  4.055485045557E-003 -7.119372532494E-001  2.370964669496E+000 -6.405085868248E+000
  2.665219202956E-001  4.100070500102E-003 -7.023220992614E-001  2.345013353399E+000 -6.323406818294E+000
  2.706444712976E-001  4.145107306769E-003 -6.927081654090E-001  2.319112814722E+000 -6.242101217373E+000
  2.748122876832E-001  4.190602439283E-003 -6.830965086334E-001  2.293265958806E+000 -6.161179198994E+000
  2.790258313137E-001  4.236562988450E-003 -6.734881858648E-001  2.267475664908E+000 -6.080650716849E+000
  2.832855712010E-001  4.282996164587E-003 -6.638842539158E-001  2.241744785628E+000 -6.000525541499E+000
  2.875919836279E-001  4.329909300005E-003 -6.542857693759E-001  2.216076146355E+000 -5.920813257142E+000
  2.919455522717E-001  4.377309851548E-003 -6.446937885067E-001  2.190472544724E+000 -5.841523258468E+000
  2.963467683296E-001  4.425205403192E-003 -6.351093671377E-001  2.164936750096E+000 -5.762664747599E+000
  3.007961306479E-001  4.473603668706E-003 -6.255335605641E-001  2.139471503047E+000 -5.684246731131E+000
  3.052941458522E-001  4.522512494374E-003 -6.159674234439E-001  2.114079514875E+000 -5.606278017265E+000
  3.098413284823E-001  4.571939861783E-003 -6.064120096976E-001  2.088763467132E+000 -5.528767213042E+000
  3.144382011281E-001  4.621893890671E-003 -5.968683724073E-001  2.063526011163E+000 -5.451722721692E+000
  3.190852945695E-001  4.672382841850E-003 -5.873375637180E-001  2.038369767668E+000 -5.375152740076E+000
  3.237831479192E-001  4.723415120192E-003 -5.778206347391E-001  2.013297326288E+000 -5.299065256260E+000
  3.285323087679E-001  4.774999277691E-003 -5.683186354467E-001  1.988311245204E+000 -5.223468047195E+000
  3.333333333333E-001  4.827144016591E-003 -5.588326145874E-001  1.963414050754E+000 -5.148368676522E+000
  3.381867866117E-001  4.879858192602E-003 -5.493636195823E-001  1.938608237079E+000 -5.073774492506E+000
  3.430932425333E-001  4.933150818173E-003 -5.399126964323E-001  1.913896265784E+000 -4.999692626098E+000
  3.480532841203E-001  4.987031065868E-003 -5.304808896238E-001  1.889280565618E+000 -4.926129989128E+000
  3.530675036492E-001  5.041508271801E-003 -5.210692420355E-001  1.864763532184E+000 -4.853093272643E+000
  3.581365028158E-001  5.096591939172E-003 -5.116787948456E-001  1.840347527659E+000 -4.780588945379E+000
  3.632608929041E-001  5.152291741875E-003 -5.023105874400E-001  1.816034880549E+000 -4.708623252384E+000
  3.684412949588E-001  5.208617528209E-003 -4.929656573205E-001  1.791827885458E+000 -4.637202213791E+000
  3.736783399619E-001  5.265579324662E-003 -4.836450400140E-001  1.767728802879E+000 -4.566331623737E+000
  3.789726690123E-001  5.323187339805E-003 -4.743497689824E-001  1.743739859019E+000 -4.496017049449E+000
  3.843249335105E-001  5.381451968273E-003 -4.650808755316E-001  1.719863245634E+000 -4.426263830480E+000
  3.897357953460E-001  5.440383794842E-003 -4.558393887227E-001  1.696101119895E+000 -4.357077078116E+000
  3.952059270903E-001  5.499993598618E-003 -4.466263352812E-001  1.672455604276E+000 -4.288461674947E+000
  4.007360121927E-001  5.560292357317E-003 -4.374427395083E-001  1.648928786466E+000 -4.220422274605E+000
  4.063267451812E-001  5.621291251662E-003 -4.282896231904E-001  1.625522719307E+000 -4.152963301682E+000
  4.119788318683E-001  5.683001669888E-003 -4.191680055098E-001  1.602239420747E+000 -4.086088951813E+000
  4.176929895600E-001  5.745435212354E-003 -4.100789029542E-001  1.579080873830E+000 -4.019803191951E+000
  4.234699472710E-001  5.808603696282E-003 -4.010233292260E-001  1.556049026702E+000 -3.954109760809E+000
  4.293104459435E-001  5.872519160606E-003 -3.920022951514E-001  1.533145792638E+000 -3.889012169494E+000
  4.352152386716E-001  5.937193870949E-003 -3.830168085880E-001  1.510373050098E+000 -3.824513702323E+000
  4.411850909306E-001  6.002640324729E-003 -3.740678743321E-001  1.487732642806E+000 -3.760617417823E+000
  4.472207808110E-001  6.068871256391E-003 -3.651564940247E-001  1.465226379849E+000 -3.697326149929E+000
  4.533230992589E-001  6.135899642772E-003 -3.562836660559E-001  1.442856035798E+000 -3.634642509359E+000
  4.594928503202E-001  6.203738708611E-003 -3.474503854687E-001  1.420623350855E+000 -3.572568885189E+000
  4.657308513924E-001  6.272401932198E-003 -3.386576438599E-001  1.398530031017E+000 -3.511107446617E+000
  4.720379334802E-001  6.341903051163E-003 -3.299064292801E-001  1.376577748268E+000 -3.450260144919E+000
  4.784149414579E-001  6.412256068427E-003 -3.211977261316E-001  1.354768140782E+000 -3.390028715597E+000
  4.848627343381E-001  6.483475258298E-003 -3.125325150627E-001  1.333102813153E+000 -3.330414680722E+000
  4.913821855461E-001  6.555575172733E-003 -3.039117728614E-001  1.311583336641E+000 -3.271419351463E+000
  4.979741832006E-001  6.628570647764E-003 -2.953364723447E-001  1.290211249440E+000 -3.213043830816E+000
  5.046396304008E-001  6.702476810086E-003 -2.868075822453E-001  1.268988056954E+000 -3.155289016514E+000
  5.113794455212E-001  6.777309083830E-003 -2.783260670954E-001  1.247915232104E+000 -3.098155604131E+000
  5.181945625116E-001  6.853083197508E-003 -2.698928871066E-001  1.226994215635E+000 -3.041644090372E+000
  5.250859312060E-001  6.929815191146E-003 -2.615089980457E-001  1.206226416447E+000 -2.985754776543E+000
  5.320545176366E-001  7.007521423604E-003 -2.531753511068E-001  1.185613211937E+000 -2.930487772209E+000
  5.391013043575E-001  7.086218580100E-003 -2.448928927787E-001  1.165155948349E+000 -2.875842999024E+000
  5.462272907741E-001  7.165923679926E-003 -2.366625647080E-001  1.144855941142E+000 -2.821820194740E+000
  5.534334934816E-001  7.246654084380E-003 -2.284853035566E-001  1.124714475357E+000 -2.768418917381E+000
  5.607209466109E-001  7.328427504912E-003 -2.203620408543E-001  1.104732805999E+000 -2.715638549592E+000
  5.680907021827E-001  7.411262011483E-003 -2.122937028462E-001  1.084912158425E+000 -2.663478303141E+000
  5.755438304707E-001  7.495176041166E-003 -2.042812103334E-001  1.065253728727E+000 -2.611937223577E+000
  5.830814203728E-001  7.580188406970E-003 -1.963254785079E-001  1.045758684129E+000 -2.561014195041E+000
  5.907045797917E-001  7.666318306912E-003 -1.884274167818E-001  1.026428163380E+000 -2.510707945217E+000
  5.984144360243E-001  7.753585333338E-003 -1.805879286084E-001  1.007263277140E+000 -2.461017050420E+000
  6.062121361613E-001  7.842009482502E-003 -1.728079112972E-001  9.882651083754E-001 -2.411939940811E+000
  6.140988474955E-001  7.931611164409E-003 -1.650882558215E-001  9.694347127346E-001 -2.363474905730E+000
  6.220757579409E-001  8.022411212936E-003 -1.574298466182E-001  9.507731189275E-001 -2.315620099148E+000
  6.301440764614E-001  8.114430896230E-003 -1.498335613798E-001  9.322813290901E-001 -2.268373545209E+000
  6.383050335109E-001  8.207691927403E-003 -1.423002708385E-001  9.139603191385E-001 -2.221733143875E+000
  6.465598814833E-001  8.302216475524E-003 -1.348308385417E-001  8.958110391088E-001 -2.175696676647E+000
  6.549098951744E-001  8.398027176926E-003 -1.274261206192E-001  8.778344134811E-001 -2.130261812361E+000
  6.633563722545E-001  8.495147146827E-003 -1.200869655414E-001  8.600313414840E-001 -2.085426113039E+000
  6.719006337539E-001  8.593599991288E-003 -1.128142138684E-001  8.424026973790E-001 -2.041187039790E+000
  6.805440245593E-001  8.693409819506E-003 -1.056086979909E-001  8.249493307207E-001 -1.997541958753E+000
  6.892879139233E-001  8.794601256469E-003 -9.847124186035E-002  8.076720665910E-001 -1.954488147051E+000
  6.981336959871E-001  8.897199455961E-003 -9.140266071092E-002  7.905717058058E-001 -1.912022798761E+000
  7.070827903152E-001  9.001230113956E-003 -8.440376077135E-002  7.736490250895E-001 -1.870143030882E+000
  7.161366424455E-001  9.106719482390E-003 -7.747533896743E-002  7.569047772172E-001 -1.828845889278E+000
  7.252967244510E-001  9.213694383338E-003 -7.061818261488E-002  7.403396911206E-001 -1.788128354590E+000
  7.345645355186E-001  9.322182223606E-003 -6.383306910260E-002  7.239544719560E-001 -1.747987348100E+000
  7.439416025400E-001  9.432211009745E-003 -5.712076556637E-002  7.077498011313E-001 -1.708419737532E+000
  7.534294807203E-001  9.543809363512E-003 -5.048202855317E-002  6.917263362901E-001 -1.669422342763E+000
  7.630297542000E-001  9.657006537783E-003 -4.391760367609E-002  6.758847112510E-001 -1.630991941457E+000
  7.727440366954E-001  9.771832432940E-003 -3.742822526013E-002  6.602255358985E-001 -1.593125274561E+000
  7.825739721536E-001  9.888317613741E-003 -3.101461597910E-002  6.447493960252E-001 -1.555819051693E+000
  7.925212354258E-001  1.000649332670E-002 -2.467748648386E-002  6.294568531219E-001 -1.519069956374E+000
  8.025875329584E-001  1.012639151798E-002 -1.841753502227E-002  6.143484441135E-001 -1.482874651090E+000
  8.127746035011E-001  1.024804485184E-002 -1.223544705127E-002  5.994246810410E-001 -1.447229782186E+000
  8.230842188350E-001  1.037148672960E-002 -6.131894841556E-003  5.846860506846E-001 -1.412131984555E+000
  8.335181845190E-001  1.049675130923E-002 -1.075370752674E-004  5.701330141297E-001 -1.377577886107E+000
  8.440783406568E-001  1.062387352550E-002  5.836981562503E-003  5.557660062724E-001 -1.343564112014E+000
  8.547665626839E-001  1.075288911077E-002  1.170103079790E-002  5.415854352642E-001 -1.310087288700E+000
  8.655847621758E-001  1.088383461638E-002  1.748399518736E-002  5.275916818944E-001 -1.277144047570E+000
  8.765348876780E-001  1.101674743475E-002  2.318527454072E-002  5.137850989109E-001 -1.244731028443E+000
  8.876189255584E-001  1.115166582209E-002  2.880428434748E-002  5.001660102773E-001 -1.212844882707E+000
  8.988389008829E-001  1.128862892191E-002  3.434045620525E-002  4.867347103671E-001 -1.181482276136E+000
  9.101968783143E-001  1.142767678917E-002  3.979323824932E-002  4.734914630953E-001 -1.150639891397E+000
  9.216949630368E-001  1.156885041525E-002  4.516209558221E-002  4.604365009876E-001 -1.120314430203E+000
  9.333353017046E-001  1.171219175365E-002  5.044651070186E-002  4.475700241874E-001 -1.090502615105E+000
  9.451200834176E-001  1.185774374655E-002  5.564598392735E-002  4.348921994034E-001 -1.061201190923E+000
  9.570515407237E-001  1.200555035216E-002  6.076003382057E-002  4.224031587976E-001 -1.032406925787E+000
  9.691319506484E-001  1.215565657299E-002  6.578819760234E-002  4.101029988162E-001 -1.004116611784E+000
  9.813636357544E-001  1.230810848498E-002  7.073003156156E-002  3.979917789670E-001 -9.763270652055E-001
  9.937489652293E-001  1.246295326757E-002  7.558511145552E-002  3.860695205435E-001 -9.490351263783E-001
  1.006290356005E+000  1.262023923477E-002  8.035303289980E-002  3.743362053019E-001 -9.222376590788E-001
  1.018990273907E+000  1.278001586715E-002  8.503341174574E-002  3.627917740915E-001 -8.959315495195E-001
  1.031851234841E+000  1.294233384499E-002  8.962588444380E-002  3.514361254462E-001 -8.701137049068E-001
  1.044875806003E+000  1.310724508236E-002  9.413010839059E-002  3.402691141379E-001 -8.447810515659E-001
  1.058066607138E+000  1.327480276248E-002  9.854576225763E-002  3.292905497007E-001 -8.199305326325E-001
  1.071426311823E+000  1.344506137405E-002  1.028725462998E-001  3.185001949283E-001 -7.955591053121E-001
  1.084957648792E+000  1.361807674895E-002  1.071101826410E-001  3.078977643530E-001 -7.716637377101E-001
  1.098663403298E+000  1.379390610110E-002  1.112584155354E-001  2.974829227119E-001 -7.482414052372E-001
  1.112546418516E+000  1.397260806657E-002  1.153170116010E-001  2.872552834081E-001 -7.252890865984E-001
  1.126609596985E+000  1.415424274514E-002  1.192857600243E-001  2.772144069737E-001 -7.028037593739E-001
  1.140855902095E+000  1.433887174317E-002  1.231644727330E-001  2.673597995443E-001 -6.807823952048E-001
  1.155288359613E+000  1.452655821788E-002  1.269529845348E-001  2.576909113521E-001 -6.592219545972E-001
  1.169910059257E+000  1.471736692327E-002  1.306511532196E-001  2.482071352487E-001 -6.381193813621E-001
  1.184724156317E+000  1.491136425740E-002  1.342588596228E-001  2.389078052657E-001 -6.174715967100E-001
  1.199733873325E+000  1.510861831145E-002  1.377760076481E-001  2.297921952245E-001 -5.972754930228E-001
  1.214942501771E+000  1.530919892035E-002  1.412025242465E-001  2.208595174052E-001 -5.775279273272E-001
  1.230353403874E+000  1.551317771520E-002  1.445383593500E-001  2.121089212867E-001 -5.582257144972E-001
  1.245970014403E+000  1.572062817747E-002  1.477834857579E-001  2.035394923683E-001 -5.393656202162E-001
  1.261795842559E+000  1.593162569510E-002  1.509378989731E-001  1.951502510855E-001 -5.209443537308E-001
  1.277834473907E+000  1.614624762054E-002  1.540016169875E-001  1.869401518327E-001 -5.029585604333E-001
  1.294089572372E+000  1.636457333079E-002  1.569746800138E-001  1.789080821032E-001 -4.854048143088E-001
  1.310564882294E+000  1.658668428962E-002  1.598571501630E-001  1.710528617616E-001 -4.682796102911E-001
  1.327264230548E+000  1.681266411190E-002  1.626491110653E-001  1.633732424599E-001 -4.515793565676E-001
  1.344191528724E+000  1.704259863026E-002  1.653506674348E-001  1.558679072105E-001 -4.353003668813E-001
  1.361350775387E+000  1.727657596408E-002  1.679619445755E-001  1.485354701293E-001 -4.194388528776E-001
  1.378746058390E+000  1.751468659100E-002  1.704830878285E-001  1.413744763609E-001 -4.039909165463E-001
  1.396381557275E+000  1.775702342093E-002  1.729142619616E-001  1.343834022004E-001 -3.889525428117E-001
  1.414261545744E+000  1.800368187279E-002  1.752556504989E-001  1.275606554212E-001 -3.743195923248E-001
  1.432390394201E+000  1.825475995395E-002  1.775074549933E-001  1.209045758240E-001 -3.600877945148E-001
  1.450772572390E+000  1.851035834267E-002  1.796698942405E-001  1.144134360164E-001 -3.462527409562E-001
  1.469412652102E+000  1.877058047342E-002  1.817432034381E-001  1.080854424356E-001 -3.328098791112E-001
  1.488315309978E+000  1.903553262542E-002  1.837276332903E-001  1.019187366226E-001 -3.197545065069E-001
  1.507485330398E+000  1.930532401444E-002  1.856234490597E-001  9.591139676022E-002 -3.070817654070E-001
  1.526927608467E+000  1.958006688797E-002  1.874309295720E-001  9.006143948065E-002 -2.947866380387E-001
  1.546647153093E+000  1.985987662391E-002  1.891503661728E-001  8.436682195223E-002 -2.828639424351E-001
  1.566649090169E+000  2.014487183303E-002  1.907820616450E-001  7.882544425049E-002 -2.713083289524E-001
  1.586938665861E+000  2.043517446518E-002  1.923263290874E-001  7.343515201909E-002 -2.601142775201E-001
  1.607521250000E+000  2.073090991960E-002  1.937834907630E-001  6.819373942385E-002 -2.492760956822E-001
  1.628402339588E+000  2.103220715932E-002  1.951538769202E-001  6.309895240192E-002 -2.387879174834E-001
  1.649587562420E+000  2.133919883002E-002  1.964378245964E-001  5.814849220616E-002 -2.286437032531E-001
  1.671082680832E+000  2.165202138333E-002  1.976356764081E-001  5.334001924290E-002 -2.188372403369E-001
  1.692893595565E+000  2.197081520497E-002  1.987477793386E-001  4.867115719935E-002 -2.093621448216E-001
  1.715026349769E+000  2.229572474776E-002  1.997744835297E-001  4.413949745466E-002 -2.002118642950E-001
  1.737487133138E+000  2.262689866987E-002  2.007161410887E-001  3.974260376629E-002 -1.913796816781E-001
  1.760282286187E+000  2.296448997842E-002  2.015731049187E-001  3.547801722104E-002 -1.828587201608E-001
  1.783418304674E+000  2.330865617868E-002  2.023457275859E-001  3.134326143758E-002 -1.746419492682E-001
  1.806901844175E+000  2.365955942924E-002  2.030343602327E-001  2.733584800449E-002 -1.667221920759E-001
  1.830739724818E+000  2.401736670327E-002  2.036393515506E-001  2.345328213546E-002 -1.590921335869E-001
  1.854938936184E+000  2.438224995616E-002  2.041610468250E-001  1.969306852013E-002 -1.517443302761E-001
  1.879506642368E+000  2.475438629994E-002  2.045997870653E-001  1.605271734655E-002 -1.446712207976E-001
  1.904450187236E+000  2.513395818467E-002  2.049559082345E-001  1.252975046831E-002 -1.378651378451E-001
  1.929777099847E+000  2.552115358717E-002  2.052297405926E-001  9.121707686244E-003 -1.313183211421E-001
  1.955495100083E+000  2.591616620741E-002  2.054216081673E-001  5.826153112307E-003 -1.250229315341E-001
  1.981612104475E+000  2.631919567292E-002  2.055318283701E-001  2.640681579851E-003 -1.189710661410E-001
  2.008136232230E+000  2.673044775156E-002  2.055607117684E-001 -4.370749377846E-004 -1.131547745201E-001
  2.035075811486E+000  2.715013457311E-002  2.055085620340E-001 -3.409440941288E-003 -1.075660757786E-001
  2.062439385788E+000  2.757847486001E-002  2.053756760785E-001 -6.278691095322E-003 -1.021969765653E-001
  2.090235720801E+000  2.801569416771E-002  2.051623443941E-001 -9.047044040050E-003 -9.703948985713E-002
  2.118473811262E+000  2.846202513514E-002  2.048688516122E-001 -1.171665637199E-002 -9.208565445133E-002
  2.147162888201E+000  2.891770774564E-002  2.044954772961E-001 -1.428961684375E-002 -8.732755505681E-002
  2.176312426413E+000  2.938298959899E-002  2.040424969784E-001 -1.676794083379E-002 -8.275734287333E-002
  2.205932152222E+000  2.985812619504E-002  2.035101834594E-001 -1.915356513855E-002 -7.836725653395E-002
  2.236032051522E+000  3.034338122938E-002  2.028988083750E-001 -2.144834314004E-002 -7.414964327827E-002
  2.266622378129E+000  3.083902690182E-002  2.022086440460E-001 -2.365404040256E-002 -7.009698021418E-002
  2.297713662445E+000  3.134534423818E-002  2.014399656179E-001 -2.577233075205E-002 -6.620189551828E-002
  2.329316720450E+000  3.186262342603E-002  2.005930534970E-001 -2.780479289099E-002 -6.245718941735E-002
  2.361442663038E+000  3.239116416519E-002  1.996681960906E-001 -2.975290760084E-002 -5.885585478728E-002
  2.394102905709E+000  3.293127603351E-002  1.986656928516E-001 -3.161805558223E-002 -5.539109720051E-002
  2.427309178642E+000  3.348327886897E-002  1.975858576307E-001 -3.340151598079E-002 -5.205635424936E-002
  2.461073537146E+000  3.404750316862E-002  1.964290223333E-001 -3.510446564379E-002 -4.884531397002E-002
  2.495408372530E+000  3.462429050548E-002  1.951955408769E-001 -3.672797914898E-002 -4.575193219142E-002
  2.530326423398E+000  3.521399396401E-002  1.938857934417E-001 -3.827302964295E-002 -4.277044863380E-002
  2.565840787378E+000  3.581697859546E-002  1.925001910030E-001 -3.974049052116E-002 -3.989540158465E-002
  2.601964933334E+000  3.643362189376E-002  1.910391801318E-001 -4.113113797650E-002 -3.712164098429E-002
  2.638712714049E+000  3.706431429322E-002  1.895032480460E-001 -4.244565443653E-002 -3.444433975993E-002
  2.676098379430E+000  3.770945968912E-002  1.878929278904E-001 -4.368463290270E-002 -3.185900325590E-002
  2.714136590232E+000  3.836947598236E-002  1.862088042197E-001 -4.484858219732E-002 -2.936147661831E-002
  2.752842432351E+000  3.904479564947E-002  1.844515186571E-001 -4.593793311543E-002 -2.694795000581E-002
  2.792231431696E+000  3.973586633921E-002  1.826217756934E-001 -4.695304547026E-002 -2.461496151298E-002
  2.832319569669E+000  4.044315149734E-002  1.807203485902E-001 -4.789421601105E-002 -2.235939771031E-002
  2.873123299289E+000  4.116713102086E-002  1.787480853469E-001 -4.876168718275E-002 -2.017849172418E-002
  2.914659561979E+000  4.190830194354E-002  1.767059146851E-001 -4.955565668641E-002 -1.806981880154E-002
  2.956945805065E+000  4.266717915414E-002  1.745948520032E-001 -5.027628778891E-002 -1.603128932736E-002
  3.000000000000E+000  4.344429614932E-002  1.724160052479E-001 -5.092372031984E-002 -1.406113928755E-002
  3.043840661365E+000  4.424020582308E-002  1.701705806481E-001 -5.149808228286E-002 -1.215791819691E-002
  3.088486866678E+000  4.505548129460E-002  1.678598882525E-001 -5.199950199806E-002 -1.032047453889E-002
  3.133958277047E+000  4.589071677685E-002  1.654853472098E-001 -5.242812068169E-002 -8.547938792878E-003
  3.180275158719E+000  4.674652848797E-002  1.630484907293E-001 -5.278410535961E-002 -6.839704153681E-003
  3.227458405560E+000  4.762355560797E-002  1.605509706568E-001 -5.306766200143E-002 -5.195405077709E-003
  3.275529562509E+000  4.852246128332E-002  1.579945616007E-001 -5.327904875371E-002 -3.614893819570E-003
  3.324510850077E+000  4.944393368200E-002  1.553811645423E-001 -5.341858914285E-002 -2.098215151805E-003
  3.374425189910E+000  5.038868710203E-002  1.527128098658E-001 -5.348668511150E-002 -6.455794883829E-004
  3.425296231502E+000  5.135746313639E-002  1.499916597429E-001 -5.348382974742E-002  7.426653408681E-004
  3.477148380094E+000  5.235103189784E-002  1.472200098110E-001 -5.341061955906E-002  2.066063393169E-003
  3.530006825834E+000  5.337019330676E-002  1.444002900853E-001 -5.326776615062E-002  3.324080699062E-003
  3.583897574256E+000  5.441577844603E-002  1.415350650494E-001 -5.305610714806E-002  4.516135818750E-003
  3.638847478148E+000  5.548865098670E-002  1.386270328754E-001 -5.277661622948E-002  5.641630539244E-003
  3.694884270887E+000  5.658970868864E-002  1.356790237266E-001 -5.243041211627E-002  6.699980370817E-003
  3.752036601308E+000  5.771988498079E-002  1.326939971069E-001 -5.201876638703E-002  7.690644493334E-003
  3.810334070199E+000  5.888015062562E-002  1.296750382244E-001 -5.154310998415E-002  8.613154799617E-003
  3.869807268505E+000  6.007151547295E-002  1.266253533495E-001 -5.100503829252E-002  9.467143684523E-003
  3.930487817331E+000  6.129503030858E-002  1.235482641531E-001 -5.040631468230E-002  1.025237023514E-002
  3.992408409843E+000  6.255178880352E-002  1.204472010230E-001 -4.974887242180E-002  1.096874448954E-002
  4.055602855172E+000  6.384292957002E-002  1.173256953674E-001 -4.903481488323E-002  1.161634944903E-002
  4.120106124432E+000  6.516963833101E-002  1.141873709236E-001 -4.826641398225E-002  1.219546055184E-002
  4.185954398964E+000  6.653315021009E-002  1.110359341047E-001 -4.744610681279E-002  1.270656234449E-002
  4.253185120935E+000  6.793475214960E-002  1.078751634273E-001 -4.657649046035E-002  1.315036212052E-002
  4.321837046422E+000  6.937578546490E-002  1.047088980746E-001 -4.566031500014E-002  1.352780033466E-002
  4.391950301120E+000  7.085764854355E-002  1.015410256639E-001 -4.470047471098E-002  1.384005764306E-002
  4.463566438835E+000  7.238179969882E-002  9.837546929698E-002 -4.369999756023E-002  1.408855846689E-002
  4.536728502895E+000  7.394976018725E-002  9.521617398322E-002 -4.266203304078E-002  1.427497102616E-002
  4.611481090679E+000  7.556311740127E-002  9.206709253805E-002 -4.158983846574E-002  1.440120384278E-002
  4.687870421430E+000  7.722352824817E-002  8.893217106546E-002 -4.048676385097E-002  1.446939876552E-002
  4.765944407533E+000  7.893272272784E-002  8.581533414458E-002 -3.935623553897E-002  1.448192062364E-002
  4.845752729492E+000  8.069250772248E-002  8.272046984569E-002 -3.820173873913E-002  1.444134366967E-002
  4.927346914797E+000  8.250477101257E-002  7.965141470696E-002 -3.702679917923E-002  1.435043502438E-002
  5.010780420931E+000  8.437148553436E-002  7.661193880666E-002 -3.583496407977E-002  1.421213538607E-002
  5.096108722763E+000  8.629471389541E-002  7.360573106716E-002 -3.462978267710E-002  1.402953731271E-002
  5.183389404586E+000  8.827661316581E-002  7.063638492664E-002 -3.341478653163E-002  1.380586142651E-002
  5.272682257105E+000  9.031943996425E-002  6.770738451145E-002 -3.219346986423E-002  1.354443092563E-002
  5.364049379651E+000  9.242555585946E-002  6.482209143752E-002 -3.096927016668E-002  1.324864481692E-002
  5.457555287978E+000  9.459743310926E-002  6.198373236163E-002 -2.974554933018E-002  1.292195030411E-002
  5.553267027968E+000  9.683766076100E-002  5.919538739398E-002 -2.852557552977E-002  1.256781477949E-002
  5.651254295630E+000  9.914895113938E-002  5.645997947214E-002 -2.731250609192E-002  1.218969787079E-002
  5.751589563796E+000  1.015341467494E-001  5.378026478248E-002 -2.610937155706E-002  1.179102399057E-002
  5.854348215936E+000  1.039962276248E-001  5.115882430039E-002 -2.491906112947E-002  1.137515582147E-002
  5.959608687557E+000  1.065383191537E-001  4.859805650322E-002 -2.374430968348E-002  1.094536914768E-002
  6.067452615683E+000  1.091637004188E-001  4.610017129255E-002 -2.258768646759E-002  1.050482941158E-002
  6.177964996951E+000  1.118758130872E-001  4.366718514306E-002 -2.145158561794E-002  1.005657033500E-002
  6.291234354880E+000  1.146782708938E-001  4.130091747672E-002 -2.033821856005E-002  9.603474897623E-003
  6.407352916949E+000  1.175748697626E-001  3.900298824163E-002 -1.924960834301E-002  9.148258912422E-003
  6.526416802128E+000  1.205695986129E-001  3.677481665676E-002 -1.818758591514E-002  8.693457379832E-003
  6.648526219580E+000  1.236666509049E-001  3.461762106640E-002 -1.715378831450E-002  8.241413741451E-003
  6.773785679311E+000  1.268704369821E-001  3.253241983242E-002 -1.614965871309E-002  7.794272090539E-003
  6.902304215570E+000  1.301855972713E-001  3.052003317875E-002 -1.517644822054E-002  7.353972333166E-003
  7.034195623922E+000  1.336170164087E-001  2.858108589148E-002 -1.423521932265E-002  6.922248231710E-003
  7.169578712934E+000  1.371698383673E-001  2.671601076935E-002 -1.332685080356E-002  6.500628203349E-003
  7.308577571516E+000  1.408494826628E-001  2.492505271457E-002 -1.245204397717E-002  6.090438691790E-003
  7.451321853057E+000  1.446616617293E-001  2.320827335208E-002 -1.161133003613E-002  5.692809882342E-003
  7.597947077547E+000  1.486123995567E-001  2.156555606709E-002 -1.080507831392E-002  5.308683489700E-003
  7.748594953021E+000  1.527080516973E-001  1.999661135629E-002 -1.003350524932E-002  4.938822315773E-003
  7.903413717736E+000  1.569553267535E-001  1.850098239683E-002 -9.296683841800E-003  4.583821252175E-003
  8.062558504629E+000  1.613613094717E-001  1.707805074921E-002 -8.594553391593E-003  4.244119389313E-003
  8.226191729726E+000  1.659334855793E-001  1.572704212525E-002 -7.926929329846E-003  3.920012891362E-003
  8.394483506327E+000  1.706797685137E-001  1.444703216940E-002 -7.293512960276E-003  3.611668303786E-003
  8.567612086926E+000  1.756085282071E-001  1.323695222070E-002 -6.693900955397E-003  3.319135976841E-003
  8.745764335025E+000  1.807286221064E-001  1.209559504307E-002 -6.127594475535E-003  3.042363313917E-003
  8.929136229160E+000  1.860494286260E-001  1.102162053163E-002 -5.594007807185E-003  2.781207586367E-003
  9.117933401693E+000  1.915808832504E-001  1.001356142294E-002 -5.092476447529E-003  2.535448095390E-003
  9.312371715124E+000  1.973335175235E-001  9.069829055476E-003 -4.622264592994E-003  2.304797504767E-003
  9.512677878945E+000  2.033185011886E-001  8.188719242911E-003 -4.182572020424E-003  2.088912214183E-003
  9.719090110332E+000  2.095476877688E-001  7.368418336136E-003 -3.772540378477E-003  1.887401689584E-003
  9.931858842267E+000  2.160336639044E-001  6.607009559471E-003 -3.391258933274E-003  1.699836712681E-003
  1.015124748302E+001  2.227898028021E-001  5.902479711788E-003 -3.037769834916E-003  1.525756554697E-003
  1.037753323129E+001  2.298303221843E-001  5.252726323646E-003 -2.711072989542E-003  1.364675118060E-003
  1.061100795175E+001  2.371703471699E-001  4.655565356957E-003 -2.410130634336E-003  1.216086122730E-003
  1.085197911611E+001  2.448259785618E-001  4.108739523827E-003 -2.133871720007E-003  1.079467440239E-003
  1.110077081537E+001  2.528143670735E-001  3.609927286346E-003 -1.881196206385E-003  9.542846974852E-004
  1.135772484956E+001  2.611537940784E-001  3.156752579414E-003 -1.650979372228E-003  8.399942837333E-004
  1.162320190175E+001  2.698637595360E-001  2.746795274827E-003 -1.442076230193E-003  7.360458980486E-004
  1.189758280382E+001  2.789650778206E-001  2.377602377415E-003 -1.253326122986E-003  6.418847710194E-004
  1.218126990242E+001  2.884799822596E-001  2.046699913974E-003 -1.083557557615E-003  5.569536848401E-004
  1.247468853413E+001  2.984322392826E-001  1.751605444108E-003 -9.315933124507E-004  4.806949006243E-004
  1.277828862002E+001  3.088472731875E-001  1.489841089988E-003 -7.962558275540E-004  4.125520824185E-004
  1.309254639077E+001  3.197523026463E-001  1.258946950694E-003 -6.763728635221E-004  3.519722851349E-004
  1.341796625462E+001  3.311764902095E-001  1.056494737486E-003 -5.707833892494E-004  2.984080498869E-004
  1.375508282195E+001  3.431511062169E-001  8.801014402638E-004 -4.783436354880E-004  2.513196263575E-004
  1.410446310162E+001  3.557097086969E-001  7.274428138048E-004 -3.979332300863E-004  2.101773190920E-004
  1.446670888596E+001  3.688883410292E-001  5.962664562722E-004 -3.284613131470E-004  1.744639340775E-004
  1.484245934302E+001  3.827257493700E-001  4.844042428141E-004 -2.688725168742E-004  1.436772845148E-004
  1.523239383723E+001  3.972636220891E-001  3.897838747422E-004 -2.181526861645E-004  1.173327009640E-004
  1.563723500136E+001  4.125468537596E-001  3.104393103079E-004 -1.753342124272E-004  9.496548144046E-005
  1.605775208607E+001  4.286238365683E-001  2.445198568871E-004 -1.395008549162E-004  7.613321173747E-005
  1.649476461582E+001  4.455467823929E-001  1.902977265244E-004 -1.097919310129E-004  6.041788520910E-005
  1.694914638379E+001  4.633720792263E-001  1.461738870913E-004 -8.540576924767E-005  4.742775423796E-005
  1.742182982203E+001  4.821606861220E-001  1.106820792365E-004 -6.560233600669E-005  3.679885226934E-005
  1.791381078784E+001  5.019785714107E-001  8.249091399390E-005 -4.970496830009E-005  2.819613512312E-005
  1.842615381215E+001  5.228971995942E-001  6.040401610063E-005 -3.710116993821E-005  2.131420272266E-005
  1.895999786176E+001  5.449940730840E-001  4.335823216803E-005 -2.724245608617E-005  1.587757676635E-005
  1.951656267356E+001  5.683533358366E-001  3.041997885736E-005 -1.964326039294E-005  1.164052552536E-005
  2.009715572669E+001  5.930664469535E-001  2.077986187586E-005 -1.387894853300E-005  8.386443164324E-006
  2.070317992707E+001  6.192329335039E-001  1.374574940506E-005 -9.583010758675E-006  5.926807011680E-006
  2.133614208874E+001  6.469612332096E-001  8.734530869426E-006 -6.443532575248E-006  4.099751311680E-006
  2.199766230782E+001  6.763696392388E-001  5.262831129915E-006 -4.199065551940E-006  2.768309442130E-006
  2.268948433818E+001  7.075873612439E-001  2.936978825979E-006 -2.634038274417E-006  1.818387695999E-006
  2.341348709294E+001  7.407557189842E-001  1.442543670130E-006 -1.573859403051E-006  1.156541894259E-006
  2.417169741362E+001  7.760294874639E-001  5.337596042957E-007 -8.798698671367E-007  7.076328384064E-007
  2.496630426925E+001  8.135784155747E-001  2.313823643679E-008 -4.442989106547E-007  4.124376102155E-007
  2.579967457140E+001  8.535889438281E-001 -2.284497837756E-007 -1.853689770619E-007  2.252908846983E-007
  2.667437081864E+001  8.962661510291E-001 -3.209874593025E-007 -4.267775996928E-008  1.118238905174E-007
  2.759317081651E+001  9.418359647997E-001 -3.236304068533E-007  2.703683569067E-008  4.685884731201E-008
  2.855908975674E+001  9.905476768748E-001 -2.820016878256E-007  5.367007793428E-008  1.250430669533E-008
  2.957540498378E+001  1.042676811269E+000 -2.243927541184E-007  5.701291305703E-008 -3.517281374998E-009
  3.064568382919E+001  1.098528402000E+000 -1.668603044292E-007  4.948426589176E-008 -9.293214921252E-009
  3.177381495601E+001  1.158440747351E+000 -1.172630507818E-007  3.834190423659E-008 -9.893146477310E-009
  3.296404372807E+001  1.222789720048E+000 -7.832751891817E-008  2.740493279022E-008 -8.301205831376E-009
  3.422101220608E+001  1.291993727721E+000 -4.986525818345E-008  1.833988906892E-008 -6.128621065229E-009
  3.554980447538E+001  1.366519436102E+000 -3.028369366265E-008  1.157493258621E-008 -4.135252084666E-009
  3.695599813319E+001  1.446888389511E+000 -1.753923199462E-008  6.912452750289E-009 -2.592616535642E-009
  3.844572291106E+001  1.533684690030E+000 -9.675461885230E-009  3.909994621460E-009 -1.521977729363E-009
  4.002572758518E+001  1.627563929686E+000 -5.073879930250E-009  2.093771896602E-009 -8.393023484367E-010
  4.170345654134E+001  1.729263610453E+000 -2.522800506928E-009  1.059710621545E-009 -4.350614968209E-010
  4.348713762001E+001  1.839615336740E+000 -1.185504806215E-009  5.056556168945E-010 -2.117597248142E-010
  4.538588318162E+001  1.959559126947E+000 -5.244985085539E-010  2.267217296771E-010 -9.655694180373E-011
  4.740980671574E+001  2.090160267552E+000 -2.175103616522E-010  9.513458191493E-011 -4.110589803439E-011
  4.957015778746E+001  2.232629229408E+000 -8.411996667576E-011  3.717937196089E-011 -1.626784659235E-011
  5.187947869225E+001  2.388345286640E+000 -3.016337395166E-011  1.345726970092E-011 -5.953762589142E-012
  5.435178690397E+001  2.558884630889E+000 -9.962249380436E-012  4.482417478323E-012 -2.002701324415E-012
  5.700278828629E+001  2.746053966795E+000 -3.008030352794E-012  1.363884799681E-012 -6.147587180931E-013
  5.985012714155E+001  2.951930820846E+000 -8.233233775130E-013  3.759383644180E-013 -1.708014695023E-013
  6.291368055481E+001  3.178912111311E+000 -2.023219663332E-013  9.297981347955E-014 -4.254931996675E-014
  6.621590623276E+001  3.429772933797E+000 -4.415225335460E-014  2.041165950419E-014 -9.402371241424E-015
  6.978225524452E+001  3.707738044625E+000 -8.450792057838E-015  3.928341889352E-015 -1.820481070272E-015
  7.364166388185E+001  4.016569212832E+000 -1.398665351912E-015  6.534925205197E-016 -3.045285003684E-016
  7.782714245929E+001  4.360672516382E+000 -1.969485404013E-016  9.245735451834E-017 -4.330684946838E-017
  8.237648351994E+001  4.745230855210E+000 -2.315934435805E-017  1.092042142810E-017 -5.139493574451E-018
  8.733311794503E+001  5.176368549127E+000 -2.225989723202E-018  1.053990197313E-018 -4.982400273425E-019
  9.274715535088E+001  5.661357031559E+000 -1.706022160226E-019  8.109341252744E-020 -3.849272732349E-020
  9.867665554529E+001  6.208873552072E+000 -1.013047257414E-020  4.832981219893E-021 -2.302934977820E-021
  1.051891916055E+002  6.829328764649E+000 -4.507304598240E-022  2.157705994615E-022 -1.031870848326E-022
  1.123637836013E+002  7.535284543316E+000 -1.444861801559E-023  6.939120583158E-024 -3.329708488297E-024
  1.202933069206E+002  8.341990973528E+000 -3.186677129346E-025  1.535105253621E-025 -7.389562764292E-026
  1.290875131414E+002  9.268082166539E+000 -4.579081269085E-027  2.212204201776E-027 -1.068074534022E-027
  1.388768482001E+002  1.033648575811E+001 -4.017837854166E-029  1.946326678003E-029 -9.423468301760E-030
  1.498173177370E+002  1.157562284364E+001 -1.992005181255E-031  9.674405210404E-032 -4.696411556264E-032
  1.620967411853E+002  1.302100699722E+001 -5.082677602563E-034  2.474427125276E-034 -1.204192993605E-034
  1.759428668168E+002  1.471739812515E+001 -5.958950332318E-037  2.907644707491E-037 -1.418335781222E-037
  1.916340085825E+002  1.672173748087E+001 -2.794720876414E-040  1.366606949480E-040 -6.680945418251E-041
  2.095131417987E+002  1.910719757888E+001 -4.419817247797E-044  2.165658103922E-044 -1.060923789166E-044
  2.300068054477E+002  2.196884699990E+001 -1.905741027261E-048  9.355758196710E-049 -4.592185951939E-049
  2.536507797910E+002  2.543169216868E+001 -1.715283902871E-053  8.435908272253E-054 -4.148271378146E-054
  2.811254638474E+002  2.966227967912E+001 -2.295562264550E-059  1.130885692348E-059 -5.570570701733E-060
  3.133053780630E+002  3.488573552677E+001 -2.953271490566E-066  1.457207902371E-066 -7.189537414603E-067
  3.513296254502E+002  4.141128389041E+001 -2.069120408079E-074  1.022465377383E-074 -5.052205415894E-075
  3.967041014106E+002  4.967130404214E+001 -3.723872114765E-084  1.842721951005E-084 -9.118034008366E-085
  4.514529193349E+002  6.028257212519E+001 -6.268806036371E-096  3.106066586023E-096 -1.538929030084E-096
  5.183481233601E+002  7.414493328740E+001 -2.473773194242E-110  1.227174724984E-110 -6.087504701965E-111
  6.012676077950E+002  9.260523890243E+001 -3.300652990043E-128  1.639183702053E-128 -8.140392483903E-129
  7.057700503752E+002  1.177394213729E+002 -9.274334167978E-151  4.610554964693E-151 -2.292009581843E-151
  8.400513767914E+002  1.528577972397E+002 -9.151390191785E-180  4.553679263658E-180 -2.265858187245E-180
  1.016602135495E+003  2.034537342122E+002 -6.183580438380E-218  3.079520667499E-218 -1.533637727299E-218
  1.255220715580E+003  2.790860613466E+002 -1.446847819897E-269  7.211026890872E-270 -3.593925957828E-270
  1.588815776243E+003  3.973705897531E+002  0.000000000000E+000  0.000000000000E+000  0.000000000000E+000
  2.075392011604E+003  5.931596040112E+002  0.000000000000E+000  0.000000000000E+000  0.000000000000E+000
  2.825079847529E+003  9.419154890021E+002  0.000000000000E+000  0.000000000000E+000  0.000000000000E+000
  4.068408296184E+003  1.627629972033E+003  0.000000000000E+000  0.000000000000E+000  0.000000000000E+000
  6.357262947674E+003  3.178964796686E+003  0.000000000000E+000  0.000000000000E+000  0.000000000000E+000
  1.130231930164E+004  7.535323971013E+003  0.000000000000E+000  0.000000000000E+000  0.000000000000E+000
  2.543105175140E+004  2.543171841285E+004  0.000000000000E+000  0.000000000000E+000  0.000000000000E+000
  1.017262069958E+005  2.034537473226E+005  0.000000000000E+000  0.000000000000E+000  0.000000000000E+000
