# 1st line: number of mesh points
# abcissa weight wavefunction wavefunction_1st wavefunction_2nd
500
# Principal QN=   1 , l=   1 , Occupation=   0.0100
  9.830308526508E-006  1.966074589941E-005  4.876304971030E-006  4.960385534319E-001 -1.923695326285E+000
  3.932200719717E-005  3.932303800261E-005  1.950448798515E-005  4.959818248826E-001 -1.923390596769E+000
  8.847741541455E-005  5.898842277178E-005  4.388235355990E-005  4.958872923136E-001 -1.922882808161E+000
  1.573003992804E-004  7.865844718600E-005  7.800624327287E-005  4.957549782393E-001 -1.922172101317E+000
  2.457963722417E-004  9.833465899987E-005  1.218710368337E-004  4.955849141699E-001 -1.921258673379E+000
  3.539722959954E-004  1.180186070023E-004  1.754701535854E-004  4.953771406012E-001 -1.920142777720E+000
  4.818366816528E-004  1.377118412759E-004  2.387955544331E-004  4.951317070015E-001 -1.918824723880E+000
  6.293995911626E-004  1.574159134560E-004  3.118377442017E-004  4.948486717955E-001 -1.917304877476E+000
  7.966726389934E-004  1.771323769912E-004  3.945857744202E-004  4.945281023459E-001 -1.915583660104E+000
  9.836689940782E-004  1.968627874036E-004  4.870272465341E-004  4.941700749313E-001 -1.913661549222E+000
  1.190403382016E-003  2.166087025496E-004  5.891483155429E-004  4.937746747217E-001 -1.911539078019E+000
  1.416892087541E-003  2.363716828821E-004  7.009336940645E-004  4.933419957512E-001 -1.909216835267E+000
  1.663152957245E-003  2.561532917128E-004  8.223666568239E-004  4.928721408872E-001 -1.906695465158E+000
  1.929205402573E-003  2.759550954757E-004  9.534290455660E-004  4.923652217976E-001 -1.903975667130E+000
  2.215070403074E-003  2.957786639908E-004  1.094101274392E-003  4.918213589140E-001 -1.901058195666E+000
  2.520770509919E-003  3.156255707300E-004  1.244362335518E-003  4.912406813933E-001 -1.897943860092E+000
  2.846329849692E-003  3.354973930828E-004  1.404189805451E-003  4.906233270753E-001 -1.894633524347E+000
  3.191774128432E-003  3.553957126240E-004  1.573559851593E-003  4.899694424378E-001 -1.891128106745E+000
  3.557130635959E-003  3.753221153821E-004  1.752447239254E-003  4.892791825492E-001 -1.887428579718E+000
  3.942428250463E-003  3.952781921092E-004  1.940825339086E-003  4.885527110175E-001 -1.883535969544E+000
  4.347697443358E-003  4.152655385525E-004  2.138666134936E-003  4.877901999372E-001 -1.879451356058E+000
  4.772970284417E-003  4.352857557265E-004  2.345940232105E-003  4.869918298323E-001 -1.875175872353E+000
  5.218280447175E-003  4.553404501876E-004  2.562616866026E-003  4.861577895976E-001 -1.870710704455E+000
  5.683663214611E-003  4.754312343099E-004  2.788663911348E-003  4.852882764363E-001 -1.866057090992E+000
  6.169155485101E-003  4.955597265624E-004  3.024047891431E-003  4.843834957948E-001 -1.861216322844E+000
  6.674795778653E-003  5.157275517886E-004  3.268733988245E-003  4.834436612952E-001 -1.856189742773E+000
  7.200624243425E-003  5.359363414876E-004  3.522686052670E-003  4.824689946638E-001 -1.850978745041E+000
  7.746682662519E-003  5.561877340970E-004  3.785866615208E-003  4.814597256584E-001 -1.845584775016E+000
  8.313014461060E-003  5.764833752781E-004  4.058236897080E-003  4.804160919909E-001 -1.840009328753E+000
  8.899664713569E-003  5.968249182030E-004  4.339756821734E-003  4.793383392484E-001 -1.834253952564E+000
  9.506680151615E-003  6.172140238444E-004  4.630385026730E-003  4.782267208108E-001 -1.828320242575E+000
  1.013410917176E-002  6.376523612666E-004  4.930078876033E-003  4.770814977659E-001 -1.822209844261E+000
  1.078200184380E-002  6.581416079202E-004  5.238794472682E-003  4.759029388211E-001 -1.815924451969E+000
  1.145040991929E-002  6.786834499385E-004  5.556486671849E-003  4.746913202130E-001 -1.809465808420E+000
  1.213938684040E-002  6.992795824361E-004  5.883109094277E-003  4.734469256133E-001 -1.802835704206E+000
  1.284898774901E-002  7.199317098113E-004  6.218614140095E-003  4.721700460330E-001 -1.796035977254E+000
  1.357926949620E-002  7.406415460502E-004  6.562953003011E-003  4.708609797227E-001 -1.789068512291E+000
  1.433029065191E-002  7.614108150341E-004  6.916075684874E-003  4.695200320704E-001 -1.781935240281E+000
  1.510211151509E-002  7.822412508494E-004  7.277931010598E-003  4.681475154971E-001 -1.774638137848E+000
  1.589479412397E-002  8.031345981016E-004  7.648466643452E-003  4.667437493488E-001 -1.767179226690E+000
  1.670840226680E-002  8.240926122311E-004  8.027629100710E-003  4.653090597858E-001 -1.759560572966E+000
  1.754300149280E-002  8.451170598329E-004  8.415363769649E-003  4.638437796702E-001 -1.751784286674E+000
  1.839865912351E-002  8.662097189796E-004  8.811614923896E-003  4.623482484491E-001 -1.743852521011E+000
  1.927544426443E-002  8.873723795480E-004  9.216325740125E-003  4.608228120362E-001 -1.735767471714E+000
  2.017342781695E-002  9.086068435487E-004  9.629438315083E-003  4.592678226904E-001 -1.727531376391E+000
  2.109268249069E-002  9.299149254598E-004  1.005089368295E-002  4.576836388916E-001 -1.719146513828E+000
  2.203328281612E-002  9.512984525641E-004  1.048063183305E-002  4.560706252133E-001 -1.710615203282E+000
  2.299530515754E-002  9.727592652906E-004  1.091859172784E-002  4.544291521935E-001 -1.701939803765E+000
  2.397882772639E-002  9.942992175591E-004  1.136471132122E-002  4.527595962024E-001 -1.693122713298E+000
  2.498393059493E-002  1.015920177130E-003  1.181892757724E-002  4.510623393069E-001 -1.684166368162E+000
  2.601069571024E-002  1.037624025957E-003  1.228117648896E-002  4.493377691338E-001 -1.675073242123E+000
  2.705920690860E-002  1.059412660547E-003  1.275139309772E-002  4.475862787287E-001 -1.665845845646E+000
  2.812954993023E-002  1.081287992318E-003  1.322951151269E-002  4.458082664140E-001 -1.656486725092E+000
  2.922181243436E-002  1.103251947969E-003  1.371546493061E-002  4.440041356430E-001 -1.646998461894E+000
  3.033608401473E-002  1.125306469854E-003  1.420918565592E-002  4.421742948523E-001 -1.637383671724E+000
  3.147245621542E-002  1.147453516351E-003  1.471060512109E-002  4.403191573108E-001 -1.627645003641E+000
  3.263102254705E-002  1.169695062249E-003  1.521965390721E-002  4.384391409674E-001 -1.617785139216E+000
  3.381187850339E-002  1.192033099133E-003  1.573626176487E-002  4.365346682953E-001 -1.607806791654E+000
  3.501512157837E-002  1.214469635775E-003  1.626035763520E-002  4.346061661337E-001 -1.597712704888E+000
  3.624085128345E-002  1.237006698530E-003  1.679186967126E-002  4.326540655284E-001 -1.587505652662E+000
  3.748916916538E-002  1.259646331739E-003  1.733072525951E-002  4.306788015683E-001 -1.577188437599E+000
  3.876017882444E-002  1.282390598136E-003  1.787685104164E-002  4.286808132209E-001 -1.566763890249E+000
  4.005398593302E-002  1.305241579266E-003  1.843017293647E-002  4.266605431647E-001 -1.556234868126E+000
  4.137069825459E-002  1.328201375897E-003  1.899061616214E-002  4.246184376201E-001 -1.545604254726E+000
  4.271042566323E-002  1.351272108452E-003  1.955810525840E-002  4.225549461769E-001 -1.534874958529E+000
  4.407328016341E-002  1.374455917436E-003  2.013256410917E-002  4.204705216209E-001 -1.524049911985E+000
  4.545937591035E-002  1.397754963880E-003  2.071391596515E-002  4.183656197576E-001 -1.513132070490E+000
  4.686882923075E-002  1.421171429779E-003  2.130208346663E-002  4.162406992338E-001 -1.502124411339E+000
  4.830175864396E-002  1.444707518548E-003  2.189698866648E-002  4.140962213576E-001 -1.491029932667E+000
  4.975828488365E-002  1.468365455478E-003  2.249855305316E-002  4.119326499161E-001 -1.479851652375E+000
  5.123853091993E-002  1.492147488203E-003  2.310669757393E-002  4.097504509909E-001 -1.468592607042E+000
  5.274262198188E-002  1.516055887169E-003  2.372134265808E-002  4.075500927727E-001 -1.457255850820E+000
  5.427068558066E-002  1.540092946119E-003  2.434240824034E-002  4.053320453724E-001 -1.445844454316E+000
  5.582285153302E-002  1.564260982573E-003  2.496981378424E-002  4.030967806323E-001 -1.434361503454E+000
  5.739925198530E-002  1.588562338332E-003  2.560347830564E-002  4.008447719342E-001 -1.422810098335E+000
  5.900002143803E-002  1.612999379973E-003  2.624332039621E-002  3.985764940065E-001 -1.411193352068E+000
  6.062529677088E-002  1.637574499364E-003  2.688925824697E-002  3.962924227296E-001 -1.399514389598E+000
  6.227521726827E-002  1.662290114181E-003  2.754120967187E-002  3.939930349397E-001 -1.387776346514E+000
  6.394992464542E-002  1.687148668440E-003  2.819909213127E-002  3.916788082312E-001 -1.375982367848E+000
  6.564956307496E-002  1.712152633027E-003  2.886282275552E-002  3.893502207581E-001 -1.364135606856E+000
  6.737427921404E-002  1.737304506249E-003  2.953231836839E-002  3.870077510331E-001 -1.352239223791E+000
  6.912422223211E-002  1.762606814387E-003  3.020749551052E-002  3.846518777270E-001 -1.340296384658E+000
  7.089954383907E-002  1.788062112257E-003  3.088827046272E-002  3.822830794655E-001 -1.328310259962E+000
  7.270039831418E-002  1.813672983787E-003  3.157455926926E-002  3.799018346260E-001 -1.316284023440E+000
  7.452694253540E-002  1.839442042599E-003  3.226627776097E-002  3.775086211330E-001 -1.304220850781E+000
  7.637933600943E-002  1.865371932600E-003  3.296334157826E-002  3.751039162529E-001 -1.292123918341E+000
  7.825774090225E-002  1.891465328589E-003  3.366566619397E-002  3.726881963875E-001 -1.279996401834E+000
  8.016232207035E-002  1.917724936867E-003  3.437316693603E-002  3.702619368677E-001 -1.267841475027E+000
  8.209324709253E-002  1.944153495867E-003  3.508575900999E-002  3.678256117459E-001 -1.255662308413E+000
  8.405068630235E-002  1.970753776782E-003  3.580335752125E-002  3.653796935883E-001 -1.243462067885E+000
  8.603481282122E-002  1.997528584221E-003  3.652587749714E-002  3.629246532669E-001 -1.231243913385E+000
  8.804580259214E-002  2.024480756857E-003  3.725323390867E-002  3.604609597512E-001 -1.219010997563E+000
  9.008383441408E-002  2.051613168108E-003  3.798534169211E-002  3.579890798998E-001 -1.206766464411E+000
  9.214908997710E-002  2.078928726810E-003  3.872211577013E-002  3.555094782518E-001 -1.194513447898E+000
  9.424175389809E-002  2.106430377918E-003  3.946347107272E-002  3.530226168188E-001 -1.182255070594E+000
  9.636201375725E-002  2.134121103210E-003  4.020932255774E-002  3.505289548768E-001 -1.169994442290E+000
  9.851006013526E-002  2.162003922007E-003  4.095958523113E-002  3.480289487586E-001 -1.157734658607E+000
  1.006860866512E-001  2.190081891910E-003  4.171417416663E-002  3.455230516468E-001 -1.145478799603E+000
  1.028902900012E-001  2.218358109541E-003  4.247300452519E-002  3.430117133674E-001 -1.133229928371E+000
  1.051228699979E-001  2.246835711311E-003  4.323599157391E-002  3.404953801841E-001 -1.120991089635E+000
  1.073840296104E-001  2.275517874190E-003  4.400305070447E-002  3.379744945937E-001 -1.108765308344E+000
  1.096739750056E-001  2.304407816497E-003  4.477409745112E-002  3.354494951227E-001 -1.096555588253E+000
  1.119929155896E-001  2.333508798707E-003  4.554904750814E-002  3.329208161251E-001 -1.084364910516E+000
  1.143410640503E-001  2.362824124271E-003  4.632781674673E-002  3.303888875812E-001 -1.072196232260E+000
  1.167186364011E-001  2.392357140448E-003  4.711032123138E-002  3.278541348986E-001 -1.060052485175E+000
  1.191258520249E-001  2.422111239159E-003  4.789647723557E-002  3.253169787147E-001 -1.047936574088E+000
  1.215629337189E-001  2.452089857854E-003  4.868620125695E-002  3.227778347006E-001 -1.035851375546E+000
  1.240301077413E-001  2.482296480400E-003  4.947941003178E-002  3.202371133684E-001 -1.023799736400E+000
  1.265276038575E-001  2.512734637975E-003  5.027602054873E-002  3.176952198789E-001 -1.011784472385E+000
  1.290556553882E-001  2.543407909995E-003  5.107595006197E-002  3.151525538536E-001 -9.998083667094E-001
  1.316144992580E-001  2.574319925047E-003  5.187911610356E-002  3.126095091879E-001 -9.878741686424E-001
  1.342043760450E-001  2.605474361847E-003  5.268543649502E-002  3.100664738677E-001 -9.759845921103E-001
  1.368255300316E-001  2.636874950214E-003  5.349482935817E-002  3.075238297892E-001 -9.641423142948E-001
  1.394782092560E-001  2.668525472060E-003  5.430721312511E-002  3.049819525813E-001 -9.523499742394E-001
  1.421626655646E-001  2.700429762411E-003  5.512250654742E-002  3.024412114320E-001 -9.406101714628E-001
  1.448791546661E-001  2.732591710434E-003  5.594062870441E-002  2.999019689178E-001 -9.289254645801E-001
  1.476279361856E-001  2.765015260497E-003  5.676149901053E-002  2.973645808372E-001 -9.172983699341E-001
  1.504092737207E-001  2.797704413242E-003  5.758503722184E-002  2.948293960485E-001 -9.057313602367E-001
  1.532234348983E-001  2.830663226680E-003  5.841116344156E-002  2.922967563108E-001 -8.942268632215E-001
  1.560706914324E-001  2.863895817319E-003  5.923979812453E-002  2.897669961307E-001 -8.827872603096E-001
  1.589513191834E-001  2.897406361298E-003  6.007086208083E-002  2.872404426126E-001 -8.714148852890E-001
  1.618655982178E-001  2.931199095559E-003  6.090427647821E-002  2.847174153142E-001 -8.601120230089E-001
  1.648138128702E-001  2.965278319033E-003  6.173996284357E-002  2.821982261074E-001 -8.488809080899E-001
  1.677962518056E-001  2.999648393860E-003  6.257784306331E-002  2.796831790439E-001 -8.377237236521E-001
  1.708132080832E-001  3.034313746623E-003  6.341783938253E-002  2.771725702268E-001 -8.266426000619E-001
  1.738649792215E-001  3.069278869616E-003  6.425987440322E-002  2.746666876874E-001 -8.156396136976E-001
  1.769518672648E-001  3.104548322136E-003  6.510387108111E-002  2.721658112687E-001 -8.047167857380E-001
  1.800741788507E-001  3.140126731803E-003  6.594975272151E-002  2.696702125142E-001 -7.938760809721E-001
  1.832322252791E-001  3.176018795904E-003  6.679744297381E-002  2.671801545643E-001 -7.831194066332E-001
  1.864263225826E-001  3.212229282769E-003  6.764686582485E-002  2.646958920579E-001 -7.724486112586E-001
  1.896567915983E-001  3.248763033179E-003  6.849794559095E-002  2.622176710424E-001 -7.618654835753E-001
  1.929239580409E-001  3.285624961791E-003  6.935060690876E-002  2.597457288895E-001 -7.513717514147E-001
  1.962281525771E-001  3.322820058613E-003  7.020477472472E-002  2.572802942193E-001 -7.409690806560E-001
  1.995697109023E-001  3.360353390492E-003  7.106037428329E-002  2.548215868317E-001 -7.306590742012E-001
  2.029489738173E-001  3.398230102644E-003  7.191733111381E-002  2.523698176452E-001 -7.204432709822E-001
  2.063662873085E-001  3.436455420218E-003  7.277557101605E-002  2.499251886449E-001 -7.103231450025E-001
  2.098220026275E-001  3.475034649885E-003  7.363502004435E-002  2.474878928370E-001 -7.003001044138E-001
  2.133164763746E-001  3.513973181471E-003  7.449560449045E-002  2.450581142139E-001 -6.903754906301E-001
  2.168500705817E-001  3.553276489620E-003  7.535725086487E-002  2.426360277265E-001 -6.805505774803E-001
  2.204231527988E-001  3.592950135496E-003  7.621988587699E-002  2.402217992659E-001 -6.708265704011E-001
  2.240360961807E-001  3.632999768520E-003  7.708343641359E-002  2.378155856550E-001 -6.612046056719E-001
  2.276892795770E-001  3.673431128145E-003  7.794782951615E-002  2.354175346481E-001 -6.516857496925E-001
  2.313830876220E-001  3.714250045674E-003  7.881299235657E-002  2.330277849417E-001 -6.422709983065E-001
  2.351179108282E-001  3.755462446115E-003  7.967885221161E-002  2.306464661942E-001 -6.329612761713E-001
  2.388941456809E-001  3.797074350078E-003  8.054533643584E-002  2.282736990557E-001 -6.237574361755E-001
  2.427121947345E-001  3.839091875711E-003  8.141237243317E-002  2.259095952086E-001 -6.146602589078E-001
  2.465724667110E-001  3.881521240686E-003  8.227988762704E-002  2.235542574178E-001 -6.056704521754E-001
  2.504753766009E-001  3.924368764227E-003  8.314780942911E-002  2.212077795926E-001 -5.967886505778E-001
  2.544213457654E-001  3.967640869177E-003  8.401606520664E-002  2.188702468586E-001 -5.880154151333E-001
  2.584108020414E-001  4.011344084122E-003  8.488458224844E-002  2.165417356410E-001 -5.793512329635E-001
  2.624441798480E-001  4.055485045557E-003  8.575328772948E-002  2.142223137589E-001 -5.707965170350E-001
  2.665219202956E-001  4.100070500102E-003  8.662210867411E-002  2.119120405307E-001 -5.623516059609E-001
  2.706444712976E-001  4.145107306769E-003  8.749097191802E-002  2.096109668920E-001 -5.540167638639E-001
  2.748122876832E-001  4.190602439283E-003  8.835980406884E-002  2.073191355237E-001 -5.457921803019E-001
  2.790258313137E-001  4.236562988450E-003  8.922853146546E-002  2.050365809926E-001 -5.376779702579E-001
  2.832855712010E-001  4.282996164587E-003  9.009708013618E-002  2.027633299042E-001 -5.296741741962E-001
  2.875919836279E-001  4.329909300005E-003  9.096537575557E-002  2.004994010665E-001 -5.217807581860E-001
  2.919455522717E-001  4.377309851548E-003  9.183334360018E-002  1.982448056667E-001 -5.139976140935E-001
  2.963467683296E-001  4.425205403192E-003  9.270090850316E-002  1.959995474593E-001 -5.063245598452E-001
  3.007961306479E-001  4.473603668706E-003  9.356799480778E-002  1.937636229672E-001 -4.987613397623E-001
  3.052941458522E-001  4.522512494374E-003  9.443452631986E-002  1.915370216941E-001 -4.913076249685E-001
  3.098413284823E-001  4.571939861783E-003  9.530042625936E-002  1.893197263498E-001 -4.839630138730E-001
  3.144382011281E-001  4.621893890671E-003  9.616561721090E-002  1.871117130874E-001 -4.767270327281E-001
  3.190852945695E-001  4.672382841850E-003  9.703002107356E-002  1.849129517528E-001 -4.695991362650E-001
  3.237831479192E-001  4.723415120192E-003  9.789355900982E-002  1.827234061466E-001 -4.625787084075E-001
  3.285323087679E-001  4.774999277691E-003  9.875615139381E-002  1.805430342975E-001 -4.556650630644E-001
  3.333333333333E-001  4.827144016591E-003  9.961771775895E-002  1.783717887487E-001 -4.488574450037E-001
  3.381867866117E-001  4.879858192602E-003  1.004781767450E-001  1.762096168553E-001 -4.421550308069E-001
  3.430932425333E-001  4.933150818173E-003  1.013374460449E-001  1.740564610941E-001 -4.355569299061E-001
  3.480532841203E-001  4.987031065868E-003  1.021954423505E-001  1.719122593851E-001 -4.290621857045E-001
  3.530675036492E-001  5.041508271801E-003  1.030520812991E-001  1.697769454241E-001 -4.226697767803E-001
  3.581365028158E-001  5.096591939172E-003  1.039072774191E-001  1.676504490271E-001 -4.163786181750E-001
  3.632608929041E-001  5.152291741875E-003  1.047609440758E-001  1.655326964852E-001 -4.101875627674E-001
  3.684412949588E-001  5.208617528209E-003  1.056129934170E-001  1.634236109309E-001 -4.040954027325E-001
  3.736783399619E-001  5.265579324662E-003  1.064633363196E-001  1.613231127145E-001 -3.981008710859E-001
  3.789726690123E-001  5.323187339805E-003  1.073118823353E-001  1.592311197908E-001 -3.922026433150E-001
  3.843249335105E-001  5.381451968273E-003  1.081585396378E-001  1.571475481159E-001 -3.863993390958E-001
  3.897357953460E-001  5.440383794842E-003  1.090032149702E-001  1.550723120532E-001 -3.806895240952E-001
  3.952059270903E-001  5.499993598618E-003  1.098458135927E-001  1.530053247881E-001 -3.750717118604E-001
  4.007360121927E-001  5.560292357317E-003  1.106862392322E-001  1.509464987525E-001 -3.695443657925E-001
  4.063267451812E-001  5.621291251662E-003  1.115243940316E-001  1.488957460557E-001 -3.641059012061E-001
  4.119788318683E-001  5.683001669888E-003  1.123601785016E-001  1.468529789244E-001 -3.587546874724E-001
  4.176929895600E-001  5.745435212354E-003  1.131934914728E-001  1.448181101488E-001 -3.534890502470E-001
  4.234699472710E-001  5.808603696282E-003  1.140242300499E-001  1.427910535353E-001 -3.483072737790E-001
  4.293104459435E-001  5.872519160606E-003  1.148522895677E-001  1.407717243654E-001 -3.432076033034E-001
  4.352152386716E-001  5.937193870949E-003  1.156775635484E-001  1.387600398587E-001 -3.381882475115E-001
  4.411850909306E-001  6.002640324729E-003  1.164999436612E-001  1.367559196415E-001 -3.332473811023E-001
  4.472207808110E-001  6.068871256391E-003  1.173193196849E-001  1.347592862180E-001 -3.283831474091E-001
  4.533230992589E-001  6.135899642772E-003  1.181355794715E-001  1.327700654445E-001 -3.235936611022E-001
  4.594928503202E-001  6.203738708611E-003  1.189486089137E-001  1.307881870064E-001 -3.188770109642E-001
  4.657308513924E-001  6.272401932198E-003  1.197582919149E-001  1.288135848946E-001 -3.142312627366E-001
  4.720379334802E-001  6.341903051163E-003  1.205645103616E-001  1.268461978838E-001 -3.096544620335E-001
  4.784149414579E-001  6.412256068427E-003  1.213671441002E-001  1.248859700086E-001 -3.051446373219E-001
  4.848627343381E-001  6.483475258298E-003  1.221660709163E-001  1.229328510386E-001 -3.006998029639E-001
  4.913821855461E-001  6.555575172733E-003  1.229611665183E-001  1.209867969500E-001 -2.963179623175E-001
  4.979741832006E-001  6.628570647764E-003  1.237523045244E-001  1.190477703937E-001 -2.919971108948E-001
  5.046396304008E-001  6.702476810086E-003  1.245393564542E-001  1.171157411577E-001 -2.877352395704E-001
  5.113794455212E-001  6.777309083830E-003  1.253221917244E-001  1.151906866237E-001 -2.835303378393E-001
  5.181945625116E-001  6.853083197508E-003  1.261006776491E-001  1.132725922154E-001 -2.793803971179E-001
  5.250859312060E-001  6.929815191146E-003  1.268746794447E-001  1.113614518390E-001 -2.752834140851E-001
  5.320545176366E-001  7.007521423604E-003  1.276440602401E-001  1.094572683128E-001 -2.712373940574E-001
  5.391013043575E-001  7.086218580100E-003  1.284086810921E-001  1.075600537851E-001 -2.672403543943E-001
  5.462272907741E-001  7.165923679926E-003  1.291684010055E-001  1.056698301405E-001 -2.632903279280E-001
  5.534334934816E-001  7.246654084380E-003  1.299230769602E-001  1.037866293904E-001 -2.593853664125E-001
  5.607209466109E-001  7.328427504912E-003  1.306725639427E-001  1.019104940489E-001 -2.555235439850E-001
  5.680907021827E-001  7.411262011483E-003  1.314167149844E-001  1.000414774911E-001 -2.517029606359E-001
  5.755438304707E-001  7.495176041166E-003  1.321553812061E-001  9.817964429292E-002 -2.479217456782E-001
  5.830814203728E-001  7.580188406970E-003  1.328884118688E-001  9.632507055046E-002 -2.441780612125E-001
  5.907045797917E-001  7.666318306912E-003  1.336156544308E-001  9.447784417790E-002 -2.404701055791E-001
  5.984144360243E-001  7.753585333338E-003  1.343369546121E-001  9.263806518195E-002 -2.367961167901E-001
  6.062121361613E-001  7.842009482502E-003  1.350521564650E-001  9.080584591151E-002 -2.331543759355E-001
  6.140988474955E-001  7.931611164409E-003  1.357611024525E-001  8.898131128075E-002 -2.295432105545E-001
  6.220757579409E-001  8.022411212936E-003  1.364636335335E-001  8.716459896420E-002 -2.259609979641E-001
  6.301440764614E-001  8.114430896230E-003  1.371595892548E-001  8.535585956209E-002 -2.224061685385E-001
  6.383050335109E-001  8.207691927403E-003  1.378488078517E-001  8.355525673441E-002 -2.188772089291E-001
  6.465598814833E-001  8.302216475524E-003  1.385311263545E-001  8.176296730210E-002 -2.153726652179E-001
  6.549098951744E-001  8.398027176926E-003  1.392063807040E-001  7.997918131372E-002 -2.118911459954E-001
  6.633563722545E-001  8.495147146827E-003  1.398744058736E-001  7.820410207608E-002 -2.084313253536E-001
  6.719006337539E-001  8.593599991288E-003  1.405350359992E-001  7.643794614723E-002 -2.049919457860E-001
  6.805440245593E-001  8.693409819506E-003  1.411881045166E-001  7.468094329032E-002 -2.015718209849E-001
  6.892879139233E-001  8.794601256469E-003  1.418334443068E-001  7.293333638691E-002 -1.981698385262E-001
  6.981336959871E-001  8.897199455961E-003  1.424708878484E-001  7.119538130806E-002 -1.947849624337E-001
  7.070827903152E-001  9.001230113956E-003  1.431002673771E-001  6.946734674212E-002 -1.914162356115E-001
  7.161366424455E-001  9.106719482390E-003  1.437214150532E-001  6.774951397760E-002 -1.880627821371E-001
  7.252967244510E-001  9.213694383338E-003  1.443341631354E-001  6.604217664002E-002 -1.847238094034E-001
  7.345645355186E-001  9.322182223606E-003  1.449383441617E-001  6.434564038147E-002 -1.813986101015E-001
  7.439416025400E-001  9.432211009745E-003  1.455337911373E-001  6.266022252182E-002 -1.780865640336E-001
  7.534294807203E-001  9.543809363512E-003  1.461203377285E-001  6.098625164042E-002 -1.747871397478E-001
  7.630297542000E-001  9.657006537783E-003  1.466978184625E-001  5.932406711760E-002 -1.714998959836E-001
  7.727440366954E-001  9.771832432940E-003  1.472660689332E-001  5.767401862491E-002 -1.682244829192E-001
  7.825739721536E-001  9.888317613741E-003  1.478249260122E-001  5.603646556358E-002 -1.649606432128E-001
  7.925212354258E-001  1.000649332670E-002  1.483742280646E-001  5.441177645057E-002 -1.617082128260E-001
  8.025875329584E-001  1.012639151798E-002  1.489138151688E-001  5.280032825180E-002 -1.584671216231E-001
  8.127746035011E-001  1.024804485184E-002  1.494435293411E-001  5.120250566234E-002 -1.552373937358E-001
  8.230842188350E-001  1.037148672960E-002  1.499632147617E-001  4.961870033331E-002 -1.520191476861E-001
  8.335181845190E-001  1.049675130923E-002  1.504727180054E-001  4.804931004580E-002 -1.488125962587E-001
  8.440783406568E-001  1.062387352550E-002  1.509718882721E-001  4.649473783186E-002 -1.456180461160E-001
  8.547665626839E-001  1.075288911077E-002  1.514605776196E-001  4.495539104305E-002 -1.424358971473E-001
  8.655847621758E-001  1.088383461638E-002  1.519386411962E-001  4.343168036735E-002 -1.392666415476E-001
  8.765348876780E-001  1.101674743475E-002  1.524059374725E-001  4.192401879512E-002 -1.361108626177E-001
  8.876189255584E-001  1.115166582209E-002  1.528623284720E-001  4.043282053530E-002 -1.329692332816E-001
  8.988389008829E-001  1.128862892191E-002  1.533076799988E-001  3.895849988325E-002 -1.298425143157E-001
  9.101968783143E-001  1.142767678917E-002  1.537418618615E-001  3.750147004172E-002 -1.267315522855E-001
  9.216949630368E-001  1.156885041525E-002  1.541647480928E-001  3.606214189690E-002 -1.236372771874E-001
  9.333353017046E-001  1.171219175365E-002  1.545762171625E-001  3.464092275162E-002 -1.205606997914E-001
  9.451200834176E-001  1.185774374655E-002  1.549761521842E-001  3.323821501810E-002 -1.175029086847E-001
  9.570515407237E-001  1.200555035216E-002  1.553644411127E-001  3.185441487308E-002 -1.144650670144E-001
  9.691319506484E-001  1.215565657299E-002  1.557409769318E-001  3.048991087808E-002 -1.114484089292E-001
  9.813636357544E-001  1.230810848498E-002  1.561056578316E-001  2.914508256830E-002 -1.084542357234E-001
  9.937489652293E-001  1.246295326757E-002  1.564583873717E-001  2.782029901376E-002 -1.054839116825E-001
  1.006290356005E+000  1.262023923477E-002  1.567990746317E-001  2.651591735636E-002 -1.025388596365E-001
  1.018990273907E+000  1.278001586715E-002  1.571276343453E-001  2.523228132750E-002 -9.962055622493E-002
  1.031851234841E+000  1.294233384499E-002  1.574439870170E-001  2.396971975039E-002 -9.673052687843E-002
  1.044875806003E+000  1.310724508236E-002  1.577480590201E-001  2.272854503234E-002 -9.387034052618E-002
  1.058066607138E+000  1.327480276248E-002  1.580397826744E-001  2.150905165198E-002 -9.104160403618E-002
  1.071426311823E+000  1.344506137405E-002  1.583190963013E-001  2.031151464699E-002 -8.824595639938E-002
  1.084957648792E+000  1.361807674895E-002  1.585859442548E-001  1.913618810839E-002 -8.548506266877E-002
  1.098663403298E+000  1.379390610110E-002  1.588402769273E-001  1.798330368723E-002 -8.276060766659E-002
  1.112546418516E+000  1.397260806657E-002  1.590820507281E-001  1.685306912051E-002 -8.007428947405E-002
  1.126609596985E+000  1.415424274514E-002  1.593112280319E-001  1.574566678289E-002 -7.742781271957E-002
  1.140855902095E+000  1.433887174317E-002  1.595277770978E-001  1.466125227129E-002 -7.482288168322E-002
  1.155288359613E+000  1.452655821788E-002  1.597316719547E-001  1.359995302984E-002 -7.226119323630E-002
  1.169910059257E+000  1.471736692327E-002  1.599228922533E-001  1.256186702259E-002 -6.974442963693E-002
  1.184724156317E+000  1.491136425740E-002  1.601014230820E-001  1.154706146203E-002 -6.727425120381E-002
  1.199733873325E+000  1.510861831145E-002  1.602672547454E-001  1.055557160123E-002 -6.485228889192E-002
  1.214942501771E+000  1.530919892035E-002  1.604203825045E-001  9.587399598092E-003 -6.248013679569E-002
  1.230353403874E+000  1.551317771520E-002  1.605608062761E-001  8.642513459886E-003 -6.015934460625E-002
  1.245970014403E+000  1.572062817747E-002  1.606885302912E-001  7.720846076755E-003 -5.789141005125E-002
  1.261795842559E+000  1.593162569510E-002  1.608035627107E-001  6.822294352722E-003 -5.567777134700E-002
  1.277834473907E+000  1.614624762054E-002  1.609059151964E-001  5.946718442929E-003 -5.351979969383E-002
  1.294089572372E+000  1.636457333079E-002  1.609956024389E-001  5.093941105762E-003 -5.141879184730E-002
  1.310564882294E+000  1.658668428962E-002  1.610726416389E-001  4.263747178546E-003 -4.937596279867E-002
  1.327264230548E+000  1.681266411190E-002  1.611370519424E-001  3.455883185380E-003 -4.739243859927E-002
  1.344191528724E+000  1.704259863026E-002  1.611888538306E-001  2.670057085564E-003 -4.546924936459E-002
  1.361350775387E+000  1.727657596408E-002  1.612280684617E-001  1.905938170875E-003 -4.360732249444E-002
  1.378746058390E+000  1.751468659100E-002  1.612547169678E-001  1.163157119713E-003 -4.180747614641E-002
  1.396381557275E+000  1.775702342093E-002  1.612688197042E-001  4.413062158089E-004 -4.007041300058E-002
  1.414261545744E+000  1.800368187279E-002  1.612703954539E-001 -2.600602611552E-004 -3.839671435349E-002
  1.432390394201E+000  1.825475995395E-002  1.612594605876E-001 -9.414254661446E-004 -3.678683457972E-002
  1.450772572390E+000  1.851035834267E-002  1.612360281797E-001 -1.603309234201E-003 -3.524109599975E-002
  1.469412652102E+000  1.877058047342E-002  1.612001070826E-001 -2.246267134922E-003 -3.375968419198E-002
  1.488315309978E+000  1.903553262542E-002  1.611517009617E-001 -2.870889330860E-003 -3.234264378680E-002
  1.507485330398E+000  1.930532401444E-002  1.610908072913E-001 -3.477799235462E-003 -3.098987477990E-002
  1.526927608467E+000  1.958006688797E-002  1.610174163172E-001 -4.067651966983E-003 -2.970112940073E-002
  1.546647153093E+000  1.985987662391E-002  1.609315099862E-001 -4.641132595707E-003 -2.847600957136E-002
  1.566649090169E+000  2.014487183303E-002  1.608330608477E-001 -5.198954182786E-003 -2.731396498901E-002
  1.586938665861E+000  2.043517446518E-002  1.607220309308E-001 -5.741855610084E-003 -2.621429186411E-002
  1.607521250000E+000  2.073090991960E-002  1.605983706015E-001 -6.270599201520E-003 -2.517613234356E-002
  1.628402339588E+000  2.103220715932E-002  1.604620174047E-001 -6.785968137658E-003 -2.419847464642E-002
  1.649587562420E+000  2.133919883002E-002  1.603128948962E-001 -7.288763666556E-003 -2.328015393686E-002
  1.671082680832E+000  2.165202138333E-002  1.601509114717E-001 -7.779802115265E-003 -2.241985395584E-002
  1.692893595565E+000  2.197081520497E-002  1.599759591964E-001 -8.259911707810E-003 -2.161610943005E-002
  1.715026349769E+000  2.229572474776E-002  1.597879126459E-001 -8.729929196953E-003 -2.086730927278E-002
  1.737487133138E+000  2.262689866987E-002  1.595866277615E-001 -9.190696318634E-003 -2.017170058765E-002
  1.760282286187E+000  2.296448997842E-002  1.593719407310E-001 -9.643056079573E-003 -1.952739348168E-002
  1.783418304674E+000  2.330865617868E-002  1.591436669013E-001 -1.008784889014E-002 -1.893236669001E-002
  1.806901844175E+000  2.365955942924E-002  1.589015997320E-001 -1.052590855636E-002 -1.838447400935E-002
  1.830739724818E+000  2.401736670327E-002  1.586455097986E-001 -1.095805814652E-002 -1.788145153259E-002
  1.854938936184E+000  2.438224995616E-002  1.583751438557E-001 -1.138510574965E-002 -1.742092567135E-002
  1.879506642368E+000  2.475438629994E-002  1.580902239690E-001 -1.180784014491E-002 -1.700042194803E-002
  1.904450187236E+000  2.513395818467E-002  1.577904467264E-001 -1.222702640241E-002 -1.661737453291E-002
  1.929777099847E+000  2.552115358717E-002  1.574754825392E-001 -1.264340143795E-002 -1.626913649618E-002
  1.955495100083E+000  2.591616620741E-002  1.571449750430E-001 -1.305766954564E-002 -1.595299073867E-002
  1.981612104475E+000  2.631919567292E-002  1.567985406100E-001 -1.347049793388E-002 -1.566616155898E-002
  2.008136232230E+000  2.673044775156E-002  1.564357679824E-001 -1.388251229189E-002 -1.540582680860E-002
  2.035075811486E+000  2.715013457311E-002  1.560562180396E-001 -1.429429241509E-002 -1.516913058049E-002
  2.062439385788E+000  2.757847486001E-002  1.556594237080E-001 -1.470636791919E-002 -1.495319637035E-002
  2.090235720801E+000  2.801569416771E-002  1.552448900255E-001 -1.511921407379E-002 -1.475514064421E-002
  2.118473811262E+000  2.846202513514E-002  1.548120943702E-001 -1.553324778732E-002 -1.457208673983E-002
  2.147162888201E+000  2.891770774564E-002  1.543604868651E-001 -1.594882377603E-002 -1.440117902409E-002
  2.176312426413E+000  2.938298959899E-002  1.538894909664E-001 -1.636623095021E-002 -1.423959722322E-002
  2.205932152222E+000  2.985812619504E-002  1.533985042457E-001 -1.678568905128E-002 -1.408457083784E-002
  2.236032051522E+000  3.034338122938E-002  1.528868993758E-001 -1.720734557348E-002 -1.393339355044E-002
  2.266622378129E+000  3.083902690182E-002  1.523540253251E-001 -1.763127300385E-002 -1.378343752885E-002
  2.297713662445E+000  3.134534423818E-002  1.517992087706E-001 -1.805746641349E-002 -1.363216752617E-002
  2.329316720450E+000  3.186262342603E-002  1.512217557331E-001 -1.848584143278E-002 -1.347715467462E-002
  2.361442663038E+000  3.239116416519E-002  1.506209534411E-001 -1.891623264182E-002 -1.331608986910E-002
  2.394102905709E+000  3.293127603351E-002  1.499960724250E-001 -1.934839240614E-002 -1.314679663486E-002
  2.427309178642E+000  3.348327886897E-002  1.493463688462E-001 -1.978199018603E-002 -1.296724337349E-002
  2.461073537146E+000  3.404750316862E-002  1.486710870593E-001 -2.021661234562E-002 -1.277555488203E-002
  2.495408372530E+000  3.462429050548E-002  1.479694624081E-001 -2.065176248547E-002 -1.257002304132E-002
  2.530326423398E+000  3.521399396401E-002  1.472407242518E-001 -2.108686231965E-002 -1.234911657278E-002
  2.565840787378E+000  3.581697859546E-002  1.464840992165E-001 -2.152125311483E-002 -1.211148976572E-002
  2.601964933334E+000  3.643362189376E-002  1.456988146667E-001 -2.195419770582E-002 -1.185599008284E-002
  2.638712714049E+000  3.706431429322E-002  1.448841023865E-001 -2.238488309746E-002 -1.158166455652E-002
  2.676098379430E+000  3.770945968912E-002  1.440392024609E-001 -2.281242365905E-002 -1.128776489622E-002
  2.714136590232E+000  3.836947598236E-002  1.431633673435E-001 -2.323586491252E-002 -1.097375123471E-002
  2.752842432351E+000  3.904479564947E-002  1.422558660958E-001 -2.365418791098E-002 -1.063929445050E-002
  2.792231431696E+000  3.973586633921E-002  1.413159887799E-001 -2.406631419864E-002 -1.028427701371E-002
  2.832319569669E+000  4.044315149734E-002  1.403430509858E-001 -2.447111133836E-002 -9.908792313990E-003
  2.873123299289E+000  4.116713102086E-002  1.393363984705E-001 -2.486739898682E-002 -9.513142441232E-003
  2.914659561979E+000  4.190830194354E-002  1.382954118843E-001 -2.525395549199E-002 -9.097834402996E-003
  2.956945805065E+000  4.266717915414E-002  1.372195115587E-001 -2.562952498164E-002 -8.663574776182E-003
  3.000000000000E+000  4.344429614932E-002  1.361081623271E-001 -2.599282490565E-002 -8.211262805203E-003
  3.043840661365E+000  4.424020582308E-002  1.349608783470E-001 -2.634255398915E-002 -7.741981973848E-003
  3.088486866678E+000  4.505548129460E-002  1.337772278930E-001 -2.667740054776E-002 -7.256990093467E-003
  3.133958277047E+000  4.589071677685E-002  1.325568380857E-001 -2.699605111067E-002 -6.757707965791E-003
  3.180275158719E+000  4.674652848797E-002  1.312993995212E-001 -2.729719929182E-002 -6.245706694401E-003
  3.227458405560E+000  4.762355560797E-002  1.300046707665E-001 -2.757955484475E-002 -5.722693734419E-003
  3.275529562509E+000  4.852246128332E-002  1.286724826816E-001 -2.784185283173E-002 -5.190497785272E-003
  3.324510850077E+000  4.944393368200E-002  1.273027425331E-001 -2.808286283424E-002 -4.651052646011E-003
  3.374425189910E+000  5.038868710203E-002  1.258954378597E-001 -2.830139812773E-002 -4.106380166665E-003
  3.425296231502E+000  5.135746313639E-002  1.244506400540E-001 -2.849632474137E-002 -3.558572441982E-003
  3.477148380094E+000  5.235103189784E-002  1.229685076222E-001 -2.866657032109E-002 -3.009773405739E-003
  3.530006825834E+000  5.337019330676E-002  1.214492890887E-001 -2.881113271295E-002 -2.462159994063E-003
  3.583897574256E+000  5.441577844603E-002  1.198933255082E-001 -2.892908818369E-002 -1.917923054967E-003
  3.638847478148E+000  5.548865098670E-002  1.183010525574E-001 -2.901959919564E-002 -1.379248188185E-003
  3.694884270887E+000  5.658970868864E-002  1.166730021734E-001 -2.908192165501E-002 -8.482967042631E-004
  3.752036601308E+000  5.771988498079E-002  1.150098037143E-001 -2.911541155493E-002 -3.271868946170E-004
  3.810334070199E+000  5.888015062562E-002  1.133121846192E-001 -2.911953093843E-002  1.820241953446E-004
  3.869807268505E+000  6.007151547295E-002  1.115809705468E-001 -2.909385311145E-002  6.773582998984E-004
  3.930487817331E+000  6.129503030858E-002  1.098170849805E-001 -2.903806704140E-002  1.156932587872E-003
  3.992408409843E+000  6.255178880352E-002  1.080215482869E-001 -2.895198088429E-002  1.618975260111E-003
  4.055602855172E+000  6.384292957002E-002  1.061954762262E-001 -2.883552459086E-002  2.061839920568E-003
  4.120106124432E+000  6.516963833101E-002  1.043400779123E-001 -2.868875155150E-002  2.484018564129E-003
  4.185954398964E+000  6.653315021009E-002  1.024566532303E-001 -2.851183924920E-002  2.884153038882E-003
  4.253185120935E+000  6.793475214960E-002  1.005465897234E-001 -2.830508890083E-002  3.261044857422E-003
  4.321837046422E+000  6.937578546490E-002  9.861135896707E-002 -2.806892407801E-002  3.613663250821E-003
  4.391950301120E+000  7.085764854355E-002  9.665251245488E-002 -2.780388831103E-002  3.941151379962E-003
  4.463566438835E+000  7.238179969882E-002  9.467167702619E-002 -2.751064169142E-002  4.242830641621E-003
  4.536728502895E+000  7.394976018725E-002  9.267054987166E-002 -2.718995650149E-002  4.518203030862E-003
  4.611481090679E+000  7.556311740127E-002  9.065089315829E-002 -2.684271191169E-002  4.766951546522E-003
  4.687870421430E+000  7.722352824817E-002  8.861452832061E-002 -2.646988779923E-002  4.988938652550E-003
  4.765944407533E+000  7.893272272784E-002  8.656333006974E-002 -2.607255775346E-002  5.184202834203E-003
  4.845752729492E+000  8.069250772248E-002  8.449922017582E-002 -2.565188134533E-002  5.352953314356E-003
  4.927346914797E+000  8.250477101257E-002  8.242416108285E-002 -2.520909574877E-002  5.495563020787E-003
  5.010780420931E+000  8.437148553436E-002  8.034014941772E-002 -2.474550681193E-002  5.612559920018E-003
  5.096108722763E+000  8.629471389541E-002  7.824920945658E-002 -2.426247968462E-002  5.704616856551E-003
  5.183389404586E+000  8.827661316581E-002  7.615338661270E-002 -2.376142911569E-002  5.772540057727E-003
  5.272682257105E+000  9.031943996425E-002  7.405474100931E-002 -2.324380953932E-002  5.817256483525E-003
  5.364049379651E+000  9.242555585946E-002  7.195534119963E-002 -2.271110507334E-002  5.839800217025E-003
  5.457555287978E+000  9.459743310926E-002  6.985725809307E-002 -2.216481955403E-002  5.841298104571E-003
  5.553267027968E+000  9.683766076100E-002  6.776255914330E-002 -2.160646673199E-002  5.822954864610E-003
  5.651254295630E+000  9.914895113938E-002  6.567330284794E-002 -2.103756075087E-002  5.786037890416E-003
  5.751589563796E+000  1.015341467494E-001  6.359153360392E-002 -2.045960702624E-002  5.731861974289E-003
  5.854348215936E+000  1.039962276248E-001  6.151927695456E-002 -1.987409363486E-002  5.661774179140E-003
  5.959608687557E+000  1.065383191537E-001  5.945853525616E-002 -1.928248331554E-002  5.577139077602E-003
  6.067452615683E+000  1.091637004188E-001  5.741128378235E-002 -1.868620617144E-002  5.479324568934E-003
  6.177964996951E+000  1.118758130872E-001  5.537946727423E-002 -1.808665315065E-002  5.369688470147E-003
  6.291234354880E+000  1.146782708938E-001  5.336499693351E-002 -1.748517036672E-002  5.249566060085E-003
  6.407352916949E+000  1.175748697626E-001  5.136974784485E-002 -1.688305430455E-002  5.120258734038E-003
  6.526416802128E+000  1.205695986129E-001  4.939555680230E-002 -1.628154793924E-002  4.983023902107E-003
  6.648526219580E+000  1.236666509049E-001  4.744422050359E-002 -1.568183777696E-002  4.839066237525E-003
  6.773785679311E+000  1.268704369821E-001  4.551749406576E-002 -1.508505180828E-002  4.689530351965E-003
  6.902304215570E+000  1.301855972713E-001  4.361708980544E-002 -1.449225834497E-002  4.535494944182E-003
  7.034195623922E+000  1.336170164087E-001  4.174467621873E-002 -1.390446569310E-002  4.377968436821E-003
  7.169578712934E+000  1.371698383673E-001  3.990187708823E-002 -1.332262259787E-002  4.217886084601E-003
  7.308577571516E+000  1.408494826628E-001  3.809027063920E-002 -1.274761937909E-002  4.056108506184E-003
  7.451321853057E+000  1.446616617293E-001  3.631138866334E-002 -1.218028966260E-002  3.893421562576E-003
  7.597947077547E+000  1.486123995567E-001  3.456671552726E-002 -1.162141260076E-002  3.730537477768E-003
  7.748594953021E+000  1.527080516973E-001  3.285768698395E-002 -1.107171546648E-002  3.568097073144E-003
  7.903413717736E+000  1.569553267535E-001  3.118568870900E-002 -1.053187649927E-002  3.406672966796E-003
  8.062558504629E+000  1.613613094717E-001  2.955205448985E-002 -1.000252787958E-002  3.246773572818E-003
  8.226191729726E+000  1.659334855793E-001  2.795806400494E-002 -9.484258708623E-003  3.088847724416E-003
  8.394483506327E+000  1.706797685137E-001  2.640494014131E-002 -8.977617876255E-003  2.933289738697E-003
  8.567612086926E+000  1.756085282071E-001  2.489384581271E-002 -8.483116707318E-003  2.780444740447E-003
  8.745764335025E+000  1.807286221064E-001  2.342588025612E-002 -8.001231289345E-003  2.630614067092E-003
  8.929136229160E+000  1.860494286260E-001  2.200207480202E-002 -7.532404399108E-003  2.484060587282E-003
  9.117933401693E+000  1.915808832504E-001  2.062338813247E-002 -7.077046963325E-003  2.341013780677E-003
  9.312371715124E+000  1.973335175235E-001  1.929070106032E-002 -6.635539008494E-003  2.201674446086E-003
  9.512677878945E+000  2.033185011886E-001  1.800481088260E-002 -6.208230075985E-003  2.066218928315E-003
  9.719090110332E+000  2.095476877688E-001  1.676642538028E-002 -5.795439100312E-003  1.934802780067E-003
  9.931858842267E+000  2.160336639044E-001  1.557615655450E-002 -5.397453770207E-003  1.807563802959E-003
  1.015124748302E+001  2.227898028021E-001  1.443451420623E-002 -5.014529412836E-003  1.684624440066E-003
  1.037753323129E+001  2.298303221843E-001  1.334189948027E-002 -4.646887460539E-003  1.566093520220E-003
  1.061100795175E+001  2.371703471699E-001  1.229859850666E-002 -4.294713576032E-003  1.452067380507E-003
  1.085197911611E+001  2.448259785618E-001  1.130477628103E-002 -3.958155525482E-003  1.342630416866E-003
  1.110077081537E+001  2.528143670735E-001  1.036047093108E-002 -3.637320898814E-003  1.237855132580E-003
  1.135772484956E+001  2.611537940784E-001  9.465588518465E-003 -3.332274782651E-003  1.137801769994E-003
  1.162320190175E+001  2.698637595360E-001  8.619898524179E-003 -3.043037493278E-003  1.042517621447E-003
  1.189758280382E+001  2.789650778206E-001  7.823030160907E-003 -2.769582475157E-003  9.520361210388E-004
  1.218126990242E+001  2.884799822596E-001  7.074469648335E-003 -2.511834464837E-003  8.663758193582E-004
  1.247468853413E+001  2.984322392826E-001  6.373558577076E-003 -2.269668011285E-003  7.855393391180E-004
  1.277828862002E+001  3.088472731875E-001  5.719493474292E-003 -2.042906432098E-003  7.095124012213E-004
  1.309254639077E+001  3.197523026463E-001  5.111326669489E-003 -1.831321271554E-003  6.382629989773E-004
  1.341796625462E+001  3.311764902095E-001  4.547968542852E-003 -1.634632311752E-003  5.717407838646E-004
  1.375508282195E+001  3.431511062169E-001  4.028191221111E-003 -1.452508172913E-003  5.098767104574E-004
  1.410446310162E+001  3.557097086969E-001  3.550633767502E-003 -1.284567523967E-003  4.525829719017E-004
  1.446670888596E+001  3.688883410292E-001  3.113808893024E-003 -1.130380910517E-003  3.997532416494E-004
  1.484245934302E+001  3.827257493700E-001  2.716111195847E-003 -9.894731943929E-004  3.512632228579E-004
  1.523239383723E+001  3.972636220891E-001  2.355826914135E-003 -8.613265878281E-004  3.069714946304E-004
  1.563723500136E+001  4.125468537596E-001  2.031145154510E-003 -7.453842555298E-004  2.667206345270E-004
  1.605775208607E+001  4.286238365683E-001  1.740170533331E-003 -6.410544497091E-004  2.303385897186E-004
  1.649476461582E+001  4.455467823929E-001  1.480937140723E-003 -5.477151359594E-004  1.976402647256E-004
  1.694914638379E+001  4.633720792263E-001  1.251423707246E-003 -4.647190613594E-004  1.684292915917E-004
  1.742182982203E+001  4.821606861220E-001  1.049569820363E-003 -3.913992097524E-004  1.424999481313E-004
  1.791381078784E+001  5.019785714107E-001  8.732930023464E-004 -3.270745822910E-004  1.196391909455E-004
  1.842615381215E+001  5.228971995942E-001  7.205064236183E-004 -2.710562335781E-004  9.962877159448E-005
  1.895999786176E+001  5.449940730840E-001  5.891369867052E-004 -2.226534848033E-004  8.224740598172E-005
  1.951656267356E+001  5.683533358366E-001  4.771434776046E-004 -1.811802251196E-004  6.727296811197E-005
  2.009715572669E+001  5.930664469535E-001  3.825344456159E-004 -1.459612014254E-004  5.448467952597E-005
  2.070317992707E+001  6.192329335039E-001  3.033854423413E-004 -1.163381853156E-004  4.366526469033E-005
  2.133614208874E+001  6.469612332096E-001  2.378552288828E-004 -9.167589525665E-005  3.460304048147E-005
  2.199766230782E+001  6.763696392388E-001  1.842005507812E-004 -7.136754332571E-005  2.709390493723E-005
  2.268948433818E+001  7.075873612439E-001  1.407890865315E-004 -5.483987070097E-005  2.094318719439E-005
  2.341348709294E+001  7.407557189842E-001  1.061102007536E-004 -4.155753617225E-005  1.596731771181E-005
  2.417169741362E+001  7.760294874639E-001  7.878317967825E-005 -3.102672885524E-005  1.199527635094E-005
  2.496630426925E+001  8.135784155747E-001  5.756269562159E-005 -2.279789134022E-005  8.869776525672E-006
  2.579967457140E+001  8.535889438281E-001  4.134133787563E-005 -1.646746344175E-005  6.448147222617E-006
  2.667437081864E+001  8.962661510291E-001  2.914915711765E-005 -1.167858950810E-005  4.602881780551E-006
  2.759317081651E+001  9.418359647997E-001  2.015029383164E-005 -8.120772884111E-006  3.221833093342E-006
  2.855908975674E+001  9.905476768748E-001  1.363689083650E-005 -5.528507499824E-006  2.208049086839E-006
  2.957540498378E+001  1.042676811269E+000  9.020616375880E-006 -3.678965517078E-006  1.479259116726E-006
  3.064568382919E+001  1.098528402000E+000  5.822236705546E-006 -2.388867482615E-006  9.670400321650E-007
  3.177381495601E+001  1.158440747351E+000  3.659764993911E-006 -1.510702994322E-006  6.157083310415E-007
  3.296404372807E+001  1.222789720048E+000  2.235767180988E-006 -9.285010219815E-007  3.810001614466E-007
  3.422101220608E+001  1.291993727721E+000  1.324418501807E-006 -5.533659656084E-007  2.286120144399E-007
  3.554980447538E+001  1.366519436102E+000  7.588739805530E-007 -3.189958599094E-007  1.326802754717E-007
  3.695599813319E+001  1.446888389511E+000  4.194445467839E-007 -1.773823034249E-007  7.427647779347E-008
  3.844572291106E+001  1.533684690030E+000  2.229648008763E-007 -9.485933725657E-008  3.998712078744E-008
  4.002572758518E+001  1.627563929686E+000  1.136105584793E-007 -4.862435617712E-008  2.063321740283E-008
  4.170345654134E+001  1.729263610453E+000  5.528870948097E-008 -2.380357540831E-008  1.016710514341E-008
  4.348713762001E+001  1.839615336740E+000  2.559389913089E-008 -1.108378207284E-008  4.764852297119E-009
  4.538588318162E+001  1.959559126947E+000  1.121956500037E-008 -4.887027371175E-009  2.114329063608E-009
  4.740980671574E+001  2.090160267552E+000  4.634446559286E-009 -2.030260498822E-009  8.838976178747E-010
  4.957015778746E+001  2.232629229408E+000  1.793912165990E-009 -7.903233133284E-010  3.462022144534E-010
  5.187947869225E+001  2.388345286640E+000  6.467073224738E-010 -2.864987001242E-010  1.262617454298E-010
  5.435178690397E+001  2.558884630889E+000  2.156368754032E-010 -9.605232175290E-011  4.258213658339E-011
  5.700278828629E+001  2.746053966795E+000  6.599178047443E-011 -2.955294427262E-011  1.317754849271E-011
  5.985012714155E+001  2.951930820846E+000  1.837531764214E-011 -8.272287157156E-012  3.709500189232E-012
  6.291368055481E+001  3.178912111311E+000  4.610042964686E-012 -2.086061987606E-012  9.406167127793E-013
  6.621590623276E+001  3.429772933797E+000  1.030605384719E-012 -4.687010222878E-013  2.124786211411E-013
  6.978225524452E+001  3.707738044625E+000  2.027428922733E-013 -9.265705449480E-014  4.222489199120E-014
  7.364166388185E+001  4.016569212832E+000  3.459897933759E-014 -1.588810661698E-014  7.277274054614E-015
  7.782714245929E+001  4.360672516382E+000  5.039263067332E-015 -2.324862572033E-015  1.070127173449E-015
  8.237648351994E+001  4.745230855210E+000  6.148209742175E-016 -2.849342470496E-016  1.317827830139E-016
  8.733311794503E+001  5.176368549127E+000  6.150143431911E-017 -2.862795833519E-017  1.330191938452E-017
  9.274715535088E+001  5.661357031559E+000  4.920556139857E-018 -2.300229591145E-018  1.073590856142E-018
  9.867665554529E+001  6.208873552072E+000  3.059557350042E-019 -1.436182362306E-019  6.732162588913E-020
  1.051891916055E+002  6.829328764649E+000  1.429845992802E-020 -6.738697264738E-021  3.171992309636E-021
  1.123637836013E+002  7.535284543316E+000  4.829548528401E-022 -2.284916320327E-022  1.079870393505E-022
  1.202933069206E+002  8.341990973528E+000  1.125950740112E-023 -5.346892257709E-024  2.536776543173E-024
  1.290875131414E+002  9.268082166539E+000  1.715899514219E-025 -8.177739552007E-026  3.894289116820E-026
  1.388768482001E+002  1.033648575811E+001  1.602199879605E-027 -7.662290357422E-028  3.661869183097E-028
  1.498173177370E+002  1.157562284364E+001  8.483250972767E-030 -4.070482581812E-030  1.951978979502E-030
  1.620967411853E+002  1.302100699722E+001  2.320163950912E-032 -1.116825379953E-032  5.373234987412E-033
  1.759428668168E+002  1.471739812515E+001  2.927116224990E-035 -1.413289511070E-035  6.820873012654E-036
  1.916340085825E+002  1.672173748087E+001  1.483340021767E-038 -7.182874376835E-039  3.476986337754E-039
  2.095131417987E+002  1.910719757888E+001  2.545904351400E-042 -1.236255266344E-042  6.001323814684E-043
  2.300068054477E+002  2.196884699990E+001  1.196950314002E-046 -5.827646223550E-047  2.836646989525E-047
  2.536507797910E+002  2.543169216868E+001  1.180649315571E-051 -5.762776838339E-052  2.812268939646E-052
  2.811254638474E+002  2.966227967912E+001  1.741134292017E-057 -8.518835058550E-058  4.167337105238E-058
  3.133053780630E+002  3.488573552677E+001  2.483200785925E-064 -1.217700468735E-064  5.970537333445E-065
  3.513296254502E+002  4.141128389041E+001  1.941463643787E-072 -9.540752852684E-073  4.688046963632E-073
  3.967041014106E+002  4.967130404214E+001  3.927868732843E-082 -1.934102851050E-082  9.522867779655E-083
  4.514529193349E+002  6.028257212519E+001  7.494236366674E-094 -3.697124589485E-094  1.823787909330E-094
  5.183481233601E+002  7.414493328740E+001  3.383014205112E-108 -1.671860025497E-108  8.261825615194E-109
  6.012676077950E+002  9.260523890243E+001  5.218323065525E-126 -2.583045996747E-126  1.278552378525E-126
  7.057700503752E+002  1.177394213729E+002  1.715893262078E-148 -8.506337451183E-149  4.216812100915E-149
  8.400513767914E+002  1.528577972397E+002  2.009790192265E-177 -9.977015970231E-178  4.952712154075E-178
  1.016602135495E+003  2.034537342122E+002  1.639411110300E-215 -8.148585336150E-216  4.050153103526E-216
  1.255220715580E+003  2.790860613466E+002  4.726048003341E-267 -2.351711215908E-267  1.170217268868E-267
  1.588815776243E+003  3.973705897531E+002  0.000000000000E+000  0.000000000000E+000  0.000000000000E+000
  2.075392011604E+003  5.931596040112E+002  0.000000000000E+000  0.000000000000E+000  0.000000000000E+000
  2.825079847529E+003  9.419154890021E+002  0.000000000000E+000  0.000000000000E+000  0.000000000000E+000
  4.068408296184E+003  1.627629972033E+003  0.000000000000E+000  0.000000000000E+000  0.000000000000E+000
  6.357262947674E+003  3.178964796686E+003  0.000000000000E+000  0.000000000000E+000  0.000000000000E+000
  1.130231930164E+004  7.535323971013E+003  0.000000000000E+000  0.000000000000E+000  0.000000000000E+000
  2.543105175140E+004  2.543171841285E+004  0.000000000000E+000  0.000000000000E+000  0.000000000000E+000
  1.017262069958E+005  2.034537473226E+005  0.000000000000E+000  0.000000000000E+000  0.000000000000E+000
