# 1st line: number of mesh points
# abcissa weight wavefunction wavefunction_1st wavefunction_2nd
500
# Principal QN=   2 , l=   0 , Occupation=   1.0000
  9.830308526508E-006  1.966074589941E-005 -1.634869634547E+000  5.061428397031E+000 -1.570490313645E+001
  3.932200719717E-005  3.932303800261E-005 -1.634720371256E+000  5.060965257861E+000 -1.570320093292E+001
  8.847741541455E-005  5.898842277178E-005 -1.634471616413E+000  5.060193430330E+000 -1.570036424391E+001
  1.573003992804E-004  7.865844718600E-005 -1.634123395982E+000  5.059113021060E+000 -1.569639354468E+001
  2.457963722417E-004  9.833465899987E-005 -1.633675746310E+000  5.057724179298E+000 -1.569128950050E+001
  3.539722959954E-004  1.180186070023E-004 -1.633128714122E+000  5.056027096909E+000 -1.568505296657E+001
  4.818366816528E-004  1.377118412759E-004 -1.632482356523E+000  5.054022008340E+000 -1.567768498788E+001
  6.293995911626E-004  1.574159134560E-004 -1.631736740990E+000  5.051709190602E+000 -1.566918679909E+001
  7.966726389934E-004  1.771323769912E-004 -1.630891945366E+000  5.049088963229E+000 -1.565955982436E+001
  9.836689940782E-004  1.968627874036E-004 -1.629948057859E+000  5.046161688244E+000 -1.564880567712E+001
  1.190403382016E-003  2.166087025496E-004 -1.628905177035E+000  5.042927770109E+000 -1.563692615989E+001
  1.416892087541E-003  2.363716828821E-004 -1.627763411805E+000  5.039387655681E+000 -1.562392326400E+001
  1.663152957245E-003  2.561532917128E-004 -1.626522881428E+000  5.035541834154E+000 -1.560979916933E+001
  1.929205402573E-003  2.759550954757E-004 -1.625183715490E+000  5.031390836998E+000 -1.559455624402E+001
  2.215070403074E-003  2.957786639908E-004 -1.623746053908E+000  5.026935237895E+000 -1.557819704409E+001
  2.520770509919E-003  3.156255707300E-004 -1.622210046907E+000  5.022175652670E+000 -1.556072431316E+001
  2.846329849692E-003  3.354973930828E-004 -1.620575855021E+000  5.017112739209E+000 -1.554214098198E+001
  3.191774128432E-003  3.553957126240E-004 -1.618843649073E+000  5.011747197384E+000 -1.552245016811E+001
  3.557130635959E-003  3.753221153821E-004 -1.617013610168E+000  5.006079768960E+000 -1.550165517541E+001
  3.942428250463E-003  3.952781921092E-004 -1.615085929676E+000  5.000111237506E+000 -1.547975949361E+001
  4.347697443358E-003  4.152655385525E-004 -1.613060809223E+000  4.993842428298E+000 -1.545676679780E+001
  4.772970284417E-003  4.352857557265E-004 -1.610938460671E+000  4.987274208211E+000 -1.543268094795E+001
  5.218280447175E-003  4.553404501876E-004 -1.608719106109E+000  4.980407485613E+000 -1.540750598829E+001
  5.683663214611E-003  4.754312343099E-004 -1.606402977829E+000  4.973243210252E+000 -1.538124614682E+001
  6.169155485101E-003  4.955597265624E-004 -1.603990318318E+000  4.965782373130E+000 -1.535390583462E+001
  6.674795778653E-003  5.157275517886E-004 -1.601481380232E+000  4.958026006385E+000 -1.532548964529E+001
  7.200624243425E-003  5.359363414876E-004 -1.598876426384E+000  4.949975183153E+000 -1.529600235423E+001
  7.746682662519E-003  5.561877340970E-004 -1.596175729721E+000  4.941631017432E+000 -1.526544891798E+001
  8.313014461060E-003  5.764833752781E-004 -1.593379573305E+000  4.932994663944E+000 -1.523383447352E+001
  8.899664713569E-003  5.968249182030E-004 -1.590488250292E+000  4.924067317978E+000 -1.520116433746E+001
  9.506680151615E-003  6.172140238444E-004 -1.587502063909E+000  4.914850215242E+000 -1.516744400532E+001
  1.013410917176E-002  6.376523612666E-004 -1.584421327434E+000  4.905344631700E+000 -1.513267915067E+001
  1.078200184380E-002  6.581416079202E-004 -1.581246364171E+000  4.895551883406E+000 -1.509687562436E+001
  1.145040991929E-002  6.786834499385E-004 -1.577977507424E+000  4.885473326330E+000 -1.506003945355E+001
  1.213938684040E-002  6.992795824361E-004 -1.574615100475E+000  4.875110356182E+000 -1.502217684092E+001
  1.284898774901E-002  7.199317098113E-004 -1.571159496555E+000  4.864464408228E+000 -1.498329416367E+001
  1.357926949620E-002  7.406415460502E-004 -1.567611058820E+000  4.853536957095E+000 -1.494339797255E+001
  1.433029065191E-002  7.614108150341E-004 -1.563970160321E+000  4.842329516579E+000 -1.490249499091E+001
  1.510211151509E-002  7.822412508494E-004 -1.560237183973E+000  4.830843639441E+000 -1.486059211367E+001
  1.589479412397E-002  8.031345981016E-004 -1.556412522533E+000  4.819080917195E+000 -1.481769640621E+001
  1.670840226680E-002  8.240926122311E-004 -1.552496578560E+000  4.807042979898E+000 -1.477381510333E+001
  1.754300149280E-002  8.451170598329E-004 -1.548489764391E+000  4.794731495921E+000 -1.472895560813E+001
  1.839865912351E-002  8.662097189796E-004 -1.544392502104E+000  4.782148171728E+000 -1.468312549081E+001
  1.927544426443E-002  8.873723795480E-004 -1.540205223487E+000  4.769294751635E+000 -1.463633248752E+001
  2.017342781695E-002  9.086068435487E-004 -1.535928370003E+000  4.756173017574E+000 -1.458858449911E+001
  2.109268249069E-002  9.299149254598E-004 -1.531562392752E+000  4.742784788843E+000 -1.453988958992E+001
  2.203328281612E-002  9.512984525641E-004 -1.527107752441E+000  4.729131921848E+000 -1.449025598643E+001
  2.299530515754E-002  9.727592652906E-004 -1.522564919341E+000  4.715216309850E+000 -1.443969207595E+001
  2.397882772639E-002  9.942992175591E-004 -1.517934373252E+000  4.701039882689E+000 -1.438820640530E+001
  2.498393059493E-002  1.015920177130E-003 -1.513216603460E+000  4.686604606514E+000 -1.433580767936E+001
  2.601069571024E-002  1.037624025957E-003 -1.508412108704E+000  4.671912483503E+000 -1.428250475967E+001
  2.705920690860E-002  1.059412660547E-003 -1.503521397125E+000  4.656965551567E+000 -1.422830666295E+001
  2.812954993023E-002  1.081287992318E-003 -1.498544986233E+000  4.641765884065E+000 -1.417322255962E+001
  2.922181243436E-002  1.103251947969E-003 -1.493483402857E+000  4.626315589493E+000 -1.411726177221E+001
  3.033608401473E-002  1.125306469854E-003 -1.488337183105E+000  4.610616811181E+000 -1.406043377384E+001
  3.147245621542E-002  1.147453516351E-003 -1.483106872316E+000  4.594671726972E+000 -1.400274818656E+001
  3.263102254705E-002  1.169695062249E-003 -1.477793025014E+000  4.578482548902E+000 -1.394421477974E+001
  3.381187850339E-002  1.192033099133E-003 -1.472396204861E+000  4.562051522865E+000 -1.388484346833E+001
  3.501512157837E-002  1.214469635775E-003 -1.466916984610E+000  4.545380928279E+000 -1.382464431119E+001
  3.624085128345E-002  1.237006698530E-003 -1.461355946052E+000  4.528473077742E+000 -1.376362750927E+001
  3.748916916538E-002  1.259646331739E-003 -1.455713679968E+000  4.511330316671E+000 -1.370180340384E+001
  3.876017882444E-002  1.282390598136E-003 -1.449990786073E+000  4.493955022952E+000 -1.363918247462E+001
  4.005398593302E-002  1.305241579266E-003 -1.444187872970E+000  4.476349606567E+000 -1.357577533794E+001
  4.137069825459E-002  1.328201375897E-003 -1.438305558090E+000  4.458516509219E+000 -1.351159274476E+001
  4.271042566323E-002  1.351272108452E-003 -1.432344467638E+000  4.440458203951E+000 -1.344664557874E+001
  4.407328016341E-002  1.374455917436E-003 -1.426305236539E+000  4.422177194756E+000 -1.338094485423E+001
  4.545937591035E-002  1.397754963880E-003 -1.420188508378E+000  4.403676016179E+000 -1.331450171424E+001
  4.686882923075E-002  1.421171429779E-003 -1.413994935341E+000  4.384957232911E+000 -1.324732742830E+001
  4.830175864396E-002  1.444707518548E-003 -1.407725178158E+000  4.366023439377E+000 -1.317943339042E+001
  4.975828488365E-002  1.468365455478E-003 -1.401379906040E+000  4.346877259315E+000 -1.311083111684E+001
  5.123853091993E-002  1.492147488203E-003 -1.394959796618E+000  4.327521345346E+000 -1.304153224387E+001
  5.274262198188E-002  1.516055887169E-003 -1.388465535878E+000  4.307958378542E+000 -1.297154852563E+001
  5.427068558066E-002  1.540092946119E-003 -1.381897818097E+000  4.288191067978E+000 -1.290089183173E+001
  5.582285153302E-002  1.564260982573E-003 -1.375257345779E+000  4.268222150281E+000 -1.282957414498E+001
  5.739925198530E-002  1.588562338332E-003 -1.368544829588E+000  4.248054389171E+000 -1.275760755895E+001
  5.900002143803E-002  1.612999379973E-003 -1.361760988278E+000  4.227690574995E+000 -1.268500427563E+001
  6.062529677088E-002  1.637574499364E-003 -1.354906548624E+000  4.207133524250E+000 -1.261177660287E+001
  6.227521726827E-002  1.662290114181E-003 -1.347982245356E+000  4.186386079099E+000 -1.253793695197E+001
  6.394992464542E-002  1.687148668440E-003 -1.340988821080E+000  4.165451106882E+000 -1.246349783504E+001
  6.564956307496E-002  1.712152633027E-003 -1.333927026211E+000  4.144331499614E+000 -1.238847186249E+001
  6.737427921404E-002  1.737304506249E-003 -1.326797618899E+000  4.123030173484E+000 -1.231287174031E+001
  6.912422223211E-002  1.762606814387E-003 -1.319601364949E+000  4.101550068334E+000 -1.223671026746E+001
  7.089954383907E-002  1.788062112257E-003 -1.312339037751E+000  4.079894147139E+000 -1.216000033311E+001
  7.270039831418E-002  1.813672983787E-003 -1.305011418197E+000  4.058065395479E+000 -1.208275491388E+001
  7.452694253540E-002  1.839442042599E-003 -1.297619294605E+000  4.036066820996E+000 -1.200498707102E+001
  7.637933600943E-002  1.865371932600E-003 -1.290163462640E+000  4.013901452852E+000 -1.192670994756E+001
  7.825774090225E-002  1.891465328589E-003 -1.282644725230E+000  3.991572341174E+000 -1.184793676543E+001
  8.016232207035E-002  1.917724936867E-003 -1.275063892486E+000  3.969082556492E+000 -1.176868082250E+001
  8.209324709253E-002  1.944153495867E-003 -1.267421781617E+000  3.946435189169E+000 -1.168895548956E+001
  8.405068630235E-002  1.970753776782E-003 -1.259719216849E+000  3.923633348828E+000 -1.160877420738E+001
  8.603481282122E-002  1.997528584221E-003 -1.251957029332E+000  3.900680163761E+000 -1.152815048355E+001
  8.804580259214E-002  2.024480756857E-003 -1.244136057062E+000  3.877578780345E+000 -1.144709788940E+001
  9.008383441408E-002  2.051613168108E-003 -1.236257144783E+000  3.854332362435E+000 -1.136563005686E+001
  9.214908997710E-002  2.078928726810E-003 -1.228321143909E+000  3.830944090763E+000 -1.128376067522E+001
  9.424175389809E-002  2.106430377918E-003 -1.220328912423E+000  3.807417162318E+000 -1.120150348792E+001
  9.636201375725E-002  2.134121103210E-003 -1.212281314791E+000  3.783754789732E+000 -1.111887228923E+001
  9.851006013526E-002  2.162003922007E-003 -1.204179221871E+000  3.759960200644E+000 -1.103588092096E+001
  1.006860866512E-001  2.190081891910E-003 -1.196023510814E+000  3.736036637068E+000 -1.095254326908E+001
  1.028902900012E-001  2.218358109541E-003 -1.187815064973E+000  3.711987354749E+000 -1.086887326028E+001
  1.051228699979E-001  2.246835711311E-003 -1.179554773806E+000  3.687815622515E+000 -1.078488485858E+001
  1.073840296104E-001  2.275517874190E-003 -1.171243532779E+000  3.663524721619E+000 -1.070059206175E+001
  1.096739750056E-001  2.304407816497E-003 -1.162882243267E+000  3.639117945079E+000 -1.061600889790E+001
  1.119929155896E-001  2.333508798707E-003 -1.154471812457E+000  3.614598597002E+000 -1.053114942177E+001
  1.143410640503E-001  2.362824124271E-003 -1.146013153248E+000  3.589969991917E+000 -1.044602771127E+001
  1.167186364011E-001  2.392357140448E-003 -1.137507184147E+000  3.565235454086E+000 -1.036065786369E+001
  1.191258520249E-001  2.422111239159E-003 -1.128954829169E+000  3.540398316819E+000 -1.027505399215E+001
  1.215629337189E-001  2.452089857854E-003 -1.120357017736E+000  3.515461921782E+000 -1.018923022178E+001
  1.240301077413E-001  2.482296480400E-003 -1.111714684568E+000  3.490429618292E+000 -1.010320068600E+001
  1.265276038575E-001  2.512734637975E-003 -1.103028769584E+000  3.465304762618E+000 -1.001697952277E+001
  1.290556553882E-001  2.543407909995E-003 -1.094300217792E+000  3.440090717266E+000 -9.930580870700E+000
  1.316144992580E-001  2.574319925047E-003 -1.085529979185E+000  3.414790850269E+000 -9.844018865240E+000
  1.342043760450E-001  2.605474361847E-003 -1.076719008633E+000  3.389408534458E+000 -9.757307634773E+000
  1.368255300316E-001  2.636874950214E-003 -1.067868265772E+000  3.363947146747E+000 -9.670461296704E+000
  1.394782092560E-001  2.668525472060E-003 -1.058978714901E+000  3.338410067396E+000 -9.583493953507E+000
  1.421626655646E-001  2.700429762411E-003 -1.050051324866E+000  3.312800679282E+000 -9.496419688752E+000
  1.448791546661E-001  2.732591710434E-003 -1.041087068956E+000  3.287122367159E+000 -9.409252563096E+000
  1.476279361856E-001  2.765015260497E-003 -1.032086924785E+000  3.261378516917E+000 -9.322006610258E+000
  1.504092737207E-001  2.797704413242E-003 -1.023051874186E+000  3.235572514838E+000 -9.234695832960E+000
  1.532234348983E-001  2.830663226680E-003 -1.013982903095E+000  3.209707746851E+000 -9.147334198852E+000
  1.560706914324E-001  2.863895817319E-003 -1.004881001441E+000  3.183787597775E+000 -9.059935636407E+000
  1.589513191834E-001  2.897406361298E-003 -9.957471630298E-001  3.157815450571E+000 -8.972514030809E+000
  1.618655982178E-001  2.931199095559E-003 -9.865823854318E-001  3.131794685586E+000 -8.885083219805E+000
  1.648138128702E-001  2.965278319033E-003 -9.773876698669E-001  3.105728679796E+000 -8.797656989557E+000
  1.677962518056E-001  2.999648393860E-003 -9.681640210896E-001  3.079620806045E+000 -8.710249070464E+000
  1.708132080832E-001  3.034313746623E-003 -9.589124472741E-001  3.053474432288E+000 -8.622873132984E+000
  1.738649792215E-001  3.069278869616E-003 -9.496339598982E-001  3.027292920829E+000 -8.535542783434E+000
  1.769518672648E-001  3.104548322136E-003 -9.403295736276E-001  3.001079627562E+000 -8.448271559784E+000
  1.800741788507E-001  3.140126731803E-003 -9.310003061996E-001  2.974837901206E+000 -8.361072927447E+000
  1.832322252791E-001  3.176018795904E-003 -9.216471783066E-001  2.948571082547E+000 -8.273960275058E+000
  1.864263225826E-001  3.212229282769E-003 -9.122712134795E-001  2.922282503678E+000 -8.186946910253E+000
  1.896567915983E-001  3.248763033179E-003 -9.028734379711E-001  2.895975487239E+000 -8.100046055444E+000
  1.929239580409E-001  3.285624961791E-003 -8.934548806386E-001  2.869653345660E+000 -8.013270843600E+000
  1.962281525771E-001  3.322820058613E-003 -8.840165728274E-001  2.843319380406E+000 -7.926634314026E+000
  1.995697109023E-001  3.360353390492E-003 -8.745595482536E-001  2.816976881222E+000 -7.840149408154E+000
  2.029489738173E-001  3.398230102644E-003 -8.650848428872E-001  2.790629125388E+000 -7.753828965334E+000
  2.063662873085E-001  3.436455420218E-003 -8.555934948353E-001  2.764279376965E+000 -7.667685718649E+000
  2.098220026275E-001  3.475034649885E-003 -8.460865442254E-001  2.737930886059E+000 -7.581732290729E+000
  2.133164763746E-001  3.513973181471E-003 -8.365650330886E-001  2.711586888079E+000 -7.495981189593E+000
  2.168500705817E-001  3.553276489620E-003 -8.270300052433E-001  2.685250603002E+000 -7.410444804507E+000
  2.204231527988E-001  3.592950135496E-003 -8.174825061794E-001  2.658925234650E+000 -7.325135401859E+000
  2.240360961807E-001  3.632999768520E-003 -8.079235829419E-001  2.632613969961E+000 -7.240065121071E+000
  2.276892795770E-001  3.673431128145E-003 -7.983542840159E-001  2.606319978275E+000 -7.155245970525E+000
  2.313830876220E-001  3.714250045674E-003 -7.887756592117E-001  2.580046410629E+000 -7.070689823534E+000
  2.351179108282E-001  3.755462446115E-003 -7.791887595493E-001  2.553796399046E+000 -6.986408414338E+000
  2.388941456809E-001  3.797074350078E-003 -7.695946371451E-001  2.527573055850E+000 -6.902413334140E+000
  2.427121947345E-001  3.839091875711E-003 -7.599943450980E-001  2.501379472975E+000 -6.818716027190E+000
  2.465724667110E-001  3.881521240686E-003 -7.503889373759E-001  2.475218721290E+000 -6.735327786901E+000
  2.504753766009E-001  3.924368764227E-003 -7.407794687038E-001  2.449093849930E+000 -6.652259752026E+000
  2.544213457654E-001  3.967640869177E-003 -7.311669944515E-001  2.423007885644E+000 -6.569522902876E+000
  2.584108020414E-001  4.011344084122E-003 -7.215525705227E-001  2.396963832144E+000 -6.487128057601E+000
  2.624441798480E-001  4.055485045557E-003 -7.119372532442E-001  2.370964669470E+000 -6.405085868527E+000
  2.665219202956E-001  4.100070500102E-003 -7.023220992563E-001  2.345013353372E+000 -6.323406818549E+000
  2.706444712976E-001  4.145107306769E-003 -6.927081654041E-001  2.319112814694E+000 -6.242101217605E+000
  2.748122876832E-001  4.190602439283E-003 -6.830965086286E-001  2.293265958777E+000 -6.161179199204E+000
  2.790258313137E-001  4.236562988450E-003 -6.734881858601E-001  2.267475664878E+000 -6.080650717038E+000
  2.832855712010E-001  4.282996164587E-003 -6.638842539112E-001  2.241744785598E+000 -6.000525541668E+000
  2.875919836279E-001  4.329909300005E-003 -6.542857693714E-001  2.216076146324E+000 -5.920813257291E+000
  2.919455522717E-001  4.377309851548E-003 -6.446937885023E-001  2.190472544692E+000 -5.841523258598E+000
  2.963467683296E-001  4.425205403192E-003 -6.351093671335E-001  2.164936750064E+000 -5.762664747710E+000
  3.007961306479E-001  4.473603668706E-003 -6.255335605600E-001  2.139471503014E+000 -5.684246731224E+000
  3.052941458522E-001  4.522512494374E-003 -6.159674234400E-001  2.114079514842E+000 -5.606278017341E+000
  3.098413284823E-001  4.571939861783E-003 -6.064120096938E-001  2.088763467099E+000 -5.528767213102E+000
  3.144382011281E-001  4.621893890671E-003 -5.968683724037E-001  2.063526011129E+000 -5.451722721736E+000
  3.190852945695E-001  4.672382841850E-003 -5.873375637146E-001  2.038369767634E+000 -5.375152740105E+000
  3.237831479192E-001  4.723415120192E-003 -5.778206347358E-001  2.013297326254E+000 -5.299065256274E+000
  3.285323087679E-001  4.774999277691E-003 -5.683186354436E-001  1.988311245169E+000 -5.223468047195E+000
  3.333333333333E-001  4.827144016591E-003 -5.588326145844E-001  1.963414050719E+000 -5.148368676509E+000
  3.381867866117E-001  4.879858192602E-003 -5.493636195795E-001  1.938608237045E+000 -5.073774492480E+000
  3.430932425333E-001  4.933150818173E-003 -5.399126964297E-001  1.913896265750E+000 -4.999692626060E+000
  3.480532841203E-001  4.987031065868E-003 -5.304808896213E-001  1.889280565585E+000 -4.926129989079E+000
  3.530675036492E-001  5.041508271801E-003 -5.210692420332E-001  1.864763532151E+000 -4.853093272583E+000
  3.581365028158E-001  5.096591939172E-003 -5.116787948435E-001  1.840347527626E+000 -4.780588945309E+000
  3.632608929041E-001  5.152291741875E-003 -5.023105874381E-001  1.816034880517E+000 -4.708623252305E+000
  3.684412949588E-001  5.208617528209E-003 -4.929656573187E-001  1.791827885425E+000 -4.637202213703E+000
  3.736783399619E-001  5.265579324662E-003 -4.836450400124E-001  1.767728802847E+000 -4.566331623641E+000
  3.789726690123E-001  5.323187339805E-003 -4.743497689809E-001  1.743739858988E+000 -4.496017049345E+000
  3.843249335105E-001  5.381451968273E-003 -4.650808755304E-001  1.719863245603E+000 -4.426263830369E+000
  3.897357953460E-001  5.440383794842E-003 -4.558393887216E-001  1.696101119865E+000 -4.357077077998E+000
  3.952059270903E-001  5.499993598618E-003 -4.466263352803E-001  1.672455604246E+000 -4.288461674823E+000
  4.007360121927E-001  5.560292357317E-003 -4.374427395075E-001  1.648928786438E+000 -4.220422274476E+000
  4.063267451812E-001  5.621291251662E-003 -4.282896231898E-001  1.625522719279E+000 -4.152963301547E+000
  4.119788318683E-001  5.683001669888E-003 -4.191680055093E-001  1.602239420719E+000 -4.086088951674E+000
  4.176929895600E-001  5.745435212354E-003 -4.100789029538E-001  1.579080873804E+000 -4.019803191808E+000
  4.234699472710E-001  5.808603696282E-003 -4.010233292258E-001  1.556049026677E+000 -3.954109760663E+000
  4.293104459435E-001  5.872519160606E-003 -3.920022951514E-001  1.533145792613E+000 -3.889012169345E+000
  4.352152386716E-001  5.937193870949E-003 -3.830168085881E-001  1.510373050074E+000 -3.824513702170E+000
  4.411850909306E-001  6.002640324729E-003 -3.740678743324E-001  1.487732642784E+000 -3.760617417669E+000
  4.472207808110E-001  6.068871256391E-003 -3.651564940251E-001  1.465226379827E+000 -3.697326149773E+000
  4.533230992589E-001  6.135899642772E-003 -3.562836660565E-001  1.442856035777E+000 -3.634642509202E+000
  4.594928503202E-001  6.203738708611E-003 -3.474503854693E-001  1.420623350835E+000 -3.572568885031E+000
  4.657308513924E-001  6.272401932198E-003 -3.386576438606E-001  1.398530030998E+000 -3.511107446459E+000
  4.720379334802E-001  6.341903051163E-003 -3.299064292810E-001  1.376577748250E+000 -3.450260144761E+000
  4.784149414579E-001  6.412256068427E-003 -3.211977261326E-001  1.354768140765E+000 -3.390028715439E+000
  4.848627343381E-001  6.483475258298E-003 -3.125325150638E-001  1.333102813137E+000 -3.330414680565E+000
  4.913821855461E-001  6.555575172733E-003 -3.039117728626E-001  1.311583336626E+000 -3.271419351307E+000
  4.979741832006E-001  6.628570647764E-003 -2.953364723460E-001  1.290211249426E+000 -3.213043830661E+000
  5.046396304008E-001  6.702476810086E-003 -2.868075822467E-001  1.268988056942E+000 -3.155289016361E+000
  5.113794455212E-001  6.777309083830E-003 -2.783260670969E-001  1.247915232093E+000 -3.098155603980E+000
  5.181945625116E-001  6.853083197508E-003 -2.698928871081E-001  1.226994215624E+000 -3.041644090223E+000
  5.250859312060E-001  6.929815191146E-003 -2.615089980473E-001  1.206226416437E+000 -2.985754776397E+000
  5.320545176366E-001  7.007521423604E-003 -2.531753511085E-001  1.185613211928E+000 -2.930487772067E+000
  5.391013043575E-001  7.086218580100E-003 -2.448928927805E-001  1.165155948341E+000 -2.875842998885E+000
  5.462272907741E-001  7.165923679926E-003 -2.366625647098E-001  1.144855941135E+000 -2.821820194603E+000
  5.534334934816E-001  7.246654084380E-003 -2.284853035584E-001  1.124714475351E+000 -2.768418917248E+000
  5.607209466109E-001  7.328427504912E-003 -2.203620408562E-001  1.104732805994E+000 -2.715638549463E+000
  5.680907021827E-001  7.411262011483E-003 -2.122937028482E-001  1.084912158421E+000 -2.663478303016E+000
  5.755438304707E-001  7.495176041166E-003 -2.042812103353E-001  1.065253728724E+000 -2.611937223456E+000
  5.830814203728E-001  7.580188406970E-003 -1.963254785099E-001  1.045758684127E+000 -2.561014194925E+000
  5.907045797917E-001  7.666318306912E-003 -1.884274167838E-001  1.026428163378E+000 -2.510707945105E+000
  5.984144360243E-001  7.753585333338E-003 -1.805879286104E-001  1.007263277140E+000 -2.461017050313E+000
  6.062121361613E-001  7.842009482502E-003 -1.728079112992E-001  9.882651083757E-001 -2.411939940708E+000
  6.140988474955E-001  7.931611164409E-003 -1.650882558234E-001  9.694347127357E-001 -2.363474905632E+000
  6.220757579409E-001  8.022411212936E-003 -1.574298466201E-001  9.507731189294E-001 -2.315620099054E+000
  6.301440764614E-001  8.114430896230E-003 -1.498335613817E-001  9.322813290927E-001 -2.268373545120E+000
  6.383050335109E-001  8.207691927403E-003 -1.423002708404E-001  9.139603191418E-001 -2.221733143791E+000
  6.465598814833E-001  8.302216475524E-003 -1.348308385436E-001  8.958110391128E-001 -2.175696676568E+000
  6.549098951744E-001  8.398027176926E-003 -1.274261206211E-001  8.778344134857E-001 -2.130261812287E+000
  6.633563722545E-001  8.495147146827E-003 -1.200869655432E-001  8.600313414892E-001 -2.085426112970E+000
  6.719006337539E-001  8.593599991288E-003 -1.128142138702E-001  8.424026973848E-001 -2.041187039726E+000
  6.805440245593E-001  8.693409819506E-003 -1.056086979926E-001  8.249493307270E-001 -1.997541958694E+000
  6.892879139233E-001  8.794601256469E-003 -9.847124186201E-002  8.076720665979E-001 -1.954488146997E+000
  6.981336959871E-001  8.897199455961E-003 -9.140266071251E-002  7.905717058131E-001 -1.912022798712E+000
  7.070827903152E-001  9.001230113956E-003 -8.440376077287E-002  7.736490250972E-001 -1.870143030838E+000
  7.161366424455E-001  9.106719482390E-003 -7.747533896888E-002  7.569047772253E-001 -1.828845889238E+000
  7.252967244510E-001  9.213694383338E-003 -7.061818261626E-002  7.403396911290E-001 -1.788128354555E+000
  7.345645355186E-001  9.322182223606E-003 -6.383306910390E-002  7.239544719648E-001 -1.747987348070E+000
  7.439416025400E-001  9.432211009745E-003 -5.712076556759E-002  7.077498011403E-001 -1.708419737506E+000
  7.534294807203E-001  9.543809363512E-003 -5.048202855430E-002  6.917263362993E-001 -1.669422342742E+000
  7.630297542000E-001  9.657006537783E-003 -4.391760367713E-002  6.758847112604E-001 -1.630991941440E+000
  7.727440366954E-001  9.771832432940E-003 -3.742822526108E-002  6.602255359080E-001 -1.593125274548E+000
  7.825739721536E-001  9.888317613741E-003 -3.101461597995E-002  6.447493960349E-001 -1.555819051685E+000
  7.925212354258E-001  1.000649332670E-002 -2.467748648461E-002  6.294568531316E-001 -1.519069956369E+000
  8.025875329584E-001  1.012639151798E-002 -1.841753502293E-002  6.143484441233E-001 -1.482874651089E+000
  8.127746035011E-001  1.024804485184E-002 -1.223544705183E-002  5.994246810507E-001 -1.447229782189E+000
  8.230842188350E-001  1.037148672960E-002 -6.131894842015E-003  5.846860506943E-001 -1.412131984561E+000
  8.335181845190E-001  1.049675130923E-002 -1.075370756252E-004  5.701330141393E-001 -1.377577886116E+000
  8.440783406568E-001  1.062387352550E-002  5.836981562246E-003  5.557660062820E-001 -1.343564112026E+000
  8.547665626839E-001  1.075288911077E-002  1.170103079775E-002  5.415854352736E-001 -1.310087288716E+000
  8.655847621758E-001  1.088383461638E-002  1.748399518731E-002  5.275916819036E-001 -1.277144047588E+000
  8.765348876780E-001  1.101674743475E-002  2.318527454077E-002  5.137850989199E-001 -1.244731028464E+000
  8.876189255584E-001  1.115166582209E-002  2.880428434762E-002  5.001660102860E-001 -1.212844882730E+000
  8.988389008829E-001  1.128862892191E-002  3.434045620548E-002  4.867347103755E-001 -1.181482276161E+000
  9.101968783143E-001  1.142767678917E-002  3.979323824966E-002  4.734914631035E-001 -1.150639891424E+000
  9.216949630368E-001  1.156885041525E-002  4.516209558263E-002  4.604365009954E-001 -1.120314430232E+000
  9.333353017046E-001  1.171219175365E-002  5.044651070237E-002  4.475700241949E-001 -1.090502615136E+000
  9.451200834176E-001  1.185774374655E-002  5.564598392795E-002  4.348921994106E-001 -1.061201190955E+000
  9.570515407237E-001  1.200555035216E-002  6.076003382125E-002  4.224031588043E-001 -1.032406925820E+000
  9.691319506484E-001  1.215565657299E-002  6.578819760310E-002  4.101029988225E-001 -1.004116611819E+000
  9.813636357544E-001  1.230810848498E-002  7.073003156240E-002  3.979917789729E-001 -9.763270652408E-001
  9.937489652293E-001  1.246295326757E-002  7.558511145643E-002  3.860695205490E-001 -9.490351264143E-001
  1.006290356005E+000  1.262023923477E-002  8.035303290077E-002  3.743362053069E-001 -9.222376591153E-001
  1.018990273907E+000  1.278001586715E-002  8.503341174677E-002  3.627917740961E-001 -8.959315495564E-001
  1.031851234841E+000  1.294233384499E-002  8.962588444489E-002  3.514361254503E-001 -8.701137049438E-001
  1.044875806003E+000  1.310724508236E-002  9.413010839173E-002  3.402691141415E-001 -8.447810516029E-001
  1.058066607138E+000  1.327480276248E-002  9.854576225881E-002  3.292905497038E-001 -8.199305326694E-001
  1.071426311823E+000  1.344506137405E-002  1.028725463010E-001  3.185001949309E-001 -7.955591053487E-001
  1.084957648792E+000  1.361807674895E-002  1.071101826423E-001  3.078977643551E-001 -7.716637377462E-001
  1.098663403298E+000  1.379390610110E-002  1.112584155367E-001  2.974829227135E-001 -7.482414052727E-001
  1.112546418516E+000  1.397260806657E-002  1.153170116023E-001  2.872552834092E-001 -7.252890866332E-001
  1.126609596985E+000  1.415424274514E-002  1.192857600256E-001  2.772144069744E-001 -7.028037594078E-001
  1.140855902095E+000  1.433887174317E-002  1.231644727343E-001  2.673597995444E-001 -6.807823952378E-001
  1.155288359613E+000  1.452655821788E-002  1.269529845361E-001  2.576909113518E-001 -6.592219546290E-001
  1.169910059257E+000  1.471736692327E-002  1.306511532209E-001  2.482071352479E-001 -6.381193813927E-001
  1.184724156317E+000  1.491136425740E-002  1.342588596241E-001  2.389078052645E-001 -6.174715967393E-001
  1.199733873325E+000  1.510861831145E-002  1.377760076494E-001  2.297921952229E-001 -5.972754930507E-001
  1.214942501771E+000  1.530919892035E-002  1.412025242477E-001  2.208595174032E-001 -5.775279273537E-001
  1.230353403874E+000  1.551317771520E-002  1.445383593512E-001  2.121089212843E-001 -5.582257145221E-001
  1.245970014403E+000  1.572062817747E-002  1.477834857591E-001  2.035394923655E-001 -5.393656202395E-001
  1.261795842559E+000  1.593162569510E-002  1.509378989742E-001  1.951502510824E-001 -5.209443537525E-001
  1.277834473907E+000  1.614624762054E-002  1.540016169886E-001  1.869401518292E-001 -5.029585604532E-001
  1.294089572372E+000  1.636457333079E-002  1.569746800148E-001  1.789080820994E-001 -4.854048143270E-001
  1.310564882294E+000  1.658668428962E-002  1.598571501639E-001  1.710528617575E-001 -4.682796103075E-001
  1.327264230548E+000  1.681266411190E-002  1.626491110662E-001  1.633732424556E-001 -4.515793565822E-001
  1.344191528724E+000  1.704259863026E-002  1.653506674356E-001  1.558679072059E-001 -4.353003668941E-001
  1.361350775387E+000  1.727657596408E-002  1.679619445762E-001  1.485354701245E-001 -4.194388528886E-001
  1.378746058390E+000  1.751468659100E-002  1.704830878291E-001  1.413744763560E-001 -4.039909165555E-001
  1.396381557275E+000  1.775702342093E-002  1.729142619621E-001  1.343834021953E-001 -3.889525428191E-001
  1.414261545744E+000  1.800368187279E-002  1.752556504994E-001  1.275606554160E-001 -3.743195923305E-001
  1.432390394201E+000  1.825475995395E-002  1.775074549936E-001  1.209045758186E-001 -3.600877945188E-001
  1.450772572390E+000  1.851035834267E-002  1.796698942407E-001  1.144134360111E-001 -3.462527409586E-001
  1.469412652102E+000  1.877058047342E-002  1.817432034383E-001  1.080854424302E-001 -3.328098791120E-001
  1.488315309978E+000  1.903553262542E-002  1.837276332903E-001  1.019187366172E-001 -3.197545065062E-001
  1.507485330398E+000  1.930532401444E-002  1.856234490597E-001  9.591139675484E-002 -3.070817654048E-001
  1.526927608467E+000  1.958006688797E-002  1.874309295718E-001  9.006143947533E-002 -2.947866380351E-001
  1.546647153093E+000  1.985987662391E-002  1.891503661726E-001  8.436682194700E-002 -2.828639424301E-001
  1.566649090169E+000  2.014487183303E-002  1.907820616447E-001  7.882544424538E-002 -2.713083289461E-001
  1.586938665861E+000  2.043517446518E-002  1.923263290870E-001  7.343515201411E-002 -2.601142775126E-001
  1.607521250000E+000  2.073090991960E-002  1.937834907624E-001  6.819373941904E-002 -2.492760956737E-001
  1.628402339588E+000  2.103220715932E-002  1.951538769196E-001  6.309895239730E-002 -2.387879174739E-001
  1.649587562420E+000  2.133919883002E-002  1.964378245956E-001  5.814849220175E-002 -2.286437032427E-001
  1.671082680832E+000  2.165202138333E-002  1.976356764072E-001  5.334001923872E-002 -2.188372403257E-001
  1.692893595565E+000  2.197081520497E-002  1.987477793376E-001  4.867115719543E-002 -2.093621448097E-001
  1.715026349769E+000  2.229572474776E-002  1.997744835287E-001  4.413949745101E-002 -2.002118642825E-001
  1.737487133138E+000  2.262689866987E-002  2.007161410876E-001  3.974260376292E-002 -1.913796816650E-001
  1.760282286187E+000  2.296448997842E-002  2.015731049176E-001  3.547801721797E-002 -1.828587201473E-001
  1.783418304674E+000  2.330865617868E-002  2.023457275847E-001  3.134326143482E-002 -1.746419492545E-001
  1.806901844175E+000  2.365955942924E-002  2.030343602314E-001  2.733584800207E-002 -1.667221920620E-001
  1.830739724818E+000  2.401736670327E-002  2.036393515492E-001  2.345328213337E-002 -1.590921335729E-001
  1.854938936184E+000  2.438224995616E-002  2.041610468236E-001  1.969306851837E-002 -1.517443302620E-001
  1.879506642368E+000  2.475438629994E-002  2.045997870638E-001  1.605271734514E-002 -1.446712207837E-001
  1.904450187236E+000  2.513395818467E-002  2.049559082331E-001  1.252975046724E-002 -1.378651378314E-001
  1.929777099847E+000  2.552115358717E-002  2.052297405911E-001  9.121707685523E-003 -1.313183211287E-001
  1.955495100083E+000  2.591616620741E-002  2.054216081658E-001  5.826153111928E-003 -1.250229315210E-001
  1.981612104475E+000  2.631919567292E-002  2.055318283685E-001  2.640681579810E-003 -1.189710661283E-001
  2.008136232230E+000  2.673044775156E-002  2.055607117669E-001 -4.370749374963E-004 -1.131547745079E-001
  2.035075811486E+000  2.715013457311E-002  2.055085620325E-001 -3.409440940679E-003 -1.075660757670E-001
  2.062439385788E+000  2.757847486001E-002  2.053756760771E-001 -6.278691094403E-003 -1.021969765543E-001
  2.090235720801E+000  2.801569416771E-002  2.051623443926E-001 -9.047044038835E-003 -9.703948984680E-002
  2.118473811262E+000  2.846202513514E-002  2.048688516108E-001 -1.171665637049E-002 -9.208565444172E-002
  2.147162888201E+000  2.891770774564E-002  2.044954772947E-001 -1.428961684199E-002 -8.732755504798E-002
  2.176312426413E+000  2.938298959899E-002  2.040424969770E-001 -1.676794083179E-002 -8.275734286528E-002
  2.205932152222E+000  2.985812619504E-002  2.035101834581E-001 -1.915356513632E-002 -7.836725652673E-002
  2.236032051522E+000  3.034338122938E-002  2.028988083738E-001 -2.144834313760E-002 -7.414964327189E-002
  2.266622378129E+000  3.083902690182E-002  2.022086440449E-001 -2.365404039994E-002 -7.009698020865E-002
  2.297713662445E+000  3.134534423818E-002  2.014399656169E-001 -2.577233074927E-002 -6.620189551361E-002
  2.329316720450E+000  3.186262342603E-002  2.005930534961E-001 -2.780479288807E-002 -6.245718941354E-002
  2.361442663038E+000  3.239116416519E-002  1.996681960898E-001 -2.975290759782E-002 -5.885585478432E-002
  2.394102905709E+000  3.293127603351E-002  1.986656928509E-001 -3.161805557912E-002 -5.539109719838E-002
  2.427309178642E+000  3.348327886897E-002  1.975858576301E-001 -3.340151597763E-002 -5.205635424804E-002
  2.461073537146E+000  3.404750316862E-002  1.964290223328E-001 -3.510446564060E-002 -4.884531396948E-002
  2.495408372530E+000  3.462429050548E-002  1.951955408765E-001 -3.672797914579E-002 -4.575193219164E-002
  2.530326423398E+000  3.521399396401E-002  1.938857934414E-001 -3.827302963977E-002 -4.277044863473E-002
  2.565840787378E+000  3.581697859546E-002  1.925001910028E-001 -3.974049051802E-002 -3.989540158625E-002
  2.601964933334E+000  3.643362189376E-002  1.910391801317E-001 -4.113113797344E-002 -3.712164098651E-002
  2.638712714049E+000  3.706431429322E-002  1.895032480461E-001 -4.244565443356E-002 -3.444433976273E-002
  2.676098379430E+000  3.770945968912E-002  1.878929278905E-001 -4.368463289985E-002 -3.185900325921E-002
  2.714136590232E+000  3.836947598236E-002  1.862088042199E-001 -4.484858219459E-002 -2.936147662208E-002
  2.752842432351E+000  3.904479564947E-002  1.844515186575E-001 -4.593793311286E-002 -2.694795000999E-002
  2.792231431696E+000  3.973586633921E-002  1.826217756938E-001 -4.695304546786E-002 -2.461496151751E-002
  2.832319569669E+000  4.044315149734E-002  1.807203485907E-001 -4.789421600884E-002 -2.235939771512E-002
  2.873123299289E+000  4.116713102086E-002  1.787480853475E-001 -4.876168718074E-002 -2.017849172920E-002
  2.914659561979E+000  4.190830194354E-002  1.767059146858E-001 -4.955565668462E-002 -1.806981880673E-002
  2.956945805065E+000  4.266717915414E-002  1.745948520040E-001 -5.027628778733E-002 -1.603128933265E-002
  3.000000000000E+000  4.344429614932E-002  1.724160052487E-001 -5.092372031849E-002 -1.406113929288E-002
  3.043840661365E+000  4.424020582308E-002  1.701705806490E-001 -5.149808228175E-002 -1.215791820222E-002
  3.088486866678E+000  4.505548129460E-002  1.678598882534E-001 -5.199950199719E-002 -1.032047454413E-002
  3.133958277047E+000  4.589071677685E-002  1.654853472108E-001 -5.242812068105E-002 -8.547938798001E-003
  3.180275158719E+000  4.674652848797E-002  1.630484907303E-001 -5.278410535920E-002 -6.839704158636E-003
  3.227458405560E+000  4.762355560797E-002  1.605509706579E-001 -5.306766200125E-002 -5.195405082451E-003
  3.275529562509E+000  4.852246128332E-002  1.579945616017E-001 -5.327904875376E-002 -3.614893824062E-003
  3.324510850077E+000  4.944393368200E-002  1.553811645433E-001 -5.341858914310E-002 -2.098215156010E-003
  3.374425189910E+000  5.038868710203E-002  1.527128098668E-001 -5.348668511196E-002 -6.455794922724E-004
  3.425296231502E+000  5.135746313639E-002  1.499916597439E-001 -5.348382974807E-002  7.426653373200E-004
  3.477148380094E+000  5.235103189784E-002  1.472200098120E-001 -5.341061955989E-002  2.066063389983E-003
  3.530006825834E+000  5.337019330676E-002  1.444002900861E-001 -5.326776615160E-002  3.324080696252E-003
  3.583897574256E+000  5.441577844603E-002  1.415350650502E-001 -5.305610714918E-002  4.516135816326E-003
  3.638847478148E+000  5.548865098670E-002  1.386270328761E-001 -5.277661623073E-002  5.641630537211E-003
  3.694884270887E+000  5.658970868864E-002  1.356790237273E-001 -5.243041211761E-002  6.699980369174E-003
  3.752036601308E+000  5.771988498079E-002  1.326939971075E-001 -5.201876638846E-002  7.690644492078E-003
  3.810334070199E+000  5.888015062562E-002  1.296750382249E-001 -5.154310998564E-002  8.613154798737E-003
  3.869807268505E+000  6.007151547295E-002  1.266253533499E-001 -5.100503829406E-002  9.467143684006E-003
  3.930487817331E+000  6.129503030858E-002  1.235482641534E-001 -5.040631468385E-002  1.025237023497E-002
  3.992408409843E+000  6.255178880352E-002  1.204472010233E-001 -4.974887242336E-002  1.096874448969E-002
  4.055602855172E+000  6.384292957002E-002  1.173256953676E-001 -4.903481488477E-002  1.161634944948E-002
  4.120106124432E+000  6.516963833101E-002  1.141873709236E-001 -4.826641398375E-002  1.219546055256E-002
  4.185954398964E+000  6.653315021009E-002  1.110359341047E-001 -4.744610681424E-002  1.270656234545E-002
  4.253185120935E+000  6.793475214960E-002  1.078751634271E-001 -4.657649046172E-002  1.315036212169E-002
  4.321837046422E+000  6.937578546490E-002  1.047088980744E-001 -4.566031500143E-002  1.352780033602E-002
  4.391950301120E+000  7.085764854355E-002  1.015410256636E-001 -4.470047471217E-002  1.384005764457E-002
  4.463566438835E+000  7.238179969882E-002  9.837546929657E-002 -4.369999756130E-002  1.408855846851E-002
  4.536728502895E+000  7.394976018725E-002  9.521617398274E-002 -4.266203304173E-002  1.427497102786E-002
  4.611481090679E+000  7.556311740127E-002  9.206709253750E-002 -4.158983846656E-002  1.440120384453E-002
  4.687870421430E+000  7.722352824817E-002  8.893217106486E-002 -4.048676385165E-002  1.446939876729E-002
  4.765944407533E+000  7.893272272784E-002  8.581533414393E-002 -3.935623553951E-002  1.448192062540E-002
  4.845752729492E+000  8.069250772248E-002  8.272046984501E-002 -3.820173873954E-002  1.444134367139E-002
  4.927346914797E+000  8.250477101257E-002  7.965141470625E-002 -3.702679917950E-002  1.435043502605E-002
  5.010780420931E+000  8.437148553436E-002  7.661193880592E-002 -3.583496407990E-002  1.421213538765E-002
  5.096108722763E+000  8.629471389541E-002  7.360573106642E-002 -3.462978267710E-002  1.402953731419E-002
  5.183389404586E+000  8.827661316581E-002  7.063638492591E-002 -3.341478653151E-002  1.380586142787E-002
  5.272682257105E+000  9.031943996425E-002  6.770738451073E-002 -3.219346986399E-002  1.354443092686E-002
  5.364049379651E+000  9.242555585946E-002  6.482209143683E-002 -3.096927016634E-002  1.324864481801E-002
  5.457555287978E+000  9.459743310926E-002  6.198373236097E-002 -2.974554932974E-002  1.292195030506E-002
  5.553267027968E+000  9.683766076100E-002  5.919538739337E-002 -2.852557552925E-002  1.256781478029E-002
  5.651254295630E+000  9.914895113938E-002  5.645997947158E-002 -2.731250609133E-002  1.218969787143E-002
  5.751589563796E+000  1.015341467494E-001  5.378026478199E-002 -2.610937155641E-002  1.179102399106E-002
  5.854348215936E+000  1.039962276248E-001  5.115882429996E-002 -2.491906112878E-002  1.137515582182E-002
  5.959608687557E+000  1.065383191537E-001  4.859805650287E-002 -2.374430968276E-002  1.094536914789E-002
  6.067452615683E+000  1.091637004188E-001  4.610017129228E-002 -2.258768646686E-002  1.050482941166E-002
  6.177964996951E+000  1.118758130872E-001  4.366718514287E-002 -2.145158561720E-002  1.005657033496E-002
  6.291234354880E+000  1.146782708938E-001  4.130091747661E-002 -2.033821855932E-002  9.603474897479E-003
  6.407352916949E+000  1.175748697626E-001  3.900298824160E-002 -1.924960834230E-002  9.148258912184E-003
  6.526416802128E+000  1.205695986129E-001  3.677481665681E-002 -1.818758591447E-002  8.693457379514E-003
  6.648526219580E+000  1.236666509049E-001  3.461762106654E-002 -1.715378831387E-002  8.241413741069E-003
  6.773785679311E+000  1.268704369821E-001  3.253241983263E-002 -1.614965871252E-002  7.794272090106E-003
  6.902304215570E+000  1.301855972713E-001  3.052003317904E-002 -1.517644822002E-002  7.353972332696E-003
  7.034195623922E+000  1.336170164087E-001  2.858108589183E-002 -1.423521932219E-002  6.922248231216E-003
  7.169578712934E+000  1.371698383673E-001  2.671601076975E-002 -1.332685080317E-002  6.500628202844E-003
  7.308577571516E+000  1.408494826628E-001  2.492505271502E-002 -1.245204397686E-002  6.090438691286E-003
  7.451321853057E+000  1.446616617293E-001  2.320827335257E-002 -1.161133003589E-002  5.692809881850E-003
  7.597947077547E+000  1.486123995567E-001  2.156555606761E-002 -1.080507831374E-002  5.308683489229E-003
  7.748594953021E+000  1.527080516973E-001  1.999661135684E-002 -1.003350524922E-002  4.938822315330E-003
  7.903413717736E+000  1.569553267535E-001  1.850098239739E-002 -9.296683841761E-003  4.583821251767E-003
  8.062558504629E+000  1.613613094717E-001  1.707805074977E-002 -8.594553391615E-003  4.244119388945E-003
  8.226191729726E+000  1.659334855793E-001  1.572704212580E-002 -7.926929329924E-003  3.920012891038E-003
  8.394483506327E+000  1.706797685137E-001  1.444703216993E-002 -7.293512960406E-003  3.611668303507E-003
  8.567612086926E+000  1.756085282071E-001  1.323695222120E-002 -6.693900955571E-003  3.319135976608E-003
  8.745764335025E+000  1.807286221064E-001  1.209559504354E-002 -6.127594475746E-003  3.042363313730E-003
  8.929136229160E+000  1.860494286260E-001  1.102162053206E-002 -5.594007807427E-003  2.781207586225E-003
  9.117933401693E+000  1.915808832504E-001  1.001356142332E-002 -5.092476447793E-003  2.535448095290E-003
  9.312371715124E+000  1.973335175235E-001  9.069829055804E-003 -4.622264593274E-003  2.304797504705E-003
  9.512677878945E+000  2.033185011886E-001  8.188719243183E-003 -4.182572020713E-003  2.088912214157E-003
  9.719090110332E+000  2.095476877688E-001  7.368418336347E-003 -3.772540378768E-003  1.887401689589E-003
  9.931858842267E+000  2.160336639044E-001  6.607009559621E-003 -3.391258933561E-003  1.699836712711E-003
  1.015124748302E+001  2.227898028021E-001  5.902479711876E-003 -3.037769835194E-003  1.525756554750E-003
  1.037753323129E+001  2.298303221843E-001  5.252726323673E-003 -2.711072989805E-003  1.364675118130E-003
  1.061100795175E+001  2.371703471699E-001  4.655565356924E-003 -2.410130634582E-003  1.216086122813E-003
  1.085197911611E+001  2.448259785618E-001  4.108739523738E-003 -2.133871720231E-003  1.079467440331E-003
  1.110077081537E+001  2.528143670735E-001  3.609927286204E-003 -1.881196206586E-003  9.542846975822E-004
  1.135772484956E+001  2.611537940784E-001  3.156752579223E-003 -1.650979372403E-003  8.399942838319E-004
  1.162320190175E+001  2.698637595360E-001  2.746795274593E-003 -1.442076230342E-003  7.360458981459E-004
  1.189758280382E+001  2.789650778206E-001  2.377602377144E-003 -1.253326123110E-003  6.418847711128E-004
  1.218126990242E+001  2.884799822596E-001  2.046699913671E-003 -1.083557557712E-003  5.569536849278E-004
  1.247468853413E+001  2.984322392826E-001  1.751605443780E-003 -9.315933125238E-004  4.806949007046E-004
  1.277828862002E+001  3.088472731875E-001  1.489841089642E-003 -7.962558276039E-004  4.125520824904E-004
  1.309254639077E+001  3.197523026463E-001  1.258946950335E-003 -6.763728635509E-004  3.519722851977E-004
  1.341796625462E+001  3.311764902095E-001  1.056494737121E-003 -5.707833892592E-004  2.984080499405E-004
  1.375508282195E+001  3.431511062169E-001  8.801014398985E-004 -4.783436354812E-004  2.513196264019E-004
  1.410446310162E+001  3.557097086969E-001  7.274428134444E-004 -3.979332300657E-004  2.101773191276E-004
  1.446670888596E+001  3.688883410292E-001  5.962664559214E-004 -3.284613131150E-004  1.744639341048E-004
  1.484245934302E+001  3.827257493700E-001  4.844042424771E-004 -2.688725168334E-004  1.436772845346E-004
  1.523239383723E+001  3.972636220891E-001  3.897838744224E-004 -2.181526861172E-004  1.173327009773E-004
  1.563723500136E+001  4.125468537596E-001  3.104393100082E-004 -1.753342123757E-004  9.496548144806E-005
  1.605775208607E+001  4.286238365683E-001  2.445198566096E-004 -1.395008548625E-004  7.613321174036E-005
  1.649476461582E+001  4.455467823929E-001  1.902977262705E-004 -1.097919309589E-004  6.041788520821E-005
  1.694914638379E+001  4.633720792263E-001  1.461738868617E-004 -8.540576919473E-005  4.742775423417E-005
  1.742182982203E+001  4.821606861220E-001  1.106820790315E-004 -6.560233595607E-005  3.679885226348E-005
  1.791381078784E+001  5.019785714107E-001  8.249091381297E-005 -4.970496825271E-005  2.819613511589E-005
  1.842615381215E+001  5.228971995942E-001  6.040401594299E-005 -3.710116989475E-005  2.131420271468E-005
  1.895999786176E+001  5.449940730840E-001  4.335823203243E-005 -2.724245604706E-005  1.587757675813E-005
  1.951656267356E+001  5.683533358366E-001  3.041997874226E-005 -1.964326035838E-005  1.164052551730E-005
  2.009715572669E+001  5.930664469535E-001  2.077986177948E-005 -1.387894850301E-005  8.386443156714E-006
  2.070317992707E+001  6.192329335039E-001  1.374574932550E-005 -9.583010733097E-006  5.926807004730E-006
  2.133614208874E+001  6.469612332096E-001  8.734530804716E-006 -6.443532553824E-006  4.099751305514E-006
  2.199766230782E+001  6.763696392388E-001  5.262831078090E-006 -4.199065534317E-006  2.768309436803E-006
  2.268948433818E+001  7.075873612439E-001  2.936978785139E-006 -2.634038260185E-006  1.818387691510E-006
  2.341348709294E+001  7.407557189842E-001  1.442543638489E-006 -1.573859391775E-006  1.156541890568E-006
  2.417169741362E+001  7.760294874639E-001  5.337595802155E-007 -8.798698583762E-007  7.076328354432E-007
  2.496630426925E+001  8.135784155747E-001  2.313821845291E-008 -4.442989039860E-007  4.124376078931E-007
  2.579967457140E+001  8.535889438281E-001 -2.284497969417E-007 -1.853689720927E-007  2.252908829219E-007
  2.667437081864E+001  8.962661510291E-001 -3.209874687404E-007 -4.267775634820E-008  1.118238891921E-007
  2.759317081651E+001  9.418359647997E-001 -3.236304134690E-007  2.703683826807E-008  4.685884634829E-008
  2.855908975674E+001  9.905476768748E-001 -2.820016923541E-007  5.367007972387E-008  1.250430601303E-008
  2.957540498378E+001  1.042676811269E+000 -2.243927571407E-007  5.701291426743E-008 -3.517281844772E-009
  3.064568382919E+001  1.098528402000E+000 -1.668603063925E-007  4.948426668794E-008 -9.293215235355E-009
  3.177381495601E+001  1.158440747351E+000 -1.172630520209E-007  3.834190474502E-008 -9.893146680936E-009
  3.296404372807E+001  1.222789720048E+000 -7.832751967643E-008  2.740493310480E-008 -8.301205959131E-009
  3.422101220608E+001  1.291993727721E+000 -4.986525863235E-008  1.833988925709E-008 -6.128621142643E-009
  3.554980447538E+001  1.366519436102E+000 -3.028369391912E-008  1.157493269478E-008 -4.135252129868E-009
  3.695599813319E+001  1.446888389511E+000 -1.753923213564E-008  6.912452810539E-009 -2.592616561009E-009
  3.844572291106E+001  1.533684690030E+000 -9.675461959642E-009  3.909994653530E-009 -1.521977743008E-009
  4.002572758518E+001  1.627563929686E+000 -5.073879967805E-009  2.093771912922E-009 -8.393023554479E-010
  4.170345654134E+001  1.729263610453E+000 -2.522800524990E-009  1.059710629456E-009 -4.350615002507E-010
  4.348713762001E+001  1.839615336740E+000 -1.185504814461E-009  5.056556205327E-010 -2.117597264052E-010
  4.538588318162E+001  1.959559126947E+000 -5.244985121110E-010  2.267217312576E-010 -9.655694250046E-011
  4.740980671574E+001  2.090160267552E+000 -2.175103630950E-010  9.513458256030E-011 -4.110589832105E-011
  4.957015778746E+001  2.232629229408E+000 -8.411996722301E-011  3.717937220723E-011 -1.626784670256E-011
  5.187947869225E+001  2.388345286640E+000 -3.016337414457E-011  1.345726978828E-011 -5.953762628488E-012
  5.435178690397E+001  2.558884630889E+000 -9.962249443199E-012  4.482417506908E-012 -2.002701337372E-012
  5.700278828629E+001  2.746053966795E+000 -3.008030371495E-012  1.363884808245E-012 -6.147587219983E-013
  5.985012714155E+001  2.951930820846E+000 -8.233233825725E-013  3.759383667470E-013 -1.708014705703E-013
  6.291368055481E+001  3.178912111311E+000 -2.023219675638E-013  9.297981404882E-014 -4.254932022922E-014
  6.621590623276E+001  3.429772933797E+000 -4.415225362075E-014  2.041165962789E-014 -9.402371298748E-015
  6.978225524452E+001  3.707738044625E+000 -8.450792108378E-015  3.928341912946E-015 -1.820481081259E-015
  7.364166388185E+001  4.016569212832E+000 -1.398665360218E-015  6.534925244143E-016 -3.045285021904E-016
  7.782714245929E+001  4.360672516382E+000 -1.969485415640E-016  9.245735506565E-017 -4.330684972553E-017
  8.237648351994E+001  4.745230855210E+000 -2.315934449405E-017  1.092042149237E-017 -5.139493604771E-018
  8.733311794503E+001  5.176368549127E+000 -2.225989736213E-018  1.053990203485E-018 -4.982400302655E-019
  9.274715535088E+001  5.661357031559E+000 -1.706022170158E-019  8.109341300022E-020 -3.849272754824E-020
  9.867665554529E+001  6.208873552072E+000 -1.013047263291E-020  4.832981247965E-021 -2.302934991212E-021
  1.051891916055E+002  6.829328764649E+000 -4.507304624316E-022  2.157706007108E-022 -1.031870854306E-022
  1.123637836013E+002  7.535284543316E+000 -1.444861809897E-023  6.939120623227E-024 -3.329708507537E-024
  1.202933069206E+002  8.341990973528E+000 -3.186677147697E-025  1.535105262465E-025 -7.389562806888E-026
  1.290875131414E+002  9.268082166539E+000 -4.579081295408E-027  2.212204214498E-027 -1.068074540167E-027
  1.388768482001E+002  1.033648575811E+001 -4.017837877229E-029  1.946326689178E-029 -9.423468355883E-030
  1.498173177370E+002  1.157562284364E+001 -1.992005192676E-031  9.674405265883E-032 -4.696411583202E-032
  1.620967411853E+002  1.302100699722E+001 -5.082677631678E-034  2.474427139452E-034 -1.204193000504E-034
  1.759428668168E+002  1.471739812515E+001 -5.958950366428E-037  2.907644724136E-037 -1.418335789342E-037
  1.916340085825E+002  1.672173748087E+001 -2.794720892403E-040  1.366606957299E-040 -6.680945456479E-041
  2.095131417987E+002  1.910719757888E+001 -4.419817273074E-044  2.165658116309E-044 -1.060923795234E-044
  2.300068054477E+002  2.196884699990E+001 -1.905741038158E-048  9.355758250207E-049 -4.592185978198E-049
  2.536507797910E+002  2.543169216868E+001 -1.715283912678E-053  8.435908320485E-054 -4.148271401864E-054
  2.811254638474E+002  2.966227967912E+001 -2.295562277674E-059  1.130885698813E-059 -5.570570733582E-060
  3.133053780630E+002  3.488573552677E+001 -2.953271507453E-066  1.457207910703E-066 -7.189537455711E-067
  3.513296254502E+002  4.141128389041E+001 -2.069120419912E-074  1.022465383230E-074 -5.052205444786E-075
  3.967041014106E+002  4.967130404214E+001 -3.723872136066E-084  1.842721961545E-084 -9.118034060521E-085
  4.514529193349E+002  6.028257212519E+001 -6.268806072239E-096  3.106066603794E-096 -1.538929038889E-096
  5.183481233601E+002  7.414493328740E+001 -2.473773208400E-110  1.227174732008E-110 -6.087504736804E-111
  6.012676077950E+002  9.260523890243E+001 -3.300653008939E-128  1.639183711437E-128 -8.140392530506E-129
  7.057700503752E+002  1.177394213729E+002 -9.274334221092E-151  4.610554991097E-151 -2.292009594969E-151
  8.400513767914E+002  1.528577972397E+002 -9.151390244212E-180  4.553679289745E-180 -2.265858200225E-180
  1.016602135495E+003  2.034537342122E+002 -6.183580473816E-218  3.079520685147E-218 -1.533637736087E-218
  1.255220715580E+003  2.790860613466E+002 -1.446847828191E-269  7.211026932209E-270 -3.593925978430E-270
  1.588815776243E+003  3.973705897531E+002  0.000000000000E+000  0.000000000000E+000  0.000000000000E+000
  2.075392011604E+003  5.931596040112E+002  0.000000000000E+000  0.000000000000E+000  0.000000000000E+000
  2.825079847529E+003  9.419154890021E+002  0.000000000000E+000  0.000000000000E+000  0.000000000000E+000
  4.068408296184E+003  1.627629972033E+003  0.000000000000E+000  0.000000000000E+000  0.000000000000E+000
  6.357262947674E+003  3.178964796686E+003  0.000000000000E+000  0.000000000000E+000  0.000000000000E+000
  1.130231930164E+004  7.535323971013E+003  0.000000000000E+000  0.000000000000E+000  0.000000000000E+000
  2.543105175140E+004  2.543171841285E+004  0.000000000000E+000  0.000000000000E+000  0.000000000000E+000
  1.017262069958E+005  2.034537473226E+005  0.000000000000E+000  0.000000000000E+000  0.000000000000E+000
