# 1st line: number of mesh points
# abcissa weight wavefunction wavefunction_1st wavefunction_2nd
500
# Principal QN=   1 , l=   1 , Occupation=   1.9900
  9.830308526508E-006  1.966074589941E-005  6.115664578554E-005  6.221061684071E+000 -3.497787895069E+001
  3.932200719717E-005  3.932303800261E-005  2.446111118906E-004  6.220030197393E+000 -3.497310554211E+001
  8.847741541455E-005  5.898842277178E-005  5.503169866159E-004  6.218311275637E+000 -3.496515044102E+001
  1.573003992804E-004  7.865844718600E-005  9.781969239836E-004  6.215905252870E+000 -3.495401451786E+001
  2.457963722417E-004  9.833465899987E-005  1.528142654025E-003  6.212812596810E+000 -3.493969899243E+001
  3.539722959954E-004  1.180186070023E-004  2.200014997203E-003  6.209033908841E+000 -3.492220543512E+001
  4.818366816528E-004  1.377118412759E-004  2.993643882985E-003  6.204569924044E+000 -3.490153576841E+001
  6.293995911626E-004  1.574159134560E-004  3.908828372581E-003  6.199421511226E+000 -3.487769226881E+001
  7.966726389934E-004  1.771323769912E-004  4.945336685881E-003  6.193589672956E+000 -3.485067756902E+001
  9.836689940782E-004  1.968627874036E-004  6.102906232627E-003  6.187075545607E+000 -3.482049466052E+001
  1.190403382016E-003  2.166087025496E-004  7.381243647831E-003  6.179880399401E+000 -3.478714689641E+001
  1.416892087541E-003  2.363716828821E-004  8.780024831516E-003  6.172005638460E+000 -3.475063799463E+001
  1.663152957245E-003  2.561532917128E-004  1.029889499279E-002  6.163452800855E+000 -3.471097204147E+001
  1.929205402573E-003  2.759550954757E-004  1.193746869832E-002  6.154223558666E+000 -3.466815349543E+001
  2.215070403074E-003  2.957786639908E-004  1.369532992527E-002  6.144319718037E+000 -3.462218719132E+001
  2.520770509919E-003  3.156255707300E-004  1.557203211872E-002  6.133743219238E+000 -3.457307834474E+001
  2.846329849692E-003  3.354973930828E-004  1.756709825367E-002  6.122496136723E+000 -3.452083255683E+001
  3.191774128432E-003  3.553957126240E-004  1.968002090171E-002  6.110580679193E+000 -3.446545581925E+001
  3.557130635959E-003  3.753221153821E-004  2.191026230233E-002  6.097999189652E+000 -3.440695451957E+001
  3.942428250463E-003  3.952781921092E-004  2.425725443909E-002  6.084754145475E+000 -3.434533544680E+001
  4.347697443358E-003  4.152655385525E-004  2.672039912057E-002  6.070848158454E+000 -3.428060579726E+001
  4.772970284417E-003  4.352857557265E-004  2.929906806635E-002  6.056283974859E+000 -3.421277318073E+001
  5.218280447175E-003  4.553404501876E-004  3.199260299795E-002  6.041064475485E+000 -3.414184562673E+001
  5.683663214611E-003  4.754312343099E-004  3.480031573492E-002  6.025192675697E+000 -3.406783159120E+001
  6.169155485101E-003  4.955597265624E-004  3.772148829613E-002  6.008671725467E+000 -3.399073996328E+001
  6.674795778653E-003  5.157275517886E-004  4.075537300642E-002  5.991504909406E+000 -3.391058007234E+001
  7.200624243425E-003  5.359363414876E-004  4.390119260853E-002  5.973695646789E+000 -3.382736169529E+001
  7.746682662519E-003  5.561877340970E-004  4.715814038074E-002  5.955247491564E+000 -3.374109506394E+001
  8.313014461060E-003  5.764833752781E-004  5.052538025994E-002  5.936164132358E+000 -3.365179087271E+001
  8.899664713569E-003  5.968249182030E-004  5.400204697053E-002  5.916449392466E+000 -3.355946028635E+001
  9.506680151615E-003  6.172140238444E-004  5.758724615915E-002  5.896107229829E+000 -3.346411494796E+001
  1.013410917176E-002  6.376523612666E-004  6.128005453534E-002  5.875141736996E+000 -3.336576698705E+001
  1.078200184380E-002  6.581416079202E-004  6.507952001831E-002  5.853557141074E+000 -3.326442902779E+001
  1.145040991929E-002  6.786834499385E-004  6.898466188984E-002  5.831357803652E+000 -3.316011419733E+001
  1.213938684040E-002  6.992795824361E-004  7.299447095352E-002  5.808548220718E+000 -3.305283613431E+001
  1.284898774901E-002  7.199317098113E-004  7.710790970048E-002  5.785133022545E+000 -3.294260899735E+001
  1.357926949620E-002  7.406415460502E-004  8.132391248158E-002  5.761116973564E+000 -3.282944747369E+001
  1.433029065191E-002  7.614108150341E-004  8.564138568633E-002  5.736504972207E+000 -3.271336678785E+001
  1.510211151509E-002  7.822412508494E-004  9.005920792865E-002  5.711302050730E+000 -3.259438271038E+001
  1.589479412397E-002  8.031345981016E-004  9.457623023952E-002  5.685513375009E+000 -3.247251156656E+001
  1.670840226680E-002  8.240926122311E-004  9.919127626670E-002  5.659144244304E+000 -3.234777024520E+001
  1.754300149280E-002  8.451170598329E-004  1.039031424817E-001  5.632200091000E+000 -3.222017620738E+001
  1.839865912351E-002  8.662097189796E-004  1.087105983940E-001  5.604686480315E+000 -3.208974749517E+001
  1.927544426443E-002  8.873723795480E-004  1.136123867729E-001  5.576609109970E+000 -3.195650274032E+001
  2.017342781695E-002  9.086068435487E-004  1.186072238765E-001  5.547973809833E+000 -3.182046117292E+001
  2.109268249069E-002  9.299149254598E-004  1.236937996891E-001  5.518786541519E+000 -3.168164262994E+001
  2.203328281612E-002  9.512984525641E-004  1.288707781658E-001  5.489053397961E+000 -3.154006756371E+001
  2.299530515754E-002  9.727592652906E-004  1.341367974855E-001  5.458780602933E+000 -3.139575705028E+001
  2.397882772639E-002  9.942992175591E-004  1.394904703118E-001  5.427974510539E+000 -3.124873279766E+001
  2.498393059493E-002  1.015920177130E-003  1.449303840620E-001  5.396641604654E+000 -3.109901715388E+001
  2.601069571024E-002  1.037624025957E-003  1.504551011847E-001  5.364788498322E+000 -3.094663311495E+001
  2.705920690860E-002  1.059412660547E-003  1.560631594461E-001  5.332421933111E+000 -3.079160433258E+001
  2.812954993023E-002  1.081287992318E-003  1.617530722240E-001  5.299548778415E+000 -3.063395512171E+001
  2.922181243436E-002  1.103251947969E-003  1.675233288115E-001  5.266176030711E+000 -3.047371046783E+001
  3.033608401473E-002  1.125306469854E-003  1.733723947289E-001  5.232310812762E+000 -3.031089603408E+001
  3.147245621542E-002  1.147453516351E-003  1.792987120449E-001  5.197960372767E+000 -3.014553816803E+001
  3.263102254705E-002  1.169695062249E-003  1.853006997064E-001  5.163132083454E+000 -2.997766390823E+001
  3.381187850339E-002  1.192033099133E-003  1.913767538781E-001  5.127833441127E+000 -2.980730099044E+001
  3.501512157837E-002  1.214469635775E-003  1.975252482904E-001  5.092072064639E+000 -2.963447785358E+001
  3.624085128345E-002  1.237006698530E-003  2.037445345980E-001  5.055855694320E+000 -2.945922364528E+001
  3.748916916538E-002  1.259646331739E-003  2.100329427462E-001  5.019192190832E+000 -2.928156822710E+001
  3.876017882444E-002  1.282390598136E-003  2.163887813483E-001  4.982089533973E+000 -2.910154217943E+001
  4.005398593302E-002  1.305241579266E-003  2.228103380718E-001  4.944555821401E+000 -2.891917680589E+001
  4.137069825459E-002  1.328201375897E-003  2.292958800343E-001  4.906599267311E+000 -2.873450413739E+001
  4.271042566323E-002  1.351272108452E-003  2.358436542091E-001  4.868228201024E+000 -2.854755693577E+001
  4.407328016341E-002  1.374455917436E-003  2.424518878413E-001  4.829451065527E+000 -2.835836869688E+001
  4.545937591035E-002  1.397754963880E-003  2.491187888723E-001  4.790276415926E+000 -2.816697365335E+001
  4.686882923075E-002  1.421171429779E-003  2.558425463762E-001  4.750712917835E+000 -2.797340677669E+001
  4.830175864396E-002  1.444707518548E-003  2.626213310040E-001  4.710769345693E+000 -2.777770377906E+001
  4.975828488365E-002  1.468365455478E-003  2.694532954395E-001  4.670454581004E+000 -2.757990111437E+001
  5.123853091993E-002  1.492147488203E-003  2.763365748642E-001  4.629777610496E+000 -2.738003597889E+001
  5.274262198188E-002  1.516055887169E-003  2.832692874329E-001  4.588747524216E+000 -2.717814631133E+001
  5.427068558066E-002  1.540092946119E-003  2.902495347584E-001  4.547373513534E+000 -2.697427079228E+001
  5.582285153302E-002  1.564260982573E-003  2.972754024073E-001  4.505664869073E+000 -2.676844884306E+001
  5.739925198530E-002  1.588562338332E-003  3.043449604051E-001  4.463630978561E+000 -2.656072062402E+001
  5.900002143803E-002  1.612999379973E-003  3.114562637513E-001  4.421281324598E+000 -2.635112703211E+001
  6.062529677088E-002  1.637574499364E-003  3.186073529451E-001  4.378625482341E+000 -2.613970969787E+001
  6.227521726827E-002  1.662290114181E-003  3.257962545201E-001  4.335673117108E+000 -2.592651098174E+001
  6.394992464542E-002  1.687148668440E-003  3.330209815897E-001  4.292433981900E+000 -2.571157396971E+001
  6.564956307496E-002  1.712152633027E-003  3.402795344018E-001  4.248917914831E+000 -2.549494246818E+001
  6.737427921404E-002  1.737304506249E-003  3.475699009031E-001  4.205134836483E+000 -2.527666099829E+001
  6.912422223211E-002  1.762606814387E-003  3.548900573137E-001  4.161094747167E+000 -2.505677478931E+001
  7.089954383907E-002  1.788062112257E-003  3.622379687105E-001  4.116807724107E+000 -2.483532977153E+001
  7.270039831418E-002  1.813672983787E-003  3.696115896208E-001  4.072283918526E+000 -2.461237256817E+001
  7.452694253540E-002  1.839442042599E-003  3.770088646240E-001  4.027533552660E+000 -2.438795048672E+001
  7.637933600943E-002  1.865371932600E-003  3.844277289640E-001  3.982566916673E+000 -2.416211150939E+001
  7.825774090225E-002  1.891465328589E-003  3.918661091691E-001  3.937394365490E+000 -2.393490428283E+001
  8.016232207035E-002  1.917724936867E-003  3.993219236820E-001  3.892026315551E+000 -2.370637810706E+001
  8.209324709253E-002  1.944153495867E-003  4.067930834977E-001  3.846473241465E+000 -2.347658292356E+001
  8.405068630235E-002  1.970753776782E-003  4.142774928100E-001  3.800745672590E+000 -2.324556930262E+001
  8.603481282122E-002  1.997528584221E-003  4.217730496662E-001  3.754854189520E+000 -2.301338842981E+001
  8.804580259214E-002  2.024480756857E-003  4.292776466305E-001  3.708809420495E+000 -2.278009209165E+001
  9.008383441408E-002  2.051613168108E-003  4.367891714540E-001  3.662622037718E+000 -2.254573266045E+001
  9.214908997710E-002  2.078928726810E-003  4.443055077533E-001  3.616302753594E+000 -2.231036307834E+001
  9.424175389809E-002  2.106430377918E-003  4.518245356959E-001  3.569862316891E+000 -2.207403684046E+001
  9.636201375725E-002  2.134121103210E-003  4.593441326924E-001  3.523311508807E+000 -2.183680797723E+001
  9.851006013526E-002  2.162003922007E-003  4.668621740959E-001  3.476661138971E+000 -2.159873103591E+001
  1.006860866512E-001  2.190081891910E-003  4.743765339076E-001  3.429922041356E+000 -2.135986106122E+001
  1.028902900012E-001  2.218358109541E-003  4.818850854877E-001  3.383105070119E+000 -2.112025357519E+001
  1.051228699979E-001  2.246835711311E-003  4.893857022736E-001  3.336221095365E+000 -2.087996455606E+001
  1.073840296104E-001  2.275517874190E-003  4.968762585014E-001  3.289280998839E+000 -2.063905041648E+001
  1.096739750056E-001  2.304407816497E-003  5.043546299343E-001  3.242295669541E+000 -2.039756798081E+001
  1.119929155896E-001  2.333508798707E-003  5.118186945938E-001  3.195275999274E+000 -2.015557446154E+001
  1.143410640503E-001  2.362824124271E-003  5.192663334967E-001  3.148232878131E+000 -1.991312743500E+001
  1.167186364011E-001  2.392357140448E-003  5.266954313941E-001  3.101177189907E+000 -1.967028481614E+001
  1.191258520249E-001  2.422111239159E-003  5.341038775154E-001  3.054119807454E+000 -1.942710483262E+001
  1.215629337189E-001  2.452089857854E-003  5.414895663132E-001  3.007071587974E+000 -1.918364599801E+001
  1.240301077413E-001  2.482296480400E-003  5.488503982127E-001  2.960043368259E+000 -1.893996708424E+001
  1.265276038575E-001  2.512734637975E-003  5.561842803607E-001  2.913045959875E+000 -1.869612709327E+001
  1.290556553882E-001  2.543407909995E-003  5.634891273777E-001  2.866090144290E+000 -1.845218522806E+001
  1.316144992580E-001  2.574319925047E-003  5.707628621098E-001  2.819186667968E+000 -1.820820086267E+001
  1.342043760450E-001  2.605474361847E-003  5.780034163809E-001  2.772346237402E+000 -1.796423351180E+001
  1.368255300316E-001  2.636874950214E-003  5.852087317455E-001  2.725579514125E+000 -1.772034279945E+001
  1.394782092560E-001  2.668525472060E-003  5.923767602394E-001  2.678897109667E+000 -1.747658842706E+001
  1.421626655646E-001  2.700429762411E-003  5.995054651297E-001  2.632309580496E+000 -1.723303014084E+001
  1.448791546661E-001  2.732591710434E-003  6.065928216627E-001  2.585827422921E+000 -1.698972769857E+001
  1.476279361856E-001  2.765015260497E-003  6.136368178092E-001  2.539461067970E+000 -1.674674083570E+001
  1.504092737207E-001  2.797704413242E-003  6.206354550061E-001  2.493220876260E+000 -1.650412923089E+001
  1.532234348983E-001  2.830663226680E-003  6.275867488946E-001  2.447117132837E+000 -1.626195247101E+001
  1.560706914324E-001  2.863895817319E-003  6.344887300537E-001  2.401160042020E+000 -1.602027001556E+001
  1.589513191834E-001  2.897406361298E-003  6.413394447285E-001  2.355359722232E+000 -1.577914116057E+001
  1.618655982178E-001  2.931199095559E-003  6.481369555529E-001  2.309726200831E+000 -1.553862500212E+001
  1.648138128702E-001  2.965278319033E-003  6.548793422649E-001  2.264269408952E+000 -1.529878039929E+001
  1.677962518056E-001  2.999648393860E-003  6.615647024163E-001  2.218999176356E+000 -1.505966593680E+001
  1.708132080832E-001  3.034313746623E-003  6.681911520727E-001  2.173925226294E+000 -1.482133988722E+001
  1.738649792215E-001  3.069278869616E-003  6.747568265067E-001  2.129057170393E+000 -1.458386017291E+001
  1.769518672648E-001  3.104548322136E-003  6.812598808799E-001  2.084404503578E+000 -1.434728432756E+001
  1.800741788507E-001  3.140126731803E-003  6.876984909170E-001  2.039976599014E+000 -1.411166945762E+001
  1.832322252791E-001  3.176018795904E-003  6.940708535677E-001  1.995782703095E+000 -1.387707220337E+001
  1.864263225826E-001  3.212229282769E-003  7.003751876578E-001  1.951831930485E+000 -1.364354869994E+001
  1.896567915983E-001  3.248763033179E-003  7.066097345279E-001  1.908133259194E+000 -1.341115453815E+001
  1.929239580409E-001  3.285624961791E-003  7.127727586600E-001  1.864695525730E+000 -1.317994472525E+001
  1.962281525771E-001  3.322820058613E-003  7.188625482900E-001  1.821527420306E+000 -1.294997364570E+001
  1.995697109023E-001  3.360353390492E-003  7.248774160060E-001  1.778637482116E+000 -1.272129502190E+001
  2.029489738173E-001  3.398230102644E-003  7.308156993316E-001  1.736034094700E+000 -1.249396187504E+001
  2.063662873085E-001  3.436455420218E-003  7.366757612945E-001  1.693725481381E+000 -1.226802648604E+001
  2.098220026275E-001  3.475034649885E-003  7.424559909775E-001  1.651719700800E+000 -1.204354035665E+001
  2.133164763746E-001  3.513973181471E-003  7.481548040538E-001  1.610024642546E+000 -1.182055417082E+001
  2.168500705817E-001  3.553276489620E-003  7.537706433035E-001  1.568648022893E+000 -1.159911775630E+001
  2.204231527988E-001  3.592950135496E-003  7.593019791126E-001  1.527597380648E+000 -1.137928004661E+001
  2.240360961807E-001  3.632999768520E-003  7.647473099534E-001  1.486880073111E+000 -1.116108904338E+001
  2.276892795770E-001  3.673431128145E-003  7.701051628440E-001  1.446503272170E+000 -1.094459177916E+001
  2.313830876220E-001  3.714250045674E-003  7.753740937893E-001  1.406473960522E+000 -1.072983428068E+001
  2.351179108282E-001  3.755462446115E-003  7.805526882000E-001  1.366798928031E+000 -1.051686153274E+001
  2.388941456809E-001  3.797074350078E-003  7.856395612913E-001  1.327484768233E+000 -1.030571744270E+001
  2.427121947345E-001  3.839091875711E-003  7.906333584587E-001  1.288537874996E+000 -1.009644480562E+001
  2.465724667110E-001  3.881521240686E-003  7.955327556326E-001  1.249964439334E+000 -9.889085270167E+000
  2.504753766009E-001  3.924368764227E-003  8.003364596094E-001  1.211770446386E+000 -9.683679305342E+000
  2.544213457654E-001  3.967640869177E-003  8.050432083593E-001  1.173961672569E+000 -9.480266168019E+000
  2.584108020414E-001  4.011344084122E-003  8.096517713106E-001  1.136543682909E+000 -9.278883871445E+000
  2.624441798480E-001  4.055485045557E-003  8.141609496098E-001  1.099521828552E+000 -9.079569154703E+000
  2.665219202956E-001  4.100070500102E-003  8.185695763576E-001  1.062901244465E+000 -8.882357453221E+000
  2.706444712976E-001  4.145107306769E-003  8.228765168191E-001  1.026686847342E+000 -8.687282870379E+000
  2.748122876832E-001  4.190602439283E-003  8.270806686102E-001  9.908833336931E-001 -8.494378150280E+000
  2.790258313137E-001  4.236562988450E-003  8.311809618580E-001  9.554951781613E-001 -8.303674651737E+000
  2.832855712010E-001  4.282996164587E-003  8.351763593356E-001  9.205266320346E-001 -8.115202323536E+000
  2.875919836279E-001  4.329909300005E-003  8.390658565715E-001  8.859817219839E-001 -7.928989681033E+000
  2.919455522717E-001  4.377309851548E-003  8.428484819333E-001  8.518642490198E-001 -7.745063784146E+000
  2.963467683296E-001  4.425205403192E-003  8.465232966853E-001  8.181777876762E-001 -7.563450216790E+000
  3.007961306479E-001  4.473603668706E-003  8.500893950209E-001  7.849256854243E-001 -7.384173067807E+000
  3.052941458522E-001  4.522512494374E-003  8.535459040681E-001  7.521110623201E-001 -7.207254913457E+000
  3.098413284823E-001  4.571939861783E-003  8.568919838707E-001  7.197368108906E-001 -7.032716801511E+000
  3.144382011281E-001  4.621893890671E-003  8.601268273432E-001  6.878055962606E-001 -6.860578236990E+000
  3.190852945695E-001  4.672382841850E-003  8.632496602004E-001  6.563198565230E-001 -6.690857169613E+000
  3.237831479192E-001  4.723415120192E-003  8.662597408624E-001  6.252818033557E-001 -6.523569982988E+000
  3.285323087679E-001  4.774999277691E-003  8.691563603350E-001  5.946934228864E-001 -6.358731485595E+000
  3.333333333333E-001  4.827144016591E-003  8.719388420652E-001  5.645564768072E-001 -6.196354903595E+000
  3.381867866117E-001  4.879858192602E-003  8.746065417740E-001  5.348725037404E-001 -6.036451875517E+000
  3.430932425333E-001  4.933150818173E-003  8.771588472650E-001  5.056428208555E-001 -5.879032448843E+000
  3.480532841203E-001  4.987031065868E-003  8.795951782111E-001  4.768685257386E-001 -5.724105078537E+000
  3.530675036492E-001  5.041508271801E-003  8.819149859189E-001  4.485504985129E-001 -5.571676627538E+000
  3.581365028158E-001  5.096591939172E-003  8.841177530719E-001  4.206894042100E-001 -5.421752369260E+000
  3.632608929041E-001  5.152291741875E-003  8.862029934539E-001  3.932856953907E-001 -5.274335992098E+000
  3.684412949588E-001  5.208617528209E-003  8.881702516518E-001  3.663396150138E-001 -5.129429605985E+000
  3.736783399619E-001  5.265579324662E-003  8.900191027411E-001  3.398511995493E-001 -4.987033751006E+000
  3.789726690123E-001  5.323187339805E-003  8.917491519534E-001  3.138202823342E-001 -4.847147408076E+000
  3.843249335105E-001  5.381451968273E-003  8.933600343269E-001  2.882464971672E-001 -4.709768011701E+000
  3.897357953460E-001  5.440383794842E-003  8.948514143426E-001  2.631292821372E-001 -4.574891464829E+000
  3.952059270903E-001  5.499993598618E-003  8.962229855457E-001  2.384678836821E-001 -4.442512155781E+000
  4.007360121927E-001  5.560292357317E-003  8.974744701553E-001  2.142613608716E-001 -4.312622977261E+000
  4.063267451812E-001  5.621291251662E-003  8.986056186613E-001  1.905085899088E-001 -4.185215347453E+000
  4.119788318683E-001  5.683001669888E-003  8.996162094126E-001  1.672082688430E-001 -4.060279233168E+000
  4.176929895600E-001  5.745435212354E-003  9.005060481963E-001  1.443589224877E-001 -3.937803175044E+000
  4.234699472710E-001  5.808603696282E-003  9.012749678101E-001  1.219589075352E-001 -3.817774314765E+000
  4.293104459435E-001  5.872519160606E-003  9.019228276298E-001  1.000064178589E-001 -3.700178424281E+000
  4.352152386716E-001  5.937193870949E-003  9.024495131724E-001  7.849948999595E-002 -3.584999936995E+000
  4.411850909306E-001  6.002640324729E-003  9.028549356583E-001  5.743600879813E-002 -3.472221980872E+000
  4.472207808110E-001  6.068871256391E-003  9.031390315729E-001  3.681371324296E-002 -3.361826413443E+000
  4.533230992589E-001  6.135899642772E-003  9.033017622298E-001  1.663020239240E-002 -3.253793858650E+000
  4.594928503202E-001  6.203738708611E-003  9.033431133380E-001 -3.117058511427E-003 -3.148103745475E+000
  4.657308513924E-001  6.272401932198E-003  9.032630945748E-001 -2.243073182603E-002 -3.044734348310E+000
  4.720379334802E-001  6.341903051163E-003  9.030617391651E-001 -4.131360117632E-002 -2.943662828987E+000
  4.784149414579E-001  6.412256068427E-003  9.027391034715E-001 -5.976856502374E-002 -2.844865280426E+000
  4.848627343381E-001  6.483475258298E-003  9.022952665952E-001 -7.779863015043E-002 -2.748316771797E+000
  4.913821855461E-001  6.555575172733E-003  9.017303299899E-001 -9.540690507271E-002 -2.653991395157E+000
  4.979741832006E-001  6.628570647764E-003  9.010444170922E-001 -1.125965933987E-001 -2.561862313438E+000
  5.046396304008E-001  6.702476810086E-003  9.002376729683E-001 -1.293709871451E-001 -2.471901809734E+000
  5.113794455212E-001  6.777309083830E-003  8.993102639817E-001 -1.457334600292E-001 -2.384081337778E+000
  5.181945625116E-001  6.853083197508E-003  8.982623774808E-001 -1.616874607519E-001 -2.298371573510E+000
  5.250859312060E-001  6.929815191146E-003  8.970942215117E-001 -1.772365062874E-001 -2.214742467646E+000
  5.320545176366E-001  7.007521423604E-003  8.958060245551E-001 -1.923841751981E-001 -2.133163299135E+000
  5.391013043575E-001  7.086218580100E-003  8.943980352919E-001 -2.071341009898E-001 -2.053602729396E+000
  5.462272907741E-001  7.165923679926E-003  8.928705223975E-001 -2.214899655258E-001 -1.976028857216E+000
  5.534334934816E-001  7.246654084380E-003  8.912237743677E-001 -2.354554925161E-001 -1.900409274204E+000
  5.607209466109E-001  7.328427504912E-003  8.894580993775E-001 -2.490344411006E-001 -1.826711120670E+000
  5.680907021827E-001  7.411262011483E-003  8.875738251754E-001 -2.622305995427E-001 -1.754901141801E+000
  5.755438304707E-001  7.495176041166E-003  8.855712990130E-001 -2.750477790521E-001 -1.684945744024E+000
  5.830814203728E-001  7.580188406970E-003  8.834508876139E-001 -2.874898077534E-001 -1.616811051401E+000
  5.907045797917E-001  7.666318306912E-003  8.812129771820E-001 -2.995605248186E-001 -1.550462961951E+000
  5.984144360243E-001  7.753585333338E-003  8.788579734498E-001 -3.112637747811E-001 -1.485867203740E+000
  6.062121361613E-001  7.842009482502E-003  8.763863017705E-001 -3.226034020482E-001 -1.422989390619E+000
  6.140988474955E-001  7.931611164409E-003  8.737984072523E-001 -3.335832456282E-001 -1.361795077470E+000
  6.220757579409E-001  8.022411212936E-003  8.710947549374E-001 -3.442071340906E-001 -1.302249814813E+000
  6.301440764614E-001  8.114430896230E-003  8.682758300270E-001 -3.544788807732E-001 -1.244319202649E+000
  6.383050335109E-001  8.207691927403E-003  8.653421381514E-001 -3.644022792542E-001 -1.187968943392E+000
  6.465598814833E-001  8.302216475524E-003  8.622942056868E-001 -3.739810991021E-001 -1.133164893749E+000
  6.549098951744E-001  8.398027176926E-003  8.591325801197E-001 -3.832190819194E-001 -1.079873115429E+000
  6.633563722545E-001  8.495147146827E-003  8.558578304577E-001 -3.921199376936E-001 -1.028059924517E+000
  6.719006337539E-001  8.593599991288E-003  8.524705476877E-001 -4.006873414679E-001 -9.776919394100E-001
  6.805440245593E-001  8.693409819506E-003  8.489713452809E-001 -4.089249303445E-001 -9.287361271627E-001
  6.892879139233E-001  8.794601256469E-003  8.453608597446E-001 -4.168363008314E-001 -8.811598481223E-001
  6.981336959871E-001  8.897199455961E-003  8.416397512194E-001 -4.244250065424E-001 -8.349308987309E-001
  7.070827903152E-001  9.001230113956E-003  8.378087041220E-001 -4.316945562608E-001 -7.900175523719E-001
  7.161366424455E-001  9.106719482390E-003  8.338684278312E-001 -4.386484123729E-001 -7.463885981450E-001
  7.252967244510E-001  9.213694383338E-003  8.298196574171E-001 -4.452899896800E-001 -7.040133774613E-001
  7.345645355186E-001  9.322182223606E-003  8.256631544111E-001 -4.516226545936E-001 -6.628618183522E-001
  7.439416025400E-001  9.432211009745E-003  8.213997076146E-001 -4.576497247169E-001 -6.229044673949E-001
  7.534294807203E-001  9.543809363512E-003  8.170301339461E-001 -4.633744688177E-001 -5.841125191624E-001
  7.630297542000E-001  9.657006537783E-003  8.125552793212E-001 -4.688001071923E-001 -5.464578431141E-001
  7.727440366954E-001  9.771832432940E-003  8.079760195666E-001 -4.739298124202E-001 -5.099130078499E-001
  7.825739721536E-001  9.888317613741E-003  8.032932613622E-001 -4.787667105094E-001 -4.744513026604E-001
  7.925212354258E-001  1.000649332670E-002  7.985079432099E-001 -4.833138824270E-001 -4.400467563136E-001
  8.025875329584E-001  1.012639151798E-002  7.936210364250E-001 -4.875743660115E-001 -4.066741530273E-001
  8.127746035011E-001  1.024804485184E-002  7.886335461472E-001 -4.915511582599E-001 -3.743090455868E-001
  8.230842188350E-001  1.037148672960E-002  7.835465123665E-001 -4.952472179808E-001 -3.429277655787E-001
  8.335181845190E-001  1.049675130923E-002  7.783610109603E-001 -4.986654688040E-001 -3.125074307176E-001
  8.440783406568E-001  1.062387352550E-002  7.730781547377E-001 -5.018088025345E-001 -2.830259492592E-001
  8.547665626839E-001  1.075288911077E-002  7.676990944860E-001 -5.046800828379E-001 -2.544620214992E-001
  8.655847621758E-001  1.088383461638E-002  7.622250200139E-001 -5.072821492410E-001 -2.267951383717E-001
  8.765348876780E-001  1.101674743475E-002  7.566571611884E-001 -5.096178214324E-001 -2.000055771705E-001
  8.876189255584E-001  1.115166582209E-002  7.509967889575E-001 -5.116899038424E-001 -1.740743944290E-001
  8.988389008829E-001  1.128862892191E-002  7.452452163556E-001 -5.135011904838E-001 -1.489834160066E-001
  9.101968783143E-001  1.142767678917E-002  7.394037994851E-001 -5.150544700310E-001 -1.247152244394E-001
  9.216949630368E-001  1.156885041525E-002  7.334739384678E-001 -5.163525311132E-001 -1.012531436274E-001
  9.333353017046E-001  1.171219175365E-002  7.274570783615E-001 -5.173981677988E-001 -7.858122093851E-002
  9.451200834176E-001  1.185774374655E-002  7.213547100354E-001 -5.181941852426E-001 -5.668420682553E-002
  9.570515407237E-001  1.200555035216E-002  7.151683709976E-001 -5.187434054695E-001 -3.554753205891E-002
  9.691319506484E-001  1.215565657299E-002  7.088996461700E-001 -5.190486732647E-001 -1.515728269313E-002
  9.813636357544E-001  1.230810848498E-002  7.025501686025E-001 -5.191128621417E-001  4.499827107209E-003
  9.937489652293E-001  1.246295326757E-002  6.961216201226E-001 -5.189388803558E-001  2.343648424423E-002
  1.006290356005E+000  1.262023923477E-002  6.896157319125E-001 -5.185296769309E-001  4.166480771919E-002
  1.018990273907E+000  1.278001586715E-002  6.830342850085E-001 -5.178882476682E-001  5.919638136423E-002
  1.031851234841E+000  1.294233384499E-002  6.763791107165E-001 -5.170176411020E-001  7.604228810789E-002
  1.044875806003E+000  1.310724508236E-002  6.696520909380E-001 -5.159209643689E-001  9.221314560108E-002
  1.058066607138E+000  1.327480276248E-002  6.628551584000E-001 -5.146013889564E-001  1.077191430225E-001
  1.071426311823E+000  1.344506137405E-002  6.559902967844E-001 -5.130621562961E-001  1.225700788762E-001
  1.084957648792E+000  1.361807674895E-002  6.490595407510E-001 -5.113065831673E-001  1.367753995872E-001
  1.098663403298E+000  1.379390610110E-002  6.420649758488E-001 -5.093380668762E-001  1.503442386979E-001
  1.112546418516E+000  1.397260806657E-002  6.350087383114E-001 -5.071600901773E-001  1.632854564620E-001
  1.126609596985E+000  1.415424274514E-002  6.278930147312E-001 -5.047762259031E-001  1.756076796308E-001
  1.140855902095E+000  1.433887174317E-002  6.207200416095E-001 -5.021901412699E-001  1.873193412256E-001
  1.155288359613E+000  1.452655821788E-002  6.134921047772E-001 -4.994056018273E-001  1.984287200858E-001
  1.169910059257E+000  1.471736692327E-002  6.062115386841E-001 -4.964264750218E-001  2.089439799874E-001
  1.184724156317E+000  1.491136425740E-002  5.988807255535E-001 -4.932567333443E-001  2.188732081233E-001
  1.199733873325E+000  1.510861831145E-002  5.915020943998E-001 -4.899004570344E-001  2.282244527417E-001
  1.214942501771E+000  1.530919892035E-002  5.840781199062E-001 -4.863618363154E-001  2.370057597436E-001
  1.230353403874E+000  1.551317771520E-002  5.766113211635E-001 -4.826451731360E-001  2.452252080418E-001
  1.245970014403E+000  1.572062817747E-002  5.691042602672E-001 -4.787548823962E-001  2.528909434929E-001
  1.261795842559E+000  1.593162569510E-002  5.615595407733E-001 -4.746954926393E-001  2.600112112214E-001
  1.277834473907E+000  1.614624762054E-002  5.539798060137E-001 -4.704716461908E-001  2.665943861589E-001
  1.294089572372E+000  1.636457333079E-002  5.463677372726E-001 -4.660880987313E-001  2.726490016376E-001
  1.310564882294E+000  1.658668428962E-002  5.387260518243E-001 -4.615497182912E-001  2.781837758818E-001
  1.327264230548E+000  1.681266411190E-002  5.310575008362E-001 -4.568614836578E-001  2.832076362569E-001
  1.344191528724E+000  1.704259863026E-002  5.233648671398E-001 -4.520284821899E-001  2.877297411457E-001
  1.361350775387E+000  1.727657596408E-002  5.156509628731E-001 -4.470559070368E-001  2.917594993362E-001
  1.378746058390E+000  1.751468659100E-002  5.079186269994E-001 -4.419490537629E-001  2.953065868208E-001
  1.396381557275E+000  1.775702342093E-002  5.001707227076E-001 -4.367133163804E-001  2.983809609191E-001
  1.414261545744E+000  1.800368187279E-002  4.924101346992E-001 -4.313541827999E-001  3.009928716553E-001
  1.432390394201E+000  1.825475995395E-002  4.846397663699E-001 -4.258772297073E-001  3.031528703372E-001
  1.450772572390E+000  1.851035834267E-002  4.768625368915E-001 -4.202881168832E-001  3.048718152983E-001
  1.469412652102E+000  1.877058047342E-002  4.690813782028E-001 -4.145925809803E-001  3.061608747874E-001
  1.488315309978E+000  1.903553262542E-002  4.612992319178E-001 -4.087964287826E-001  3.070315270005E-001
  1.507485330398E+000  1.930532401444E-002  4.535190461600E-001 -4.029055299680E-001  3.074955572760E-001
  1.526927608467E+000  1.958006688797E-002  4.457437723319E-001 -3.969258094040E-001  3.075650524837E-001
  1.546647153093E+000  1.985987662391E-002  4.379763618313E-001 -3.908632390061E-001  3.072523926644E-001
  1.566649090169E+000  2.014487183303E-002  4.302197627222E-001 -3.847238291932E-001  3.065702399868E-001
  1.586938665861E+000  2.043517446518E-002  4.224769163737E-001 -3.785136199770E-001  3.055315251115E-001
  1.607521250000E+000  2.073090991960E-002  4.147507540769E-001 -3.722386717235E-001  3.041494310660E-001
  1.628402339588E+000  2.103220715932E-002  4.070441936511E-001 -3.659050556304E-001  3.024373747510E-001
  1.649587562420E+000  2.133919883002E-002  3.993601360513E-001 -3.595188439623E-001  3.004089862149E-001
  1.671082680832E+000  2.165202138333E-002  3.917014619889E-001 -3.530861000915E-001  2.980780858459E-001
  1.692893595565E+000  2.197081520497E-002  3.840710285776E-001 -3.466128683916E-001  2.954586596482E-001
  1.715026349769E+000  2.229572474776E-002  3.764716660155E-001 -3.401051640327E-001  2.925648327775E-001
  1.737487133138E+000  2.262689866987E-002  3.689061743168E-001 -3.335689627297E-001  2.894108415243E-001
  1.760282286187E+000  2.296448997842E-002  3.613773201028E-001 -3.270101904933E-001  2.860110039444E-001
  1.783418304674E+000  2.330865617868E-002  3.538878334662E-001 -3.204347134374E-001  2.823796893422E-001
  1.806901844175E+000  2.365955942924E-002  3.464404049165E-001 -3.138483276926E-001  2.785312868209E-001
  1.830739724818E+000  2.401736670327E-002  3.390376824204E-001 -3.072567494790E-001  2.744801731201E-001
  1.854938936184E+000  2.438224995616E-002  3.316822685457E-001 -3.006656053884E-001  2.702406799627E-001
  1.879506642368E+000  2.475438629994E-002  3.243767177182E-001 -2.940804229256E-001  2.658270611380E-001
  1.904450187236E+000  2.513395818467E-002  3.171235336019E-001 -2.875066213585E-001  2.612534595468E-001
  1.929777099847E+000  2.552115358717E-002  3.099251666093E-001 -2.809495029227E-001  2.565338744336E-001
  1.955495100083E+000  2.591616620741E-002  3.027840115507E-001 -2.744142444263E-001  2.516821290277E-001
  1.981612104475E+000  2.631919567292E-002  2.957024054281E-001 -2.679058892965E-001  2.467118388120E-001
  2.008136232230E+000  2.673044775156E-002  2.886826253796E-001 -2.614293401084E-001  2.416363806295E-001
  2.035075811486E+000  2.715013457311E-002  2.817268867799E-001 -2.549893516318E-001  2.364688628326E-001
  2.062439385788E+000  2.757847486001E-002  2.748373414992E-001 -2.485905244297E-001  2.312220966671E-001
  2.090235720801E+000  2.801569416771E-002  2.680160763244E-001 -2.422372990365E-001  2.259085690768E-001
  2.118473811262E+000  2.846202513514E-002  2.612651115429E-001 -2.359339507440E-001  2.205404170968E-001
  2.147162888201E+000  2.891770774564E-002  2.545863996909E-001 -2.296845850127E-001  2.151294039934E-001
  2.176312426413E+000  2.938298959899E-002  2.479818244635E-001 -2.234931335283E-001  2.096868972938E-001
  2.205932152222E+000  2.985812619504E-002  2.414531997864E-001 -2.173633509143E-001  2.042238488287E-001
  2.236032051522E+000  3.034338122938E-002  2.350022690448E-001 -2.112988121075E-001  1.987507769000E-001
  2.266622378129E+000  3.083902690182E-002  2.286307044658E-001 -2.053029104000E-001  1.932777506619E-001
  2.297713662445E+000  3.134534423818E-002  2.223401066490E-001 -1.993788561458E-001  1.878143767893E-001
  2.329316720450E+000  3.186262342603E-002  2.161320042380E-001 -1.935296761229E-001  1.823697884874E-001
  2.361442663038E+000  3.239116416519E-002  2.100078537270E-001 -1.877582135409E-001  1.769526368753E-001
  2.394102905709E+000  3.293127603351E-002  2.039690393916E-001 -1.820671286764E-001  1.715710847591E-001
  2.427309178642E+000  3.348327886897E-002  1.980168733368E-001 -1.764589001143E-001  1.662328027899E-001
  2.461073537146E+000  3.404750316862E-002  1.921525956505E-001 -1.709358265701E-001  1.609449679814E-001
  2.495408372530E+000  3.462429050548E-002  1.863773746525E-001 -1.655000292615E-001  1.557142645440E-001
  2.530326423398E+000  3.521399396401E-002  1.806923072274E-001 -1.601534547961E-001  1.505468869740E-001
  2.565840787378E+000  3.581697859546E-002  1.750984192291E-001 -1.548978785361E-001  1.454485453173E-001
  2.601964933334E+000  3.643362189376E-002  1.695966659457E-001 -1.497349083998E-001  1.404244725115E-001
  2.638712714049E+000  3.706431429322E-002  1.641879326116E-001 -1.446659890540E-001  1.354794336933E-001
  2.676098379430E+000  3.770945968912E-002  1.588730349558E-001 -1.396924064513E-001  1.306177373428E-001
  2.714136590232E+000  3.836947598236E-002  1.536527197720E-001 -1.348152926626E-001  1.258432481254E-001
  2.752842432351E+000  3.904479564947E-002  1.485276655016E-001 -1.300356309549E-001  1.211594012759E-001
  2.792231431696E+000  3.973586633921E-002  1.434984828165E-001 -1.253542610612E-001  1.165692183623E-001
  2.832319569669E+000  4.044315149734E-002  1.385657151912E-001 -1.207718845926E-001  1.120753242572E-001
  2.873123299289E+000  4.116713102086E-002  1.337298394554E-001 -1.162890705378E-001  1.076799651354E-001
  2.914659561979E+000  4.190830194354E-002  1.289912663177E-001 -1.119062608010E-001  1.033850273146E-001
  2.956945805065E+000  4.266717915414E-002  1.243503408535E-001 -1.076237757263E-001  9.919205675108E-002
  3.000000000000E+000  4.344429614932E-002  1.198073429499E-001 -1.034418195625E-001  9.510227899984E-002
  3.043840661365E+000  4.424020582308E-002  1.153624877044E-001 -9.936048582007E-002  9.111661945261E-002
  3.088486866678E+000  4.505548129460E-002  1.110159257732E-001 -9.537976248015E-002  8.723572366698E-002
  3.133958277047E+000  4.589071677685E-002  1.067677436689E-001 -9.149953701585E-002  8.345997760671E-002
  3.180275158719E+000  4.674652848797E-002  1.026179640066E-001 -8.771960119109E-002  7.978952761920E-002
  3.227458405560E+000  4.762355560797E-002  9.856654570255E-002 -8.403965560761E-002  7.622429998552E-002
  3.275529562509E+000  4.852246128332E-002  9.461338412829E-002 -8.045931397531E-002  7.276401988881E-002
  3.324510850077E+000  4.944393368200E-002  9.075831122743E-002 -7.697810708701E-002  6.940822965974E-002
  3.374425189910E+000  5.038868710203E-002  8.700109560264E-002 -7.359548648435E-002  6.615630617144E-002
  3.425296231502E+000  5.135746313639E-002  8.334144258301E-002 -7.031082780785E-002  6.300747727256E-002
  3.477148380094E+000  5.235103189784E-002  7.977899428351E-002 -6.712343383052E-002  5.996083716377E-002
  3.530006825834E+000  5.337019330676E-002  7.631332966969E-002 -6.403253718050E-002  5.701536064115E-002
  3.583897574256E+000  5.441577844603E-002  7.294396464235E-002 -6.103730276486E-002  5.416991614930E-002
  3.638847478148E+000  5.548865098670E-002  6.967035215793E-002 -5.813682991256E-002  5.142327760618E-002
  3.694884270887E+000  5.658970868864E-002  6.649188240140E-002 -5.533015426077E-002  4.877413498223E-002
  3.752036601308E+000  5.771988498079E-002  6.340788302905E-002 -5.261624941393E-002  4.622110363592E-002
  3.810334070199E+000  5.888015062562E-002  6.041761949872E-002 -4.999402841042E-002  4.376273242823E-002
  3.869807268505E+000  6.007151547295E-002  5.752029550506E-002 -4.746234503567E-002  4.139751065750E-002
  3.930487817331E+000  6.129503030858E-002  5.471505353702E-002 -4.501999502466E-002  3.912387387467E-002
  3.992408409843E+000  6.255178880352E-002  5.200097557351E-002 -4.266571719922E-002  3.694020865618E-002
  4.055602855172E+000  6.384292957002E-002  4.937708393246E-002 -4.039819458805E-002  3.484485642729E-002
  4.120106124432E+000  6.516963833101E-002  4.684234228618E-002 -3.821605557765E-002  3.283611644260E-002
  4.185954398964E+000  6.653315021009E-002  4.439565685419E-002 -3.611787514279E-002  3.091224804202E-002
  4.253185120935E+000  6.793475214960E-002  4.203587778194E-002 -3.410217620361E-002  2.907147230979E-002
  4.321837046422E+000  6.937578546490E-002  3.976180071102E-002 -3.216743115400E-002  2.731197327075E-002
  4.391950301120E+000  7.085764854355E-002  3.757216854304E-002 -3.031206360238E-002  2.563189876175E-002
  4.463566438835E+000  7.238179969882E-002  3.546567339593E-002 -2.853445036138E-002  2.402936111680E-002
  4.536728502895E+000  7.394976018725E-002  3.344095874772E-002 -2.683292371671E-002  2.250243780239E-002
  4.611481090679E+000  7.556311740127E-002  3.149662175862E-002 -2.520577399917E-002  2.104917213387E-002
  4.687870421430E+000  7.722352824817E-002  2.963121575859E-002 -2.365125247542E-002  1.966757419531E-002
  4.765944407533E+000  7.893272272784E-002  2.784325288353E-002 -2.216757456517E-002  1.835562207382E-002
  4.845752729492E+000  8.069250772248E-002  2.613120683929E-002 -2.075292338269E-002  1.711126350523E-002
  4.927346914797E+000  8.250477101257E-002  2.449351576947E-002 -1.940545359169E-002  1.593241801130E-002
  5.010780420931E+000  8.437148553436E-002  2.292858519963E-002 -1.812329555219E-002  1.481697958976E-002
  5.096108722763E+000  8.629471389541E-002  2.143479102795E-002 -1.690455972901E-002  1.376281999822E-002
  5.183389404586E+000  8.827661316581E-002  2.001048253058E-002 -1.574734132182E-002  1.276779265076E-002
  5.272682257105E+000  9.031943996425E-002  1.865398534833E-002 -1.464972506805E-002  1.182973712416E-002
  5.364049379651E+000  9.242555585946E-002  1.736360442138E-002 -1.360979016242E-002  1.094648424743E-002
  5.457555287978E+000  9.459743310926E-002  1.613762683884E-002 -1.262561522984E-002  1.011586172659E-002
  5.553267027968E+000  9.683766076100E-002  1.497432457193E-002 -1.169528328369E-002  9.335700235639E-003
  5.651254295630E+000  9.914895113938E-002  1.387195706184E-002 -1.081688659758E-002  8.603839884890E-003
  5.751589563796E+000  1.015341467494E-001  1.282877363734E-002 -9.988531417371E-003  7.918136961530E-003
  5.854348215936E+000  1.039962276248E-001  1.184301574181E-002 -9.208342440595E-003  7.276470822682E-003
  5.959608687557E+000  1.065383191537E-001  1.091291895514E-002 -8.474466992933E-003  6.676750810942E-003
  6.067452615683E+000  1.091637004188E-001  1.003671480293E-002 -7.785078836483E-003  6.116923055470E-003
  6.177964996951E+000  1.118758130872E-001  9.212632352558E-003 -7.138381551498E-003  5.594977019210E-003
  6.291234354880E+000  1.146782708938E-001  8.438899604142E-003 -6.532611442609E-003  5.108951654597E-003
  6.407352916949E+000  1.175748697626E-001  7.713744692917E-003 -5.966039931790E-003  4.656941036497E-003
  6.526416802128E+000  1.205695986129E-001  7.035396928064E-003 -5.436975413349E-003  4.237099351832E-003
  6.648526219580E+000  1.236666509049E-001  6.402087701814E-003 -4.943764560702E-003  3.847645140417E-003
  6.773785679311E+000  1.268704369821E-001  5.812051310561E-003 -4.484793090189E-003  3.486864700332E-003
  6.902304215570E+000  1.301855972713E-001  5.263525737066E-003 -4.058486003336E-003  3.153114593469E-003
  7.034195623922E+000  1.336170164087E-001  4.754753448875E-003 -3.663307345094E-003  2.844823211820E-003
  7.169578712934E+000  1.371698383673E-001  4.283982272628E-003 -3.297759531321E-003  2.560491391988E-003
  7.308577571516E+000  1.408494826628E-001  3.849466406625E-003 -2.960382313286E-003  2.298692093390E-003
  7.451321853057E+000  1.446616617293E-001  3.449467634472E-003 -2.649751459899E-003  2.058069183681E-003
  7.597947077547E+000  1.486123995567E-001  3.082256800663E-003 -2.364477248906E-003  1.837335402083E-003
  7.748594953021E+000  1.527080516973E-001  2.746115604322E-003 -2.103202866008E-003  1.635269596506E-003
  7.903413717736E+000  1.569553267535E-001  2.439338759894E-003 -1.864602815234E-003  1.450713352569E-003
  8.062558504629E+000  1.613613094717E-001  2.160236563372E-003 -1.647381444504E-003  1.282567151002E-003
  8.226191729726E+000  1.659334855793E-001  1.907137889715E-003 -1.450271686907E-003  1.129786203448E-003
  8.394483506327E+000  1.706797685137E-001  1.678393631689E-003 -1.272034110624E-003  9.913761248858E-004
  8.567612086926E+000  1.756085282071E-001  1.472380572792E-003 -1.111456358679E-003  8.663886030764E-004
  8.745764335025E+000  1.807286221064E-001  1.287505667731E-003 -9.673530440392E-004  7.539172214508E-004
  8.929136229160E+000  1.860494286260E-001  1.122210683627E-003 -8.385661462747E-004  6.530935815829E-004
  9.117933401693E+000  1.915808832504E-001  9.749771345922E-004 -7.239659338289E-004  5.630838551134E-004
  9.312371715124E+000  1.973335175235E-001  8.443314223067E-004 -6.224524114441E-004  4.830858731943E-004
  9.512677878945E+000  2.033185011886E-001  7.288500766804E-004 -5.329572666005E-004  4.123268350034E-004
  9.719090110332E+000  2.095476877688E-001  6.271649745908E-004 -4.544462628856E-004  3.500616866729E-004
  9.931858842267E+000  2.160336639044E-001  5.379684019785E-004 -3.859220032581E-004  2.955721893511E-004
  1.015124748302E+001  2.227898028021E-001  4.600178161983E-004 -3.264269634126E-004  2.481666615208E-004
  1.037753323129E+001  2.298303221843E-001  3.921401622710E-004 -2.750466761212E-004  2.071803476945E-004
  1.061100795175E+001  2.371703471699E-001  3.332355992031E-004 -2.309129326694E-004  1.719763348093E-004
  1.085197911611E+001  2.448259785618E-001  2.822805012884E-004 -1.932068583330E-004  1.419469106343E-004
  1.110077081537E+001  2.528143670735E-001  2.383296144300E-004 -1.611617160569E-004  1.165152367322E-004
  1.135772484956E+001  2.611537940784E-001  2.005172688838E-004 -1.340652966162E-004  9.513719322761E-005
  1.162320190175E+001  2.698637595360E-001  1.680575769337E-004 -1.112617647496E-004  7.730324477123E-005
  1.189758280382E+001  2.789650778206E-001  1.402435760133E-004 -9.215284885908E-005  6.254017721328E-005
  1.218126990242E+001  2.884799822596E-001  1.164453135008E-004 -7.619828627041E-005  5.041256274394E-005
  1.247468853413E+001  2.984322392826E-001  9.610690731072E-005 -6.291546573806E-005  4.052382728105E-005
  1.277828862002E+001  3.088472731875E-001  7.874265472053E-005 -5.187824248494E-005  3.251681686254E-005
  1.309254639077E+001  3.197523026463E-001  6.393229865319E-005 -4.271493688505E-005  2.607378845895E-005
  1.341796625462E+001  3.311764902095E-001  5.131559386484E-005 -3.510556400115E-005  2.091578328644E-005
  1.375508282195E+001  3.431511062169E-001  4.058634319792E-005 -2.877837552509E-005  1.680137540349E-005
  1.410446310162E+001  3.557097086969E-001  3.148609447731E-005 -2.350582619654E-005  1.352482296448E-005
  1.446670888596E+001  3.688883410292E-001  2.379770030031E-005 -1.910010161031E-005  1.091368180421E-005
  1.484245934302E+001  3.827257493700E-001  1.733894490572E-005 -1.540836187940E-005  8.825968988484E-006
  1.523239383723E+001  3.972636220891E-001  1.195643406547E-005 -1.230786474542E-005  7.146985828949E-006
  1.563723500136E+001  4.125468537596E-001  7.519925721725E-006 -9.701131807185E-006  5.785924295273E-006
  1.605775208607E+001  4.286238365683E-001  3.917251748724E-006 -7.511312568559E-006  4.672386982345E-006
  1.649476461582E+001  4.455467823929E-001  1.049946252425E-006 -5.677883617604E-006  3.752948638217E-006
  1.694914638379E+001  4.633720792263E-001 -1.170344704976E-006 -4.152795675166E-006  2.987877197874E-006
  1.742182982203E+001  4.821606861220E-001 -2.824640648516E-006 -2.897151247067E-006  2.348115362617E-006
  1.791381078784E+001  5.019785714107E-001 -3.988604055123E-006 -1.878462323119E-006  1.812601578859E-006
  1.842615381215E+001  5.228971995942E-001 -4.733771392320E-006 -1.068503348409E-006  1.365983723763E-006
  1.895999786176E+001  5.449940730840E-001 -5.128127733488E-006 -4.417419302855E-007  9.967519978176E-007
  1.951656267356E+001  5.683533358366E-001 -5.236143328560E-006  2.569935489260E-008  6.957915407166E-007
  2.009715572669E+001  5.930664469535E-001 -5.118409645372E-006  3.566202801059E-007  4.553320093873E-007
  2.070317992707E+001  6.192329335039E-001 -4.831021132956E-006  5.729463731563E-007  2.682523050302E-007
  2.133614208874E+001  6.469612332096E-001 -4.424847031569E-006  6.956545209730E-007  1.276848489580E-007
  2.199766230782E+001  6.763696392388E-001 -3.944825528970E-006  7.445183559544E-007  2.685578286628E-008
  2.268948433818E+001  7.075873612439E-001 -3.429391784882E-006  7.377653346916E-007 -4.090483676306E-008
  2.341348709294E+001  7.407557189842E-001 -2.910123837544E-006  6.917256834507E-007 -8.204590150999E-008
  2.417169741362E+001  7.760294874639E-001 -2.411658697927E-006  6.205370922712E-007 -1.026270819668E-007
  2.496630426925E+001  8.135784155747E-001 -1.951897855498E-006  5.359499689812E-007 -1.081453209172E-007
  2.579967457140E+001  8.535889438281E-001 -1.542489845958E-006  4.472580976377E-007 -1.033896986244E-007
  2.667437081864E+001  8.962661510291E-001 -1.189550147964E-006  3.613604991711E-007 -9.234592618606E-008
  2.759317081651E+001  9.418359647997E-001 -8.945577167942E-007  2.829437602017E-007 -7.815997004339E-008
  2.855908975674E+001  9.905476768748E-001 -6.553544967332E-007  2.147613204344E-007 -6.316021179233E-008
  2.957540498378E+001  1.042676811269E+000 -4.671700149393E-007  1.579779780965E-007 -4.892977614210E-008
  3.064568382919E+001  1.098528402000E+000 -3.235974570972E-007  1.125444632307E-007 -3.641557880928E-008
  3.177381495601E+001  1.158440747351E+000 -2.174593475191E-007  7.756809428215E-008 -2.605830357749E-008
  3.296404372807E+001  1.222789720048E+000 -1.415181882028E-007  5.165054820749E-008 -1.792767131400E-008
  3.422101220608E+001  1.291993727721E+000 -8.900766297631E-008  3.317153001125E-008 -1.184952999839E-008
  3.554980447538E+001  1.366519436102E+000 -5.398054631355E-008  2.050628258578E-008 -7.514822375102E-009
  3.695599813319E+001  1.446888389511E+000 -3.148766798834E-008  1.217404242007E-008 -4.564648866165E-009
  3.844572291106E+001  1.533684690030E+000 -1.761608501826E-008  6.922481006378E-009 -2.649734493397E-009
  4.002572758518E+001  1.627563929686E+000 -9.422732764953E-009  3.758961598252E-009 -1.466047303341E-009
  4.170345654134E+001  1.729263610453E+000 -4.801986448653E-009  1.942619815394E-009 -7.707162839893E-010
  4.348713762001E+001  1.839615336740E+000 -2.322451253441E-009  9.518636641708E-010 -3.836092934249E-010
  4.538588318162E+001  1.959559126947E+000 -1.061365431219E-009  4.403327108320E-010 -1.800367408901E-010
  4.740980671574E+001  2.090160267552E+000 -4.561087832399E-010  1.913966991055E-010 -7.930538294209E-011
  4.957015778746E+001  2.232629229408E+000 -1.833169117166E-010  7.775197800499E-011 -3.261696539223E-011
  5.187947869225E+001  2.388345286640E+000 -6.849080516997E-011  2.934295309494E-011 -1.245148028315E-011
  5.435178690397E+001  2.558884630889E+000 -2.362671623518E-011  1.021834964219E-011 -4.382710053935E-012
  5.700278828629E+001  2.746053966795E+000 -7.467866734444E-012  3.258694675392E-012 -1.411702857227E-012
  5.985012714155E+001  2.951930820846E+000 -2.144243020756E-012  9.435674690025E-013 -4.126022355432E-013
  6.291368055481E+001  3.178912111311E+000 -5.538804365330E-013  2.456773598067E-013 -1.083749354956E-013
  6.621590623276E+001  3.429772933797E+000 -1.273052438417E-013  5.689292798169E-014 -2.530432711143E-014
  6.978225524452E+001  3.707738044625E+000 -2.571242001868E-014  1.157293267595E-014 -5.187275872590E-015
  7.364166388185E+001  4.016569212832E+000 -4.499172353364E-015  2.038725331215E-015 -9.204863062987E-016
  7.782714245929E+001  4.360672516382E+000 -6.710632295443E-016  3.060290470882E-016 -1.391239744321E-016
  8.237648351994E+001  4.745230855210E+000 -8.374370859298E-017  3.842212335647E-017 -1.758055170709E-017
  8.733311794503E+001  5.176368549127E+000 -8.558536845204E-018  3.949334778094E-018 -1.818149751247E-018
  9.274715535088E+001  5.661357031559E+000 -6.988198683092E-019  3.242334775914E-019 -1.501313138203E-019
  9.867665554529E+001  6.208873552072E+000 -4.429896354177E-020  2.066018623047E-020 -9.618733575848E-021
  1.051891916055E+002  6.829328764649E+000 -2.108508103298E-021  9.882121248738E-022 -4.624608491856E-022
  1.123637836013E+002  7.535284543316E+000 -7.246522187956E-023  3.412170283245E-023 -1.604630655216E-023
  1.202933069206E+002  8.341990973528E+000 -1.717447510052E-024  8.122839732684E-025 -3.837577570034E-025
  1.290875131414E+002  9.268082166539E+000 -2.658384085464E-026  1.262604847010E-026 -5.991190354961E-027
  1.388768482001E+002  1.033648575811E+001 -2.519075214532E-028  1.201219930734E-028 -5.723499957819E-029
  1.498173177370E+002  1.157562284364E+001 -1.352499646690E-030  6.473819782743E-031 -3.096673773701E-031
  1.620967411853E+002  1.302100699722E+001 -3.748089828005E-033  1.800485194485E-033 -8.644242738116E-034
  1.759428668168E+002  1.471739812515E+001 -4.787703367063E-036  2.307705426872E-036 -1.111812123374E-036
  1.916340085825E+002  1.672173748087E+001 -2.454799649999E-039  1.187034459794E-039 -5.737767475514E-040
  2.095131417987E+002  1.910719757888E+001 -4.259999079466E-043  2.066209437184E-043 -1.001846116279E-043
  2.300068054477E+002  2.196884699990E+001 -2.023721868659E-047  9.843720506506E-048 -4.786903960798E-048
  2.536507797910E+002  2.543169216868E+001 -2.015712536372E-052  9.831258821449E-053 -4.793999468819E-053
  2.811254638474E+002  2.966227967912E+001 -2.999911620647E-058  1.466870476979E-058 -7.171357581179E-059
  3.133053780630E+002  3.488573552677E+001 -4.315203616995E-065  2.115047418827E-065 -1.036526213178E-065
  3.513296254502E+002  4.141128389041E+001 -3.400833259234E-073  1.670606900859E-073 -8.205727489530E-074
  3.967041014106E+002  4.967130404214E+001 -6.931720446053E-083  3.412215222283E-083 -1.679561843667E-083
  4.514529193349E+002  6.028257212519E+001 -1.331705794640E-094  6.568224907540E-095 -3.239368613192E-095
  5.183481233601E+002  7.414493328740E+001 -6.050026770591E-109  2.989377193047E-109 -1.477010425629E-109
  6.012676077950E+002  9.260523890243E+001 -9.387266269207E-127  4.646082440275E-127 -2.299426439565E-127
  7.057700503752E+002  1.177394213729E+002 -3.103424203239E-149  1.538349899749E-149 -7.625322022894E-150
  8.400513767914E+002  1.528577972397E+002 -3.652899095704E-178  1.813263039302E-178 -9.000699987597E-179
  1.016602135495E+003  2.034537342122E+002 -2.993017001286E-216  1.487597300499E-216 -7.393607375039E-217
  1.255220715580E+003  2.790860613466E+002 -8.662764371064E-268  4.310528846854E-268 -2.144871219567E-268
  1.588815776243E+003  3.973705897531E+002  0.000000000000E+000  0.000000000000E+000  0.000000000000E+000
  2.075392011604E+003  5.931596040112E+002  0.000000000000E+000  0.000000000000E+000  0.000000000000E+000
  2.825079847529E+003  9.419154890021E+002  0.000000000000E+000  0.000000000000E+000  0.000000000000E+000
  4.068408296184E+003  1.627629972033E+003  0.000000000000E+000  0.000000000000E+000  0.000000000000E+000
  6.357262947674E+003  3.178964796686E+003  0.000000000000E+000  0.000000000000E+000  0.000000000000E+000
  1.130231930164E+004  7.535323971013E+003  0.000000000000E+000  0.000000000000E+000  0.000000000000E+000
  2.543105175140E+004  2.543171841285E+004  0.000000000000E+000  0.000000000000E+000  0.000000000000E+000
  1.017262069958E+005  2.034537473226E+005  0.000000000000E+000  0.000000000000E+000  0.000000000000E+000
