481
  -1.782057610471E+00  -2.995730820309E-01   2.995730820308E-01  -1.367223537829E+00  -2.360598561576E+00
  -1.721534525044E+00  -2.447220283715E-01   2.447220283715E-01  -1.261619479685E+00  -2.310622906585E+00
  -1.668626741257E+00  -1.884845056530E-01   1.884845056529E-01  -1.158271268190E+00  -2.260444584644E+00
  -1.622604597149E+00  -1.313918704001E-01   1.313918704000E-01  -1.057462360775E+00  -2.210194757288E+00
  -1.582764511842E+00  -7.392179113029E-02   7.392179113017E-02  -9.594301470726E-01  -2.159993345295E+00
  -1.548435735451E+00  -1.650033309872E-02   1.650033309858E-02  -8.643696354399E-01  -2.109949517673E+00
  -1.518984977006E+00   4.049554374698E-02  -4.049554374713E-02  -7.724371066889E-01  -2.060162215561E+00
  -1.493819332958E+00   9.673520100581E-02  -9.673520100594E-02  -6.837536857168E-01  -2.010720699008E+00
  -1.472387863840E+00   1.519313564496E-01  -1.519313564497E-01  -5.984087841770E-01  -1.961705106300E+00
  -1.454182105656E+00   2.058370240572E-01  -2.058370240573E-01  -5.164633924618E-01  -1.913187020071E+00
  -1.438735751551E+00   2.582424275692E-01  -2.582424275693E-01  -4.379531937435E-01  -1.865230028019E+00
  -1.425623698861E+00   3.089719430138E-01  -3.089719430140E-01  -3.628914865931E-01  -1.817890276535E+00
  -1.414460620682E+00   3.578811123789E-01  -3.578811123792E-01  -2.912719070355E-01  -1.771217008399E+00
  -1.404899192264E+00   4.048537594574E-01  -4.048537594577E-01  -2.230709521760E-01  -1.725253080758E+00
  -1.396628077778E+00   4.497992302089E-01  -4.497992302092E-01  -1.582503053618E-01  -1.680035459456E+00
  -1.389369762520E+00   4.926497734655E-01  -4.926497734659E-01  -9.675896495483E-02  -1.635595686556E+00
  -1.382878298993E+00   5.333580728925E-01  -5.333580728929E-01  -3.853518088387E-02  -1.591960319180E+00
  -1.376937021901E+00   5.718949380023E-01  -5.718949380027E-01   1.649179725077E-02  -1.549151339032E+00
  -1.371356276556E+00   6.082471600460E-01  -6.082471600464E-01   6.840015681436E-02  -1.507186533310E+00
  -1.365971196495E+00   6.424155366284E-01  -6.424155366288E-01   1.172741380222E-01  -1.466079848888E+00
  -1.360639558544E+00   6.744130661516E-01  -6.744130661521E-01   1.632028201504E-01  -1.425841722176E+00
  -1.355239736224E+00   7.042633095049E-01  -7.042633095054E-01   2.062790648335E-01  -1.386479387156E+00
  -1.349668765988E+00   7.319989124770E-01  -7.319989124774E-01   2.465985993084E-01  -1.347997163942E+00
  -1.343840533966E+00   7.576602784358E-01  -7.576602784362E-01   2.842592202186E-01  -1.310396729222E+00
  -1.337684085349E+00   7.812943781328E-01  -7.812943781333E-01   3.193600981365E-01  -1.273677369805E+00
  -1.331142055371E+00   8.029536826218E-01  -8.029536826223E-01   3.520011650301E-01  -1.237836219527E+00
  -1.324169217415E+00   8.226952053351E-01  -8.226952053356E-01   3.822825696264E-01  -1.202868480326E+00
  -1.316731142177E+00   8.405796406388E-01  -8.405796406392E-01   4.103041896074E-01  -1.168767627531E+00
  -1.308802962090E+00   8.566705884079E-01  -8.566705884083E-01   4.361651928792E-01  -1.135525600413E+00
  -1.300368234726E+00   8.710338559705E-01  -8.710338559709E-01   4.599636434000E-01  -1.103132978204E+00
  -1.291417899598E+00   8.837368307175E-01  -8.837368307179E-01   4.817961488596E-01  -1.071579142893E+00
  -1.281949323078E+00   8.948479180462E-01  -8.948479180466E-01   5.017575490604E-01  -1.040852429170E+00
  -1.271965426718E+00   9.044360403269E-01  -9.044360403273E-01   5.199406441420E-01  -1.010940262620E+00
  -1.261473894391E+00   9.125701931289E-01  -9.125701931293E-01   5.364359618321E-01  -9.818292868873E-01
  -1.250486453886E+00   9.193190551862E-01  -9.193190551866E-01   5.513315625650E-01  -9.535054803363E-01
  -1.239018228578E+00   9.247506486486E-01  -9.247506486489E-01   5.647128806561E-01  -9.259542631859E-01
  -1.227087154817E+00   9.289320460874E-01  -9.289320460877E-01   5.766625993468E-01  -8.991605955032E-01
  -1.214713460591E+00   9.319291206613E-01  -9.319291206617E-01   5.872605570771E-01  -8.731090666506E-01
  -1.201919201090E+00   9.338063358213E-01  -9.338063358217E-01   5.965836820676E-01  -8.477839768784E-01
  -1.188727846772E+00   9.346265709447E-01  -9.346265709451E-01   6.047059522552E-01  -8.231694114437E-01
  -1.175163919678E+00   9.344509793859E-01  -9.344509793863E-01   6.116983776338E-01  -7.992493077341E-01
  -1.161252673858E+00   9.333388755865E-01  -9.333388755869E-01   6.176290021527E-01  -7.760075159649E-01
  -1.147019815989E+00   9.313476480690E-01  -9.313476480693E-01   6.225629225426E-01  -7.534278538479E-01
  -1.132491262438E+00   9.285326953568E-01  -9.285326953572E-01   6.265623216538E-01  -7.314941556140E-01
  -1.117692929289E+00   9.249473820941E-01  -9.249473820946E-01   6.296865141037E-01  -7.101903158351E-01
  -1.102650552087E+00   9.206430128719E-01  -9.206430128723E-01   6.319920022569E-01  -6.895003284604E-01
  -1.087389532281E+00   9.156688214847E-01  -9.156688214852E-01   6.335325407853E-01  -6.694083213928E-01
  -1.071934807585E+00   9.100719735575E-01  -9.100719735579E-01   6.343592082405E-01  -6.498985869460E-01
  -1.056310743706E+00   9.038975806844E-01  -9.038975806848E-01   6.345204842509E-01  -6.309556085269E-01
  -1.040541045120E+00   8.971887244066E-01  -8.971887244070E-01   6.340623311116E-01  -6.125640838671E-01
  -1.024648682741E+00   8.899864885245E-01  -8.899864885249E-01   6.330282786887E-01  -5.947089450743E-01
  -1.008655836537E+00   8.823299983965E-01  -8.823299983969E-01   6.314595116870E-01  -5.773753757709E-01
  -9.925838513398E-01   8.742564660255E-01  -8.742564660259E-01   6.293949584433E-01  -5.605488255772E-01
  -9.764532042466E-01   8.658012398602E-01  -8.658012398606E-01   6.268713805193E-01  -5.442150221861E-01
  -9.602834821482E-01   8.569978583608E-01  -8.569978583612E-01   6.239234624567E-01  -5.283599812511E-01
  -9.440933680773E-01   8.478781064861E-01  -8.478781064865E-01   6.205839011502E-01  -5.129700142843E-01
  -9.279006352026E-01   8.384720743603E-01  -8.384720743607E-01   6.168834943674E-01  -4.980317347556E-01
  -9.117221474032E-01   8.288082174648E-01  -8.288082174653E-01   6.128512280127E-01  -4.835320625714E-01
  -8.955738654813E-01   8.189134177869E-01  -8.189134177873E-01   6.085143617977E-01  -4.694582271005E-01
  -8.794708581390E-01   8.088130454224E-01  -8.088130454228E-01   6.038985130322E-01  -4.557977689002E-01
  -8.634273169862E-01   7.985310202078E-01  -7.985310202082E-01   5.990277383036E-01  -4.425385402757E-01
  -8.474565748737E-01   7.880898730032E-01  -7.880898730036E-01   5.939246128539E-01  -4.296687048033E-01
  -8.315711269842E-01   7.775108063147E-01  -7.775108063151E-01   5.886103075031E-01  -4.171767359341E-01
  -8.157826541265E-01   7.668137539840E-01  -7.668137539844E-01   5.831046630034E-01  -4.050514147869E-01
  -8.001020477707E-01   7.560174397198E-01  -7.560174397203E-01   5.774262617377E-01  -3.932818272325E-01
  -7.845394364207E-01   7.451394342862E-01  -7.451394342866E-01   5.715924967037E-01  -3.818573603572E-01
  -7.691042129471E-01   7.341962111908E-01  -7.341962111912E-01   5.656196377496E-01  -3.707676983895E-01
  -7.538050625826E-01   7.232032007556E-01  -7.232032007560E-01   5.595228950463E-01  -3.600028181622E-01
  -7.386499913055E-01   7.121748424737E-01  -7.121748424742E-01   5.533164798005E-01  -3.495529841808E-01
  -7.236463543686E-01   7.011246355809E-01  -7.011246355814E-01   5.470136622285E-01  -3.394087433594E-01
  -7.088008847830E-01   6.900651877940E-01  -6.900651877945E-01   5.406268268241E-01  -3.295609194805E-01
  -6.941197215832E-01   6.790082621852E-01  -6.790082621856E-01   5.341675249660E-01  -3.200006074304E-01
  -6.796084377227E-01   6.679648221772E-01  -6.679648221776E-01   5.276465249197E-01  -3.107191672562E-01
  -6.652720674899E-01   6.569450746597E-01  -6.569450746602E-01   5.210738592975E-01  -3.017082180827E-01
  -6.511151333436E-01   6.459585112397E-01  -6.459585112401E-01   5.144588700485E-01  -2.929596319292E-01
  -6.371416720837E-01   6.350139476458E-01  -6.350139476463E-01   5.078102510530E-01  -2.844655274572E-01
  -6.233552602980E-01   6.241195613210E-01  -6.241195613215E-01   5.011360884045E-01  -2.762182636793E-01
  -6.097590390375E-01   6.132829272391E-01  -6.132829272396E-01   4.944438984609E-01  -2.682104336546E-01
  -5.963557376804E-01   6.025110519925E-01  -6.025110519930E-01   4.877406637552E-01  -2.604348581952E-01
  -5.831476969595E-01   5.918104061975E-01  -5.918104061980E-01   4.810328668501E-01  -2.528845796025E-01
  -5.701368911382E-01   5.811869552726E-01  -5.811869552731E-01   4.743265222286E-01  -2.455528554527E-01
  -5.573249493285E-01   5.706461886453E-01  -5.706461886458E-01   4.676272063082E-01  -2.384331524455E-01
  -5.447131759473E-01   5.601931474443E-01  -5.601931474448E-01   4.609400856678E-01  -2.315191403290E-01
  -5.323025703157E-01   5.498324507376E-01  -5.498324507381E-01   4.542699435739E-01  -2.248046859149E-01
  -5.200938454127E-01   5.395683203754E-01  -5.395683203759E-01   4.476212048929E-01  -2.182838471909E-01
  -5.080874457966E-01   5.294046044992E-01  -5.294046044997E-01   4.409979594727E-01  -2.119508675402E-01
  -4.962835647091E-01   5.193447997749E-01  -5.193447997754E-01   4.344039840754E-01  -2.058001700745E-01
  -4.846821603827E-01   5.093920724100E-01  -5.093920724105E-01   4.278427629391E-01  -1.998263520862E-01
  -4.732829715725E-01   4.995492780118E-01  -4.995492780123E-01   4.213175070482E-01  -1.940241796251E-01
  -4.620855323450E-01   4.898189803263E-01  -4.898189803267E-01   4.148311721947E-01  -1.883885822012E-01
  -4.510891860731E-01   4.802034690645E-01  -4.802034690650E-01   4.083864757854E-01  -1.829146476178E-01
  -4.402930989283E-01   4.707047763144E-01  -4.707047763149E-01   4.019859128907E-01  -1.775976169360E-01
  -4.296962723424E-01   4.613246927503E-01  -4.613246927508E-01   3.956317707110E-01  -1.724328795720E-01
  -4.192975551948E-01   4.520647821562E-01  -4.520647821566E-01   3.893261426813E-01  -1.674159685276E-01
  -4.090956551281E-01   4.429263956190E-01  -4.429263956195E-01   3.830709412935E-01  -1.625425557535E-01
  -3.990891493489E-01   4.339106847394E-01  -4.339106847399E-01   3.768679102096E-01  -1.578084476452E-01
  -3.892764948423E-01   4.250186141096E-01  -4.250186141101E-01   3.707186355644E-01  -1.532095806704E-01
  -3.796560380334E-01   4.162509730804E-01  -4.162509730808E-01   3.646245565222E-01  -1.487420171273E-01
  -3.702260239233E-01   4.076083868510E-01  -4.076083868515E-01   3.585869751398E-01  -1.444019410304E-01
  -3.609846047213E-01   3.990913269247E-01  -3.990913269251E-01   3.526070655740E-01  -1.401856541241E-01
  -3.519298479973E-01   3.907001209609E-01  -3.907001209614E-01   3.466858826802E-01  -1.360895720199E-01
  -3.430597443781E-01   3.824349620618E-01  -3.824349620623E-01   3.408243700377E-01  -1.321102204565E-01
  -3.343722148060E-01   3.742959175228E-01  -3.742959175233E-01   3.350233674400E-01  -1.282442316795E-01
  -3.258651173834E-01   3.662829370781E-01  -3.662829370786E-01   3.292836178838E-01  -1.244883409379E-01
  -3.175362538186E-01   3.583958606668E-01  -3.583958606673E-01   3.236057740838E-01  -1.208393830957E-01
  -3.093833755080E-01   3.506344257650E-01  -3.506344257654E-01   3.179904045662E-01  -1.172942893549E-01
  -3.014041892639E-01   3.429982742960E-01  -3.429982742965E-01   3.124379993533E-01  -1.138500840871E-01
  -2.935963626726E-01   3.354869591097E-01  -3.354869591101E-01   3.069489752295E-01  -1.105038817718E-01
  -2.859575291721E-01   3.280999501323E-01  -3.280999501327E-01   3.015236806987E-01  -1.072528840371E-01
  -2.784852927883E-01   3.208366401223E-01  -3.208366401227E-01   2.961624005657E-01  -1.040943768011E-01
  -2.711772326010E-01   3.136963501155E-01  -3.136963501160E-01   2.908653602268E-01  -1.010257275105E-01
  -2.640309069542E-01   3.066783345801E-01  -3.066783345805E-01   2.856327296977E-01  -9.804438247362E-02
  -2.570438573749E-01   2.997817862383E-01  -2.997817862388E-01   2.804646273274E-01  -9.514786428456E-02
  -2.502136122528E-01   2.930058406210E-01  -2.930058406214E-01   2.753611232692E-01  -9.233376933683E-02
  -2.435376902930E-01   2.863495803671E-01  -2.863495803675E-01   2.703222427263E-01  -8.959976542235E-02
  -2.370136037454E-01   2.798120392745E-01  -2.798120392749E-01   2.653479689704E-01  -8.694358941386E-02
  -2.306388614256E-01   2.733922061209E-01  -2.733922061213E-01   2.604382461626E-01  -8.436304502768E-02
  -2.244109715375E-01   2.670890282643E-01  -2.670890282647E-01   2.555929819759E-01  -8.185600066437E-02
  -2.183274443074E-01   2.609014150382E-01  -2.609014150386E-01   2.508120500449E-01  -7.942038732458E-02
  -2.123857944429E-01   2.548282409552E-01  -2.548282409556E-01   2.460952922495E-01  -7.705419659752E-02
  -2.065835434220E-01   2.488683487242E-01  -2.488683487246E-01   2.414425208404E-01  -7.475547871974E-02
  -2.009182216258E-01   2.430205521009E-01  -2.430205521013E-01   2.368535204283E-01  -7.252234070165E-02
  -1.953873703198E-01   2.372836385717E-01  -2.372836385720E-01   2.323280498328E-01  -7.035294451938E-02
  -1.899885434944E-01   2.316563718876E-01  -2.316563718879E-01   2.278658438104E-01  -6.824550536991E-02
  -1.847193095722E-01   2.261374944548E-01  -2.261374944551E-01   2.234666146696E-01  -6.619828998699E-02
  -1.795772529870E-01   2.207257295869E-01  -2.207257295873E-01   2.191300537713E-01  -6.420961501587E-02
  -1.745599756457E-01   2.154197836326E-01  -2.154197836329E-01   2.148558329378E-01  -6.227784544467E-02
  -1.696650982762E-01   2.102183479804E-01  -2.102183479808E-01   2.106436057637E-01  -6.040139309034E-02
  -1.648902616686E-01   2.051201009502E-01  -2.051201009506E-01   2.064930088410E-01  -5.857871513728E-02
  -1.602331278169E-01   2.001237095789E-01  -2.001237095793E-01   2.024036629081E-01  -5.680831272671E-02
  -1.556913809653E-01   1.952278313022E-01  -1.952278313026E-01   1.983751739188E-01  -5.508872959490E-02
  -1.512627285645E-01   1.904311155426E-01  -1.904311155429E-01   1.944071340461E-01  -5.341855075852E-02
  -1.469449021451E-01   1.857322052071E-01  -1.857322052074E-01   1.904991226225E-01  -5.179640124540E-02
  -1.427356581092E-01   1.811297380979E-01  -1.811297380982E-01   1.866507070163E-01  -5.022094486899E-02
  -1.386327784489E-01   1.766223482442E-01  -1.766223482446E-01   1.828614434579E-01  -4.869088304490E-02
  -1.346340713929E-01   1.722086671576E-01  -1.722086671579E-01   1.791308778122E-01  -4.720495364808E-02
  -1.307373719865E-01   1.678873250134E-01  -1.678873250137E-01   1.754585463029E-01  -4.576192990893E-02
  -1.269405426090E-01   1.636569517664E-01  -1.636569517667E-01   1.718439761949E-01  -4.436061934719E-02
  -1.232414734312E-01   1.595161782010E-01  -1.595161782013E-01   1.682866864348E-01  -4.299986274187E-02
  -1.196380828182E-01   1.554636369189E-01  -1.554636369193E-01   1.647861882518E-01  -4.167853313620E-02
  -1.161283176785E-01   1.514979632715E-01  -1.514979632718E-01   1.613419857263E-01  -4.039553487611E-02
  -1.127101537648E-01   1.476177962336E-01  -1.476177962339E-01   1.579535763225E-01  -3.914980268103E-02
  -1.093815959261E-01   1.438217792336E-01  -1.438217792340E-01   1.546204513994E-01  -3.794030074587E-02
  -1.061406783169E-01   1.401085609338E-01  -1.401085609341E-01   1.513420966974E-01  -3.676602187295E-02
  -1.029854645727E-01   1.364767959244E-01  -1.364767959247E-01   1.481179927363E-01  -3.562598663287E-02
  -9.991404793392E-02   1.329251454372E-01  -1.329251454375E-01   1.449476152852E-01  -3.451924255318E-02
  -9.692455133271E-02   1.294522780225E-01  -1.294522780228E-01   1.418304358226E-01  -3.344486333352E-02
  -9.401512746900E-02   1.260568700702E-01  -1.260568700705E-01   1.387659217943E-01  -3.240194808711E-02
  -9.118395882721E-02   1.227376064265E-01  -1.227376064268E-01   1.357535370585E-01  -3.138962060667E-02
  -8.842925767602E-02   1.194931809145E-01  -1.194931809148E-01   1.327927422211E-01  -3.040702865431E-02
  -8.574926603820E-02   1.163222968240E-01  -1.163222968242E-01   1.298829949595E-01  -2.945334327455E-02
  -8.314225563370E-02   1.132236673730E-01  -1.132236673733E-01   1.270237503368E-01  -2.852775812944E-02
  -8.060652779871E-02   1.101960161388E-01  -1.101960161391E-01   1.242144611040E-01  -2.762948885508E-02
  -7.814041338099E-02   1.072380774585E-01  -1.072380774588E-01   1.214545779860E-01  -2.675777243880E-02
  -7.574227261366E-02   1.043485968008E-01  -1.043485968011E-01   1.187435499549E-01  -2.591186661606E-02
  -7.341049496958E-02   1.015263311133E-01  -1.015263311136E-01   1.160808244953E-01  -2.509104928651E-02
  -7.114349899681E-02   9.877004914281E-02  -9.877004914309E-02   1.134658478561E-01  -2.429461794853E-02
  -6.893973213601E-02   9.607853173076E-02  -9.607853173104E-02   1.108980652908E-01  -2.352188915143E-02
  -6.679767052227E-02   9.345057208694E-02  -9.345057208722E-02   1.083769212924E-01  -2.277219796480E-02
  -6.471581877233E-02   9.088497604139E-02  -9.088497604167E-02   1.059018598178E-01  -2.204489746436E-02
  -6.269270975682E-02   8.838056227359E-02  -8.838056227387E-02   1.034723245024E-01  -2.133935823369E-02
  -6.072690435994E-02   8.593616252244E-02  -8.593616252271E-02   1.010877588681E-01  -2.065496788131E-02
  -5.881699122796E-02   8.355062177833E-02  -8.355062177861E-02   9.874760652614E-02  -1.999113057250E-02
  -5.696158650614E-02   8.122279845590E-02  -8.122279845619E-02   9.645131137102E-02  -1.934726657544E-02
  -5.515933356523E-02   7.895156454845E-02  -7.895156454874E-02   9.419831776605E-02  -1.872281182105E-02
  -5.340890271921E-02   7.673580576746E-02  -7.673580576775E-02   9.198807072680E-02  -1.811721747611E-02
  -5.170899093500E-02   7.457442166655E-02  -7.457442166684E-02   8.982001609847E-02  -1.752994952920E-02
  -5.005832153365E-02   7.246632574859E-02  -7.246632574888E-02   8.769360072431E-02  -1.696048838895E-02
  -4.845564388451E-02   7.041044555884E-02  -7.041044555913E-02   8.560827261029E-02  -1.640832849425E-02
  -4.689973309388E-02   6.840572276573E-02  -6.840572276602E-02   8.356348108770E-02  -1.587297793595E-02
  -4.538938968775E-02   6.645111322795E-02  -6.645111322824E-02   8.155867696894E-02  -1.535395808967E-02
  -4.392343928886E-02   6.454558704771E-02  -6.454558704801E-02   7.959331269647E-02  -1.485080325934E-02
  -4.250073228964E-02   6.268812861295E-02  -6.268812861325E-02   7.766684248968E-02  -1.436306033108E-02
  -4.112014352161E-02   6.087773662921E-02  -6.087773662951E-02   7.577872248969E-02  -1.389028843712E-02
  -3.978057192115E-02   5.911342413972E-02  -5.911342414002E-02   7.392841089717E-02  -1.343205862937E-02
  -3.848094019169E-02   5.739421853409E-02  -5.739421853440E-02   7.211536810484E-02  -1.298795356235E-02
  -3.722019446402E-02   5.571916154837E-02  -5.571916154868E-02   7.033905682895E-02  -1.255756718508E-02
  -3.599730395476E-02   5.408730925628E-02  -5.408730925659E-02   6.859894223805E-02  -1.214050444182E-02
  -3.481126062289E-02   5.249773205052E-02  -5.249773205084E-02   6.689449207559E-02  -1.173638098115E-02
  -3.366107882474E-02   5.094951461486E-02  -5.094951461518E-02   6.522517677781E-02  -1.134482287322E-02
  -3.254579496834E-02   4.944175588913E-02  -4.944175588945E-02   6.359046959097E-02  -1.096546633495E-02
  -3.146446716772E-02   4.797356902700E-02  -4.797356902732E-02   6.198984668575E-02  -1.059795746281E-02
  -3.041617489652E-02   4.654408134554E-02  -4.654408134587E-02   6.042278726611E-02  -1.024195197298E-02
  -2.940001864159E-02   4.515243426726E-02  -4.515243426760E-02   5.888877367393E-02  -9.897114948763E-03
  -2.841511955709E-02   4.379778325619E-02  -4.379778325653E-02   5.738729149241E-02  -9.563120594756E-03
  -2.746061911967E-02   4.247929774831E-02  -4.247929774866E-02   5.591782964732E-02  -9.239651997875E-03
  -2.653567878432E-02   4.119616107526E-02  -4.119616107561E-02   5.447988050302E-02  -8.926400894772E-03
  -2.563947964092E-02   3.994757038159E-02  -3.994757038194E-02   5.307293995404E-02  -8.623067445574E-03
  -2.477122207244E-02   3.873273653716E-02  -3.873273653752E-02   5.169650751507E-02  -8.329360013710E-03
  -2.393012541601E-02   3.755088404652E-02  -3.755088404688E-02   5.035008641088E-02  -8.044994951646E-03
  -2.311542762563E-02   3.640125095297E-02  -3.640125095334E-02   4.903318366211E-02  -7.769696392311E-03
  -2.232638493357E-02   3.528308873321E-02  -3.528308873359E-02   4.774531016031E-02  -7.503196046094E-03
  -2.156227151744E-02   3.419566219269E-02  -3.419566219307E-02   4.648598074770E-02  -7.245233003207E-03
  -2.082237916913E-02   3.313824935654E-02  -3.313824935693E-02   4.525471429370E-02  -6.995553541269E-03
  -2.010601696349E-02   3.211014135274E-02  -3.211014135313E-02   4.405103376249E-02  -6.753910937943E-03
  -1.941251093512E-02   3.111064229925E-02  -3.111064229965E-02   4.287446628780E-02  -6.520065288457E-03
  -1.874120375446E-02   3.013906918277E-02  -3.013906918318E-02   4.172454323746E-02  -6.293783327928E-03
  -1.809145440560E-02   2.919475173304E-02  -2.919475173346E-02   4.060080027369E-02  -6.074838258282E-03
  -1.746263786886E-02   2.827703229672E-02  -2.827703229714E-02   3.950277741415E-02  -5.863009579669E-03
  -1.685414480664E-02   2.738526570856E-02  -2.738526570898E-02   3.843001908940E-02  -5.658082926225E-03
  -1.626538125208E-02   2.651881915949E-02  -2.651881915992E-02   3.738207419640E-02  -5.459849906089E-03
  -1.569576830108E-02   2.567707206238E-02  -2.567707206281E-02   3.635849614944E-02  -5.268107945502E-03
  -1.514474180778E-02   2.485941591602E-02  -2.485941591647E-02   3.535884292908E-02  -5.082660136928E-03
  -1.461175208370E-02   2.406525416726E-02  -2.406525416772E-02   3.438267712807E-02  -4.903315091043E-03
  -1.409626360016E-02   2.329400207097E-02  -2.329400207144E-02   3.342956599368E-02  -4.729886792498E-03
  -1.359775469438E-02   2.254508654832E-02  -2.254508654879E-02   3.249908146704E-02  -4.562194459344E-03
  -1.311571727926E-02   2.181794604378E-02  -2.181794604426E-02   3.159080022023E-02  -4.400062406044E-03
  -1.264965655703E-02   2.111203038104E-02  -2.111203038153E-02   3.070430369109E-02  -4.243319909951E-03
  -1.219909073658E-02   2.042680061767E-02  -2.042680061817E-02   2.983917811501E-02  -4.091801081135E-03
  -1.176355075458E-02   1.976172889859E-02  -1.976172889909E-02   2.899501455353E-02  -3.945344735526E-03
  -1.134258000041E-02   1.911629830862E-02  -1.911629830913E-02   2.817140892023E-02  -3.803794271239E-03
  -1.093573404502E-02   1.849000272437E-02  -1.849000272489E-02   2.736796200436E-02  -3.666997548007E-03
  -1.054258037371E-02   1.788234666569E-02  -1.788234666622E-02   2.658427949219E-02  -3.534806769650E-03
  -1.016269812283E-02   1.729284514655E-02  -1.729284514708E-02   2.581997198553E-02  -3.407078369485E-03
  -9.795677820416E-03   1.672102352538E-02  -1.672102352592E-02   2.507465501745E-02  -3.283672898612E-03
  -9.441121130683E-03   1.616641735516E-02  -1.616641735572E-02   2.434794906536E-02  -3.164454916990E-03
  -9.098640602524E-03   1.562857223334E-02  -1.562857223390E-02   2.363947956196E-02  -3.049292887239E-03
  -8.767859422003E-03   1.510704365175E-02  -1.510704365233E-02   2.294887690387E-02  -2.938059071105E-03
  -8.448411168852E-03   1.460139684680E-02  -1.460139684739E-02   2.227577645805E-02  -2.830629428494E-03
  -8.139939576877E-03   1.411120664946E-02  -1.411120665005E-02   2.161981856539E-02  -2.726883519032E-03
  -7.842098298257E-03   1.363605733551E-02  -1.363605733611E-02   2.098064854209E-02  -2.626704406084E-03
  -7.554550671809E-03   1.317554247607E-02  -1.317554247668E-02   2.035791667870E-02  -2.529978563175E-03
  -7.276969495193E-03   1.272926478859E-02  -1.272926478921E-02   1.975127823711E-02  -2.436595782719E-03
  -7.009036801150E-03   1.229683598853E-02  -1.229683598916E-02   1.916039344576E-02  -2.346449087045E-03
  -6.750443637607E-03   1.187787664146E-02  -1.187787664210E-02   1.858492749264E-02  -2.259434641644E-03
  -6.500889851580E-03   1.147201601572E-02  -1.147201601636E-02   1.802455051583E-02  -2.175451670557E-03
  -6.260083876907E-03   1.107889193551E-02  -1.107889193617E-02   1.747893759168E-02  -2.094402373897E-03
  -6.027742525845E-03   1.069815063496E-02  -1.069815063563E-02   1.694776872131E-02  -2.016191847421E-03
  -5.803590784540E-03   1.032944661313E-02  -1.032944661380E-02   1.643072881570E-02  -1.940728004108E-03
  -5.587361612522E-03   9.972442490248E-03  -9.972442490933E-03   1.592750767940E-02  -1.867921497708E-03
  -5.378795745723E-03   9.626808864553E-03  -9.626808865246E-03   1.543779999175E-02  -1.797685648179E-03
  -5.177641503095E-03   9.292224169676E-03  -9.292224170382E-03   1.496130528549E-02  -1.729936369011E-03
  -4.983654596833E-03   8.968374533045E-03  -8.968374533752E-03   1.449772792349E-02  -1.664592096366E-03
  -4.796597946550E-03   8.654953635837E-03  -8.654953636556E-03   1.404677707490E-02  -1.601573719996E-03
  -4.616241497314E-03   8.351662574675E-03  -8.351662575404E-03   1.360816669085E-02  -1.540804515893E-03
  -4.442362041252E-03   8.058209724333E-03  -8.058209725075E-03   1.318161547833E-02  -1.482210080625E-03
  -4.274743042288E-03   7.774310600880E-03  -7.774310601625E-03   1.276684687088E-02  -1.425718267333E-03
  -4.113174464188E-03   7.499687725474E-03  -7.499687726225E-03   1.236358899649E-02  -1.371259123334E-03
  -3.957452602251E-03   7.234070489926E-03  -7.234070490688E-03   1.197157464505E-02  -1.318764829305E-03
  -3.807379919070E-03   6.977195024815E-03  -6.977195025591E-03   1.159054123715E-02  -1.268169640015E-03
  -3.662764883896E-03   6.728804069509E-03  -6.728804070290E-03   1.122023079278E-02  -1.219409826550E-03
  -3.523421814907E-03   6.488646842573E-03  -6.488646843357E-03   1.086038989676E-02  -1.172423619976E-03
  -3.389170724121E-03   6.256478912072E-03  -6.256478912866E-03   1.051076965942E-02  -1.127151156455E-03
  -3.259837165409E-03   6.032062066920E-03  -6.032062067727E-03   1.017112567537E-02  -1.083534423759E-03
  -3.135252086474E-03   5.815164191263E-03  -5.815164192081E-03   9.841217984550E-03  -1.041517209171E-03
  -3.015251684919E-03   5.605559142404E-03  -5.605559143221E-03   9.520811036862E-03  -1.001045048696E-03
  -2.899677267571E-03   5.403026630379E-03  -5.403026631202E-03   9.209673656180E-03  -9.620651775655E-04
  -2.788375111776E-03   5.207352096685E-03  -5.207352097520E-03   8.907578998193E-03  -9.245264819945E-04
  -2.681196328638E-03   5.018326591941E-03  -5.018326592786E-03   8.614304501528E-03  -8.883794521940E-04
  -2.577996729355E-03   4.835746655318E-03  -4.835746656170E-03   8.329631838503E-03  -8.535761366105E-04
  -2.478636696117E-03   4.659414199010E-03  -4.659414199863E-03   8.053346872725E-03  -8.200700973734E-04
  -2.382981057347E-03   4.489136397497E-03  -4.489136398358E-03   7.785239623321E-03  -7.878163668711E-04
  -2.290898965548E-03   4.324725577824E-03  -4.324725578695E-03   7.525104227188E-03  -7.567714054281E-04
  -2.202263775843E-03   4.165999106675E-03  -4.165999107558E-03   7.272738890028E-03  -7.268930600565E-04
  -2.116952925449E-03   4.012779274876E-03  -4.012779275759E-03   7.027945827211E-03  -6.981405243053E-04
  -2.034847816490E-03   3.864893184663E-03  -3.864893185550E-03   6.790531206553E-03  -6.704742992178E-04
  -1.955833704247E-03   3.722172644831E-03  -3.722172645722E-03   6.560305104677E-03  -6.438561553233E-04
  -1.879799590546E-03   3.584454073048E-03  -3.584454073952E-03   6.337081475756E-03  -6.182490956054E-04
  -1.806638119039E-03   3.451578398374E-03  -3.451578399288E-03   6.120678116769E-03  -5.936173193834E-04
  -1.736245469384E-03   3.323390957035E-03  -3.323390957947E-03   5.910916613571E-03  -5.699261871030E-04
  -1.668521250733E-03   3.199741382392E-03  -3.199741383305E-03   5.707622269409E-03  -5.471421861076E-04
  -1.603368398397E-03   3.080483497960E-03  -3.080483498880E-03   5.510624035999E-03  -5.252328974093E-04
  -1.540693077542E-03   2.965475222556E-03  -2.965475223489E-03   5.319754468543E-03  -5.041669633752E-04
  -1.480404593795E-03   2.854578487521E-03  -2.854578488460E-03   5.134849704772E-03  -4.839140562573E-04
  -1.422415305785E-03   2.747659154788E-03  -2.747659155724E-03   4.955749442663E-03  -4.644448474335E-04
  -1.366640534248E-03   2.644586923424E-03  -2.644586924360E-03   4.782296887834E-03  -4.457309774046E-04
  -1.312998467224E-03   2.545235223285E-03  -2.545235224229E-03   4.614338666887E-03  -4.277450266536E-04
  -1.261410066924E-03   2.449481108807E-03  -2.449481109762E-03   4.451724736804E-03  -4.104604874206E-04
  -1.211798985592E-03   2.357205170008E-03  -2.357205170967E-03   4.294308330364E-03  -3.938517363714E-04
  -1.164091492051E-03   2.268291465167E-03  -2.268291466123E-03   4.141945948895E-03  -3.778940079772E-04
  -1.118216402562E-03   2.182627460624E-03  -2.182627461580E-03   3.994497368923E-03  -3.625633684249E-04
  -1.074105006365E-03   2.100103955026E-03  -2.100103955986E-03   3.851825609208E-03  -3.478366900869E-04
  -1.031690981594E-03   2.020614977735E-03  -2.020614978706E-03   3.713796833364E-03  -3.336916266705E-04
  -9.909103078885E-04   1.944057675905E-03  -1.944057676881E-03   3.580280221157E-03  -3.201065892709E-04
  -9.517011880941E-04   1.870332219542E-03  -1.870332220515E-03   3.451147878056E-03  -3.070607233441E-04
  -9.140039867483E-04   1.799341743430E-03  -1.799341744399E-03   3.326274828867E-03  -2.945338863726E-04
  -8.777611805105E-04   1.730992314891E-03  -1.730992315863E-03   3.205539070552E-03  -2.825066259437E-04
  -8.429173052495E-04   1.665192891399E-03  -1.665192892380E-03   3.088821599063E-03  -2.709601580801E-04
  -8.094188868807E-04   1.601855236732E-03  -1.601855237720E-03   2.976006334240E-03  -2.598763459930E-04
  -7.772143573510E-04   1.540893798291E-03  -1.540893799276E-03   2.866979947211E-03  -2.492376796190E-04
  -7.462539725084E-04   1.482225585822E-03  -1.482225586800E-03   2.761631686265E-03  -2.390272561780E-04
  -7.164897505730E-04   1.425770101264E-03  -1.425770102241E-03   2.659853324733E-03  -2.292287616288E-04
  -6.878754388538E-04   1.371449320397E-03  -1.371449321382E-03   2.561539222386E-03  -2.198264525914E-04
  -6.603664892320E-04   1.319187702517E-03  -1.319187703510E-03   2.466586459604E-03  -2.108051382502E-04
  -6.339200154173E-04   1.268912168957E-03  -1.268912169949E-03   2.374894904997E-03  -2.021501621987E-04
  -6.084947211570E-04   1.220551995528E-03  -1.220551996513E-03   2.286367062137E-03  -1.938473846722E-04
  -5.840508121464E-04   1.174038638040E-03  -1.174038639019E-03   2.200907730876E-03  -1.858831657926E-04
  -5.605499128530E-04   1.129305610971E-03  -1.129305611952E-03   2.118423822313E-03  -1.782443500756E-04
  -5.379550259613E-04   1.086288441615E-03  -1.086288442604E-03   2.038824337586E-03  -1.709182518573E-04
  -5.162305297901E-04   1.044924719926E-03  -1.044924720920E-03   1.962020584273E-03  -1.638926408357E-04
  -4.953421814219E-04   1.005154165347E-03  -1.005154166335E-03   1.887926440026E-03  -1.571557270948E-04
  -4.752570857960E-04   9.669186090799E-04  -9.669186100590E-04   1.816458408206E-03  -1.506961456416E-04
  -4.559436222657E-04   9.301618560896E-04  -9.301618570647E-04   1.747535352993E-03  -1.445029413155E-04
  -4.373713293376E-04   8.948294586581E-04  -8.948294596380E-04   1.681078035686E-03  -1.385655550391E-04
  -4.195108188393E-04   8.608685490800E-04  -8.608685500664E-04   1.617008775332E-03  -1.328738118071E-04
  -4.023337518255E-04   8.282278252759E-04  -8.282278262621E-04   1.555251489364E-03  -1.274179097524E-04
  -3.858128646120E-04   7.968576742311E-04  -7.968576752081E-04   1.495732100387E-03  -1.221884090055E-04
  -3.699220295357E-04   7.667103465141E-04  -7.667103474813E-04   1.438379020774E-03  -1.171762193014E-04
  -3.546362365690E-04   7.377399683599E-04  -7.377399693247E-04   1.383123285457E-03  -1.123725865089E-04
  -3.399314986784E-04   7.099023520166E-04  -7.099023529862E-04   1.329898160777E-03  -1.077690792935E-04
  -3.257847137798E-04   6.831546853878E-04  -6.831546863630E-04   1.278638427902E-03  -1.033575775561E-04
  -3.121735536838E-04   6.574552857803E-04  -6.574552867524E-04   1.229279818479E-03  -9.913026331167E-05
  -2.990764437597E-04   6.327635820445E-04  -6.327635830051E-04   1.181759026966E-03  -9.507961320197E-05
  -2.864726355554E-04   6.090403350327E-04  -6.090403359831E-04   1.136014336137E-03  -9.119839070468E-05
  -2.743423051809E-04   5.862479276325E-04  -5.862479285806E-04   1.091986431777E-03  -8.747963636297E-05
  -2.626665843796E-04   5.643504849279E-04  -5.643504858805E-04   1.049618789938E-03  -8.391665582118E-05
  -2.514274723746E-04   5.433136861504E-04  -5.433136871080E-04   1.008857268359E-03  -8.050300733455E-05
  -2.406076598505E-04   5.231043439465E-04  -5.231043448994E-04   9.696490829665E-04  -7.723249113330E-05
  -2.301903644959E-04   5.036900058370E-04  -5.036900067767E-04   9.319418232997E-04  -7.409914216953E-05
  -2.201592789399E-04   4.850388423754E-04  -4.850388433039E-04   8.956832010555E-04  -7.109722568736E-05
  -2.104986604891E-04   4.671199052199E-04  -4.671199061455E-04   8.608217657085E-04  -6.822123314252E-05
  -2.011934941539E-04   4.499035822744E-04  -4.499035832032E-04   8.273081512992E-04  -6.546587571899E-05
  -1.922296035567E-04   4.333619225837E-04  -4.333619235166E-04   7.950959995916E-04  -6.282607431323E-05
  -1.835936112757E-04   4.174685674945E-04  -4.174685684227E-04   7.641418540745E-04  -6.029694734777E-05
  -1.752727482286E-04   4.021982788278E-04  -4.021982797432E-04   7.344039789163E-04  -5.787379960216E-05
  -1.672546168795E-04   3.875263349883E-04  -3.875263358913E-04   7.058408033923E-04  -5.555211495516E-05
  -1.595270523190E-04   3.734281774648E-04  -3.734281783619E-04   6.784100075997E-04  -5.332755362806E-05
  -1.520781680018E-04   3.598795457877E-04  -3.598795466861E-04   6.520689019898E-04  -5.119595168144E-05
  -1.448965541901E-04   3.468570251943E-04  -3.468570260968E-04   6.267759237806E-04  -4.915331901179E-05
  -1.379714939315E-04   3.343386511035E-04  -3.343386520033E-04   6.024923127913E-04  -4.719583294534E-05
  -1.312930427822E-04   3.223041553514E-04  -3.223041562394E-04   5.791828463641E-04  -4.531982739045E-05
  -1.248519003416E-04   3.107346513103E-04  -3.107346521837E-04   5.568150622791E-04  -4.352178053336E-05
  -1.186391351850E-04   2.996119136622E-04  -2.996119145262E-04   5.353573621578E-04  -4.179830528839E-05
  -1.126459236211E-04   2.889176824306E-04  -2.889176832932E-04   5.147771458562E-04  -4.014614527380E-05
  -1.068634599093E-04   2.786334235944E-04  -2.786334244595E-04   4.950401626641E-04  -3.856217583321E-05
  -1.012830909378E-04   2.687407019320E-04  -2.687407027986E-04   4.761115335723E-04  -3.704340646325E-05
  -9.589658919854E-05   2.592219416092E-04  -2.592219424674E-04   4.579578609600E-04  -3.558698017555E-05
  -9.069638998133E-05   2.500611015977E-04  -2.500611024407E-04   4.405491407876E-04  -3.419016709975E-05
  -8.567563623794E-05   2.412438296493E-04  -2.412438304798E-04   4.238592618436E-04  -3.285035321741E-05
  -8.082798909331E-05   2.327569667079E-04  -2.327569675319E-04   4.078647050802E-04  -3.156502816220E-05
  -7.614730678895E-05   2.245876744298E-04  -2.245876752541E-04   3.925421654610E-04  -3.033177686491E-05
  -7.162737794643E-05   2.167226982991E-04  -2.167226991258E-04   3.778665088827E-04  -2.914827761574E-05
  -6.726186254245E-05   2.091482002027E-04  -2.091482010269E-04   3.638102907803E-04  -2.801230543936E-05
  -6.304446863954E-05   2.018502521109E-04  -2.018502529212E-04   3.503451290449E-04  -2.692173659515E-05
  -5.896925538007E-05   1.948156957141E-04  -1.948156965102E-04   3.374441369557E-04  -2.587454946803E-05
  -5.503088110462E-05   1.880328624494E-04  -1.880328632339E-04   3.250840050341E-04  -2.486881920030E-05
  -5.122464660878E-05   1.814917239080E-04  -1.814917246883E-04   3.132455002485E-04  -2.390270707162E-05
  -4.754630115491E-05   1.751833675579E-04  -1.751833683390E-04   3.019120474989E-04  -2.297444871839E-05
  -4.399171858911E-05   1.690990903334E-04  -1.690990911164E-04   2.910671892391E-04  -2.208234598955E-05
  -4.055662699810E-05   1.632296285429E-04  -1.632296293196E-04   2.806923880894E-04  -2.122476523755E-05
  -3.723653828939E-05   1.575649492536E-04  -1.575649500158E-04   2.707664060056E-04  -2.040014117538E-05
  -3.402690411926E-05   1.520946920418E-04  -1.520946927895E-04   2.612665520295E-04  -1.960698248561E-05
  -3.092340062928E-05   1.468089928071E-04  -1.468089935441E-04   2.521710619399E-04  -1.884387459905E-05
  -2.792218181016E-05   1.416992318642E-04  -1.416992325968E-04   2.434613024499E-04  -1.810947680592E-05
  -2.501996195433E-05   1.367582970596E-04  -1.367582977927E-04   2.351226007053E-04  -1.740251393525E-05
  -2.221388048909E-05   1.319802141909E-04  -1.319802149262E-04   2.271432355400E-04  -1.672176575608E-05
  -1.950122439448E-05   1.273593514311E-04  -1.273593521590E-04   2.195121566402E-04  -1.606605850376E-05
  -1.687916292816E-05   1.228896445679E-04  -1.228896452813E-04   2.122167208939E-04  -1.543426166724E-05
  -1.434463362324E-05   1.185642547465E-04  -1.185642554453E-04   2.052416642854E-04  -1.482529025222E-05
  -1.189442352795E-05   1.143757991194E-04  -1.143757998076E-04   1.985697542027E-04  -1.423810989125E-05
  -9.525385099840E-06   1.103169869455E-04  -1.103169876286E-04   1.921836614724E-04  -1.367174104129E-05
  -7.234668032201E-06   1.063813155031E-04  -1.063813161861E-04   1.860680469082E-04  -1.312525929068E-05
  -5.019849738766E-06   1.025634755549E-04  -1.025634762397E-04   1.802108172122E-04  -1.259779088933E-05
  -2.878900336821E-06   9.885926660249E-05  -9.885926728085E-05   1.746029304135E-04  -1.208850500781E-05
  -8.100039252818E-07   9.526507662568E-05  -9.526507729064E-05   1.692368831279E-04  -1.159660578413E-05
   1.188664862378E-06   9.177721614090E-05  -9.177721679081E-05   1.641047270287E-04  -1.112132723207E-05
   3.119091903797E-06   8.839145920323E-05  -8.839145984177E-05   1.591966750251E-04  -1.066193244382E-05
   4.983436522131E-06   8.510299644106E-05  -8.510299707277E-05   1.545009356478E-04  -1.021771627285E-05
   6.783919632861E-06   8.190676872440E-05  -8.190676935506E-05   1.500047076464E-04  -9.788009133129E-06
   8.522656806310E-06   7.879797634433E-05  -7.879797697646E-05   1.456957320410E-04  -9.372179374502E-06
   1.020152021296E-05   7.577250902224E-05  -7.577250965067E-05   1.415636302715E-04  -8.969632752636E-06
   1.182209132289E-05   7.282710387380E-05  -7.282710449125E-05   1.376004281177E-04  -8.579808925815E-06
   1.338571915335E-05   6.995917917605E-05  -6.995917977865E-05   1.338000852610E-04  -8.202176223287E-06
   1.489364801297E-05   6.716644875001E-05  -6.716644933966E-05   1.301573338078E-04  -7.836226522865E-06
   1.634714988008E-05   6.444651436059E-05  -6.444651494166E-05   1.266664255286E-04  -7.481471915494E-06
   1.774760131461E-05   6.179662378212E-05  -6.179662435961E-05   1.233203726345E-04  -7.137443950444E-06
   1.909647635684E-05   5.921368797678E-05  -5.921368855448E-05   1.201109867669E-04  -6.803694978015E-06
   2.039526968251E-05   5.669451818448E-05  -5.669451876129E-05   1.170296108105E-04  -6.479800207357E-06
   2.164539830007E-05   5.423613530075E-05  -5.423613587102E-05   1.140680928838E-04  -6.165358977112E-06
   2.284813550177E-05   5.183598288389E-05  -5.183598344064E-05   1.112194733363E-04  -5.859994515618E-06
   2.400460204605E-05   4.949196212080E-05  -4.949196266426E-05   1.084781186816E-04  -5.563352372409E-06
   2.511579990387E-05   4.720233161514E-05  -4.720233214680E-05   1.058394271637E-04  -5.275098045019E-06
   2.618266185241E-05   4.496555448015E-05  -4.496555500503E-05   1.032993604180E-04  -4.994914223303E-06
   2.720610533066E-05   4.278012887765E-05  -4.278012940067E-05   1.008539128772E-04  -4.722498156435E-06
   2.818707951486E-05   4.064443718911E-05  -4.064443771234E-05   9.849863047484E-05  -4.457559969759E-06
   2.912657926736E-05   3.855669926746E-05  -3.855669978819E-05   9.622845574592E-05  -4.199822446115E-06
   3.002561177867E-05   3.651507808681E-05  -3.651507859942E-05   9.403806364686E-05  -3.949021733534E-06
   3.088514305849E-05   3.451785271408E-05  -3.451785321374E-05   9.192242210573E-05  -3.704907932828E-06
   3.170607232757E-05   3.256350347585E-05  -3.256350396322E-05   8.987707643212E-05  -3.467245062007E-06
   3.248924837464E-05   3.065066141232E-05  -3.065066188933E-05   8.789799506941E-05  -3.235810836275E-06
   3.323548871056E-05   2.877804770094E-05  -2.877804817158E-05   8.598138026668E-05  -3.010396611215E-06
   3.394556770235E-05   2.694451412573E-05  -2.694451459443E-05   8.412380836062E-05  -2.790806860787E-06
   3.462020207729E-05   2.514909294408E-05  -2.514909341279E-05   8.232240342672E-05  -2.576857436005E-06
   3.526007547621E-05   2.339091829612E-05  -2.339091876162E-05   8.057458801270E-05  -2.368373181678E-06
   3.586588106346E-05   2.166908621357E-05  -2.166908667102E-05   7.887762500283E-05  -2.165186378234E-06
   3.643832850765E-05   1.998263061961E-05  -1.998263106556E-05   7.722853707762E-05  -1.967136540735E-06
   3.697811063072E-05   1.833063346225E-05  -1.833063389628E-05   7.562447229630E-05  -1.774070647438E-06
   3.748588204714E-05   1.671229648436E-05  -1.671229690832E-05   7.406294716861E-05  -1.585842957203E-06
   3.796228772258E-05   1.512684679793E-05  -1.512684721570E-05   7.254153635671E-05  -1.402314805423E-06
   3.840800346719E-05   1.357340095734E-05  -1.357340137267E-05   7.105741838817E-05  -1.223355317006E-06
   3.882371883681E-05   1.205102113690E-05  -1.205102155136E-05   6.960756233844E-05  -1.048842695812E-06
   3.921007163957E-05   1.055893569805E-05  -1.055893611006E-05   6.818947286765E-05  -8.786643496676E-07
   3.956761999954E-05   9.096635799434E-06  -9.096636204781E-06   6.680152610313E-05  -7.127150196636E-07
   3.989688579775E-05   7.663730980113E-06  -7.663731375078E-06   6.544249159111E-05  -5.508943383343E-07
   4.019840523081E-05   6.259778374770E-06  -6.259778758808E-06   6.411095725720E-05  -3.931056243086E-07
   4.047272504847E-05   4.884294584955E-06  -4.884294958774E-06   6.280536865751E-05  -2.392559581744E-07
   4.072036670369E-05   3.536877256778E-06  -3.536877624415E-06   6.152444330511E-05  -8.925622378768E-08
   4.094182577431E-05   2.217207562836E-06  -2.217207926571E-06   6.026718276571E-05   5.697944225901E-08
   4.113762365457E-05   9.248737259358E-07  -9.248740879409E-07   5.903227213407E-05   1.995338401380E-07
   4.130834357276E-05  -3.407534970580E-07   3.407531369878E-07   5.781765151244E-05   3.384855589143E-07
   4.145458858905E-05  -1.580378576407E-06   1.580378220785E-06   5.662099954034E-05   4.739072767221E-07
   4.157690249402E-05  -2.794509933766E-06   2.794509586462E-06   5.544066552451E-05   6.058654353060E-07
   4.167574736597E-05  -3.983381255701E-06   3.983380917989E-06   5.427594695850E-05   7.344219345967E-07
   4.175155561206E-05  -5.147129050487E-06   5.147128722677E-06   5.312648546867E-05   8.596362817090E-07
   4.180478068032E-05  -6.285967252991E-06   6.285966932636E-06   5.199166740418E-05   9.815664538747E-07
   4.183588836987E-05  -7.400158024561E-06   7.400157709615E-06   5.087072359616E-05   1.100268616668E-06
   4.184531942160E-05  -8.489883148128E-06   8.489882836269E-06   4.976317316339E-05   1.215797040704E-06
   4.183349103542E-05  -9.555249252067E-06   9.555248942267E-06   4.866880714456E-05   1.328204699530E-06
   4.180084635605E-05  -1.059645868146E-05   1.059645837469E-05   4.758710008745E-05   1.437543610657E-06
   4.174788688752E-05  -1.161392172811E-05   1.161392142636E-05   4.651682302396E-05   1.543864041906E-06
   4.167514098119E-05  -1.260814843355E-05   1.260814814003E-05   4.545641645444E-05   1.647213095666E-06
   4.158309872588E-05  -1.357952443472E-05   1.357952414999E-05   4.440476350015E-05   1.747634061972E-06
   4.147218097026E-05  -1.452820435871E-05   1.452820408210E-05   4.336155812018E-05   1.845167294255E-06
   4.134277371464E-05  -1.545423052378E-05   1.545423025329E-05   4.232689678009E-05   1.939851851651E-06
   4.119527925007E-05  -1.635770930244E-05   1.635770903677E-05   4.130067153494E-05   2.031726373685E-06
   4.103011937704E-05  -1.723882231257E-05   1.723882205036E-05   4.028253237892E-05   2.120828851850E-06
   4.084770062721E-05  -1.809770719580E-05   1.809770693619E-05   3.927229713740E-05   2.207196342249E-06
   4.064840381011E-05  -1.893442249070E-05   1.893442223462E-05   3.827007060655E-05   2.290865317801E-06
   4.043261748533E-05  -1.974906260582E-05   1.974906235474E-05   3.727585075844E-05   2.371872092632E-06
   4.020076673322E-05  -2.054185526631E-05   2.054185502228E-05   3.628919981401E-05   2.450252605611E-06
   3.995330438674E-05  -2.131313052600E-05   2.131313028934E-05   3.530935463313E-05   2.526041729238E-06
   3.969067920853E-05  -2.206321274213E-05   2.206321251220E-05   3.433559421544E-05   2.599272629711E-06
   3.941330190833E-05  -2.279230688262E-05   2.279230665818E-05   3.336762077584E-05   2.669976681046E-06
   3.912154008932E-05  -2.350048329915E-05   2.350048307953E-05   3.240560582235E-05   2.738184194060E-06
   3.881575447801E-05  -2.418780059099E-05   2.418780037541E-05   3.144977437432E-05   2.803925342002E-06
   3.849632666159E-05  -2.485439810070E-05   2.485439788835E-05   3.050009723102E-05   2.867230350205E-06
   3.816364157787E-05  -2.550043691562E-05   2.550043670728E-05   2.955649040212E-05   2.928129164979E-06
   3.781806280086E-05  -2.612601879122E-05   2.612601858726E-05   2.861908171048E-05   2.986651423933E-06
   3.745994479993E-05  -2.673122791180E-05   2.673122771347E-05   2.768806922053E-05   3.042826744356E-06
   3.708965718506E-05  -2.731620974994E-05   2.731620955730E-05   2.676346550627E-05   3.096684780905E-06
   3.670758412824E-05  -2.788116726949E-05   2.788116708266E-05   2.584511693988E-05   3.148255028183E-06
   3.631411535970E-05  -2.842633076005E-05   2.842633057811E-05   2.493280483463E-05   3.197566652187E-06
   3.590963937106E-05  -2.895193624624E-05   2.895193606926E-05   2.402631367013E-05   3.244648282744E-06
   3.549452486548E-05  -2.945816799626E-05   2.945816782355E-05   2.312560906303E-05   3.289527855925E-06
   3.506911099153E-05  -2.994513024987E-05   2.994513008141E-05   2.223091946544E-05   3.332232897266E-06
   3.463373236883E-05  -3.041292679617E-05   3.041292663194E-05   2.134248375982E-05   3.372791032382E-06
   3.418873888005E-05  -3.086172106403E-05   3.086172090375E-05   2.046036901609E-05   3.411230065039E-06
   3.373447806448E-05  -3.129168121141E-05   3.129168105576E-05   1.958464179118E-05   3.447577761188E-06
   3.327128024690E-05  -3.170293654581E-05   3.170293639436E-05   1.871549574143E-05   3.481861869008E-06
   3.279947492807E-05  -3.209562758271E-05   3.209562743571E-05   1.785309879668E-05   3.514110237997E-06
   3.231940089555E-05  -3.246993445696E-05   3.246993431418E-05   1.699751415854E-05   3.544350750098E-06
   3.183139528105E-05  -3.282604374040E-05   3.282604360187E-05   1.614880107225E-05   3.572611251606E-06
   3.133579100598E-05  -3.316414111324E-05   3.316414097939E-05   1.530703526285E-05   3.598919613741E-06
   3.083292515302E-05  -3.348443459640E-05   3.348443446746E-05   1.447224337974E-05   3.623303720643E-06
   3.032313297027E-05  -3.378713756558E-05   3.378713744148E-05   1.364445004440E-05   3.645791294543E-06
   2.980672819373E-05  -3.407241704686E-05   3.407241692773E-05   1.282381352442E-05   3.666409849960E-06
   2.928401054663E-05  -3.434041645559E-05   3.434041634028E-05   1.201055832363E-05   3.685186936476E-06
   2.875528908019E-05  -3.459131640406E-05   3.459131629225E-05   1.120481657395E-05   3.702150271350E-06
   2.822087355030E-05  -3.482531068467E-05   3.482531057533E-05   1.040669425861E-05   3.717327634105E-06
   2.768105923037E-05  -3.504256892461E-05   3.504256881816E-05   9.616362491855E-06   3.730746843527E-06
   2.713614053457E-05  -3.524327124291E-05   3.524327113948E-05   8.833969068160E-06   3.742435804861E-06
   2.658641831989E-05  -3.542762421553E-05   3.542762411606E-05   8.059604419370E-06   3.752422449847E-06
   2.603218734925E-05  -3.559583039978E-05   3.559583030496E-05   7.293375494205E-06   3.760734692511E-06
   2.547373201985E-05  -3.574807964076E-05   3.574807955159E-05   6.535422237225E-06   3.767400477850E-06
   2.491133494541E-05  -3.588456864914E-05   3.588456856575E-05   5.785872329082E-06   3.772447833428E-06
   2.434528616080E-05  -3.600551920526E-05   3.600551912728E-05   5.044804559049E-06   3.775904833167E-06
   2.377587301720E-05  -3.611115563488E-05   3.611115556077E-05   4.312297635917E-06   3.777799484289E-06
   2.320336155391E-05  -3.620166914251E-05   3.620166907092E-05   3.588498256661E-06   3.778159716923E-06
   2.262801166420E-05  -3.627725017084E-05   3.627725010042E-05   2.873552720973E-06   3.777013498330E-06
   2.205009089713E-05  -3.633811331341E-05   3.633811324424E-05   2.167561615417E-06   3.774388840676E-06
   2.146985700351E-05  -3.638446416095E-05   3.638446409361E-05   1.470642359623E-06   3.770313754814E-06
   2.088756022894E-05  -3.641650467364E-05   3.641650460922E-05   7.829166605787E-07   3.764816260628E-06
   2.030345752981E-05  -3.643445674735E-05   3.643445668736E-05   1.044717482112E-07   3.757924367575E-06
   1.971780304965E-05  -3.643854473932E-05   3.643854468515E-05  -5.646078790465E-07   3.749666037205E-06
   1.913084003549E-05  -3.642898326261E-05   3.642898321491E-05  -1.224223183240E-06   3.740069187079E-06
   1.854280300223E-05  -3.640598196429E-05   3.640598192302E-05  -1.874270666560E-06   3.729161706271E-06
   1.795392369670E-05  -3.636975450704E-05   3.636975447022E-05  -2.514655749075E-06   3.716971462759E-06
   1.736444090160E-05  -3.632053042162E-05   3.632053038722E-05  -3.145307132660E-06   3.703526290069E-06
   1.677459584745E-05  -3.625854679722E-05   3.625854676303E-05  -3.766163964676E-06   3.688853940761E-06
   1.618460877738E-05  -3.618402002351E-05   3.618401998917E-05  -4.377142099713E-06   3.672982063565E-06
   1.559469192585E-05  -3.609716406731E-05   3.609716403318E-05  -4.978159109733E-06   3.655938238350E-06
   1.500506409152E-05  -3.599820615547E-05   3.599820612274E-05  -5.569151392938E-06   3.637749975159E-06
   1.441593172584E-05  -3.588736546761E-05   3.588736543855E-05  -6.150050445569E-06   3.618444694880E-06
   1.382749956348E-05  -3.576486486151E-05   3.576486483753E-05  -6.720796052251E-06   3.598049726420E-06
   1.323997846964E-05  -3.563093725575E-05   3.563093723842E-05  -7.281340933299E-06   3.576592288942E-06
   1.265357168300E-05  -3.548581188086E-05   3.548581187084E-05  -7.831637473663E-06   3.554099479511E-06
   1.206847298593E-05  -3.532971350641E-05   3.532971350250E-05  -8.371638451861E-06   3.530598271037E-06
   1.148486933496E-05  -3.516286542425E-05   3.516286542412E-05  -8.901300281469E-06   3.506115508187E-06
   1.090294144471E-05  -3.498549028501E-05   3.498549028535E-05  -9.420583784238E-06   3.480677901173E-06
   1.032287018547E-05  -3.479781432098E-05   3.479781431967E-05  -9.929456839929E-06   3.454312020782E-06
   9.744847938166E-06  -3.460007300273E-05   3.460007300014E-05  -1.042789722213E-05   3.427044286458E-06
