# 1st line: number of mesh points
# abcissa weight wavefunction wavefunction_1st wavefunction_2nd
500
# Principal QN=   1 , l=   1 , Occupation=   0.0000
  9.830308526508E-006  1.966074589941E-005  4.871762667243E-006  4.955764983604E-001 -1.920386508064E+000
  3.932200719717E-005  3.932303800261E-005  1.948632033124E-005  4.955198673812E-001 -1.920082632395E+000
  8.847741541455E-005  5.898842277178E-005  4.384148219230E-005  4.954254973815E-001 -1.919576266514E+000
  1.573003992804E-004  7.865844718600E-005  7.793359762943E-005  4.952934108048E-001 -1.918867550744E+000
  2.457963722417E-004  9.833465899987E-005  1.217575572676E-004  4.951236390616E-001 -1.917956681483E+000
  3.539722959954E-004  1.180186070023E-004  1.753067944723E-004  4.949162225199E-001 -1.916843911153E+000
  4.818366816528E-004  1.377118412759E-004  2.385732872697E-004  4.946712104917E-001 -1.915529548125E+000
  6.293995911626E-004  1.574159134560E-004  3.115475606939E-004  4.943886612174E-001 -1.914013956639E+000
  7.966726389934E-004  1.771323769912E-004  3.942186895590E-004  4.940686418472E-001 -1.912297556704E+000
  9.836689940782E-004  1.968627874036E-004  4.865743016566E-004  4.937112284190E-001 -1.910380823980E+000
  1.190403382016E-003  2.166087025496E-004  5.886005813778E-004  4.933165058343E-001 -1.908264289646E+000
  1.416892087541E-003  2.363716828821E-004  7.002822737592E-004  4.928845678308E-001 -1.905948540260E+000
  1.663152957245E-003  2.561532917128E-004  8.216026889518E-004  4.924155169520E-001 -1.903434217589E+000
  1.929205402573E-003  2.759550954757E-004  9.525437071115E-004  4.919094645140E-001 -1.900722018436E+000
  2.215070403074E-003  2.957786639908E-004  1.093085783713E-003  4.913665305698E-001 -1.897812694449E+000
  2.520770509919E-003  3.156255707300E-004  1.243207955279E-003  4.907868438699E-001 -1.894707051907E+000
  2.846329849692E-003  3.354973930828E-004  1.402887845538E-003  4.901705418210E-001 -1.891405951502E+000
  3.191774128432E-003  3.553957126240E-004  1.572101671986E-003  4.895177704412E-001 -1.887910308094E+000
  3.557130635959E-003  3.753221153821E-004  1.750824252878E-003  4.888286843120E-001 -1.884221090461E+000
  3.942428250463E-003  3.952781921092E-004  1.939029014629E-003  4.881034465288E-001 -1.880339321025E+000
  4.347697443358E-003  4.152655385525E-004  2.136687999624E-003  4.873422286469E-001 -1.876266075566E+000
  4.772970284417E-003  4.352857557265E-004  2.343771874451E-003  4.865452106254E-001 -1.872002482921E+000
  5.218280447175E-003  4.553404501876E-004  2.560249938533E-003  4.857125807687E-001 -1.867549724667E+000
  5.683663214611E-003  4.754312343099E-004  2.786090133176E-003  4.848445356639E-001 -1.862909034784E+000
  6.169155485101E-003  4.955597265624E-004  3.021259051019E-003  4.839412801166E-001 -1.858081699310E+000
  6.674795778653E-003  5.157275517886E-004  3.265721945890E-003  4.830030270831E-001 -1.853069055975E+000
  7.200624243425E-003  5.359363414876E-004  3.519442743066E-003  4.820299975998E-001 -1.847872493818E+000
  7.746682662519E-003  5.561877340970E-004  3.782384049929E-003  4.810224207101E-001 -1.842493452793E+000
  8.313014461060E-003  5.764833752781E-004  4.054507167022E-003  4.799805333880E-001 -1.836933423354E+000
  8.899664713569E-003  5.968249182030E-004  4.335772099497E-003  4.789045804591E-001 -1.831193946030E+000
  9.506680151615E-003  6.172140238444E-004  4.626137568962E-003  4.777948145189E-001 -1.825276610978E+000
  1.013410917176E-002  6.376523612666E-004  4.925561025706E-003  4.766514958481E-001 -1.819183057524E+000
  1.078200184380E-002  6.581416079202E-004  5.233998661321E-003  4.754748923245E-001 -1.812914973686E+000
  1.145040991929E-002  6.786834499385E-004  5.551405421700E-003  4.742652793335E-001 -1.806474095683E+000
  1.213938684040E-002  6.992795824361E-004  5.877735020417E-003  4.730229396741E-001 -1.799862207424E+000
  1.284898774901E-002  7.199317098113E-004  6.212939952487E-003  4.717481634633E-001 -1.793081139988E+000
  1.357926949620E-002  7.406415460502E-004  6.556971508488E-003  4.704412480373E-001 -1.786132771079E+000
  1.433029065191E-002  7.614108150341E-004  6.909779789064E-003  4.691024978497E-001 -1.779019024472E+000
  1.510211151509E-002  7.822412508494E-004  7.271313719787E-003  4.677322243670E-001 -1.771741869441E+000
  1.589479412397E-002  8.031345981016E-004  7.641521066379E-003  4.663307459616E-001 -1.764303320167E+000
  1.670840226680E-002  8.240926122311E-004  8.020348450288E-003  4.648983878019E-001 -1.756705435135E+000
  1.754300149280E-002  8.451170598329E-004  8.407741364627E-003  4.634354817392E-001 -1.748950316512E+000
  1.839865912351E-002  8.662097189796E-004  8.803644190444E-003  4.619423661926E-001 -1.741040109511E+000
  1.927544426443E-002  8.873723795480E-004  9.208000213350E-003  4.604193860303E-001 -1.732977001735E+000
  2.017342781695E-002  9.086068435487E-004  9.620751640467E-003  4.588668924491E-001 -1.724763222506E+000
  2.109268249069E-002  9.299149254598E-004  1.004183961773E-002  4.572852428507E-001 -1.716401042185E+000
  2.203328281612E-002  9.512984525641E-004  1.047120424747E-002  4.556748007150E-001 -1.707892771459E+000
  2.299530515754E-002  9.727592652906E-004  1.090878460642E-002  4.540359354710E-001 -1.699240760631E+000
  2.397882772639E-002  9.942992175591E-004  1.135451876387E-002  4.523690223658E-001 -1.690447398881E+000
  2.498393059493E-002  1.015920177130E-003  1.180834380028E-002  4.506744423292E-001 -1.681515113515E+000
  2.601069571024E-002  1.037624025957E-003  1.227019582616E-002  4.489525818378E-001 -1.672446369195E+000
  2.705920690860E-002  1.059412660547E-003  1.274001000116E-002  4.472038327743E-001 -1.663243667159E+000
  2.812954993023E-002  1.081287992318E-003  1.321772055356E-002  4.454285922861E-001 -1.653909544419E+000
  2.922181243436E-002  1.103251947969E-003  1.370326079996E-002  4.436272626404E-001 -1.644446572940E+000
  3.033608401473E-002  1.125306469854E-003  1.419656316530E-002  4.418002510766E-001 -1.634857358816E+000
  3.147245621542E-002  1.147453516351E-003  1.469755920311E-002  4.399479696567E-001 -1.625144541411E+000
  3.263102254705E-002  1.169695062249E-003  1.520617961602E-002  4.380708351131E-001 -1.615310792502E+000
  3.381187850339E-002  1.192033099133E-003  1.572235427651E-002  4.361692686936E-001 -1.605358815393E+000
  3.501512157837E-002  1.214469635775E-003  1.624601224795E-002  4.342436960045E-001 -1.595291344017E+000
  3.624085128345E-002  1.237006698530E-003  1.677708180580E-002  4.322945468506E-001 -1.585111142026E+000
  3.748916916538E-002  1.259646331739E-003  1.731549045909E-002  4.303222550736E-001 -1.574821001860E+000
  3.876017882444E-002  1.282390598136E-003  1.786116497207E-002  4.283272583879E-001 -1.564423743800E+000
  4.005398593302E-002  1.305241579266E-003  1.841403138609E-002  4.263099982134E-001 -1.553922215009E+000
  4.137069825459E-002  1.328201375897E-003  1.897401504163E-002  4.242709195075E-001 -1.543319288552E+000
  4.271042566323E-002  1.351272108452E-003  1.954104060061E-002  4.222104705932E-001 -1.532617862407E+000
  4.407328016341E-002  1.374455917436E-003  2.011503206870E-002  4.201291029867E-001 -1.521820858456E+000
  4.545937591035E-002  1.397754963880E-003  2.069591281800E-002  4.180272712212E-001 -1.510931221456E+000
  4.686882923075E-002  1.421171429779E-003  2.128360560966E-002  4.159054326701E-001 -1.499951918009E+000
  4.830175864396E-002  1.444707518548E-003  2.187803261679E-002  4.137640473673E-001 -1.488885935498E+000
  4.975828488365E-002  1.468365455478E-003  2.247911544740E-002  4.116035778254E-001 -1.477736281026E+000
  5.123853091993E-002  1.492147488203E-003  2.308677516750E-002  4.094244888528E-001 -1.466505980325E+000
  5.274262198188E-002  1.516055887169E-003  2.370093232428E-002  4.072272473680E-001 -1.455198076660E+000
  5.427068558066E-002  1.540092946119E-003  2.432150696935E-002  4.050123222128E-001 -1.443815629714E+000
  5.582285153302E-002  1.564260982573E-003  2.494841868210E-002  4.027801839631E-001 -1.432361714459E+000
  5.739925198530E-002  1.588562338332E-003  2.558158659305E-002  4.005313047384E-001 -1.420839420016E+000
  5.900002143803E-002  1.612999379973E-003  2.622092940730E-002  3.982661580097E-001 -1.409251848493E+000
  6.062529677088E-002  1.637574499364E-003  2.686636542797E-002  3.959852184057E-001 -1.397602113819E+000
  6.227521726827E-002  1.662290114181E-003  2.751781257966E-002  3.936889615171E-001 -1.385893340557E+000
  6.394992464542E-002  1.687148668440E-003  2.817518843189E-002  3.913778637003E-001 -1.374128662705E+000
  6.564956307496E-002  1.712152633027E-003  2.883841022255E-002  3.890524018793E-001 -1.362311222488E+000
  6.737427921404E-002  1.737304506249E-003  2.950739488125E-002  3.867130533458E-001 -1.350444169131E+000
  6.912422223211E-002  1.762606814387E-003  3.018205905270E-002  3.843602955592E-001 -1.338530657624E+000
  7.089954383907E-002  1.788062112257E-003  3.086231911990E-002  3.819946059447E-001 -1.326573847471E+000
  7.270039831418E-002  1.813672983787E-003  3.154809122738E-002  3.796164616906E-001 -1.314576901430E+000
  7.452694253540E-002  1.839442042599E-003  3.223929130418E-002  3.772263395443E-001 -1.302542984240E+000
  7.637933600943E-002  1.865371932600E-003  3.293583508681E-002  3.748247156084E-001 -1.290475261334E+000
  7.825774090225E-002  1.891465328589E-003  3.363763814201E-002  3.724120651349E-001 -1.278376897549E+000
  8.016232207035E-002  1.917724936867E-003  3.434461588935E-002  3.699888623198E-001 -1.266251055813E+000
  8.209324709253E-002  1.944153495867E-003  3.505668362365E-002  3.675555800960E-001 -1.254100895834E+000
  8.405068630235E-002  1.970753776782E-003  3.577375653715E-002  3.651126899270E-001 -1.241929572770E+000
  8.603481282122E-002  1.997528584221E-003  3.649574974154E-002  3.626606615992E-001 -1.229740235895E+000
  8.804580259214E-002  2.024480756857E-003  3.722257828959E-002  3.601999630148E-001 -1.217536027252E+000
  9.008383441408E-002  2.051613168108E-003  3.795415719670E-002  3.577310599840E-001 -1.205320080303E+000
  9.214908997710E-002  2.078928726810E-003  3.869040146195E-002  3.552544160173E-001 -1.193095518564E+000
  9.424175389809E-002  2.106430377918E-003  3.943122608897E-002  3.527704921186E-001 -1.180865454238E+000
  9.636201375725E-002  2.134121103210E-003  4.017654610643E-002  3.502797465774E-001 -1.168632986835E+000
  9.851006013526E-002  2.162003922007E-003  4.092627658815E-002  3.477826347625E-001 -1.156401201796E+000
  1.006860866512E-001  2.190081891910E-003  4.168033267281E-002  3.452796089154E-001 -1.144173169097E+000
  1.028902900012E-001  2.218358109541E-003  4.243862958330E-002  3.427711179451E-001 -1.131951941860E+000
  1.051228699979E-001  2.246835711311E-003  4.320108264558E-002  3.402576072229E-001 -1.119740554952E+000
  1.073840296104E-001  2.275517874190E-003  4.396760730708E-002  3.377395183787E-001 -1.107542023582E+000
  1.096739750056E-001  2.304407816497E-003  4.473811915464E-002  3.352172890985E-001 -1.095359341895E+000
  1.119929155896E-001  2.333508798707E-003  4.551253393192E-002  3.326913529224E-001 -1.083195481562E+000
  1.143410640503E-001  2.362824124271E-003  4.629076755629E-002  3.301621390452E-001 -1.071053390371E+000
  1.167186364011E-001  2.392357140448E-003  4.707273613508E-002  3.276300721171E-001 -1.058935990811E+000
  1.191258520249E-001  2.422111239159E-003  4.785835598137E-002  3.250955720475E-001 -1.046846178659E+000
  1.215629337189E-001  2.452089857854E-003  4.864754362902E-002  3.225590538096E-001 -1.034786821571E+000
  1.240301077413E-001  2.482296480400E-003  4.944021584716E-002  3.200209272479E-001 -1.022760757665E+000
  1.265276038575E-001  2.512734637975E-003  5.023628965397E-002  3.174815968877E-001 -1.010770794112E+000
  1.290556553882E-001  2.543407909995E-003  5.103568232971E-002  3.149414617463E-001 -9.988197057286E-001
  1.316144992580E-001  2.574319925047E-003  5.183831142913E-002  3.124009151481E-001 -9.869102335730E-001
  1.342043760450E-001  2.605474361847E-003  5.264409479303E-002  3.098603445413E-001 -9.750450835442E-001
  1.368255300316E-001  2.636874950214E-003  5.345295055911E-002  3.073201313182E-001 -9.632269249876E-001
  1.394782092560E-001  2.668525472060E-003  5.426479717192E-002  3.047806506386E-001 -9.514583893069E-001
  1.421626655646E-001  2.700429762411E-003  5.507955339209E-002  3.022422712565E-001 -9.397420685829E-001
  1.448791546661E-001  2.732591710434E-003  5.589713830459E-002  2.997053553500E-001 -9.280805142008E-001
  1.476279361856E-001  2.765015260497E-003  5.671747132618E-002  2.971702583560E-001 -9.164762354866E-001
  1.504092737207E-001  2.797704413242E-003  5.754047221187E-002  2.946373288071E-001 -9.049316983540E-001
  1.532234348983E-001  2.830663226680E-003  5.836606106047E-002  2.921069081750E-001 -8.934493239630E-001
  1.560706914324E-001  2.863895817319E-003  5.919415831919E-002  2.895793307159E-001 -8.820314873906E-001
  1.589513191834E-001  2.897406361298E-003  6.002468478717E-002  2.870549233223E-001 -8.706805163152E-001
  1.618655982178E-001  2.931199095559E-003  6.085756161809E-002  2.845340053787E-001 -8.593986897167E-001
  1.648138128702E-001  2.965278319033E-003  6.169271032157E-002  2.820168886227E-001 -8.481882365915E-001
  1.677962518056E-001  2.999648393860E-003  6.253005276367E-002  2.795038770110E-001 -8.370513346858E-001
  1.708132080832E-001  3.034313746623E-003  6.336951116614E-002  2.769952665913E-001 -8.259901092468E-001
  1.738649792215E-001  3.069278869616E-003  6.421100810461E-002  2.744913453798E-001 -8.150066317939E-001
  1.769518672648E-001  3.104548322136E-003  6.505446650563E-002  2.719923932442E-001 -8.041029189112E-001
  1.800741788507E-001  3.140126731803E-003  6.589980964250E-002  2.694986817936E-001 -7.932809310623E-001
  1.832322252791E-001  3.176018795904E-003  6.674696112992E-002  2.670104742742E-001 -7.825425714287E-001
  1.864263225826E-001  3.212229282769E-003  6.759584491740E-002  2.645280254720E-001 -7.718896847737E-001
  1.896567915983E-001  3.248763033179E-003  6.844638528146E-002  2.620515816218E-001 -7.613240563324E-001
  1.929239580409E-001  3.285624961791E-003  6.929850681651E-002  2.595813803242E-001 -7.508474107303E-001
  1.962281525771E-001  3.322820058613E-003  7.015213442453E-002  2.571176504691E-001 -7.404614109307E-001
  1.995697109023E-001  3.360353390492E-003  7.100719330331E-002  2.546606121671E-001 -7.301676572133E-001
  2.029489738173E-001  3.398230102644E-003  7.186360893355E-002  2.522104766886E-001 -7.199676861850E-001
  2.063662873085E-001  3.436455420218E-003  7.272130706445E-002  2.497674464111E-001 -7.098629698249E-001
  2.098220026275E-001  3.475034649885E-003  7.358021369808E-002  2.473317147746E-001 -6.998549145639E-001
  2.133164763746E-001  3.513973181471E-003  7.444025507229E-002  2.449034662452E-001 -6.899448604021E-001
  2.168500705817E-001  3.553276489620E-003  7.530135764232E-002  2.424828762884E-001 -6.801340800641E-001
  2.204231527988E-001  3.592950135496E-003  7.616344806098E-002  2.400701113497E-001 -6.704237781945E-001
  2.240360961807E-001  3.632999768520E-003  7.702645315743E-002  2.376653288462E-001 -6.608150905950E-001
  2.276892795770E-001  3.673431128145E-003  7.789029991459E-002  2.352686771660E-001 -6.513090835047E-001
  2.313830876220E-001  3.714250045674E-003  7.875491544514E-002  2.328802956782E-001 -6.419067529253E-001
  2.351179108282E-001  3.755462446115E-003  7.962022696606E-002  2.305003147524E-001 -6.326090239924E-001
  2.388941456809E-001  3.797074350078E-003  8.048616177185E-002  2.281288557879E-001 -6.234167503952E-001
  2.427121947345E-001  3.839091875711E-003  8.135264720625E-002  2.257660312536E-001 -6.143307138455E-001
  2.465724667110E-001  3.881521240686E-003  8.221961063265E-002  2.234119447380E-001 -6.053516235986E-001
  2.504753766009E-001  3.924368764227E-003  8.308697940299E-002  2.210666910099E-001 -5.964801160262E-001
  2.544213457654E-001  3.967640869177E-003  8.395468082540E-002  2.187303560897E-001 -5.877167542447E-001
  2.584108020414E-001  4.011344084122E-003  8.482264213038E-002  2.164030173321E-001 -5.790620277991E-001
  2.624441798480E-001  4.055485045557E-003  8.569079043562E-002  2.140847435194E-001 -5.705163524045E-001
  2.665219202956E-001  4.100070500102E-003  8.655905270955E-002  2.117755949661E-001 -5.620800697480E-001
  2.706444712976E-001  4.145107306769E-003  8.742735573346E-002  2.094756236356E-001 -5.537534473503E-001
  2.748122876832E-001  4.190602439283E-003  8.829562606245E-002  2.071848732674E-001 -5.455366784904E-001
  2.790258313137E-001  4.236562988450E-003  8.916378998499E-002  2.049033795169E-001 -5.374298821947E-001
  2.832855712010E-001  4.282996164587E-003  9.003177348132E-002  2.026311701063E-001 -5.294331032910E-001
  2.875919836279E-001  4.329909300005E-003  9.089950218063E-002  2.003682649882E-001 -5.215463125303E-001
  2.919455522717E-001  4.377309851548E-003  9.176690131705E-002  1.981146765200E-001 -5.137694067769E-001
  2.963467683296E-001  4.425205403192E-003  9.263389568454E-002  1.958704096516E-001 -5.061022092684E-001
  3.007961306479E-001  4.473603668706E-003  9.350040959074E-002  1.936354621244E-001 -4.985444699476E-001
  3.052941458522E-001  4.522512494374E-003  9.436636680968E-002  1.914098246826E-001 -4.910958658670E-001
  3.098413284823E-001  4.571939861783E-003  9.523169053368E-002  1.891934812969E-001 -4.837560016677E-001
  3.144382011281E-001  4.621893890671E-003  9.609630332419E-002  1.869864094001E-001 -4.765244101333E-001
  3.190852945695E-001  4.672382841850E-003  9.696012706188E-002  1.847885801352E-001 -4.694005528210E-001
  3.237831479192E-001  4.723415120192E-003  9.782308289593E-002  1.825999586150E-001 -4.623838207704E-001
  3.285323087679E-001  4.774999277691E-003  9.868509119256E-002  1.804205041945E-001 -4.554735352913E-001
  3.333333333333E-001  4.827144016591E-003  9.954607148302E-002  1.782501707549E-001 -4.486689488316E-001
  3.381867866117E-001  4.879858192602E-003  1.004059424110E-001  1.760889069995E-001 -4.419692459257E-001
  3.430932425333E-001  4.933150818173E-003  1.012646216795E-001  1.739366567613E-001 -4.353735442259E-001
  3.480532841203E-001  4.987031065868E-003  1.021220259975E-001  1.717933593226E-001 -4.288808956153E-001
  3.530675036492E-001  5.041508271801E-003  1.029780710263E-001  1.696589497459E-001 -4.224902874047E-001
  3.581365028158E-001  5.096591939172E-003  1.038326713255E-001  1.675333592153E-001 -4.162006436140E-001
  3.632608929041E-001  5.152291741875E-003  1.046857402993E-001  1.654165153902E-001 -4.100108263374E-001
  3.684412949588E-001  5.208617528209E-003  1.055371901426E-001  1.633083427690E-001 -4.039196371941E-001
  3.736783399619E-001  5.265579324662E-003  1.063869317874E-001  1.612087630631E-001 -3.979258188642E-001
  3.789726690123E-001  5.323187339805E-003  1.072348748493E-001  1.591176955817E-001 -3.920280567106E-001
  3.843249335105E-001  5.381451968273E-003  1.080809275747E-001  1.570350576255E-001 -3.862249804857E-001
  3.897357953460E-001  5.440383794842E-003  1.089249967887E-001  1.549607648912E-001 -3.805151661245E-001
  3.952059270903E-001  5.499993598618E-003  1.097669878430E-001  1.528947318833E-001 -3.748971376228E-001
  4.007360121927E-001  5.560292357317E-003  1.106068045656E-001  1.508368723360E-001 -3.693693690006E-001
  4.063267451812E-001  5.621291251662E-003  1.114443492109E-001  1.487870996418E-001 -3.639302863498E-001
  4.119788318683E-001  5.683001669888E-003  1.122795224111E-001  1.467453272890E-001 -3.585782699662E-001
  4.176929895600E-001  5.745435212354E-003  1.131122231291E-001  1.447114693049E-001 -3.533116565650E-001
  4.234699472710E-001  5.808603696282E-003  1.139423486128E-001  1.426854407064E-001 -3.481287415778E-001
  4.293104459435E-001  5.872519160606E-003  1.147697943512E-001  1.406671579556E-001 -3.430277815315E-001
  4.352152386716E-001  5.937193870949E-003  1.155944540318E-001  1.386565394207E-001 -3.380069965064E-001
  4.411850909306E-001  6.002640324729E-003  1.164162195013E-001  1.366535058416E-001 -3.330645726734E-001
  4.472207808110E-001  6.068871256391E-003  1.172349807268E-001  1.346579807986E-001 -3.281986649067E-001
  4.533230992589E-001  6.135899642772E-003  1.180506257613E-001  1.326698911840E-001 -3.234073994728E-001
  4.594928503202E-001  6.203738708611E-003  1.188630407102E-001  1.306891676758E-001 -3.186888767908E-001
  4.657308513924E-001  6.272401932198E-003  1.196721097016E-001  1.287157452124E-001 -3.140411742636E-001
  4.720379334802E-001  6.341903051163E-003  1.204777148596E-001  1.267495634671E-001 -3.094623491775E-001
  4.784149414579E-001  6.412256068427E-003  1.212797362801E-001  1.247905673224E-001 -3.049504416658E-001
  4.848627343381E-001  6.483475258298E-003  1.220780520109E-001  1.228387073419E-001 -3.005034777358E-001
  4.913821855461E-001  6.555575172733E-003  1.228725380352E-001  1.208939402396E-001 -2.961194723534E-001
  4.979741832006E-001  6.628570647764E-003  1.236630682586E-001  1.189562293450E-001 -2.917964325848E-001
  5.046396304008E-001  6.702476810086E-003  1.244495145005E-001  1.170255450633E-001 -2.875323607883E-001
  5.113794455212E-001  6.777309083830E-003  1.252317464904E-001  1.151018653290E-001 -2.833252578554E-001
  5.181945625116E-001  6.853083197508E-003  1.260096318671E-001  1.131851760526E-001 -2.791731264951E-001
  5.250859312060E-001  6.929815191146E-003  1.267830361847E-001  1.112754715574E-001 -2.750739745572E-001
  5.320545176366E-001  7.007521423604E-003  1.275518229219E-001  1.093727550075E-001 -2.710258183904E-001
  5.391013043575E-001  7.086218580100E-003  1.283158534972E-001  1.074770388237E-001 -2.670266862303E-001
  5.462272907741E-001  7.165923679926E-003  1.290749872896E-001  1.055883450864E-001 -2.630746216116E-001
  5.534334934816E-001  7.246654084380E-003  1.298290816645E-001  1.037067059250E-001 -2.591676867990E-001
  5.607209466109E-001  7.328427504912E-003  1.305779920056E-001  1.018321638915E-001 -2.553039662318E-001
  5.680907021827E-001  7.411262011483E-003  1.313215717528E-001  9.996477231632E-002 -2.514815699751E-001
  5.755438304707E-001  7.495176041166E-003  1.320596724463E-001  9.810459564686E-002 -2.476986371725E-001
  5.830814203728E-001  7.580188406970E-003  1.327921437766E-001  9.625170976479E-002 -2.439533394933E-001
  5.907045797917E-001  7.666318306912E-003  1.335188336421E-001  9.440620228242E-002 -2.402438845660E-001
  5.984144360243E-001  7.753585333338E-003  1.342395882121E-001  9.256817281562E-002 -2.365685193947E-001
  6.062121361613E-001  7.842009482502E-003  1.349542519977E-001  9.073773323212E-002 -2.329255337464E-001
  6.140988474955E-001  7.931611164409E-003  1.356626679291E-001  8.891500787339E-002 -2.293132635058E-001
  6.220757579409E-001  8.022411212936E-003  1.363646774402E-001  8.710013374868E-002 -2.257300939873E-001
  6.301440764614E-001  8.114430896230E-003  1.370601205605E-001  8.529326069945E-002 -2.221744631972E-001
  6.383050335109E-001  8.207691927403E-003  1.377488360142E-001  8.349455153277E-002 -2.186448650378E-001
  6.465598814833E-001  8.302216475524E-003  1.384306613269E-001  8.170418212192E-002 -2.151398524449E-001
  6.549098951744E-001  8.398027176926E-003  1.391054329395E-001  7.992234147274E-002 -2.116580404499E-001
  6.633563722545E-001  8.495147146827E-003  1.397729863298E-001  7.814923175415E-002 -2.081981091578E-001
  6.719006337539E-001  8.593599991288E-003  1.404331561415E-001  7.638506829122E-002 -2.047588066328E-001
  6.805440245593E-001  8.693409819506E-003  1.410857763208E-001  7.463007951929E-002 -2.013389516808E-001
  6.892879139233E-001  8.794601256469E-003  1.417306802606E-001  7.288450689781E-002 -1.979374365218E-001
  6.981336959871E-001  8.897199455961E-003  1.423677009516E-001  7.114860478224E-002 -1.945532293403E-001
  7.070827903152E-001  9.001230113956E-003  1.429966711411E-001  6.942264025277E-002 -1.911853767060E-001
  7.161366424455E-001  9.106719482390E-003  1.436174234991E-001  6.770689289850E-002 -1.878330058551E-001
  7.252967244510E-001  9.213694383338E-003  1.442297907912E-001  6.600165455578E-002 -1.844953268219E-001
  7.345645355186E-001  9.322182223606E-003  1.448336060581E-001  6.430722899955E-002 -1.811716344115E-001
  7.439416025400E-001  9.432211009745E-003  1.454287028020E-001  6.262393158661E-002 -1.778613100036E-001
  7.534294807203E-001  9.543809363512E-003  1.460149151796E-001  6.095208884969E-002 -1.745638231793E-001
  7.630297542000E-001  9.657006537783E-003  1.465920782001E-001  5.929203804150E-002 -1.712787331592E-001
  7.727440366954E-001  9.771832432940E-003  1.471600279300E-001  5.764412662795E-002 -1.680056900451E-001
  7.825739721536E-001  9.888317613741E-003  1.477186017025E-001  5.600871172979E-002 -1.647444358553E-001
  7.925212354258E-001  1.000649332670E-002  1.482676383313E-001  5.438615951220E-002 -1.614948053448E-001
  8.025875329584E-001  1.012639151798E-002  1.488069783301E-001  5.277684452182E-002 -1.582567266016E-001
  8.127746035011E-001  1.024804485184E-002  1.493364641339E-001  5.118114897102E-002 -1.550302214095E-001
  8.230842188350E-001  1.037148672960E-002  1.498559403253E-001  4.959946196935E-002 -1.518154053710E-001
  8.335181845190E-001  1.049675130923E-002  1.503652538618E-001  4.803217870212E-002 -1.486124877804E-001
  8.440783406568E-001  1.062387352550E-002  1.508642543060E-001  4.647969955647E-002 -1.454217712407E-001
  8.547665626839E-001  1.075288911077E-002  1.513527940561E-001  4.494242919532E-002 -1.422436510173E-001
  8.655847621758E-001  1.088383461638E-002  1.518307285768E-001  4.342077557994E-002 -1.390786141211E-001
  8.765348876780E-001  1.101674743475E-002  1.522979166297E-001  4.191514894190E-002 -1.359272381153E-001
  8.876189255584E-001  1.115166582209E-002  1.527542205019E-001  4.042596070559E-002 -1.327901896405E-001
  8.988389008829E-001  1.128862892191E-002  1.531995062322E-001  3.895362236264E-002 -1.296682226538E-001
  9.101968783143E-001  1.142767678917E-002  1.536336438331E-001  3.749854429979E-002 -1.265621763762E-001
  9.216949630368E-001  1.156885041525E-002  1.540565075089E-001  3.606113458210E-002 -1.234729729469E-001
  9.333353017046E-001  1.171219175365E-002  1.544679758671E-001  3.464179769361E-002 -1.204016147802E-001
  9.451200834176E-001  1.185774374655E-002  1.548679321232E-001  3.324093323784E-002 -1.173491816248E-001
  9.570515407237E-001  1.200555035216E-002  1.552562642964E-001  3.185893460084E-002 -1.143168273235E-001
  9.691319506484E-001  1.215565657299E-002  1.556328653964E-001  3.049618757970E-002 -1.113057762745E-001
  9.813636357544E-001  1.230810848498E-002  1.559976335984E-001  2.915306897993E-002 -1.083173195949E-001
  9.937489652293E-001  1.246295326757E-002  1.563504724055E-001  2.782994518516E-002 -1.053528109894E-001
  1.006290356005E+000  1.262023923477E-002  1.566912907974E-001  2.652717070316E-002 -1.024136623267E-001
  1.018990273907E+000  1.278001586715E-002  1.570200033632E-001  2.524508669237E-002 -9.950133892988E-002
  1.031851234841E+000  1.294233384499E-002  1.573365304169E-001  2.398401947351E-002 -9.661735458496E-002
  1.044875806003E+000  1.310724508236E-002  1.576407980944E-001  2.274427903103E-002 -9.376326627665E-002
  1.058066607138E+000  1.327480276248E-002  1.579327384298E-001  2.152615750984E-002 -9.094066865850E-002
  1.071426311823E+000  1.344506137405E-002  1.582122894096E-001  2.032992771248E-002 -8.815118826834E-002
  1.084957648792E+000  1.361807674895E-002  1.584793950031E-001  1.915584160289E-002 -8.539647750012E-002
  1.098663403298E+000  1.379390610110E-002  1.587340051676E-001  1.800412882272E-002 -8.267820834524E-002
  1.112546418516E+000  1.397260806657E-002  1.589760758256E-001  1.687499522674E-002 -7.999806591761E-002
  1.126609596985E+000  1.415424274514E-002  1.592055688139E-001  1.576862144399E-002 -7.735774177860E-002
  1.140855902095E+000  1.433887174317E-002  1.594224518017E-001  1.468516147181E-002 -7.475892707915E-002
  1.155288359613E+000  1.452655821788E-002  1.596266981761E-001  1.362474131003E-002 -7.220330553830E-002
  1.169910059257E+000  1.471736692327E-002  1.598182868943E-001  1.258745764280E-002 -6.969254627847E-002
  1.184724156317E+000  1.491136425740E-002  1.599972022997E-001  1.157337657594E-002 -6.722829653999E-002
  1.199733873325E+000  1.510861831145E-002  1.601634339012E-001  1.058253243782E-002 -6.481217429823E-002
  1.214942501771E+000  1.530919892035E-002  1.603169761139E-001  9.614926651881E-003 -6.244576080882E-002
  1.230353403874E+000  1.551317771520E-002  1.604578279597E-001  8.670526689222E-003 -6.013059310758E-002
  1.245970014403E+000  1.572062817747E-002  1.605859927270E-001  7.749265109731E-003 -5.786815649331E-002
  1.261795842559E+000  1.593162569510E-002  1.607014775872E-001  6.851038700296E-003 -5.565987702318E-002
  1.277834473907E+000  1.614624762054E-002  1.608042931687E-001  5.975707718752E-003 -5.350711405149E-002
  1.294089572372E+000  1.636457333079E-002  1.608944530859E-001  5.123095252205E-003 -5.141115284416E-002
  1.310564882294E+000  1.658668428962E-002  1.609719734230E-001  4.292986698333E-003 -4.937319730227E-002
  1.327264230548E+000  1.681266411190E-002  1.610368721722E-001  3.485129378199E-003 -4.739436282920E-002
  1.344191528724E+000  1.704259863026E-002  1.610891686259E-001  2.699232288981E-003 -4.547566937684E-002
  1.361350775387E+000  1.727657596408E-002  1.611288827225E-001  1.934966004816E-003 -4.361803470715E-002
  1.378746058390E+000  1.751468659100E-002  1.611560343460E-001  1.191962733728E-003 -4.182226790615E-002
  1.396381557275E+000  1.775702342093E-002  1.611706425799E-001  4.698165383037E-004 -4.008906318799E-002
  1.414261545744E+000  1.800368187279E-002  1.611727249156E-001 -2.319162726190E-004 -3.841899402695E-002
  1.432390394201E+000  1.825475995395E-002  1.611622964164E-001 -9.137165743909E-004 -3.681250765568E-002
  1.450772572390E+000  1.851035834267E-002  1.611393688392E-001 -1.576101672801E-003 -3.526991996781E-002
  1.469412652102E+000  1.877058047342E-002  1.611039497135E-001 -2.219624360390E-003 -3.379141086296E-002
  1.488315309978E+000  1.903553262542E-002  1.610560413815E-001 -2.844871777741E-003 -3.237702007172E-002
  1.507485330398E+000  1.930532401444E-002  1.609956400007E-001 -3.452464075403E-003 -3.102664349735E-002
  1.526927608467E+000  1.958006688797E-002  1.609227345116E-001 -4.043052872923E-003 -2.974003011041E-002
  1.546647153093E+000  1.985987662391E-002  1.608373055742E-001 -4.617319512349E-003 -2.851677943083E-002
  1.566649090169E+000  2.014487183303E-002  1.607393244761E-001 -5.175973104537E-003 -2.735633963091E-002
  1.586938665861E+000  2.043517446518E-002  1.606287520166E-001 -5.719748367686E-003 -2.625800629069E-002
  1.607521250000E+000  2.073090991960E-002  1.605055373710E-001 -6.249403258601E-003 -2.522092183527E-002
  1.628402339588E+000  2.103220715932E-002  1.603696169400E-001 -6.765716398454E-003 -2.424407568117E-002
  1.649587562420E+000  2.133919883002E-002  1.602209131898E-001 -7.269484296061E-003 -2.332630511624E-002
  1.671082680832E+000  2.165202138333E-002  1.600593334883E-001 -7.761518373072E-003 -2.246629693462E-002
  1.692893595565E+000  2.197081520497E-002  1.598847689434E-001 -8.242641796889E-003 -2.166258984508E-002
  1.715026349769E+000  2.229572474776E-002  1.596970932514E-001 -8.713686128624E-003 -2.091357766723E-002
  1.737487133138E+000  2.262689866987E-002  1.594961615615E-001 -9.175487794951E-003 -2.021751332640E-002
  1.760282286187E+000  2.296448997842E-002  1.592818093642E-001 -9.628884394324E-003 -1.957251365385E-002
  1.783418304674E+000  2.330865617868E-002  1.590538514126E-001 -1.007471084963E-002 -1.897656499401E-002
  1.806901844175E+000  2.365955942924E-002  1.588120806842E-001 -1.051379542111E-002 -1.842752961639E-002
  1.830739724818E+000  2.401736670327E-002  1.585562673931E-001 -1.094695559490E-002 -1.792315292408E-002
  1.854938936184E+000  2.438224995616E-002  1.582861580606E-001 -1.137499386461E-002 -1.746107144588E-002
  1.879506642368E+000  2.475438629994E-002  1.580014746559E-001 -1.179869342452E-002 -1.703882159350E-002
  1.904450187236E+000  2.513395818467E-002  1.577019138150E-001 -1.221881379530E-002 -1.665384915947E-002
  1.929777099847E+000  2.552115358717E-002  1.573871461496E-001 -1.263608640432E-002 -1.630351952572E-002
  1.955495100083E+000  2.591616620741E-002  1.570568156551E-001 -1.305121014451E-002 -1.598512854665E-002
  1.981612104475E+000  2.631919567292E-002  1.567105392301E-001 -1.346484693718E-002 -1.569591406454E-002
  2.008136232230E+000  2.673044775156E-002  1.563479063165E-001 -1.387761732589E-002 -1.543306800906E-002
  2.035075811486E+000  2.715013457311E-002  1.559684786724E-001 -1.429009612943E-002 -1.519374902643E-002
  2.062439385788E+000  2.757847486001E-002  1.555717902873E-001 -1.470280818378E-002 -1.497509557782E-002
  2.090235720801E+000  2.801569416771E-002  1.551573474519E-001 -1.511622420353E-002 -1.477423944075E-002
  2.118473811262E+000  2.846202513514E-002  1.547246289908E-001 -1.553075679471E-002 -1.458831954131E-002
  2.147162888201E+000  2.891770774564E-002  1.542730866698E-001 -1.594675665122E-002 -1.441449603961E-002
  2.176312426413E+000  2.938298959899E-002  1.538021457875E-001 -1.636450896823E-002 -1.424996458566E-002
  2.205932152222E+000  2.985812619504E-002  1.533112059590E-001 -1.678423010577E-002 -1.409197065818E-002
  2.236032051522E+000  3.034338122938E-002  1.527996421014E-001 -1.720606453616E-002 -1.393782389399E-002
  2.266622378129E+000  3.083902690182E-002  1.522668056288E-001 -1.763008210877E-002 -1.378491231233E-002
  2.297713662445E+000  3.134534423818E-002  1.517120258628E-001 -1.805627566494E-002 -1.363071633474E-002
  2.329316720450E+000  3.186262342603E-002  1.511346116650E-001 -1.848455903548E-002 -1.347282249856E-002
  2.361442663038E+000  3.239116416519E-002  1.505338532969E-001 -1.891476545187E-002 -1.330893676021E-002
  2.394102905709E+000  3.293127603351E-002  1.499090245085E-001 -1.934664640104E-002 -1.313689728329E-002
  2.427309178642E+000  3.348327886897E-002  1.492593848606E-001 -1.977987095180E-002 -1.295468660606E-002
  2.461073537146E+000  3.404750316862E-002  1.485841822785E-001 -2.021402557897E-002 -1.276044308366E-002
  2.495408372530E+000  3.462429050548E-002  1.478826558384E-001 -2.064861450869E-002 -1.255247150185E-002
  2.530326423398E+000  3.521399396401E-002  1.471540387820E-001 -2.108306060575E-002 -1.232925276170E-002
  2.565840787378E+000  3.581697859546E-002  1.463975617553E-001 -2.151670682035E-002 -1.208945253825E-002
  2.601964933334E+000  3.643362189376E-002  1.456124562658E-001 -2.194881820837E-002 -1.183192882085E-002
  2.638712714049E+000  3.706431429322E-002  1.447979583471E-001 -2.237858453521E-002 -1.155573824880E-002
  2.676098379430E+000  3.770945968912E-002  1.439533124230E-001 -2.280512346891E-002 -1.126014116261E-002
  2.714136590232E+000  3.836947598236E-002  1.430777753557E-001 -2.322748436392E-002 -1.094460529952E-002
  2.752842432351E+000  3.904479564947E-002  1.421706206643E-001 -2.364465263179E-002 -1.060880807081E-002
  2.792231431696E+000  3.973586633921E-002  1.412311428950E-001 -2.405555468995E-002 -1.025263736866E-002
  2.832319569669E+000  4.044315149734E-002  1.402586621247E-001 -2.445906347448E-002 -9.876190861602E-003
  2.873123299289E+000  4.116713102086E-002  1.392525285744E-001 -2.485400449708E-002 -9.479773749693E-003
  2.914659561979E+000  4.190830194354E-002  1.382121273091E-001 -2.523916242075E-002 -9.063894963451E-003
  2.956945805065E+000  4.266717915414E-002  1.371368829975E-001 -2.561328812287E-002 -8.629261804628E-003
  3.000000000000E+000  4.344429614932E-002  1.360262647031E-001 -2.597510620859E-002 -8.176773041100E-003
  3.043840661365E+000  4.424020582308E-002  1.348797906768E-001 -2.632332293158E-002 -7.707510483311E-003
  3.088486866678E+000  4.505548129460E-002  1.336970331180E-001 -2.665663447345E-002 -7.222729084999E-003
  3.133958277047E+000  4.589071677685E-002  1.324776228712E-001 -2.697373552767E-002 -6.723845626550E-003
  3.180275158719E+000  4.674652848797E-002  1.312212540238E-001 -2.727332812848E-002 -6.212426055006E-003
  3.227458405560E+000  4.762355560797E-002  1.299276883671E-001 -2.755413066044E-002 -5.690171570207E-003
  3.275529562509E+000  4.852246128332E-002  1.285967596858E-001 -2.781488697956E-002 -5.158903561772E-003
  3.324510850077E+000  4.944393368200E-002  1.272283778375E-001 -2.805437557299E-002 -4.620547516201E-003
  3.374425189910E+000  5.038868710203E-002  1.258225325854E-001 -2.827141868101E-002 -4.077116027291E-003
  3.425296231502E+000  5.135746313639E-002  1.243792971467E-001 -2.846489130172E-002 -3.530691055887E-003
  3.477148380094E+000  5.235103189784E-002  1.228988314205E-001 -2.863372999748E-002 -2.983405596728E-003
  3.530006825834E+000  5.337019330676E-002  1.213813848607E-001 -2.877694142030E-002 -2.437424920371E-003
  3.583897574256E+000  5.441577844603E-002  1.198272989587E-001 -2.889361047339E-002 -1.894927566866E-003
  3.638847478148E+000  5.548865098670E-002  1.182370093059E-001 -2.898290802657E-002 -1.358086274671E-003
  3.694884270887E+000  5.658970868864E-002  1.166110472057E-001 -2.904409810483E-002 -8.290490331330E-004
  3.752036601308E+000  5.771988498079E-002  1.149500408102E-001 -2.907654447195E-002 -3.099204495553E-004
  3.810334070199E+000  5.888015062562E-002  1.132547157570E-001 -2.907971653482E-002  1.972563777760E-004
  3.869807268505E+000  6.007151547295E-002  1.115258952897E-001 -2.905319449890E-002  6.905172912459E-004
  3.930487817331E+000  6.129503030858E-002  1.097644998456E-001 -2.899667371102E-002  1.167993625422E-003
  3.992408409843E+000  6.255178880352E-002  1.079715461028E-001 -2.890996813287E-002  1.627927700664E-003
  4.055602855172E+000  6.384292957002E-002  1.061481454806E-001 -2.879301289610E-002  2.068687090672E-003
  4.120106124432E+000  6.516963833101E-002  1.042955020948E-001 -2.864586589942E-002  2.488777507967E-003
  4.185954398964E+000  6.653315021009E-002  1.024149101749E-001 -2.846870841736E-002  2.886854165823E-003
  4.253185120935E+000  6.793475214960E-002  1.005077509547E-001 -2.826184470146E-002  3.261731492100E-003
  4.321837046422E+000  6.937578546490E-002  9.857548905522E-002 -2.802570056558E-002  3.612391089452E-003
  4.391950301120E+000  7.085764854355E-002  9.661966838454E-002 -2.776082095930E-002  3.937987857381E-003
  4.463566438835E+000  7.238179969882E-002  9.464190758478E-002 -2.746786654551E-002  4.237854214334E-003
  4.536728502895E+000  7.394976018725E-002  9.264389506230E-002 -2.714760931061E-002  4.511502382124E-003
  4.611481090679E+000  7.556311740127E-002  9.062738364307E-002 -2.680092724889E-002  4.758624720179E-003
  4.687870421430E+000  7.722352824817E-002  8.859418490006E-002 -2.642879817462E-002  4.979092122993E-003
  4.765944407533E+000  7.893272272784E-002  8.654616320417E-002 -2.603229272777E-002  5.172950520427E-003
  4.845752729492E+000  8.069250772248E-002  8.448522955448E-002 -2.561256665076E-002  5.340415546594E-003
  4.927346914797E+000  8.250477101257E-002  8.241333524660E-002 -2.517085242442E-002  5.481865468685E-003
  5.010780420931E+000  8.437148553436E-002  8.033246544095E-002 -2.470845036117E-002  5.597832491706E-003
  5.096108722763E+000  8.629471389541E-002  7.824463269398E-002 -2.422671926184E-002  5.688992578249E-003
  5.183389404586E+000  8.827661316581E-002  7.615187051603E-002 -2.372706674978E-002  5.756153943783E-003
  5.272682257105E+000  9.031943996425E-002  7.405622701947E-002 -2.321093940140E-002  5.800244406901E-003
  5.364049379651E+000  9.242555585946E-002  7.195975871841E-002 -2.267981279578E-002  5.822297790316E-003
  5.457555287978E+000  9.459743310926E-002  6.986452453912E-002 -2.213518160793E-002  5.823439581586E-003
  5.553267027968E+000  9.683766076100E-002  6.777258009582E-002 -2.157854986978E-002  5.804872072418E-003
  5.651254295630E+000  9.914895113938E-002  6.568597228142E-002 -2.101142152039E-002  5.767859201524E-003
  5.751589563796E+000  1.015341467494E-001  6.360673421636E-002 -2.043529136221E-002  5.713711328292E-003
  5.854348215936E+000  1.039962276248E-001  6.153688059095E-002 -1.985163653310E-002  5.643770162758E-003
  5.959608687557E+000  1.065383191537E-001  5.947840342815E-002 -1.926190859469E-002  5.559394071480E-003
  6.067452615683E+000  1.091637004188E-001  5.743326828423E-002 -1.866752632624E-002  5.461943969003E-003
  6.177964996951E+000  1.118758130872E-001  5.540341089427E-002 -1.806986930010E-002  5.352769990574E-003
  6.291234354880E+000  1.146782708938E-001  5.339073425884E-002 -1.747027229946E-002  5.233199124102E-003
  6.407352916949E+000  1.175748697626E-001  5.139710615685E-002 -1.687002062309E-002  5.104523958009E-003
  6.526416802128E+000  1.205695986129E-001  4.942435705840E-002 -1.627034630343E-002  4.967992677262E-003
  6.648526219580E+000  1.236666509049E-001  4.747427840028E-002 -1.567242524642E-002  4.824800412741E-003
  6.773785679311E+000  1.268704369821E-001  4.554862117632E-002 -1.507737528198E-002  4.676082019900E-003
  6.902304215570E+000  1.301855972713E-001  4.364909478478E-002 -1.448625509540E-002  4.522906331912E-003
  7.034195623922E+000  1.336170164087E-001  4.177736606649E-002 -1.390006399122E-002  4.366271900958E-003
  7.169578712934E+000  1.371698383673E-001  3.993505846014E-002 -1.331974242377E-002  4.207104209670E-003
  7.308577571516E+000  1.408494826628E-001  3.812375119549E-002 -1.274617321235E-002  4.046254303820E-003
  7.451321853057E+000  1.446616617293E-001  3.634497844201E-002 -1.218018334503E-002  3.884498767900E-003
  7.597947077547E+000  1.486123995567E-001  3.460022832894E-002 -1.162254626329E-002  3.722540938117E-003
  7.748594953021E+000  1.527080516973E-001  3.289094175407E-002 -1.107398451080E-002  3.561013223189E-003
  7.903413717736E+000  1.569553267535E-001  3.121851090246E-002 -1.053517262404E-002  3.400480383010E-003
  8.062558504629E+000  1.613613094717E-001  2.958427740242E-002 -1.000674013989E-002  3.241443599235E-003
  8.226191729726E+000  1.659334855793E-001  2.798953005537E-002 -9.489274597085E-003  3.084345160735E-003
  8.394483506327E+000  1.706797685137E-001  2.643550208768E-002 -8.983324412957E-003  2.929573580968E-003
  8.567612086926E+000  1.756085282071E-001  2.492336788665E-002 -8.489401525908E-003  2.777468963922E-003
  8.745764335025E+000  1.807286221064E-001  2.345423919843E-002 -8.007983705818E-003  2.628328440288E-003
  8.929136229160E+000  1.860494286260E-001  2.202916078400E-002 -7.539516449964E-003  2.482411505927E-003
  9.117933401693E+000  1.915808832504E-001  2.064910554750E-002 -7.084414399715E-003  2.339945109996E-003
  9.312371715124E+000  1.973335175235E-001  1.931496917168E-002 -6.643062233278E-003  2.201128359842E-003
  9.512677878945E+000  2.033185011886E-001  1.802756431447E-002 -6.215815011064E-003  2.066136733138E-003
  9.719090110332E+000  2.095476877688E-001  1.678761444063E-002 -5.802997972279E-003  1.935125713920E-003
  9.931858842267E+000  2.160336639044E-001  1.559574738039E-002 -5.404905803264E-003  1.808233797047E-003
  1.015124748302E+001  2.227898028021E-001  1.445248872437E-002 -5.021801419031E-003  1.685584834138E-003
  1.037753323129E+001  2.298303221843E-001  1.335825517816E-002 -4.653914318698E-003  1.567289722025E-003
  1.061100795175E+001  2.371703471699E-001  1.231334801238E-002 -4.301438592300E-003  1.453447461104E-003
  1.085197911611E+001  2.448259785618E-001  1.131794675299E-002 -3.964530670107E-003  1.344145634585E-003
  1.110077081537E+001  2.528143670735E-001  1.037210326218E-002 -3.643306915728E-003  1.239460379643E-003
  1.135772484956E+001  2.611537940784E-001  9.475736362661E-003 -3.337841170431E-003  1.139455937139E-003
  1.162320190175E+001  2.698637595360E-001  8.628627157008E-003 -3.048162358322E-003  1.044183877314E-003
  1.189758280382E+001  2.789650778206E-001  7.830415189252E-003 -2.774252260147E-003  9.536821045629E-004
  1.218126990242E+001  2.884799822596E-001  7.080595588187E-003 -2.516043557964E-003  8.679737449817E-004
  1.247468853413E+001  2.984322392826E-001  6.378517321625E-003 -2.273418244070E-003  7.870660161894E-004
  1.277828862002E+001  3.088472731875E-001  5.723382677886E-003 -2.046206475980E-003  7.109491705475E-004
  1.309254639077E+001  3.197523026463E-001  5.114248075893E-003 -1.834185945680E-003  6.395955910507E-004
  1.341796625462E+001  3.311764902095E-001  4.550026288664E-003 -1.637081816491E-003  5.729591047963E-004
  1.375508282195E+001  3.431511062169E-001  4.029490147008E-003 -1.454567265472E-003  5.109745630697E-004
  1.410446310162E+001  3.557097086969E-001  3.551277771085E-003 -1.286264654086E-003  4.535577207331E-004
  1.446670888596E+001  3.688883410292E-001  3.113899357286E-003 -1.131747335365E-003  4.006054317610E-004
  1.484245934302E+001  3.827257493700E-001  2.715745526595E-003 -9.905420925932E-004  3.519961632677E-004
  1.523239383723E+001  3.972636220891E-001  2.355097217974E-003 -8.621321927112E-004  3.075908178913E-004
  1.563723500136E+001  4.125468537596E-001  2.030137086187E-003 -7.459610274246E-004  2.672338443726E-004
  1.605775208607E+001  4.286238365683E-001  1.738962337363E-003 -6.414363060923E-004  2.307546087929E-004
  1.649476461582E+001  4.455467823929E-001  1.479598907222E-003 -5.479347567047E-004  1.979689941520E-004
  1.694914638379E+001  4.633720792263E-001  1.250016855983E-003 -4.648072840917E-004  1.686811935146E-004
  1.742182982203E+001  4.821606861220E-001  1.048146820298E-003 -3.913845274800E-004  1.426856613651E-004
  1.791381078784E+001  5.019785714107E-001  8.718973265132E-004 -3.269827521183E-004  1.197691885110E-004
  1.842615381215E+001  5.228971995942E-001  7.191727315281E-004 -2.709100014974E-004  9.971306723006E-005
  1.895999786176E+001  5.449940730840E-001  5.878915186957E-004 -2.224724274652E-004  8.229531474859E-005
  1.951656267356E+001  5.683533358366E-001  4.760046381978E-004 -1.809807052628E-004  6.729292403293E-005
  2.009715572669E+001  5.930664469535E-001  3.815135463112E-004 -1.457564294991E-004  5.448411089908E-005
  2.070317992707E+001  6.192329335039E-001  3.024875687889E-004 -1.161383759786E-004  4.365052541198E-005
  2.133614208874E+001  6.469612332096E-001  2.370801934073E-004 -9.148850409618E-005  3.457939351456E-005
  2.199766230782E+001  6.763696392388E-001  1.835438890709E-004 -7.119756652019E-005  2.706555209368E-005
  2.268948433818E+001  7.075873612439E-001  1.402430571925E-004 -5.469018863025E-005  2.091333778306E-005
  2.341348709294E+001  7.407557189842E-001  1.056647484417E-004 -4.142928128697E-005  1.593828743545E-005
  2.417169741362E+001  7.760294874639E-001  7.842682661920E-005 -3.091965851852E-005  1.196860719469E-005
  2.496630426925E+001  8.135784155747E-001  5.728333229588E-005 -2.271074783753E-005  8.846368304691E-006
  2.579967457140E+001  8.535889438281E-001  4.112689111609E-005 -1.639830582075E-005  6.428391946888E-006
  2.667437081864E+001  8.962661510291E-001  2.898812232668E-005 -1.162508517746E-005  4.586793002265E-006
  2.759317081651E+001  9.418359647997E-001  2.003212686016E-005 -8.080440714594E-006  3.209163835572E-006
  2.855908975674E+001  9.905476768748E-001  1.355226360369E-005 -5.498908222333E-006  2.198393680429E-006
  2.957540498378E+001  1.042676811269E+000  8.961547888480E-006 -3.657839168825E-006  1.472136139494E-006
  3.064568382919E+001  1.098528402000E+000  5.782117181735E-006 -2.374221190096E-006  9.619553830956E-007
  3.177381495601E+001  1.158440747351E+000  3.633294882835E-006 -1.500855224000E-006  6.121991229971E-007
  3.296404372807E+001  1.222789720048E+000  2.218834774388E-006 -9.220903798645E-007  3.786614465718E-007
  3.422101220608E+001  1.291993727721E+000  1.313939574298E-006 -5.493335929265E-007  2.271092769682E-007
  3.554980447538E+001  1.366519436102E+000  7.526147197607E-007 -3.165504767022E-007  1.317511004943E-007
  3.695599813319E+001  1.446888389511E+000  4.158453933708E-007 -1.759561270400E-007  7.372485094893E-008
  3.844572291106E+001  1.533684690030E+000  2.209782943288E-007 -9.406166684353E-008  3.967350212938E-008
  4.002572758518E+001  1.627563929686E+000  1.125615052845E-007 -4.819783570002E-008  2.046296847473E-008
  4.170345654134E+001  1.729263610453E+000  5.476053587339E-008 -2.358630127570E-008  1.007915410574E-008
  4.348713762001E+001  1.839615336740E+000  2.534137022205E-008 -1.097874584863E-008  4.721776301838E-009
  4.538588318162E+001  1.959559126947E+000  1.110541062075E-008 -4.839048594720E-009  2.094411880408E-009
  4.740980671574E+001  2.090160267552E+000  4.585895752840E-009 -2.009652546936E-009  8.752448859798E-010
  4.957015778746E+001  2.232629229408E+000  1.774590138739E-009 -7.820449426874E-010  3.426890974758E-010
  5.187947869225E+001  2.388345286640E+000  6.395555711914E-010 -2.834073582060E-010  1.249366660863E-010
  5.435178690397E+001  2.558884630889E+000  2.131917075695E-010 -9.498648843486E-011  4.212095343985E-011
  5.700278828629E+001  2.746053966795E+000  6.522545935650E-011 -2.921623570547E-011  1.303055736219E-011
  5.985012714155E+001  2.951930820846E+000  1.815705948416E-011 -8.175658647694E-012  3.666962161140E-012
  6.291368055481E+001  3.178912111311E+000  4.554098315148E-012 -2.061114653955E-012  9.295471586195E-013
  6.621590623276E+001  3.429772933797E+000  1.017841291110E-012 -4.629699571059E-013  2.099165645527E-013
  6.978225524452E+001  3.707738044625E+000  2.001829219714E-013 -9.150009590710E-014  4.170400316827E-014
  7.364166388185E+001  4.016569212832E+000  3.415402781470E-014 -1.568575869725E-014  7.185559570797E-015
  7.782714245929E+001  4.360672516382E+000  4.973320678494E-015 -2.294695948000E-015  1.056366922186E-015
  8.237648351994E+001  4.745230855210E+000  6.066419507368E-016 -2.811713801621E-016  1.300560036635E-016
  8.733311794503E+001  5.176368549127E+000  6.067040191159E-017 -2.824356479572E-017  1.312450913694E-017
  9.274715535088E+001  5.661357031559E+000  4.853077130966E-018 -2.268856424716E-018  1.059032259540E-018
  9.867665554529E+001  6.208873552072E+000  3.017007995120E-019 -1.416302654243E-019  6.639434672906E-020
  1.051891916055E+002  6.829328764649E+000  1.409695899325E-020 -6.644112351430E-021  3.127657100219E-021
  1.123637836013E+002  7.535284543316E+000  4.760629999535E-022 -2.252421568449E-022  1.064568003435E-022
  1.202933069206E+002  8.341990973528E+000  1.109691781397E-023 -5.269906409610E-024  2.500362070041E-024
  1.290875131414E+002  9.268082166539E+000  1.690842775508E-025 -8.058616515379E-026  3.837707070042E-026
  1.388768482001E+002  1.033648575811E+001  1.578555015684E-027 -7.549446878501E-028  3.608056315339E-028
  1.498173177370E+002  1.157562284364E+001  8.356803577264E-030 -4.009915533331E-030  1.922986602439E-030
  1.620967411853E+002  1.302100699722E+001  2.285254338617E-032 -1.100045854699E-032  5.292626748513E-033
  1.759428668168E+002  1.471739812515E+001  2.882683072272E-035 -1.391861900837E-035  6.717586457609E-036
  1.916340085825E+002  1.672173748087E+001  1.460635056647E-038 -7.073038137207E-039  3.423872582979E-039
  2.095131417987E+002  1.910719757888E+001  2.506629290143E-042 -1.217199414930E-042  5.908895546351E-043
  2.300068054477E+002  2.196884699990E+001  1.178349314655E-046 -5.737142812764E-047  2.792623656593E-047
  2.536507797910E+002  2.543169216868E+001  1.162175116554E-051 -5.672652128809E-052  2.768311524603E-052
  2.811254638474E+002  2.966227967912E+001  1.713714216330E-057 -8.384734477188E-058  4.101764839520E-058
  3.133053780630E+002  3.488573552677E+001  2.443858960779E-064 -1.198414740429E-064  5.876009476563E-065
  3.513296254502E+002  4.141128389041E+001  1.910532227356E-072 -9.388789751788E-073  4.613396763977E-073
  3.967041014106E+002  4.967130404214E+001  3.864963973438E-082 -1.903134556595E-082  9.370421901287E-083
  4.514529193349E+002  6.028257212519E+001  7.373637254490E-094 -3.637638798003E-094  1.794448235542E-094
  5.183481233601E+002  7.414493328740E+001  3.328331428707E-108 -1.644839355633E-108  8.128313318178E-109
  6.012676077950E+002  9.260523890243E+001  5.133629044687E-126 -2.541126422992E-126  1.257804871918E-126
  7.057700503752E+002  1.177394213729E+002  1.687939712956E-148 -8.367769525637E-149  4.148124615061E-149
  8.400513767914E+002  1.528577972397E+002  1.976937077122E-177 -9.813933248908E-178  4.871759381490E-178
  1.016602135495E+003  2.034537342122E+002  1.612529757910E-215 -8.014977195160E-216  3.983746761786E-216
  1.255220715580E+003  2.790860613466E+002  4.648340909256E-267 -2.313044402409E-267  1.150976929741E-267
  1.588815776243E+003  3.973705897531E+002  0.000000000000E+000  0.000000000000E+000  0.000000000000E+000
  2.075392011604E+003  5.931596040112E+002  0.000000000000E+000  0.000000000000E+000  0.000000000000E+000
  2.825079847529E+003  9.419154890021E+002  0.000000000000E+000  0.000000000000E+000  0.000000000000E+000
  4.068408296184E+003  1.627629972033E+003  0.000000000000E+000  0.000000000000E+000  0.000000000000E+000
  6.357262947674E+003  3.178964796686E+003  0.000000000000E+000  0.000000000000E+000  0.000000000000E+000
  1.130231930164E+004  7.535323971013E+003  0.000000000000E+000  0.000000000000E+000  0.000000000000E+000
  2.543105175140E+004  2.543171841285E+004  0.000000000000E+000  0.000000000000E+000  0.000000000000E+000
  1.017262069958E+005  2.034537473226E+005  0.000000000000E+000  0.000000000000E+000  0.000000000000E+000
