# 1st line: number of mesh points
# abcissa weight wavefunction wavefunction_1st wavefunction_2nd
500
# Principal QN=   1 , l=   1 , Occupation=   4.0100
  9.830308526508E-006  1.966074589941E-005  1.472307085914E-004  1.497665796578E+001 -1.146578588893E+002
  3.932200719717E-005  3.932303800261E-005  5.888679330269E-004  1.497327682014E+001 -1.146368784620E+002
  8.847741541455E-005  5.898842277178E-005  1.324746985637E-003  1.496764265693E+001 -1.146019149964E+002
  1.573003992804E-004  7.865844718600E-005  2.354593441470E-003  1.495975709539E+001 -1.145529743678E+002
  2.457963722417E-004  9.833465899987E-005  3.678023220068E-003  1.494962240226E+001 -1.144900648105E+002
  3.539722959954E-004  1.180186070023E-004  5.294542700023E-003  1.493724149168E+001 -1.144131969283E+002
  4.818366816528E-004  1.377118412759E-004  7.203548866357E-003  1.492261792495E+001 -1.143223837063E+002
  6.293995911626E-004  1.574159134560E-004  9.404329490830E-003  1.490575591029E+001 -1.142176405259E+002
  7.966726389934E-004  1.771323769912E-004  1.189606334524E-002  1.488666030253E+001 -1.140989851821E+002
  9.836689940782E-004  1.968627874036E-004  1.467782044789E-002  1.486533660273E+001 -1.139664379042E+002
  1.190403382016E-003  2.166087025496E-004  1.774856234323E-002  1.484179095781E+001 -1.138200213777E+002
  1.416892087541E-003  2.363716828821E-004  2.110714241499E-002  1.481603016001E+001 -1.136597607697E+002
  1.663152957245E-003  2.561532917128E-004  2.475230623278E-002  1.478806164638E+001 -1.134856837565E+002
  1.929205402573E-003  2.759550954757E-004  2.868269193251E-002  1.475789349814E+001 -1.132978205530E+002
  2.215070403074E-003  2.957786639908E-004  3.289683063066E-002  1.472553444001E+001 -1.130962039451E+002
  2.520770509919E-003  3.156255707300E-004  3.739314687273E-002  1.469099383944E+001 -1.128808693234E+002
  2.846329849692E-003  3.354973930828E-004  4.216995911594E-002  1.465428170572E+001 -1.126518547199E+002
  3.191774128432E-003  3.553957126240E-004  4.722548024660E-002  1.461540868906E+001 -1.124092008459E+002
  3.557130635959E-003  3.753221153821E-004  5.255781813219E-002  1.457438607953E+001 -1.121529511319E+002
  3.942428250463E-003  3.952781921092E-004  5.816497620852E-002  1.453122580592E+001 -1.118831517698E+002
  4.347697443358E-003  4.152655385525E-004  6.404485410218E-002  1.448594043447E+001 -1.115998517558E+002
  4.772970284417E-003  4.352857557265E-004  7.019524828853E-002  1.443854316747E+001 -1.113031029356E+002
  5.218280447175E-003  4.553404501876E-004  7.661385278553E-002  1.438904784181E+001 -1.109929600505E+002
  5.683663214611E-003  4.754312343099E-004  8.329825988363E-002  1.433746892726E+001 -1.106694807850E+002
  6.169155485101E-003  4.955597265624E-004  9.024596091207E-002  1.428382152475E+001 -1.103327258155E+002
  6.674795778653E-003  5.157275517886E-004  9.745434704178E-002  1.422812136443E+001 -1.099827588595E+002
  7.200624243425E-003  5.359363414876E-004  1.049207101253E-001  1.417038480354E+001 -1.096196467265E+002
  7.746682662519E-003  5.561877340970E-004  1.126422435736E-001  1.411062882419E+001 -1.092434593686E+002
  8.313014461060E-003  5.764833752781E-004  1.206160432710E-001  1.404887103094E+001 -1.088542699323E+002
  8.899664713569E-003  5.968249182030E-004  1.288391085270E-001  1.398512964811E+001 -1.084521548102E+002
  9.506680151615E-003  6.172140238444E-004  1.373083430668E-001  1.391942351708E+001 -1.080371936934E+002
  1.013410917176E-002  6.376523612666E-004  1.460205560601E-001  1.385177209315E+001 -1.076094696233E+002
  1.078200184380E-002  6.581416079202E-004  1.549724631875E-001  1.378219544243E+001 -1.071690690436E+002
  1.145040991929E-002  6.786834499385E-004  1.641606877471E-001  1.371071423830E+001 -1.067160818519E+002
  1.213938684040E-002  6.992795824361E-004  1.735817617990E-001  1.363734975780E+001 -1.062506014512E+002
  1.284898774901E-002  7.199317098113E-004  1.832321273496E-001  1.356212387766E+001 -1.057727247998E+002
  1.357926949620E-002  7.406415460502E-004  1.931081375748E-001  1.348505907015E+001 -1.052825524611E+002
  1.433029065191E-002  7.614108150341E-004  2.032060580836E-001  1.340617839866E+001 -1.047801886523E+002
  1.510211151509E-002  7.822412508494E-004  2.135220682207E-001  1.332550551298E+001 -1.042657412918E+002
  1.589479412397E-002  8.031345981016E-004  2.240522624095E-001  1.324306464435E+001 -1.037393220445E+002
  1.670840226680E-002  8.240926122311E-004  2.347926515352E-001  1.315888060016E+001 -1.032010463673E+002
  1.754300149280E-002  8.451170598329E-004  2.457391643676E-001  1.307297875844E+001 -1.026510335506E+002
  1.839865912351E-002  8.662097189796E-004  2.568876490247E-001  1.298538506194E+001 -1.020894067595E+002
  1.927544426443E-002  8.873723795480E-004  2.682338744766E-001  1.289612601199E+001 -1.015162930723E+002
  2.017342781695E-002  9.086068435487E-004  2.797735320888E-001  1.280522866198E+001 -1.009318235167E+002
  2.109268249069E-002  9.299149254598E-004  2.915022372073E-001  1.271272061054E+001 -1.003361331033E+002
  2.203328281612E-002  9.512984525641E-004  3.034155307829E-001  1.261862999434E+001 -9.972936085685E+001
  2.299530515754E-002  9.727592652906E-004  3.155088810357E-001  1.252298548061E+001 -9.911164984434E+001
  2.397882772639E-002  9.942992175591E-004  3.277776851608E-001  1.242581625923E+001 -9.848314720018E+001
  2.498393059493E-002  1.015920177130E-003  3.402172710724E-001  1.232715203453E+001 -9.784400414816E+001
  2.601069571024E-002  1.037624025957E-003  3.528228991889E-001  1.222702301665E+001 -9.719437601999E+001
  2.705920690860E-002  1.059412660547E-003  3.655897642571E-001  1.212545991259E+001 -9.653442227030E+001
  2.812954993023E-002  1.081287992318E-003  3.785129972154E-001  1.202249391684E+001 -9.586430648804E+001
  2.922181243436E-002  1.103251947969E-003  3.915876670965E-001  1.191815670163E+001 -9.518419640385E+001
  3.033608401473E-002  1.125306469854E-003  4.048087829685E-001  1.181248040682E+001 -9.449426389353E+001
  3.147245621542E-002  1.147453516351E-003  4.181712959138E-001  1.170549762933E+001 -9.379468497727E+001
  3.263102254705E-002  1.169695062249E-003  4.316701010468E-001  1.159724141223E+001 -9.308563981457E+001
  3.381187850339E-002  1.192033099133E-003  4.453000395672E-001  1.148774523342E+001 -9.236731269472E+001
  3.501512157837E-002  1.214469635775E-003  4.590559008520E-001  1.137704299384E+001 -9.163989202261E+001
  3.624085128345E-002  1.237006698530E-003  4.729324245817E-001  1.126516900538E+001 -9.090357029991E+001
  3.748916916538E-002  1.259646331739E-003  4.869243029034E-001  1.115215797826E+001 -9.015854410128E+001
  3.876017882444E-002  1.282390598136E-003  5.010261826278E-001  1.103804500812E+001 -8.940501404573E+001
  4.005398593302E-002  1.305241579266E-003  5.152326674601E-001  1.092286556256E+001 -8.864318476274E+001
  4.137069825459E-002  1.328201375897E-003  5.295383202650E-001  1.080665546741E+001 -8.787326485338E+001
  4.271042566323E-002  1.351272108452E-003  5.439376653625E-001  1.068945089248E+001 -8.709546684596E+001
  4.407328016341E-002  1.374455917436E-003  5.584251908563E-001  1.057128833697E+001 -8.631000714650E+001
  4.545937591035E-002  1.397754963880E-003  5.729953509917E-001  1.045220461441E+001 -8.551710598357E+001
  4.686882923075E-002  1.421171429779E-003  5.876425685432E-001  1.033223683727E+001 -8.471698734772E+001
  4.830175864396E-002  1.444707518548E-003  6.023612372300E-001  1.021142240110E+001 -8.390987892534E+001
  4.975828488365E-002  1.468365455478E-003  6.171457241584E-001  1.008979896831E+001 -8.309601202683E+001
  5.123853091993E-002  1.492147488203E-003  6.319903722906E-001  9.967404451580E+000 -8.227562150909E+001
  5.274262198188E-002  1.516055887169E-003  6.468895029367E-001  9.844276996818E+000 -8.144894569238E+001
  5.427068558066E-002  1.540092946119E-003  6.618374182710E-001  9.720454965819E+000 -8.061622627135E+001
  5.582285153302E-002  1.564260982573E-003  6.768284038692E-001  9.595976918501E+000 -7.977770822040E+001
  5.739925198530E-002  1.588562338332E-003  6.918567312661E-001  9.470881594806E+000 -7.893363969326E+001
  5.900002143803E-002  1.612999379973E-003  7.069166605319E-001  9.345207896241E+000 -7.808427191680E+001
  6.062529677088E-002  1.637574499364E-003  7.220024428656E-001  9.218994867083E+000 -7.722985907920E+001
  6.227521726827E-002  1.662290114181E-003  7.371083232036E-001  9.092281675253E+000 -7.637065821230E+001
  6.394992464542E-002  1.687148668440E-003  7.522285428424E-001  8.965107592873E+000 -7.550692906845E+001
  6.564956307496E-002  1.712152633027E-003  7.673573420726E-001  8.837511976522E+000 -7.463893399164E+001
  6.737427921404E-002  1.737304506249E-003  7.824889628238E-001  8.709534247200E+000 -7.376693778313E+001
  6.912422223211E-002  1.762606814387E-003  7.976176513173E-001  8.581213870016E+000 -7.289120756165E+001
  7.089954383907E-002  1.788062112257E-003  8.127376607252E-001  8.452590333619E+000 -7.201201261817E+001
  7.270039831418E-002  1.813672983787E-003  8.278432538336E-001  8.323703129386E+000 -7.112962426543E+001
  7.452694253540E-002  1.839442042599E-003  8.429287057089E-001  8.194591730384E+000 -7.024431568231E+001
  7.637933600943E-002  1.865371932600E-003  8.579883063636E-001  8.065295570120E+000 -6.935636175311E+001
  7.825774090225E-002  1.891465328589E-003  8.730163634204E-001  7.935854021113E+000 -6.846603890197E+001
  8.016232207035E-002  1.917724936867E-003  8.880072047729E-001  7.806306373287E+000 -6.757362492249E+001
  8.209324709253E-002  1.944153495867E-003  9.029551812392E-001  7.676691812221E+000 -6.667939880275E+001
  8.405068630235E-002  1.970753776782E-003  9.178546692082E-001  7.547049397271E+000 -6.578364054592E+001
  8.603481282122E-002  1.997528584221E-003  9.327000732740E-001  7.417418039587E+000 -6.488663098656E+001
  8.804580259214E-002  2.024480756857E-003  9.474858288584E-001  7.287836480050E+000 -6.398865160288E+001
  9.008383441408E-002  2.051613168108E-003  9.622064048173E-001  7.158343267148E+000 -6.308998432519E+001
  9.214908997710E-002  2.078928726810E-003  9.768563060306E-001  7.028976734820E+000 -6.219091134058E+001
  9.424175389809E-002  2.106430377918E-003  9.914300759706E-001  6.899774980289E+000 -6.129171489430E+001
  9.636201375725E-002  2.134121103210E-003  1.005922299250E+000  6.770775841913E+000 -6.039267708792E+001
  9.851006013526E-002  2.162003922007E-003  1.020327604141E+000  6.642016877076E+000 -5.949407967453E+001
  1.006860866512E-001  2.190081891910E-003  1.034640665077E+000  6.513535340152E+000 -5.859620385124E+001
  1.028902900012E-001  2.218358109541E-003  1.048856205109E+000  6.385368160558E+000 -5.769933004941E+001
  1.051228699979E-001  2.246835711311E-003  1.062968998346E+000  6.257551920938E+000 -5.680373772254E+001
  1.073840296104E-001  2.275517874190E-003  1.076973872353E+000  6.130122835494E+000 -5.590970513252E+001
  1.096739750056E-001  2.304407816497E-003  1.090865710509E+000  6.003116728499E+000 -5.501750913419E+001
  1.119929155896E-001  2.333508798707E-003  1.104639454338E+000  5.876569013015E+000 -5.412742495873E+001
  1.143410640503E-001  2.362824124271E-003  1.118290105783E+000  5.750514669856E+000 -5.323972599612E+001
  1.167186364011E-001  2.392357140448E-003  1.131812729448E+000  5.624988226809E+000 -5.235468357697E+001
  1.191258520249E-001  2.422111239159E-003  1.145202454792E+000  5.500023738158E+000 -5.147256675408E+001
  1.215629337189E-001  2.452089857854E-003  1.158454478267E+000  5.375654764530E+000 -5.059364208411E+001
  1.240301077413E-001  2.482296480400E-003  1.171564065415E+000  5.251914353099E+000 -4.971817340955E+001
  1.265276038575E-001  2.512734637975E-003  1.184526552907E+000  5.128835018174E+000 -4.884642164156E+001
  1.290556553882E-001  2.543407909995E-003  1.197337350529E+000  5.006448722200E+000 -4.797864454381E+001
  1.316144992580E-001  2.574319925047E-003  1.209991943107E+000  4.884786857203E+000 -4.711509651785E+001
  1.342043760450E-001  2.605474361847E-003  1.222485892382E+000  4.763880226712E+000 -4.625602839029E+001
  1.368255300316E-001  2.636874950214E-003  1.234814838811E+000  4.643759028181E+000 -4.540168720210E+001
  1.394782092560E-001  2.668525472060E-003  1.246974503317E+000  4.524452835938E+000 -4.455231600058E+001
  1.421626655646E-001  2.700429762411E-003  1.258960688968E+000  4.405990584700E+000 -4.370815363414E+001
  1.448791546661E-001  2.732591710434E-003  1.270769282591E+000  4.288400553670E+000 -4.286943455046E+001
  1.476279361856E-001  2.765015260497E-003  1.282396256321E+000  4.171710351247E+000 -4.203638859822E+001
  1.504092737207E-001  2.797704413242E-003  1.293837669070E+000  4.055946900385E+000 -4.120924083296E+001
  1.532234348983E-001  2.830663226680E-003  1.305089667941E+000  3.941136424609E+000 -4.038821132726E+001
  1.560706914324E-001  2.863895817319E-003  1.316148489556E+000  3.827304434730E+000 -3.957351498574E+001
  1.589513191834E-001  2.897406361298E-003  1.327010461317E+000  3.714475716273E+000 -3.876536136514E+001
  1.618655982178E-001  2.931199095559E-003  1.337672002591E+000  3.602674317646E+000 -3.796395449990E+001
  1.648138128702E-001  2.965278319033E-003  1.348129625819E+000  3.491923539074E+000 -3.716949273362E+001
  1.677962518056E-001  2.999648393860E-003  1.358379937547E+000  3.382245922314E+000 -3.638216855664E+001
  1.708132080832E-001  3.034313746623E-003  1.368419639386E+000  3.273663241174E+000 -3.560216845024E+001
  1.738649792215E-001  3.069278869616E-003  1.378245528885E+000  3.166196492863E+000 -3.482967273757E+001
  1.769518672648E-001  3.104548322136E-003  1.387854500332E+000  3.059865890173E+000 -3.406485544194E+001
  1.800741788507E-001  3.140126731803E-003  1.397243545475E+000  2.954690854526E+000 -3.330788415247E+001
  1.832322252791E-001  3.176018795904E-003  1.406409754164E+000  2.850690009892E+000 -3.255891989762E+001
  1.864263225826E-001  3.212229282769E-003  1.415350314914E+000  2.747881177595E+000 -3.181811702688E+001
  1.896567915983E-001  3.248763033179E-003  1.424062515389E+000  2.646281372022E+000 -3.108562310071E+001
  1.929239580409E-001  3.285624961791E-003  1.432543742809E+000  2.545906797232E+000 -3.036157878928E+001
  1.962281525771E-001  3.322820058613E-003  1.440791484279E+000  2.446772844497E+000 -2.964611778010E+001
  1.995697109023E-001  3.360353390492E-003  1.448803327038E+000  2.348894090760E+000 -2.893936669473E+001
  2.029489738173E-001  3.398230102644E-003  1.456576958637E+000  2.252284298029E+000 -2.824144501496E+001
  2.063662873085E-001  3.436455420218E-003  1.464110167033E+000  2.156956413703E+000 -2.755246501861E+001
  2.098220026275E-001  3.475034649885E-003  1.471400840622E+000  2.062922571839E+000 -2.687253172498E+001
  2.133164763746E-001  3.513973181471E-003  1.478446968182E+000  1.970194095351E+000 -2.620174285046E+001
  2.168500705817E-001  3.553276489620E-003  1.485246638758E+000  1.878781499148E+000 -2.554018877405E+001
  2.204231527988E-001  3.592950135496E-003  1.491798041472E+000  1.788694494196E+000 -2.488795251330E+001
  2.240360961807E-001  3.632999768520E-003  1.498099465261E+000  1.699941992511E+000 -2.424510971054E+001
  2.276892795770E-001  3.673431128145E-003  1.504149298558E+000  1.612532113063E+000 -2.361172862957E+001
  2.313830876220E-001  3.714250045674E-003  1.509946028899E+000  1.526472188582E+000 -2.298787016290E+001
  2.351179108282E-001  3.755462446115E-003  1.515488242474E+000  1.441768773262E+000 -2.237358784954E+001
  2.388941456809E-001  3.797074350078E-003  1.520774623614E+000  1.358427651342E+000 -2.176892790349E+001
  2.427121947345E-001  3.839091875711E-003  1.525803954228E+000  1.276453846541E+000 -2.117392925268E+001
  2.465724667110E-001  3.881521240686E-003  1.530575113178E+000  1.195851632338E+000 -2.058862358867E+001
  2.504753766009E-001  3.924368764227E-003  1.535087075608E+000  1.116624543077E+000 -2.001303542677E+001
  2.544213457654E-001  3.967640869177E-003  1.539338912220E+000  1.038775385861E+000 -1.944718217666E+001
  2.584108020414E-001  4.011344084122E-003  1.543329788509E+000  9.623062532199E-001 -1.889107422342E+001
  2.624441798480E-001  4.055485045557E-003  1.547058963952E+000  8.872185365226E-001 -1.834471501877E+001
  2.665219202956E-001  4.100070500102E-003  1.550525791163E+000  8.135129401035E-001 -1.780810118245E+001
  2.706444712976E-001  4.145107306769E-003  1.553729715006E+000  7.411894960698E-001 -1.728122261347E+001
  2.748122876832E-001  4.190602439283E-003  1.556670271684E+000  6.702475797578E-001 -1.676406261118E+001
  2.790258313137E-001  4.236562988450E-003  1.559347087793E+000  6.006859258027E-001 -1.625659800575E+001
  2.832855712010E-001  4.282996164587E-003  1.561759879353E+000  5.325026447841E-001 -1.575879929801E+001
  2.875919836279E-001  4.329909300005E-003  1.563908450822E+000  4.656952404070E-001 -1.527063080816E+001
  2.919455522717E-001  4.377309851548E-003  1.565792694091E+000  4.002606271797E-001 -1.479205083328E+001
  2.963467683296E-001  4.425205403192E-003  1.567412587462E+000  3.361951485433E-001 -1.432301181306E+001
  3.007961306479E-001  4.473603668706E-003  1.568768194624E+000  2.734945954117E-001 -1.386346050369E+001
  3.052941458522E-001  4.522512494374E-003  1.569859663615E+000  2.121542250739E-001 -1.341333815923E+001
  3.098413284823E-001  4.571939861783E-003  1.570687225793E+000  1.521687804134E-001 -1.297258072031E+001
  3.144382011281E-001  4.621893890671E-003  1.571251194799E+000  9.353250939694E-002 -1.254111900961E+001
  3.190852945695E-001  4.672382841850E-003  1.571551965535E+000  3.623918478212E-002 -1.211887893376E+001
  3.237831479192E-001  4.723415120192E-003  1.571590013144E+000 -1.971787600455E-002 -1.170578169107E+001
  3.285323087679E-001  4.774999277691E-003  1.571365892010E+000 -7.434579087088E-002 -1.130174398475E+001
  3.333333333333E-001  4.827144016591E-003  1.570880234774E+000 -1.276520929945E-001 -1.090667824107E+001
  3.381867866117E-001  4.879858192602E-003  1.570133751368E+000 -1.796447107429E-001 -1.052049283192E+001
  3.430932425333E-001  4.933150818173E-003  1.569127228075E+000 -2.303319476293E-001 -1.014309230122E+001
  3.480532841203E-001  4.987031065868E-003  1.567861526622E+000 -2.797224623584E-001 -9.774377594738E+000
  3.530675036492E-001  5.041508271801E-003  1.566337583291E+000 -3.278252490126E-001 -9.414246292618E+000
  3.581365028158E-001  5.096591939172E-003  1.564556408081E+000 -3.746496174321E-001 -9.062592844133E+000
  3.632608929041E-001  5.152291741875E-003  1.562519083889E+000 -4.202051738404E-001 -8.719308804064E+000
  3.684412949588E-001  5.208617528209E-003  1.560226765744E+000 -4.645018017655E-001 -8.384283070091E+000
  3.736783399619E-001  5.265579324662E-003  1.557680680076E+000 -5.075496433098E-001 -8.057402120621E+000
  3.789726690123E-001  5.323187339805E-003  1.554882124030E+000 -5.493590808150E-001 -7.738550252442E+000
  3.843249335105E-001  5.381451968273E-003  1.551832464826E+000 -5.899407189730E-001 -7.427609817584E+000
  3.897357953460E-001  5.440383794842E-003  1.548533139169E+000 -6.293053674290E-001 -7.124461458810E+000
  3.952059270903E-001  5.499993598618E-003  1.544985652700E+000 -6.674640239220E-001 -6.828984343094E+000
  4.007360121927E-001  5.560292357317E-003  1.541191579509E+000 -7.044278580074E-001 -6.541056392516E+000
  4.063267451812E-001  5.621291251662E-003  1.537152561687E+000 -7.402081954025E-001 -6.260554511948E+000
  4.119788318683E-001  5.683001669888E-003  1.532870308936E+000 -7.748165029964E-001 -5.987354812966E+000
  4.176929895600E-001  5.745435212354E-003  1.528346598232E+000 -8.082643745597E-001 -5.721332833379E+000
  4.234699472710E-001  5.808603696282E-003  1.523583273530E+000 -8.405635171906E-001 -5.462363751833E+000
  4.293104459435E-001  5.872519160606E-003  1.518582245529E+000 -8.717257385294E-001 -5.210322596914E+000
  4.352152386716E-001  5.937193870949E-003  1.513345491487E+000 -9.017629347697E-001 -4.965084450211E+000
  4.411850909306E-001  6.002640324729E-003  1.507875055073E+000 -9.306870794947E-001 -4.726524642837E+000
  4.472207808110E-001  6.068871256391E-003  1.502173046279E+000 -9.585102133599E-001 -4.494518944875E+000
  4.533230992589E-001  6.135899642772E-003  1.496241641373E+000 -9.852444346431E-001 -4.268943747299E+000
  4.594928503202E-001  6.203738708611E-003  1.490083082888E+000 -1.010901890678E+000 -4.049676235896E+000
  4.657308513924E-001  6.272401932198E-003  1.483699679662E+000 -1.035494770184E+000 -3.836594556769E+000
  4.720379334802E-001  6.341903051163E-003  1.477093806901E+000 -1.059035296501E+000 -3.629577973025E+000
  4.784149414579E-001  6.412256068427E-003  1.470267906292E+000 -1.081535721731E+000 -3.428507012265E+000
  4.848627343381E-001  6.483475258298E-003  1.463224486125E+000 -1.103008321802E+000 -3.233263604561E+000
  4.913821855461E-001  6.555575172733E-003  1.455966121461E+000 -1.123465392424E+000 -3.043731210595E+000
  4.979741832006E-001  6.628570647764E-003  1.448495454301E+000 -1.142919245958E+000 -2.859794939712E+000
  5.046396304008E-001  6.702476810086E-003  1.440815193784E+000 -1.161382209174E+000 -2.681341657645E+000
  5.113794455212E-001  6.777309083830E-003  1.432928116389E+000 -1.178866621881E+000 -2.508260083727E+000
  5.181945625116E-001  6.853083197508E-003  1.424837066141E+000 -1.195384836410E+000 -2.340440877444E+000
  5.250859312060E-001  6.929815191146E-003  1.416544954820E+000 -1.210949217936E+000 -2.177776714205E+000
  5.320545176366E-001  7.007521423604E-003  1.408054762156E+000 -1.225572145595E+000 -2.020162350282E+000
  5.391013043575E-001  7.086218580100E-003  1.399369536016E+000 -1.239266014379E+000 -1.867494676871E+000
  5.462272907741E-001  7.165923679926E-003  1.390492392562E+000 -1.252043237766E+000 -1.719672763324E+000
  5.534334934816E-001  7.246654084380E-003  1.381426516394E+000 -1.263916251038E+000 -1.576597889577E+000
  5.607209466109E-001  7.328427504912E-003  1.372175160643E+000 -1.274897515262E+000 -1.438173567919E+000
  5.680907021827E-001  7.411262011483E-003  1.362741647037E+000 -1.284999521868E+000 -1.304305554226E+000
  5.755438304707E-001  7.495176041166E-003  1.353129365901E+000 -1.294234797778E+000 -1.174901848864E+000
  5.830814203728E-001  7.580188406970E-003  1.343341776118E+000 -1.302615911042E+000 -1.049872687511E+000
  5.907045797917E-001  7.666318306912E-003  1.333382405012E+000 -1.310155476910E+000 -9.291305221527E-001
  5.984144360243E-001  7.753585333338E-003  1.323254848163E+000 -1.316866164282E+000 -8.125899926119E-001
  6.062121361613E-001  7.842009482502E-003  1.312962769150E+000 -1.322760702481E+000 -7.001678889427E-001
  6.140988474955E-001  7.931611164409E-003  1.302509899193E+000 -1.327851888278E+000 -5.917831051181E-001
  6.220757579409E-001  8.022411212936E-003  1.291900036717E+000 -1.332152593095E+000 -4.873565844440E-001
  6.301440764614E-001  8.114430896230E-003  1.281137046801E+000 -1.335675770333E+000 -3.868112571814E-001
  6.383050335109E-001  8.207691927403E-003  1.270224860530E+000 -1.338434462736E+000 -2.900719708932E-001
  6.465598814833E-001  8.302216475524E-003  1.259167474226E+000 -1.340441809733E+000 -1.970654140613E-001
  6.549098951744E-001  8.398027176926E-003  1.247968948560E+000 -1.341711054676E+000 -1.077200335508E-001
  6.633563722545E-001  8.495147146827E-003  1.236633407539E+000 -1.342255551909E+000 -2.196594652847E-002
  6.719006337539E-001  8.593599991288E-003  1.225165037355E+000 -1.342088773588E+000  6.026515253770E-002
  6.805440245593E-001  8.693409819506E-003  1.213568085104E+000 -1.341224316182E+000  1.390400891458E-001
  6.892879139233E-001  8.794601256469E-003  1.201846857357E+000 -1.339675906587E+000  2.144243096244E-001
  6.981336959871E-001  8.897199455961E-003  1.190005718588E+000 -1.337457407779E+000  2.864819849094E-001
  7.070827903152E-001  9.001230113956E-003  1.178049089446E+000 -1.334582823933E+000  3.552761165381E-001
  7.161366424455E-001  9.106719482390E-003  1.165981444882E+000 -1.331066304954E+000  4.208686441543E-001
  7.252967244510E-001  9.213694383338E-003  1.153807312113E+000 -1.326922150343E+000  4.833205538180E-001
  7.345645355186E-001  9.322182223606E-003  1.141531268436E+000 -1.322164812346E+000  5.426919864080E-001
  7.439416025400E-001  9.432211009745E-003  1.129157938877E+000 -1.316808898320E+000  5.990423454147E-001
  7.534294807203E-001  9.543809363512E-003  1.116691993685E+000 -1.310869172275E+000  6.524304034221E-001
  7.630297542000E-001  9.657006537783E-003  1.104138145668E+000 -1.304360555529E+000  7.029144065946E-001
  7.727440366954E-001  9.771832432940E-003  1.091501147373E+000 -1.297298126436E+000  7.505521764951E-001
  7.825739721536E-001  9.888317613741E-003  1.078785788110E+000 -1.289697119158E+000  7.954012085837E-001
  7.925212354258E-001  1.000649332670E-002  1.065996890827E+000 -1.281572921420E+000  8.375187667674E-001
  8.025875329584E-001  1.012639151798E-002  1.053139308832E+000 -1.272941071254E+000  8.769619734006E-001
  8.127746035011E-001  1.024804485184E-002  1.040217922386E+000 -1.263817252676E+000  9.137878941631E-001
  8.230842188350E-001  1.037148672960E-002  1.027237635138E+000 -1.254217290299E+000  9.480536172823E-001
  8.335181845190E-001  1.049675130923E-002  1.014203370449E+000 -1.244157142873E+000  9.798163265991E-001
  8.440783406568E-001  1.062387352550E-002  1.001120067584E+000 -1.233652895728E+000  1.009133368022E+000
  8.547665626839E-001  1.075288911077E-002  9.879926777834E-001 -1.222720752148E+000  1.036062308957E+000
  8.655847621758E-001  1.088383461638E-002  9.748261602410E-001 -1.211377023668E+000  1.060660990344E+000
  8.765348876780E-001  1.101674743475E-002  9.616254779741E-001 -1.199638119326E+000  1.082987570993E+000
  8.876189255584E-001  1.115166582209E-002  9.483955936127E-001 -1.187520533870E+000  1.103100563942E+000
  8.988389008829E-001  1.128862892191E-002  9.351414651126E-001 -1.175040834985E+000  1.121058864647E+000
  9.101968783143E-001  1.142767678917E-002  9.218680414052E-001 -1.162215649545E+000  1.136921770824E+000
  9.216949630368E-001  1.156885041525E-002  9.085802579961E-001 -1.149061648954E+000  1.150748993875E+000
  9.333353017046E-001  1.171219175365E-002  8.952830325265E-001 -1.135595533624E+000  1.162600661829E+000
  9.451200834176E-001  1.185774374655E-002  8.819812603099E-001 -1.121834016643E+000  1.172537313846E+000
  9.570515407237E-001  1.200555035216E-002  8.686798098586E-001 -1.107793806698E+000  1.180619886334E+000
  9.691319506484E-001  1.215565657299E-002  8.553835184134E-001 -1.093491590332E+000  1.186909690831E+000
  9.813636357544E-001  1.230810848498E-002  8.420971874925E-001 -1.078944013592E+000  1.191468383845E+000
  9.937489652293E-001  1.246295326757E-002  8.288255784728E-001 -1.064167663170E+000  1.194357928888E+000
  1.006290356005E+000  1.262023923477E-002  8.155734082191E-001 -1.049179047103E+000  1.195640551022E+000
  1.018990273907E+000  1.278001586715E-002  8.023453447761E-001 -1.033994575133E+000  1.195378684261E+000
  1.031851234841E+000  1.294233384499E-002  7.891460031380E-001 -1.018630538818E+000  1.193634912247E+000
  1.044875806003E+000  1.310724508236E-002  7.759799411096E-001 -1.003103091478E+000  1.190471902641E+000
  1.058066607138E+000  1.327480276248E-002  7.628516552742E-001 -9.874282280962E-001  1.185952335741E+000
  1.071426311823E+000  1.344506137405E-002  7.497655770810E-001 -9.716217652540E-001  1.180138827852E+000
  1.084957648792E+000  1.361807674895E-002  7.367260690670E-001 -9.556993212109E-001  1.173093849992E+000
  1.098663403298E+000  1.379390610110E-002  7.237374212246E-001 -9.396762962298E-001  1.164879642544E+000
  1.112546418516E+000  1.397260806657E-002  7.108038475281E-001 -9.235678532461E-001  1.155558126480E+000
  1.126609596985E+000  1.415424274514E-002  6.979294826311E-001 -9.073888989816E-001  1.145190811827E+000
  1.140855902095E+000  1.433887174317E-002  6.851183787436E-001 -8.911540656009E-001  1.133838704045E+000
  1.155288359613E+000  1.452655821788E-002  6.723745026998E-001 -8.748776930049E-001  1.121562209009E+000
  1.169910059257E+000  1.471736692327E-002  6.597017332259E-001 -8.585738118548E-001  1.108421037300E+000
  1.184724156317E+000  1.491136425740E-002  6.471038584130E-001 -8.422561274120E-001  1.094474108490E+000
  1.199733873325E+000  1.510861831145E-002  6.345845734044E-001 -8.259380042802E-001  1.079779456136E+000
  1.214942501771E+000  1.530919892035E-002  6.221474782999E-001 -8.096324521248E-001  1.064394134154E+000
  1.230353403874E+000  1.551317771520E-002  6.097960762833E-001 -7.933521124425E-001  1.048374125256E+000
  1.245970014403E+000  1.572062817747E-002  5.975337719735E-001 -7.771092464469E-001  1.031774252106E+000
  1.261795842559E+000  1.593162569510E-002  5.853638700020E-001 -7.609157241269E-001  1.014648091812E+000
  1.277834473907E+000  1.614624762054E-002  5.732895738157E-001 -7.447830145283E-001  9.970478943600E-001
  1.294089572372E+000  1.636457333079E-002  5.613139847041E-001 -7.287221773016E-001  9.790245055593E-001
  1.310564882294E+000  1.658668428962E-002  5.494401010470E-001 -7.127438555491E-001  9.606272950060E-001
  1.327264230548E+000  1.681266411190E-002  5.376708177796E-001 -6.968582699953E-001  9.419040895617E-001
  1.344191528724E+000  1.704259863026E-002  5.260089260682E-001 -6.810752144978E-001  9.229011127709E-001
  1.361350775387E+000  1.727657596408E-002  5.144571131895E-001 -6.654040529041E-001  9.036629305998E-001
  1.378746058390E+000  1.751468659100E-002  5.030179626067E-001 -6.498537172514E-001  8.842324038260E-001
  1.396381557275E+000  1.775702342093E-002  4.916939542304E-001 -6.344327072979E-001  8.646506473482E-001
  1.414261545744E+000  1.800368187279E-002  4.804874648557E-001 -6.191490913629E-001  8.449569966303E-001
  1.432390394201E+000  1.825475995395E-002  4.694007687630E-001 -6.040105084463E-001  8.251889814311E-001
  1.450772572390E+000  1.851035834267E-002  4.584360384695E-001 -5.890241715866E-001  8.053823069122E-001
  1.469412652102E+000  1.877058047342E-002  4.475953456188E-001 -5.741968724109E-001  7.855708421569E-001
  1.488315309978E+000  1.903553262542E-002  4.368806619932E-001 -5.595349868193E-001  7.657866160669E-001
  1.507485330398E+000  1.930532401444E-002  4.262938606348E-001 -5.450444817403E-001  7.460598205511E-001
  1.526927608467E+000  1.958006688797E-002  4.158367170600E-001 -5.307309228863E-001  7.264188208556E-001
  1.546647153093E+000  1.985987662391E-002  4.055109105509E-001 -5.165994834324E-001  7.068901728319E-001
  1.566649090169E+000  2.014487183303E-002  3.953180255094E-001 -5.026549535335E-001  6.874986468841E-001
  1.586938665861E+000  2.043517446518E-002  3.852595528564E-001 -4.889017505945E-001  6.682672582862E-001
  1.607521250000E+000  2.073090991960E-002  3.753368914626E-001 -4.753439301983E-001  6.492173035123E-001
  1.628402339588E+000  2.103220715932E-002  3.655513495933E-001 -4.619851975982E-001  6.303684021788E-001
  1.649587562420E+000  2.133919883002E-002  3.559041463545E-001 -4.488289196767E-001  6.117385441618E-001
  1.671082680832E+000  2.165202138333E-002  3.463964131247E-001 -4.358781372696E-001  5.933441414125E-001
  1.692893595565E+000  2.197081520497E-002  3.370291949602E-001 -4.231355777586E-001  5.752000839713E-001
  1.715026349769E+000  2.229572474776E-002  3.278034519606E-001 -4.106036678302E-001  5.573197996516E-001
  1.737487133138E+000  2.262689866987E-002  3.187200605833E-001 -3.982845463054E-001  5.397153168506E-001
  1.760282286187E+000  2.296448997842E-002  3.097798148980E-001 -3.861800769443E-001  5.223973299273E-001
  1.783418304674E+000  2.330865617868E-002  3.009834277714E-001 -3.742918611326E-001  5.053752665853E-001
  1.806901844175E+000  2.365955942924E-002  2.923315319749E-001 -3.626212503642E-001  4.886573566942E-001
  1.830739724818E+000  2.401736670327E-002  2.838246812110E-001 -3.511693584365E-001  4.722507019883E-001
  1.854938936184E+000  2.438224995616E-002  2.754633510528E-001 -3.399370732821E-001  4.561613460935E-001
  1.879506642368E+000  2.475438629994E-002  2.672479397953E-001 -3.289250683673E-001  4.403943443460E-001
  1.904450187236E+000  2.513395818467E-002  2.591787692182E-001 -3.181338135955E-001  4.249538328909E-001
  1.929777099847E+000  2.552115358717E-002  2.512560852606E-001 -3.075635856610E-001  4.098430965705E-001
  1.955495100083E+000  2.591616620741E-002  2.434800586116E-001 -2.972144778076E-001  3.950646351470E-001
  1.981612104475E+000  2.631919567292E-002  2.358507852214E-001 -2.870864089554E-001  3.806202274354E-001
  2.008136232230E+000  2.673044775156E-002  2.283682867393E-001 -2.771791321692E-001  3.665109929631E-001
  2.035075811486E+000  2.715013457311E-002  2.210325108871E-001 -2.674922424494E-001  3.527374508122E-001
  2.062439385788E+000  2.757847486001E-002  2.138433317781E-001 -2.580251838381E-001  3.392995753478E-001
  2.090235720801E+000  2.801569416771E-002  2.068005501918E-001 -2.487772558420E-001  3.261968485796E-001
  2.118473811262E+000  2.846202513514E-002  1.999038938185E-001 -2.397476191820E-001  3.134283089524E-001
  2.147162888201E+000  2.891770774564E-002  1.931530174866E-001 -2.309353008907E-001  3.009925964139E-001
  2.176312426413E+000  2.938298959899E-002  1.865475033872E-001 -2.223391987863E-001  2.888879936520E-001
  2.205932152222E+000  2.985812619504E-002  1.800868613121E-001 -2.139580853592E-001  2.771124634495E-001
  2.236032051522E+000  3.034338122938E-002  1.737705289219E-001 -2.057906111189E-001  2.656636821474E-001
  2.266622378129E+000  3.083902690182E-002  1.675978720582E-001 -1.978353074501E-001  2.545390692604E-001
  2.297713662445E+000  3.134534423818E-002  1.615681851195E-001 -1.900905890392E-001  2.437358133302E-001
  2.329316720450E+000  3.186262342603E-002  1.556806915146E-001 -1.825547559332E-001  2.332508941460E-001
  2.361442663038E+000  3.239116416519E-002  1.499345442110E-001 -1.752259953003E-001  2.230811015038E-001
  2.394102905709E+000  3.293127603351E-002  1.443288263927E-001 -1.681023829628E-001  2.132230507105E-001
  2.427309178642E+000  3.348327886897E-002  1.388625522409E-001 -1.611818847767E-001  2.036731950723E-001
  2.461073537146E+000  3.404750316862E-002  1.335346678524E-001 -1.544623579333E-001  1.944278356366E-001
  2.495408372530E+000  3.462429050548E-002  1.283440523050E-001 -1.479415522567E-001  1.854831284796E-001
  2.530326423398E+000  3.521399396401E-002  1.232895188808E-001 -1.416171115710E-001  1.768350898509E-001
  2.565840787378E+000  3.581697859546E-002  1.183698164548E-001 -1.354865752096E-001  1.684795995022E-001
  2.601964933334E+000  3.643362189376E-002  1.135836310540E-001 -1.295473797325E-001  1.604124025344E-001
  2.638712714049E+000  3.706431429322E-002  1.089295875901E-001 -1.237968609151E-001  1.526291101029E-001
  2.676098379430E+000  3.770945968912E-002  1.044062517665E-001 -1.182322560660E-001  1.451251993175E-001
  2.714136590232E+000  3.836947598236E-002  1.000121321579E-001 -1.128507067223E-001  1.378960126689E-001
  2.752842432351E+000  3.904479564947E-002  9.574568245678E-002 -1.076492617670E-001  1.309367573012E-001
  2.792231431696E+000  3.973586633921E-002  9.160530388010E-002 -1.026248810001E-001  1.242425044315E-001
  2.832319569669E+000  4.044315149734E-002  8.758934772540E-002 -9.777443918897E-002  1.178081892019E-001
  2.873123299289E+000  4.116713102086E-002  8.369611806363E-002 -9.309473061219E-002  1.116286112162E-001
  2.914659561979E+000  4.190830194354E-002  7.992387455309E-002 -8.858247410193E-002  1.056984359928E-001
  2.956945805065E+000  4.266717915414E-002  7.627083535641E-002 -8.423431857773E-002  1.000121975271E-001
  3.000000000000E+000  4.344429614932E-002  7.273518014063E-002 -8.004684905603E-002  9.456430212498E-002
  3.043840661365E+000  4.424020582308E-002  6.931505313798E-002 -7.601659310787E-002  8.934903362964E-002
  3.088486866678E+000  4.505548129460E-002  6.600856624395E-002 -7.214002772809E-002  8.436056012784E-002
  3.133958277047E+000  4.589071677685E-002  6.281380212720E-002 -6.841358656907E-002  7.959294217967E-002
  3.180275158719E+000  4.674652848797E-002  5.972881732574E-002 -6.483366748380E-002  7.504014257795E-002
  3.227458405560E+000  4.762355560797E-002  5.675164530271E-002 -6.139664031441E-002  7.069603760360E-002
  3.275529562509E+000  4.852246128332E-002  5.388029943547E-002 -5.809885485596E-002  6.655442970541E-002
  3.324510850077E+000  4.944393368200E-002  5.111277591207E-002 -5.493664891902E-002  6.260906149720E-002
  3.374425189910E+000  5.038868710203E-002  4.844705651014E-002 -5.190635641057E-002  5.885363093149E-002
  3.425296231502E+000  5.135746313639E-002  4.588111123483E-002 -4.900431534947E-002  5.528180747943E-002
  3.477148380094E+000  5.235103189784E-002  4.341290079433E-002 -4.622687573177E-002  5.188724912018E-002
  3.530006825834E+000  5.337019330676E-002  4.104037889412E-002 -4.357040716114E-002  4.866361992147E-002
  3.583897574256E+000  5.441577844603E-002  3.876149433389E-002 -4.103130616184E-002  4.560460797608E-002
  3.638847478148E+000  5.548865098670E-002  3.657419289474E-002 -3.860600309533E-002  4.270394344741E-002
  3.694884270887E+000  5.658970868864E-002  3.447641900776E-002 -3.629096860691E-002  3.995541647096E-002
  3.752036601308E+000  5.771988498079E-002  3.246611719935E-002 -3.408271953584E-002  3.735289465817E-002
  3.810334070199E+000  5.888015062562E-002  3.054123331295E-002 -3.197782423069E-002  3.489033995381E-002
  3.869807268505E+000  6.007151547295E-002  2.869971551140E-002 -2.997290722147E-002  3.256182460903E-002
  3.930487817331E+000  6.129503030858E-002  2.693951506865E-002 -2.806465321136E-002  3.036154604768E-002
  3.992408409843E+000  6.255178880352E-002  2.525858696421E-002 -2.624981036215E-002  2.828384042494E-002
  4.055602855172E+000  6.384292957002E-002  2.365489029817E-002 -2.452519286085E-002  2.632319470209E-002
  4.120106124432E+000  6.516963833101E-002  2.212638854877E-002 -2.288768276748E-002  2.447425709103E-002
  4.185954398964E+000  6.653315021009E-002  2.067104969856E-002 -2.133423115749E-002  2.273184575448E-002
  4.253185120935E+000  6.793475214960E-002  1.928684625849E-002 -1.986185858538E-002  2.109095568299E-002
  4.321837046422E+000  6.937578546490E-002  1.797175522220E-002 -1.846765490871E-002  1.954676370626E-002
  4.391950301120E+000  7.085764854355E-002  1.672375798537E-002 -1.714877852336E-002  1.809463163406E-002
  4.463566438835E+000  7.238179969882E-002  1.554084026603E-002 -1.590245507212E-002  1.673010755866E-002
  4.536728502895E+000  7.394976018725E-002  1.442099206318E-002 -1.472597569771E-002  1.544892538723E-002
  4.611481090679E+000  7.556311740127E-002  1.336220769037E-002 -1.361669491952E-002  1.424700270608E-002
  4.687870421430E+000  7.722352824817E-002  1.236248592074E-002 -1.257202821912E-002  1.312043711004E-002
  4.765944407533E+000  7.893272272784E-002  1.141983027744E-002 -1.158944942398E-002  1.206550115738E-002
  4.845752729492E+000  8.069250772248E-002  1.053224950143E-002 -1.066648798045E-002  1.107863613354E-002
  4.927346914797E+000  8.250477101257E-002  9.697758224638E-003 -9.800726206805E-003  1.015644482487E-002
  5.010780420931E+000  8.437148553436E-002  8.914377872366E-003 -8.989796615005E-003  9.295683516260E-003
  5.096108722763E+000  8.629471389541E-002  8.180137813922E-003 -8.231379384569E-003  8.493253432965E-003
  5.183389404586E+000  8.827661316581E-002  7.493076774570E-003 -7.523200065809E-003  7.746191848495E-003
  5.272682257105E+000  9.031943996425E-002  6.851244515964E-003 -6.863027580693E-003  7.051663075296E-003
  5.364049379651E+000  9.242555585946E-002  6.252703785645E-003 -6.248672579434E-003  6.406949545102E-003
  5.457555287978E+000  9.459743310926E-002  5.695532529459E-003 -5.677986199225E-003  5.809443170522E-003
  5.553267027968E+000  9.683766076100E-002  5.177826354012E-003 -5.148859258753E-003  5.256637159681E-003
  5.651254295630E+000  9.914895113938E-002  4.697701219575E-003 -4.659221908630E-003  4.746118432229E-003
  5.751589563796E+000  1.015341467494E-001  4.253296337502E-003 -4.207043744068E-003  4.275560758412E-003
  5.854348215936E+000  1.039962276248E-001  3.842777240270E-003 -3.790334372300E-003  3.842718714199E-003
  5.959608687557E+000  1.065383191537E-001  3.464338986934E-003 -3.407144413873E-003  3.445422515506E-003
  6.067452615683E+000  1.091637004188E-001  3.116209462194E-003 -3.055566904369E-003  3.081573764382E-003
  6.177964996951E+000  1.118758130872E-001  2.796652723603E-003 -2.733739051671E-003  2.749142110469E-003
  6.291234354880E+000  1.146782708938E-001  2.503972348712E-003 -2.439844293894E-003  2.446162803106E-003
  6.407352916949E+000  1.175748697626E-001  2.236514732334E-003 -2.172114594865E-003  2.170735083833E-003
  6.526416802128E+000  1.205695986129E-001  1.992672283558E-003 -1.928832907681E-003  1.921021346474E-003
  6.648526219580E+000  1.236666509049E-001  1.770886472836E-003 -1.708335732625E-003  1.695246973103E-003
  6.773785679311E+000  1.268704369821E-001  1.569650681178E-003 -1.509015693593E-003  1.491700739259E-003
  6.902304215570E+000  1.301855972713E-001  1.387512806416E-003 -1.329324057257E-003  1.308735671242E-003
  7.034195623922E+000  1.336170164087E-001  1.223077585391E-003 -1.167773121342E-003  1.144770232110E-003
  7.169578712934E+000  1.371698383673E-001  1.075008595772E-003 -1.022938402521E-003  9.982897112113E-004
  7.308577571516E+000  1.408494826628E-001  9.420299069000E-004 -8.934605604255E-004  8.678476943622E-004
  7.451321853057E+000  1.446616617293E-001  8.229273553868E-004 -7.780470017730E-004  7.520674979319E-004
  7.597947077547E+000  1.486123995567E-001  7.165494280690E-004 -6.754731174680E-004  6.496434595404E-004
  7.748594953021E+000  1.527080516973E-001  6.218077421210E-004 -5.845831153993E-004  5.593419903666E-004
  7.903413717736E+000  1.569553267535E-001  5.376771194956E-004 -5.042904221870E-004  4.800023085353E-004
  8.062558504629E+000  1.613613094717E-001  4.631952602056E-004 -4.335776380432E-004  4.105367890984E-004
  8.226191729726E+000  1.659334855793E-001  3.974620260920E-004 -3.714960398462E-004  3.499308830834E-004
  8.394483506327E+000  1.706797685137E-001  3.396383534850E-004 -3.171646381812E-004  2.972425753180E-004
  8.567612086926E+000  1.756085282071E-001  2.889448193756E-004 -2.697688041867E-004  2.516013676702E-004
  8.745764335025E+000  1.807286221064E-001  2.446598912473E-004 -2.285584912952E-004  2.122067904148E-004
  8.929136229160E+000  1.860494286260E-001  2.061178954265E-004 -1.928460851519E-004  1.783264592050E-004
  9.117933401693E+000  1.915808832504E-001  1.727067426135E-004 -1.620039219549E-004  1.492937081990E-004
  9.312371715124E+000  1.973335175235E-001  1.438654520584E-004 -1.354615210466E-004  1.245048409827E-004
  9.512677878945E+000  2.033185011886E-001  1.190815176108E-004 -1.127025817126E-004  1.034160498416E-004
  9.719090110332E+000  2.095476877688E-001  9.788815957268E-005 -9.326179676940E-005  8.554006056767E-005
  9.931858842267E+000  2.160336639044E-001  7.986150592548E-005 -7.672153665449E-005  7.044256430798E-005
  1.015124748302E+001  2.227898028021E-001  6.461774512917E-005 -6.270845741221E-005  5.773850004859E-005
  1.037753323129E+001  2.298303221843E-001  5.181029035521E-005 -5.089008429764E-005  4.708825129214E-005
  1.061100795175E+001  2.371703471699E-001  4.112699181487E-005 -4.097141980882E-005  3.819381853069E-005
  1.085197911611E+001  2.448259785618E-001  3.228742988482E-005 -3.269162096845E-005  3.079502546580E-005
  1.110077081537E+001  2.528143670735E-001  2.504031714670E-005 -2.582078578197E-005  2.466581185858E-005
  1.135772484956E+001  2.611537940784E-001  1.916103239407E-005 -2.015688319525E-005  1.961065969533E-005
  1.162320190175E+001  2.698637595360E-001  1.444930427855E-005 -1.552285476712E-005  1.546119233395E-005
  1.189758280382E+001  2.789650778206E-001  1.072705673557E-005 -1.176390986910E-005  1.207297875502E-005
  1.218126990242E+001  2.884799822596E-001  7.836422820508E-006 -8.745029732931E-006  9.322567272359E-006
  1.247468853413E+001  2.984322392826E-001  5.637928269257E-006 -6.348689285637E-006  7.104765333928E-006
  1.277828862002E+001  3.088472731875E-001  4.008841137602E-006 -4.472799625079E-006  5.330174608785E-006
  1.309254639077E+001  3.197523026463E-001  2.841679426054E-006 -3.028868364465E-006  3.922983623622E-006
  1.341796625462E+001  3.311764902095E-001  2.042864798745E-006 -1.940370054301E-006  2.819013955441E-006
  1.375508282195E+001  3.431511062169E-001  1.531507475948E-006 -1.141314594747E-006  1.964010541097E-006
  1.410446310162E+001  3.557097086969E-001  1.238305213134E-006 -5.749980705526E-007  1.312162123570E-006
  1.446670888596E+001  3.688883410292E-001  1.104538040356E-006 -1.929178369913E-007  8.248342741615E-007
  1.484245934302E+001  3.827257493700E-001  1.081140156031E-006  4.616800976575E-008  4.694948277455E-007
  1.523239383723E+001  3.972636220891E-001  1.127831044001E-006  1.770574287712E-007  2.188099296296E-007
  1.563723500136E+001  4.125468537596E-001  1.212289467678E-006  2.288180503086E-007  4.988817298482E-008
  1.605775208607E+001  4.286238365683E-001  1.309356403904E-006  2.254172440591E-007 -5.634956473898E-008
  1.649476461582E+001  4.455467823929E-001  1.400256083334E-006  1.862866143666E-007 -1.156960906818E-007
  1.694914638379E+001  4.633720792263E-001  1.471827934306E-006  1.268366187820E-007 -1.410996385931E-007
  1.742182982203E+001  4.821606861220E-001  1.515766176390E-006  5.893424582539E-008 -1.430392892540E-007
  1.791381078784E+001  5.019785714107E-001  1.527867841016E-006 -8.646392294557E-009 -1.298495194079E-007
  1.842615381215E+001  5.228971995942E-001  1.507293851950E-006 -6.979391840003E-008 -1.080066227770E-007
  1.895999786176E+001  5.449940730840E-001  1.455851213358E-006 -1.206465433604E-007 -8.238693366429E-008
  1.951656267356E+001  5.683533358366E-001  1.377307073123E-006 -1.591953987707E-007 -5.650400802886E-008
  2.009715572669E+001  5.930664469535E-001  1.276747228440E-006 -1.849063649410E-007 -3.272931659470E-008
  2.070317992707E+001  6.192329335039E-001  1.159992344377E-006 -1.983643717722E-007 -1.249870477086E-008
  2.133614208874E+001  6.469612332096E-001  1.033084658894E-006 -2.009454223214E-007  3.495019368573E-009
  2.199766230782E+001  6.763696392388E-001  9.018562333592E-007 -1.945220969266E-007  1.512441609023E-008
  2.268948433818E+001  7.075873612439E-001  7.715869596563E-007 -1.812080221213E-007  2.266658840682E-008
  2.341348709294E+001  7.407557189842E-001  6.467567433922E-007 -1.631457790484E-007  2.666146336322E-008
  2.417169741362E+001  7.760294874639E-001  5.308918371375E-007 -1.423410911443E-007  2.779127790123E-008
  2.496630426925E+001  8.135784155747E-001  4.265005709930E-007 -1.205440405855E-007  2.678276978825E-008
  2.579967457140E+001  8.535889438281E-001  3.350891467852E-007 -9.917573490731E-008  2.433265402414E-008
  2.667437081864E+001  8.962661510291E-001  2.572441671901E-007 -7.929652539184E-008  2.105585699536E-008
  2.759317081651E+001  9.418359647997E-001  1.927655680929E-007 -6.160981715474E-008  1.745483277122E-008
  2.855908975674E+001  9.905476768748E-001  1.408319325597E-007 -4.649393297298E-008  1.390724487654E-008
  2.957540498378E+001  1.042676811269E+000  1.001799775500E-007 -3.405357197599E-008  1.066849092261E-008
  3.064568382919E+001  1.098528402000E+000  6.928134366837E-008 -2.418223698844E-008  7.885071264365E-009
  3.177381495601E+001  1.158440747351E+000  4.650252670643E-008 -1.662759476901E-008  5.614705308065E-009
  3.296404372807E+001  1.222789720048E+000  3.023753977660E-008 -1.105298966755E-008  3.849377056554E-009
  3.422101220608E+001  1.291993727721E+000  1.900722596921E-008 -7.090075773398E-009  2.538090600996E-009
  3.554980447538E+001  1.366519436102E+000  1.152352284846E-008 -4.379527254555E-009  1.606939858767E-009
  3.695599813319E+001  1.446888389511E+000  6.720889485458E-009 -2.598768806801E-009  9.750218606212E-010
  3.844572291106E+001  1.533684690030E+000  3.760112536436E-009 -1.477393207144E-009  5.656206080719E-010
  4.002572758518E+001  1.627563929686E+000  2.011538328588E-009 -8.022137409157E-010  3.128463895695E-010
  4.170345654134E+001  1.729263610453E+000  1.025361763387E-009 -4.146354211243E-010  1.644554723513E-010
  4.348713762001E+001  1.839615336740E+000  4.960711213220E-010 -2.032188127150E-010  8.186494639152E-011
  4.538588318162E+001  1.959559126947E+000  2.267946723401E-010 -9.404233235537E-011  3.843170274204E-011
  4.740980671574E+001  2.090160267552E+000  9.750580997762E-011 -4.089437623467E-011  1.693557418345E-011
  4.957015778746E+001  2.232629229408E+000  3.920824564047E-011 -1.662084792879E-011  6.968618923110E-012
  5.187947869225E+001  2.388345286640E+000  1.465664298844E-011 -6.275926862075E-012  2.661691599922E-012
  5.435178690397E+001  2.558884630889E+000  5.058759336174E-012 -2.186763689074E-012  9.374180068948E-013
  5.700278828629E+001  2.746053966795E+000  1.599866493281E-012 -6.977862417860E-013  3.021356277105E-013
  5.985012714155E+001  2.951930820846E+000  4.596352659863E-013 -2.021699182855E-013  8.836247859380E-014
  6.291368055481E+001  3.178912111311E+000  1.187985208443E-013 -5.267177769218E-014  2.322462074026E-014
  6.621590623276E+001  3.429772933797E+000  2.732113253944E-014 -1.220513275388E-014  5.426262724518E-015
  6.978225524452E+001  3.707738044625E+000  5.521447768299E-015 -2.484272611399E-015  1.113094338230E-015
  7.364166388185E+001  4.016569212832E+000  9.667166079664E-016 -4.379099354588E-016  1.976491639285E-016
  7.782714245929E+001  4.360672516382E+000  1.442727671517E-016 -6.577431650044E-017  2.989244978091E-017
  8.237648351994E+001  4.745230855210E+000  1.801459024238E-017 -8.263023021580E-018  3.779806193237E-018
  8.733311794503E+001  5.176368549127E+000  1.842125136459E-018 -8.498472483520E-019  3.911459231847E-019
  9.274715535088E+001  5.661357031559E+000  1.504969563607E-019 -6.981179330599E-020  3.231814342235E-020
  9.867665554529E+001  6.208873552072E+000  9.545392923474E-021 -4.450955926162E-021  2.071820811105E-021
  1.051891916055E+002  6.829328764649E+000  4.545772773197E-022 -2.130153928790E-022  9.966924624933E-023
  1.123637836013E+002  7.535284543316E+000  1.563105580339E-023 -7.359130250466E-024  3.460234613385E-024
  1.202933069206E+002  8.341990973528E+000  3.706483756565E-025 -1.752796858467E-025  8.279878357987E-026
  1.290875131414E+002  9.268082166539E+000  5.739971338853E-027 -2.725911415836E-027  1.293326249839E-027
  1.388768482001E+002  1.033648575811E+001  5.441763875229E-029 -2.594656563366E-029  1.236165294477E-029
  1.498173177370E+002  1.157562284364E+001  2.923043565121E-031 -1.399018167204E-031  6.691474205081E-032
  1.620967411853E+002  1.302100699722E+001  8.104020658566E-034 -3.892690880165E-034  1.868772058968E-034
  1.759428668168E+002  1.471739812515E+001  1.035625964552E-036 -4.991493204545E-037  2.404669052314E-037
  1.916340085825E+002  1.672173748087E+001  5.312140096799E-040 -2.568592840771E-040  1.241517600505E-040
  2.095131417987E+002  1.910719757888E+001  9.222173550381E-044 -4.472806933897E-044  2.168645139430E-044
  2.300068054477E+002  2.196884699990E+001  4.382656299862E-048 -2.131724029117E-048  1.036600145663E-048
  2.536507797910E+002  2.543169216868E+001  4.366871648977E-053 -2.129799643977E-053  1.038520777349E-053
  2.811254638474E+002  2.966227967912E+001  6.501266038928E-059 -3.178859462887E-059  1.554071060964E-059
  3.133053780630E+002  3.488573552677E+001  9.354720179853E-066 -4.585024390680E-066  2.246951813411E-066
  3.513296254502E+002  4.141128389041E+001  7.374749053125E-074 -3.622679034878E-074  1.779370070392E-074
  3.967041014106E+002  4.967130404214E+001  1.503584045118E-083 -7.401472655853E-084  3.643113694034E-084
  4.514529193349E+002  6.028257212519E+001  2.889429363149E-095 -1.425108718299E-095  7.028400580050E-096
  5.183481233601E+002  7.414493328740E+001  1.313017689555E-109 -6.487705286128E-110  3.205465078703E-110
  6.012676077950E+002  9.260523890243E+001  2.037765843389E-127 -1.008555759980E-127  4.991491883484E-128
  7.057700503752E+002  1.177394213729E+002  6.738302872031E-150 -3.340126867237E-150  1.655634492684E-150
  8.400513767914E+002  1.528577972397E+002  7.932931386566E-179 -3.937818904764E-179  1.954655020791E-179
  1.016602135495E+003  2.034537342122E+002  6.501061137707E-217 -3.231169225942E-217  1.605942381807E-217
  1.255220715580E+003  2.790860613466E+002  1.881928125930E-268 -9.364327625503E-269  4.659580046051E-269
  1.588815776243E+003  3.973705897531E+002  0.000000000000E+000  0.000000000000E+000  0.000000000000E+000
  2.075392011604E+003  5.931596040112E+002  0.000000000000E+000  0.000000000000E+000  0.000000000000E+000
  2.825079847529E+003  9.419154890021E+002  0.000000000000E+000  0.000000000000E+000  0.000000000000E+000
  4.068408296184E+003  1.627629972033E+003  0.000000000000E+000  0.000000000000E+000  0.000000000000E+000
  6.357262947674E+003  3.178964796686E+003  0.000000000000E+000  0.000000000000E+000  0.000000000000E+000
  1.130231930164E+004  7.535323971013E+003  0.000000000000E+000  0.000000000000E+000  0.000000000000E+000
  2.543105175140E+004  2.543171841285E+004  0.000000000000E+000  0.000000000000E+000  0.000000000000E+000
  1.017262069958E+005  2.034537473226E+005  0.000000000000E+000  0.000000000000E+000  0.000000000000E+000
