# 1st line: number of mesh points
# abcissa weight wavefunction wavefunction_1st wavefunction_2nd
500
# Principal QN=   2 , l=   0 , Occupation=   2.0000
  9.830308526508E-006  1.966074589941E-005 -1.010103721353E+001  8.149204352352E+001 -5.654701293863E+002
  3.932200719717E-005  3.932303800261E-005 -1.009863412063E+001  8.147536863464E+001 -5.653490302108E+002
  8.847741541455E-005  5.898842277178E-005 -1.009462984856E+001  8.144758363189E+001 -5.651472498095E+002
  1.573003992804E-004  7.865844718600E-005 -1.008902572104E+001  8.140869822997E+001 -5.648648654898E+002
  2.457963722417E-004  9.833465899987E-005 -1.008182359049E+001  8.135872602268E+001 -5.645019854229E+002
  3.539722959954E-004  1.180186070023E-004 -1.007302583719E+001  8.129768447610E+001 -5.640587485845E+002
  4.818366816528E-004  1.377118412759E-004 -1.006263536827E+001  8.122559491996E+001 -5.635353246794E+002
  6.293995911626E-004  1.574159134560E-004 -1.005065561640E+001  8.114248253693E+001 -5.629319140484E+002
  7.966726389934E-004  1.771323769912E-004 -1.003709053835E+001  8.104837635008E+001 -5.622487475590E+002
  9.836689940782E-004  1.968627874036E-004 -1.002194461320E+001  8.094330920845E+001 -5.614860864794E+002
  1.190403382016E-003  2.166087025496E-004 -1.000522284042E+001  8.082731777063E+001 -5.606442223357E+002
  1.416892087541E-003  2.363716828821E-004 -9.986930737689E+000  8.070044248649E+001 -5.597234767528E+002
  1.663152957245E-003  2.561532917128E-004 -9.967074338483E+000  8.056272757705E+001 -5.587242012789E+002
  1.929205402573E-003  2.759550954757E-004 -9.945660189432E+000  8.041422101241E+001 -5.576467771935E+002
  2.215070403074E-003  2.957786639908E-004 -9.922695347472E+000  8.025497448789E+001 -5.564916152991E+002
  2.520770509919E-003  3.156255707300E-004 -9.898187376770E+000  8.008504339822E+001 -5.552591556972E+002
  2.846329849692E-003  3.354973930828E-004 -9.872144345422E+000  7.990448681001E+001 -5.539498675482E+002
  3.191774128432E-003  3.553957126240E-004 -9.844574821935E+000  7.971336743233E+001 -5.525642488154E+002
  3.557130635959E-003  3.753221153821E-004 -9.815487871494E+000  7.951175158545E+001 -5.511028259930E+002
  3.942428250463E-003  3.952781921092E-004 -9.784893052012E+000  7.929970916789E+001 -5.495661538196E+002
  4.347697443358E-003  4.152655385525E-004 -9.752800409967E+000  7.907731362163E+001 -5.479548149750E+002
  4.772970284417E-003  4.352857557265E-004 -9.719220476024E+000  7.884464189556E+001 -5.462694197629E+002
  5.218280447175E-003  4.553404501876E-004 -9.684164260454E+000  7.860177440723E+001 -5.445106057784E+002
  5.683663214611E-003  4.754312343099E-004 -9.647643248339E+000  7.834879500292E+001 -5.426790375601E+002
  6.169155485101E-003  4.955597265624E-004 -9.609669394580E+000  7.808579091591E+001 -5.407754062283E+002
  6.674795778653E-003  5.157275517886E-004 -9.570255118692E+000  7.781285272321E+001 -5.388004291089E+002
  7.200624243425E-003  5.359363414876E-004 -9.529413299409E+000  7.753007430060E+001 -5.367548493421E+002
  7.746682662519E-003  5.561877340970E-004 -9.487157269090E+000  7.723755277599E+001 -5.346394354785E+002
  8.313014461060E-003  5.764833752781E-004 -9.443500807921E+000  7.693538848129E+001 -5.324549810608E+002
  8.899664713569E-003  5.968249182030E-004 -9.398458137939E+000  7.662368490267E+001 -5.302023041921E+002
  9.506680151615E-003  6.172140238444E-004 -9.352043916860E+000  7.630254862928E+001 -5.278822470910E+002
  1.013410917176E-002  6.376523612666E-004 -9.304273231719E+000  7.597208930042E+001 -5.254956756341E+002
  1.078200184380E-002  6.581416079202E-004 -9.255161592331E+000  7.563241955135E+001 -5.230434788855E+002
  1.145040991929E-002  6.786834499385E-004 -9.204724924576E+000  7.528365495753E+001 -5.205265686140E+002
  1.213938684040E-002  6.992795824361E-004 -9.152979563498E+000  7.492591397749E+001 -5.179458787982E+002
  1.284898774901E-002  7.199317098113E-004 -9.099942246242E+000  7.455931789434E+001 -5.153023651201E+002
  1.357926949620E-002  7.406415460502E-004 -9.045630104814E+000  7.418399075588E+001 -5.125970044471E+002
  1.433029065191E-002  7.614108150341E-004 -8.990060658678E+000  7.380005931341E+001 -5.098307943021E+002
  1.510211151509E-002  7.822412508494E-004 -8.933251807193E+000  7.340765295927E+001 -5.070047523240E+002
  1.589479412397E-002  8.031345981016E-004 -8.875221821888E+000  7.300690366310E+001 -5.041199157169E+002
  1.670840226680E-002  8.240926122311E-004 -8.815989338588E+000  7.259794590696E+001 -5.011773406891E+002
  1.754300149280E-002  8.451170598329E-004 -8.755573349379E+000  7.218091661914E+001 -4.981781018824E+002
  1.839865912351E-002  8.662097189796E-004 -8.693993194444E+000  7.175595510697E+001 -4.951232917921E+002
  1.927544426443E-002  8.873723795480E-004 -8.631268553736E+000  7.132320298846E+001 -4.920140201776E+002
  2.017342781695E-002  9.086068435487E-004 -8.567419438528E+000  7.088280412288E+001 -4.888514134642E+002
  2.109268249069E-002  9.299149254598E-004 -8.502466182826E+000  7.043490454036E+001 -4.856366141363E+002
  2.203328281612E-002  9.512984525641E-004 -8.436429434644E+000  6.997965237043E+001 -4.823707801233E+002
  2.299530515754E-002  9.727592652906E-004 -8.369330147167E+000  6.951719776974E+001 -4.790550841772E+002
  2.397882772639E-002  9.942992175591E-004 -8.301189569781E+000  6.904769284875E+001 -4.756907132426E+002
  2.498393059493E-002  1.015920177130E-003 -8.232029238994E+000  6.857129159768E+001 -4.722788678211E+002
  2.601069571024E-002  1.037624025957E-003 -8.161870969243E+000  6.808814981159E+001 -4.688207613275E+002
  2.705920690860E-002  1.059412660547E-003 -8.090736843596E+000  6.759842501468E+001 -4.653176194415E+002
  2.812954993023E-002  1.081287992318E-003 -8.018649204345E+000  6.710227638393E+001 -4.617706794527E+002
  2.922181243436E-002  1.103251947969E-003 -7.945630643512E+000  6.659986467197E+001 -4.581811896006E+002
  3.033608401473E-002  1.125306469854E-003 -7.871703993253E+000  6.609135212942E+001 -4.545504084102E+002
  3.147245621542E-002  1.147453516351E-003 -7.796892316179E+000  6.557690242656E+001 -4.508796040223E+002
  3.263102254705E-002  1.169695062249E-003 -7.721218895593E+000  6.505668057450E+001 -4.471700535206E+002
  3.381187850339E-002  1.192033099133E-003 -7.644707225648E+000  6.453085284587E+001 -4.434230422551E+002
  3.501512157837E-002  1.214469635775E-003 -7.567381001435E+000  6.399958669499E+001 -4.396398631618E+002
  3.624085128345E-002  1.237006698530E-003 -7.489264109001E+000  6.346305067774E+001 -4.358218160803E+002
  3.748916916538E-002  1.259646331739E-003 -7.410380615303E+000  6.292141437100E+001 -4.319702070693E+002
  3.876017882444E-002  1.282390598136E-003 -7.330754758111E+000  6.237484829184E+001 -4.280863477193E+002
  4.005398593302E-002  1.305241579266E-003 -7.250410935850E+000  6.182352381643E+001 -4.241715544651E+002
  4.137069825459E-002  1.328201375897E-003 -7.169373697401E+000  6.126761309873E+001 -4.202271478969E+002
  4.271042566323E-002  1.351272108452E-003 -7.087667731859E+000  6.070728898906E+001 -4.162544520707E+002
  4.407328016341E-002  1.374455917436E-003 -7.005317858255E+000  6.014272495254E+001 -4.122547938191E+002
  4.545937591035E-002  1.397754963880E-003 -6.922349015246E+000  5.957409498749E+001 -4.082295020623E+002
  4.686882923075E-002  1.421171429779E-003 -6.838786250776E+000  5.900157354379E+001 -4.041799071203E+002
  4.830175864396E-002  1.444707518548E-003 -6.754654711727E+000  5.842533544132E+001 -4.001073400259E+002
  4.975828488365E-002  1.468365455478E-003 -6.669979633542E+000  5.784555578847E+001 -3.960131318404E+002
  5.123853091993E-002  1.492147488203E-003 -6.584786329849E+000  5.726240990083E+001 -3.918986129706E+002
  5.274262198188E-002  1.516055887169E-003 -6.499100182075E+000  5.667607321996E+001 -3.877651124894E+002
  5.427068558066E-002  1.540092946119E-003 -6.412946629061E+000  5.608672123258E+001 -3.836139574590E+002
  5.582285153302E-002  1.564260982573E-003 -6.326351156689E+000  5.549452938991E+001 -3.794464722581E+002
  5.739925198530E-002  1.588562338332E-003 -6.239339287515E+000  5.489967302738E+001 -3.752639779130E+002
  5.900002143803E-002  1.612999379973E-003 -6.151936570422E+000  5.430232728478E+001 -3.710677914334E+002
  6.062529677088E-002  1.637574499364E-003 -6.064168570297E+000  5.370266702684E+001 -3.668592251533E+002
  6.227521726827E-002  1.662290114181E-003 -5.976060857735E+000  5.310086676421E+001 -3.626395860773E+002
  6.394992464542E-002  1.687148668440E-003 -5.887638998774E+000  5.249710057514E+001 -3.584101752326E+002
  6.564956307496E-002  1.712152633027E-003 -5.798928544675E+000  5.189154202762E+001 -3.541722870277E+002
  6.737427921404E-002  1.737304506249E-003 -5.709955021738E+000  5.128436410219E+001 -3.499272086178E+002
  6.912422223211E-002  1.762606814387E-003 -5.620743921179E+000  5.067573911546E+001 -3.456762192773E+002
  7.089954383907E-002  1.788062112257E-003 -5.531320689046E+000  5.006583864435E+001 -3.414205897806E+002
  7.270039831418E-002  1.813672983787E-003 -5.441710716212E+000  4.945483345112E+001 -3.371615817897E+002
  7.452694253540E-002  1.839442042599E-003 -5.351939328419E+000  4.884289340921E+001 -3.329004472521E+002
  7.637933600943E-002  1.865371932600E-003 -5.262031776400E+000  4.823018742993E+001 -3.286384278062E+002
  7.825774090225E-002  1.891465328589E-003 -5.172013226076E+000  4.761688339018E+001 -3.243767541968E+002
  8.016232207035E-002  1.917724936867E-003 -5.081908748829E+000  4.700314806097E+001 -3.201166457006E+002
  8.209324709253E-002  1.944153495867E-003 -4.991743311862E+000  4.638914703710E+001 -3.158593095608E+002
  8.405068630235E-002  1.970753776782E-003 -4.901541768653E+000  4.577504466783E+001 -3.116059404337E+002
  8.603481282122E-002  1.997528584221E-003 -4.811328849502E+000  4.516100398859E+001 -3.073577198453E+002
  8.804580259214E-002  2.024480756857E-003 -4.721129152172E+000  4.454718665396E+001 -3.031158156600E+002
  9.008383441408E-002  2.051613168108E-003 -4.630967132641E+000  4.393375287173E+001 -2.988813815599E+002
  9.214908997710E-002  2.078928726810E-003 -4.540867095964E+000  4.332086133821E+001 -2.946555565377E+002
  9.424175389809E-002  2.106430377918E-003 -4.450853187242E+000  4.270866917479E+001 -2.904394644009E+002
  9.636201375725E-002  2.134121103210E-003 -4.360949382717E+000  4.209733186585E+001 -2.862342132893E+002
  9.851006013526E-002  2.162003922007E-003 -4.271179480980E+000  4.148700319794E+001 -2.820408952057E+002
  1.006860866512E-001  2.190081891910E-003 -4.181567094317E+000  4.087783520037E+001 -2.778605855596E+002
  1.028902900012E-001  2.218358109541E-003 -4.092135640173E+000  4.026997808724E+001 -2.736943427255E+002
  1.051228699979E-001  2.246835711311E-003 -4.002908332765E+000  3.966358020084E+001 -2.695432076145E+002
  1.073840296104E-001  2.275517874190E-003 -3.913908174818E+000  3.905878795661E+001 -2.654082032611E+002
  1.096739750056E-001  2.304407816497E-003 -3.825157949460E+000  3.845574578956E+001 -2.612903344235E+002
  1.119929155896E-001  2.333508798707E-003 -3.736680212250E+000  3.785459610225E+001 -2.571905872003E+002
  1.143410640503E-001  2.362824124271E-003 -3.648497283364E+000  3.725547921434E+001 -2.531099286615E+002
  1.167186364011E-001  2.392357140448E-003 -3.560631239931E+000  3.665853331376E+001 -2.490493064947E+002
  1.191258520249E-001  2.422111239159E-003 -3.473103908527E+000  3.606389440946E+001 -2.450096486685E+002
  1.215629337189E-001  2.452089857854E-003 -3.385936857829E+000  3.547169628589E+001 -2.409918631096E+002
  1.240301077413E-001  2.482296480400E-003 -3.299151391431E+000  3.488207045908E+001 -2.369968373982E+002
  1.265276038575E-001  2.512734637975E-003 -3.212768540828E+000  3.429514613449E+001 -2.330254384783E+002
  1.290556553882E-001  2.543407909995E-003 -3.126809058569E+000  3.371105016653E+001 -2.290785123848E+002
  1.316144992580E-001  2.574319925047E-003 -3.041293411581E+000  3.312990701984E+001 -2.251568839879E+002
  1.342043760450E-001  2.605474361847E-003 -2.956241774665E+000  3.255183873239E+001 -2.212613567532E+002
  1.368255300316E-001  2.636874950214E-003 -2.871674024173E+000  3.197696488025E+001 -2.173927125200E+002
  1.394782092560E-001  2.668525472060E-003 -2.787609731862E+000  3.140540254424E+001 -2.135517112956E+002
  1.421626655646E-001  2.700429762411E-003 -2.704068158928E+000  3.083726627836E+001 -2.097390910673E+002
  1.448791546661E-001  2.732591710434E-003 -2.621068250225E+000  3.027266808005E+001 -2.059555676315E+002
  1.476279361856E-001  2.765015260497E-003 -2.538628628666E+000  2.971171736227E+001 -2.022018344404E+002
  1.504092737207E-001  2.797704413242E-003 -2.456767589815E+000  2.915452092741E+001 -1.984785624655E+002
  1.532234348983E-001  2.830663226680E-003 -2.375503096662E+000  2.860118294309E+001 -1.947864000791E+002
  1.560706914324E-001  2.863895817319E-003 -2.294852774591E+000  2.805180491973E+001 -1.911259729529E+002
  1.589513191834E-001  2.897406361298E-003 -2.214833906538E+000  2.750648569008E+001 -1.874978839739E+002
  1.618655982178E-001  2.931199095559E-003 -2.135463428336E+000  2.696532139054E+001 -1.839027131784E+002
  1.648138128702E-001  2.965278319033E-003 -2.056757924260E+000  2.642840544433E+001 -1.803410177023E+002
  1.677962518056E-001  2.999648393860E-003 -1.978733622760E+000  2.589582854653E+001 -1.768133317498E+002
  1.708132080832E-001  3.034313746623E-003 -1.901406392385E+000  2.536767865103E+001 -1.733201665785E+002
  1.738649792215E-001  3.069278869616E-003 -1.824791737912E+000  2.484404095921E+001 -1.698620105024E+002
  1.769518672648E-001  3.104548322136E-003 -1.748904796654E+000  2.432499791055E+001 -1.664393289112E+002
  1.800741788507E-001  3.140126731803E-003 -1.673760334974E+000  2.381062917504E+001 -1.630525643074E+002
  1.832322252791E-001  3.176018795904E-003 -1.599372744988E+000  2.330101164738E+001 -1.597021363595E+002
  1.864263225826E-001  3.212229282769E-003 -1.525756041462E+000  2.279621944307E+001 -1.563884419720E+002
  1.896567915983E-001  3.248763033179E-003 -1.452923858906E+000  2.229632389616E+001 -1.531118553724E+002
  1.929239580409E-001  3.285624961791E-003 -1.380889448853E+000  2.180139355891E+001 -1.498727282133E+002
  1.962281525771E-001  3.322820058613E-003 -1.309665677337E+000  2.131149420311E+001 -1.466713896922E+002
  1.995697109023E-001  3.360353390492E-003 -1.239265022560E+000  2.082668882319E+001 -1.435081466855E+002
  2.029489738173E-001  3.398230102644E-003 -1.169699572749E+000  2.034703764101E+001 -1.403832838993E+002
  2.063662873085E-001  3.436455420218E-003 -1.100981024198E+000  1.987259811237E+001 -1.372970640347E+002
  2.098220026275E-001  3.475034649885E-003 -1.033120679507E+000  1.940342493515E+001 -1.342497279687E+002
  2.133164763746E-001  3.513973181471E-003 -9.661294459932E-001  1.893957005918E+001 -1.312414949496E+002
  2.168500705817E-001  3.553276489620E-003 -9.000178343009E-001  1.848108269757E+001 -1.282725628068E+002
  2.204231527988E-001  3.592950135496E-003 -8.347959571822E-001  1.802800933975E+001 -1.253431081746E+002
  2.240360961807E-001  3.632999768520E-003 -7.704735284646E-001  1.758039376604E+001 -1.224532867303E+002
  2.276892795770E-001  3.673431128145E-003 -7.070598621959E-001  1.713827706366E+001 -1.196032334450E+002
  2.313830876220E-001  3.714250045674E-003 -6.445638719644E-001  1.670169764434E+001 -1.167930628477E+002
  2.351179108282E-001  3.755462446115E-003 -5.829940703942E-001  1.627069126326E+001 -1.140228693021E+002
  2.388941456809E-001  3.797074350078E-003 -5.223585688120E-001  1.584529103948E+001 -1.112927272957E+002
  2.427121947345E-001  3.839091875711E-003 -4.626650770827E-001  1.542552747771E+001 -1.086026917401E+002
  2.465724667110E-001  3.881521240686E-003 -4.039209036122E-001  1.501142849142E+001 -1.059527982838E+002
  2.504753766009E-001  3.924368764227E-003 -3.461329555142E-001  1.460301942720E+001 -1.033430636346E+002
  2.544213457654E-001  3.967640869177E-003 -2.893077389374E-001  1.420032309047E+001 -1.007734858932E+002
  2.584108020414E-001  4.011344084122E-003 -2.334513595516E-001  1.380335977226E+001 -9.824404489700E+001
  2.624441798480E-001  4.055485045557E-003 -1.785695231894E-001  1.341214727725E+001 -9.575470257296E+001
  2.665219202956E-001  4.100070500102E-003 -1.246675366400E-001  1.302670095287E+001 -9.330540329943E+001
  2.706444712976E-001  4.145107306769E-003 -7.175030859211E-002  1.264703371948E+001 -9.089607427692E+001
  2.748122876832E-001  4.190602439283E-003 -1.982235072352E-002  1.227315610164E+001 -8.852662590657E+001
  2.790258313137E-001  4.236562988450E-003  3.111222106624E-002  1.190507626017E+001 -8.619695217628E+001
  2.832855712010E-001  4.282996164587E-003  8.104968528356E-002  1.154280002539E+001 -8.390693105370E+001
  2.875919836279E-001  4.329909300005E-003  1.299867133316E-001  1.118633093099E+001 -8.165642488578E+001
  2.919455522717E-001  4.377309851548E-003  1.779203678674E-001  1.083567024890E+001 -7.944528080416E+001
  2.963467683296E-001  4.425205403192E-003  2.248481010293E-001  1.049081702483E+001 -7.727333113596E+001
  3.007961306479E-001  4.473603668706E-003  2.707677525368E-001  1.015176811460E+001 -7.514039381942E+001
  3.052941458522E-001  4.522512494374E-003  3.156775476667E-001  9.818518221137E+000 -7.304627282379E+001
  3.098413284823E-001  4.571939861783E-003  3.595760951094E-001  9.491059932028E+000 -7.099075857295E+001
  3.144382011281E-001  4.621893890671E-003  4.024623847063E-001  9.169383757752E+000 -6.897362837229E+001
  3.190852945695E-001  4.672382841850E-003  4.443357850751E-001  8.853478170361E+000 -6.699464683813E+001
  3.237831479192E-001  4.723415120192E-003  4.851960411216E-001  8.543329642662E+000 -6.505356632926E+001
  3.285323087679E-001  4.774999277691E-003  5.250432714459E-001  8.238922687817E+000 -6.315012738007E+001
  3.333333333333E-001  4.827144016591E-003  5.638779656414E-001  7.940239899316E+000 -6.128405913459E+001
  3.381867866117E-001  4.879858192602E-003  6.017009814932E-001  7.647261991283E+000 -5.945507978103E+001
  3.430932425333E-001  4.933150818173E-003  6.385135420765E-001  7.359967839044E+000 -5.766289698622E+001
  3.480532841203E-001  4.987031065868E-003  6.743172327589E-001  7.078334519931E+000 -5.590720832943E+001
  3.530675036492E-001  5.041508271801E-003  7.091139981084E-001  6.802337354269E+000 -5.418770173507E+001
  3.581365028158E-001  5.096591939172E-003  7.429061387111E-001  6.531949946490E+000 -5.250405590369E+001
  3.632608929041E-001  5.152291741875E-003  7.756963078992E-001  6.267144226343E+000 -5.085594074084E+001
  3.684412949588E-001  5.208617528209E-003  8.074875083928E-001  6.007890490139E+000 -4.924301778325E+001
  3.736783399619E-001  5.265579324662E-003  8.382830888582E-001  5.754157442010E+000 -4.766494062187E+001
  3.789726690123E-001  5.323187339805E-003  8.680867403828E-001  5.505912235114E+000 -4.612135532123E+001
  3.843249335105E-001  5.381451968273E-003  8.969024928716E-001  5.263120512766E+000 -4.461190083476E+001
  3.897357953460E-001  5.440383794842E-003  9.247347113635E-001  5.025746449448E+000 -4.313620941549E+001
  3.952059270903E-001  5.499993598618E-003  9.515880922721E-001  4.793752791657E+000 -4.169390702185E+001
  4.007360121927E-001  5.560292357317E-003  9.774676595512E-001  4.567100898556E+000 -4.028461371792E+001
  4.063267451812E-001  5.621291251662E-003  1.002378760786E+000  4.345750782404E+000 -3.890794406804E+001
  4.119788318683E-001  5.683001669888E-003  1.026327063212E+000  4.129661148713E+000 -3.756350752500E+001
  4.176929895600E-001  5.745435212354E-003  1.049318549662E+000  3.918789436119E+000 -3.625090881183E+001
  4.234699472710E-001  5.808603696282E-003  1.071359514441E+000  3.713091855922E+000 -3.496974829655E+001
  4.293104459435E-001  5.872519160606E-003  1.092456559137E+000  3.512523431284E+000 -3.371962235965E+001
  4.352152386716E-001  5.937193870949E-003  1.112616588352E+000  3.317038036046E+000 -3.250012375404E+001
  4.411850909306E-001  6.002640324729E-003  1.131846805370E+000  3.126588433145E+000 -3.131084195699E+001
  4.472207808110E-001  6.068871256391E-003  1.150154707758E+000  2.941126312612E+000 -3.015136351406E+001
  4.533230992589E-001  6.135899642772E-003  1.167548082892E+000  2.760602329131E+000 -2.902127237451E+001
  4.594928503202E-001  6.203738708611E-003  1.184035003415E+000  2.584966139137E+000 -2.792015021806E+001
  4.657308513924E-001  6.272401932198E-003  1.199623822632E+000  2.414166437448E+000 -2.684757677282E+001
  4.720379334802E-001  6.341903051163E-003  1.214323169819E+000  2.248150993403E+000 -2.580313012422E+001
  4.784149414579E-001  6.412256068427E-003  1.228141945479E+000  2.086866686516E+000 -2.478638701459E+001
  4.848627343381E-001  6.483475258298E-003  1.241089316515E+000  1.930259541615E+000 -2.379692313354E+001
  4.913821855461E-001  6.555575172733E-003  1.253174711330E+000  1.778274763476E+000 -2.283431339873E+001
  4.979741832006E-001  6.628570647764E-003  1.264407814858E+000  1.630856770946E+000 -2.189813222722E+001
  5.046396304008E-001  6.702476810086E-003  1.274798563518E+000  1.487949230542E+000 -2.098795379703E+001
  5.113794455212E-001  6.777309083830E-003  1.284357140083E+000  1.349495089542E+000 -2.010335229910E+001
  5.181945625116E-001  6.853083197508E-003  1.293093968486E+000  1.215436608554E+000 -1.924390217957E+001
  5.250859312060E-001  6.929815191146E-003  1.301019708529E+000  1.085715393588E+000 -1.840917837224E+001
  5.320545176366E-001  7.007521423604E-003  1.308145250520E+000  9.602724276126E-001 -1.759875652146E+001
  5.391013043575E-001  7.086218580100E-003  1.314481709828E+000  8.390481016275E-001 -1.681221319527E+001
  5.462272907741E-001  7.165923679926E-003  1.320040421339E+000  7.219822452458E-001 -1.604912608906E+001
  5.534334934816E-001  7.246654084380E-003  1.324832933840E+000  6.090141568092E-001 -1.530907421968E+001
  5.607209466109E-001  7.328427504912E-003  1.328871004303E+000  5.000826330435E-001 -1.459163811016E+001
  5.680907021827E-001  7.411262011483E-003  1.332166592079E+000  3.951259982735E-001 -1.389639996529E+001
  5.755438304707E-001  7.495176041166E-003  1.334731852999E+000  2.940821332127E-001 -1.322294383796E+001
  5.830814203728E-001  7.580188406970E-003  1.336579133376E+000  1.968885033475E-001 -1.257085578670E+001
  5.907045797917E-001  7.666318306912E-003  1.337720963916E+000  1.034821869356E-001 -1.193972402444E+001
  5.984144360243E-001  7.753585333338E-003  1.338170053517E+000  1.379990264020E-002 -1.132913905875E+001
  6.062121361613E-001  7.842009482502E-003  1.337939282973E+000 -7.222196317753E-002 -1.073869382380E+001
  6.140988474955E-001  7.931611164409E-003  1.337041698575E+000 -1.546473294848E-001 -1.016798380425E+001
  6.220757579409E-001  8.022411212936E-003  1.335490505602E+000 -2.335403938971E-001 -9.616607151366E+000
  6.301440764614E-001  8.114430896230E-003  1.333299061702E+000 -3.089656062672E-001 -9.084164791607E+000
  6.383050335109E-001  8.207691927403E-003  1.330480870173E+000 -3.809876425171E-001 -8.570260527958E+000
  6.465598814833E-001  8.302216475524E-003  1.327049573120E+000 -4.496713786874E-001 -8.074501134335E+000
  6.549098951744E-001  8.398027176926E-003  1.323018944513E+000 -5.150818651768E-001 -7.596496443352E+000
  6.633563722545E-001  8.495147146827E-003  1.318402883126E+000 -5.772843011462E-001 -7.135859427762E+000
  6.719006337539E-001  8.593599991288E-003  1.313215405359E+000 -6.363440090601E-001 -6.692206275907E+000
  6.805440245593E-001  8.693409819506E-003  1.307470637952E+000 -6.923264093392E-001 -6.265156461500E+000
  6.892879139233E-001  8.794601256469E-003  1.301182810583E+000 -7.452969950987E-001 -5.854332808075E+000
  6.981336959871E-001  8.897199455961E-003  1.294366248350E+000 -7.953213069456E-001 -5.459361548457E+000
  7.070827903152E-001  9.001230113956E-003  1.287035364141E+000 -8.424649078125E-001 -5.079872379568E+000
  7.161366424455E-001  9.106719482390E-003  1.279204650891E+000 -8.867933578014E-001 -4.715498512950E+000
  7.252967244510E-001  9.213694383338E-003  1.270888673725E+000 -9.283721890167E-001 -4.365876721310E+000
  7.345645355186E-001  9.322182223606E-003  1.262102061994E+000 -9.672668803650E-001 -4.030647381456E+000
  7.439416025400E-001  9.432211009745E-003  1.252859501201E+000 -1.003542832301E+000 -3.709454513955E+000
  7.534294807203E-001  9.543809363512E-003  1.243175724819E+000 -1.037265341503E+000 -3.401945819838E+000
  7.630297542000E-001  9.657006537783E-003  1.233065506011E+000 -1.068499575455E+000 -3.107772714696E+000
  7.727440366954E-001  9.771832432940E-003  1.222543649243E+000 -1.097310546930E+000 -2.826590360473E+000
  7.825739721536E-001  9.888317613741E-003  1.211624981809E+000 -1.123763088350E+000 -2.558057695285E+000
  7.925212354258E-001  1.000649332670E-002  1.200324345258E+000 -1.147921826024E+000 -2.301837461547E+000
  8.025875329584E-001  1.012639151798E-002  1.188656586736E+000 -1.169851154239E+000 -2.057596232724E+000
  8.127746035011E-001  1.024804485184E-002  1.176636550245E+000 -1.189615209215E+000 -1.825004438962E+000
  8.230842188350E-001  1.037148672960E-002  1.164279067830E+000 -1.207277842908E+000 -1.603736391884E+000
  8.335181845190E-001  1.049675130923E-002  1.151598950692E+000 -1.222902596663E+000 -1.393470308792E+000
  8.440783406568E-001  1.062387352550E-002  1.138610980237E+000 -1.236552674722E+000 -1.193888336511E+000
  8.547665626839E-001  1.075288911077E-002  1.125329899078E+000 -1.248290917580E+000 -1.004676575101E+000
  8.655847621758E-001  1.088383461638E-002  1.111770401980E+000 -1.258179775216E+000 -8.255251016350E-001
  8.765348876780E-001  1.101674743475E-002  1.097947126772E+000 -1.266281280185E+000 -6.561279942273E-001
  8.876189255584E-001  1.115166582209E-002  1.083874645225E+000 -1.272657020600E+000 -4.961833564746E-001
  8.988389008829E-001  1.128862892191E-002  1.069567453917E+000 -1.277368113016E+000 -3.453933424621E-001
  9.101968783143E-001  1.142767678917E-002  1.055039965081E+000 -1.280475175234E+000 -2.034641824545E-001
  9.216949630368E-001  1.156885041525E-002  1.040306497455E+000 -1.282038299048E+000 -7.010620937842E-002
  9.333353017046E-001  1.171219175365E-002  1.025381267150E+000 -1.282117022953E+000  5.496611381934E-002
  9.451200834176E-001  1.185774374655E-002  1.010278378531E+000 -1.280770304862E+000  1.720341658752E-001
  9.570515407237E-001  1.200555035216E-002  9.950118151439E-001 -1.278056494832E+000  2.813751379318E-001
  9.691319506484E-001  1.215565657299E-002  9.795954306859E-001 -1.274033307866E+000  3.832620032617E-001
  9.813636357544E-001  1.230810848498E-002  9.640429400364E-001 -1.268757796804E+000  4.779634859902E-001
  9.937489652293E-001  1.246295326757E-002  9.483679103655E-001 -1.262286325352E+000  5.657440288430E-001
  1.006290356005E+000  1.262023923477E-002  9.325837523292E-001 -1.254674541294E+000  6.468637599588E-001
  1.018990273907E+000  1.278001586715E-002  9.167037113679E-001 -1.245977349923E+000  7.215784588312E-001
  1.031851234841E+000  1.294233384499E-002  9.007408591216E-001 -1.236248887752E+000  7.901395214653E-001
  1.044875806003E+000  1.310724508236E-002  8.847080849773E-001 -1.225542496534E+000  8.527939248490E-001
  1.058066607138E+000  1.327480276248E-002  8.686180877621E-001 -1.213910697671E+000  9.097841908635E-001
  1.071426311823E+000  1.344506137405E-002  8.524833675987E-001 -1.201405167038E+000  9.613483497709E-001
  1.084957648792E+000  1.361807674895E-002  8.363162179371E-001 -1.188076710292E+000  1.007719903438E+000
  1.098663403298E+000  1.379390610110E-002  8.201287177778E-001 -1.173975238725E+000  1.049127788466E+000
  1.112546418516E+000  1.397260806657E-002  8.039327241029E-001 -1.159149745714E+000  1.085796339419E+000
  1.126609596985E+000  1.415424274514E-002  7.877398645283E-001 -1.143648283820E+000  1.117945252349E+000
  1.140855902095E+000  1.433887174317E-002  7.715615301938E-001 -1.127517942618E+000  1.145789548837E+000
  1.155288359613E+000  1.452655821788E-002  7.554088689047E-001 -1.110804827295E+000  1.169539540769E+000
  1.169910059257E+000  1.471736692327E-002  7.392927785403E-001 -1.093554038089E+000  1.189400796094E+000
  1.184724156317E+000  1.491136425740E-002  7.232239007430E-001 -1.075809650631E+000  1.205574105799E+000
  1.199733873325E+000  1.510861831145E-002  7.072126149023E-001 -1.057614697248E+000  1.218255452363E+000
  1.214942501771E+000  1.530919892035E-002  6.912690324470E-001 -1.039011149279E+000  1.227635979933E+000
  1.230353403874E+000  1.551317771520E-002  6.754029914588E-001 -1.020039900480E+000  1.233901966509E+000
  1.245970014403E+000  1.572062817747E-002  6.596240516197E-001 -1.000740751561E+000  1.237234798370E+000
  1.261795842559E+000  1.593162569510E-002  6.439414895040E-001 -9.811523959135E-001  1.237810947036E+000
  1.277834473907E+000  1.614624762054E-002  6.283642942282E-001 -9.613124065935E-001  1.235801949011E+000
  1.294089572372E+000  1.636457333079E-002  6.129011634664E-001 -9.412572245933E-001  1.231374388575E+000
  1.310564882294E+000  1.658668428962E-002  5.975604998425E-001 -9.210221484677E-001  1.224689883886E+000
  1.327264230548E+000  1.681266411190E-002  5.823504077073E-001 -9.006413253518E-001  1.215905076633E+000
  1.344191528724E+000  1.704259863026E-002  5.672786903072E-001 -8.801477434161E-001  1.205171625495E+000
  1.361350775387E+000  1.727657596408E-002  5.523528473522E-001 -8.595732257972E-001  1.192636203628E+000
  1.378746058390E+000  1.751468659100E-002  5.375800729885E-001 -8.389484260401E-001  1.178440500416E+000
  1.396381557275E+000  1.775702342093E-002  5.229672541783E-001 -8.183028250828E-001  1.162721227680E+000
  1.414261545744E+000  1.800368187279E-002  5.085209694929E-001 -7.976647298098E-001  1.145610130557E+000
  1.432390394201E+000  1.825475995395E-002  4.942474883174E-001 -7.770612731958E-001  1.127234003215E+000
  1.450772572390E+000  1.851035834267E-002  4.801527704711E-001 -7.565184160570E-001  1.107714709574E+000
  1.469412652102E+000  1.877058047342E-002  4.662424662398E-001 -7.360609504205E-001  1.087169209177E+000
  1.488315309978E+000  1.903553262542E-002  4.525219168203E-001 -7.157125045179E-001  1.065709588326E+000
  1.507485330398E+000  1.930532401444E-002  4.389961551717E-001 -6.954955494031E-001  1.043443096592E+000
  1.526927608467E+000  1.958006688797E-002  4.256699072703E-001 -6.754314071887E-001  1.020472188781E+000
  1.546647153093E+000  1.985987662391E-002  4.125475937606E-001 -6.555402608874E-001  9.968945724006E-001
  1.566649090169E+000  2.014487183303E-002  3.996333319960E-001 -6.358411658429E-001  9.728032606696E-001
  1.586938665861E+000  2.043517446518E-002  3.869309384592E-001 -6.163520627231E-001  9.482866310681E-001
  1.607521250000E+000  2.073090991960E-002  3.744439315525E-001 -5.970897920462E-001  9.234284894132E-001
  1.628402339588E+000  2.103220715932E-002  3.621755347466E-001 -5.780701102027E-001  8.983081394103E-001
  1.649587562420E+000  2.133919883002E-002  3.501286800749E-001 -5.593077069292E-001  8.730004576060E-001
  1.671082680832E+000  2.165202138333E-002  3.383060119582E-001 -5.408162241839E-001  8.475759736426E-001
  1.692893595565E+000  2.197081520497E-002  3.267098913466E-001 -5.226082763693E-001  8.221009556843E-001
  1.715026349769E+000  2.229572474776E-002  3.153424001606E-001 -5.046954718392E-001  7.966375008593E-001
  1.737487133138E+000  2.262689866987E-002  3.042053460141E-001 -4.870884356223E-001  7.712436305350E-001
  1.760282286187E+000  2.296448997842E-002  2.933002672025E-001 -4.697968332903E-001  7.459733902158E-001
  1.783418304674E+000  2.330865617868E-002  2.826284379348E-001 -4.528293958902E-001  7.208769538294E-001
  1.806901844175E+000  2.365955942924E-002  2.721908737917E-001 -4.361939458595E-001  6.960007321389E-001
  1.830739724818E+000  2.401736670327E-002  2.619883373884E-001 -4.198974238356E-001  6.713874849975E-001
  1.854938936184E+000  2.438224995616E-002  2.520213442214E-001 -4.039459162664E-001  6.470764371366E-001
  1.879506642368E+000  2.475438629994E-002  2.422901686789E-001 -3.883446837280E-001  6.231033971591E-001
  1.904450187236E+000  2.513395818467E-002  2.327948501925E-001 -3.730981898509E-001  5.995008793878E-001
  1.929777099847E+000  2.552115358717E-002  2.235351995103E-001 -3.582101307516E-001  5.762982282016E-001
  1.955495100083E+000  2.591616620741E-002  2.145108050690E-001 -3.436834648683E-001  5.535217444764E-001
  1.981612104475E+000  2.631919567292E-002  2.057210394455E-001 -3.295204430957E-001  5.311948137321E-001
  2.008136232230E+000  2.673044775156E-002  1.971650658669E-001 -3.157226391136E-001  5.093380355778E-001
  2.035075811486E+000  2.715013457311E-002  1.888418447600E-001 -3.022909798035E-001  4.879693540351E-001
  2.062439385788E+000  2.757847486001E-002  1.807501403209E-001 -2.892257756511E-001  4.671041883154E-001
  2.090235720801E+000  2.801569416771E-002  1.728885270877E-001 -2.765267510291E-001  4.467555636218E-001
  2.118473811262E+000  2.846202513514E-002  1.652553964995E-001 -2.641930742622E-001  4.269342415457E-001
  2.147162888201E+000  2.891770774564E-002  1.578489634261E-001 -2.522233873755E-001  4.076488496297E-001
  2.176312426413E+000  2.938298959899E-002  1.506672726547E-001 -2.406158354324E-001  3.889060096754E-001
  2.205932152222E+000  2.985812619504E-002  1.437082053227E-001 -2.293680953740E-001  3.707104643783E-001
  2.236032051522E+000  3.034338122938E-002  1.369694852836E-001 -2.184774042744E-001  3.530652018893E-001
  2.266622378129E+000  3.083902690182E-002  1.304486853999E-001 -2.079405869346E-001  3.359715779112E-001
  2.297713662445E+000  3.134534423818E-002  1.241432337547E-001 -1.977540827440E-001  3.194294349588E-001
  2.329316720450E+000  3.186262342603E-002  1.180504197783E-001 -1.879139717433E-001  3.034372184307E-001
  2.361442663038E+000  3.239116416519E-002  1.121674002855E-001 -1.784159998343E-001  2.879920891647E-001
  2.394102905709E+000  3.293127603351E-002  1.064912054253E-001 -1.692556030859E-001  2.730900321719E-001
  2.427309178642E+000  3.348327886897E-002  1.010187445426E-001 -1.604279310989E-001  2.587259612783E-001
  2.461073537146E+000  3.404750316862E-002  9.574681195525E-002 -1.519278693961E-001  2.448938194267E-001
  2.495408372530E+000  3.462429050548E-002  9.067209265375E-002 -1.437500608191E-001  2.315866744304E-001
  2.530326423398E+000  3.521399396401E-002  8.579116792854E-002 -1.358889259163E-001  2.187968100015E-001
  2.565840787378E+000  3.581697859546E-002  8.110052093553E-002 -1.283386823223E-001  2.065158119135E-001
  2.601964933334E+000  3.643362189376E-002  7.659654220987E-002 -1.210933631336E-001  1.947346491957E-001
  2.638712714049E+000  3.706431429322E-002  7.227553514021E-002 -1.141468342969E-001  1.834437502933E-001
  2.676098379430E+000  3.770945968912E-002  6.813372141661E-002 -1.074928110352E-001  1.726330741693E-001
  2.714136590232E+000  3.836947598236E-002  6.416724646660E-002 -1.011248733446E-001  1.622921763565E-001
  2.752842432351E+000  3.904479564947E-002  6.037218489415E-002 -9.503648060333E-002  1.524102700127E-001
  2.792231431696E+000  3.973586633921E-002  5.674454593708E-002 -8.922098534227E-002  1.429762820643E-001
  2.832319569669E+000  4.044315149734E-002  5.328027895833E-002 -8.367164623181E-002  1.339789045616E-001
  2.873123299289E+000  4.116713102086E-002  4.997527898631E-002 -7.838164034683E-002  1.254066414017E-001
  2.914659561979E+000  4.190830194354E-002  4.682539231901E-002 -7.334407477574E-002  1.172478506084E-001
  2.956945805065E+000  4.266717915414E-002  4.382642220549E-002 -6.855199764361E-002  1.094907823861E-001
  3.000000000000E+000  4.344429614932E-002  4.097413461716E-002 -6.399840862209E-002  1.021236131916E-001
  3.043840661365E+000  4.424020582308E-002  3.826426411935E-002 -5.967626900022E-002  9.513447608903E-002
  3.088486866678E+000  4.505548129460E-002  3.569251985182E-002 -5.557851139063E-002  8.851148767615E-002
  3.133958277047E+000  4.589071677685E-002  3.325459162434E-002 -5.169804914454E-002  8.224277187948E-002
  3.180275158719E+000  4.674652848797E-002  3.094615613065E-002 -4.802778554671E-002  7.631648093204E-002
  3.227458405560E+000  4.762355560797E-002  2.876288328109E-002 -4.456062285798E-002  7.072081385067E-002
  3.275529562509E+000  4.852246128332E-002  2.670044265097E-002 -4.128947126807E-002  6.544403273329E-002
  3.324510850077E+000  4.944393368200E-002  2.475451003786E-002 -3.820725781549E-002  6.047447719361E-002
  3.374425189910E+000  5.038868710203E-002  2.292077411764E-002 -3.530693532417E-002  5.580057724388E-002
  3.425296231502E+000  5.135746313639E-002  2.119494318480E-002 -3.258149139817E-002  5.141086492482E-002
  3.477148380094E+000  5.235103189784E-002  1.957275195889E-002 -3.002395750691E-002  4.729398496638E-002
  3.530006825834E+000  5.337019330676E-002  1.804996843479E-002 -2.762741818335E-002  4.343870474328E-002
  3.583897574256E+000  5.441577844603E-002  1.662240075077E-002 -2.538502034708E-002  3.983392376619E-002
  3.638847478148E+000  5.548865098670E-002  1.528590404422E-002 -2.328998275347E-002  3.646868292292E-002
  3.694884270887E+000  5.658970868864E-002  1.403638726180E-002 -2.133560555862E-002  3.333217365490E-002
  3.752036601308E+000  5.771988498079E-002  1.286981988717E-002 -1.951527997901E-002  3.041374722263E-002
  3.810334070199E+000  5.888015062562E-002  1.178223854664E-002 -1.782249801316E-002  2.770292418068E-002
  3.869807268505E+000  6.007151547295E-002  1.076975345085E-002 -1.625086218257E-002  2.518940414890E-002
  3.930487817331E+000  6.129503030858E-002  9.828554628442E-003 -1.479409523871E-002  2.286307593149E-002
  3.992408409843E+000  6.255178880352E-002  8.954917906517E-003 -1.344604977387E-002  2.071402800156E-002
  4.055602855172E+000  6.384292957002E-002  8.145210592022E-003 -1.220071766544E-002  1.873255933534E-002
  4.120106124432E+000  6.516963833101E-002  7.395896808304E-003 -1.105223927643E-002  1.690919054825E-002
  4.185954398964E+000  6.653315021009E-002  6.703542441864E-003 -9.994912329436E-003  1.523467525549E-002
  4.253185120935E+000  6.793475214960E-002  6.064819656027E-003 -9.023200367491E-003  1.370001155311E-002
  4.321837046422E+000  6.937578546490E-002  5.476510930668E-003 -8.131740713111E-003  1.229645349204E-002
  4.391950301120E+000  7.085764854355E-002  4.935512590436E-003 -7.315351836573E-003  1.101552239788E-002
  4.463566438835E+000  7.238179969882E-002  4.438837787937E-003 -6.569040046067E-003  9.849017874167E-003
  4.536728502895E+000  7.394976018725E-002  3.983618913256E-003 -5.888005415943E-003  8.789028316057E-003
  4.611481090679E+000  7.556311740127E-002  3.567109406718E-003 -5.267646874778E-003  7.827940755300E-003
  4.687870421430E+000  7.722352824817E-002  3.186684958078E-003 -4.703566382375E-003  6.958449856624E-003
  4.765944407533E+000  7.893272272784E-002  2.839844082141E-003 -4.191572133963E-003  6.173565889419E-003
  4.845752729492E+000  8.069250772248E-002  2.524208068133E-003 -3.727680740722E-003  5.466621507399E-003
  4.927346914797E+000  8.250477101257E-002  2.237520307821E-003 -3.308118348035E-003  4.831277182278E-003
  5.010780420931E+000  8.437148553436E-002  1.977645015311E-003 -2.929320666464E-003  4.261525155070E-003
  5.096108722763E+000  8.629471389541E-002  1.742565359453E-003 -2.587931905019E-003  3.751691790091E-003
  5.183389404586E+000  8.827661316581E-002  1.530381037744E-003 -2.280802611588E-003  3.296438241476E-003
  5.272682257105E+000  9.031943996425E-002  1.339305328322E-003 -2.004986441143E-003  2.890759369509E-003
  5.364049379651E+000  9.242555585946E-002  1.167661664016E-003 -1.757735888159E-003  2.529980873533E-003
  5.457555287978E+000  9.459743310926E-002  1.013879779144E-003 -1.536497035208E-003  2.209754639044E-003
  5.553267027968E+000  9.683766076100E-002  8.764914858298E-004 -1.338903384719E-003  1.926052327925E-003
  5.651254295630E+000  9.914895113938E-002  7.541261417398E-004 -1.162768854862E-003  1.675157271908E-003
  5.751589563796E+000  1.015341467494E-001  6.455058752728E-004 -1.006080033275E-003  1.453654759538E-003
  5.854348215936E+000  1.039962276248E-001  5.494406371814E-004 -8.669877935028E-004  1.258420835307E-003
  5.959608687557E+000  1.065383191537E-001  4.648231492633E-004 -7.437983882551E-004  1.086609755639E-003
  6.067452615683E+000  1.091637004188E-001  3.906238210501E-004 -6.349641407392E-004  9.356402693211E-004
  6.177964996951E+000  1.118758130872E-001  3.258857042746E-004 -5.390738600825E-004  8.031809092663E-004
  6.291234354880E+000  1.146782708938E-001  2.697195522767E-004 -4.548431091495E-004  6.871344976558E-004
  6.407352916949E+000  1.175748697626E-001  2.212990474285E-004 -3.811044527206E-004  5.856220772440E-004
  6.526416802128E+000  1.205695986129E-001  1.798562541513E-004 -3.167978110266E-004  4.969664875669E-004
  6.648526219580E+000  1.236666509049E-001  1.446773482519E-004 -2.609610380255E-004  4.196758059381E-004
  6.773785679311E+000  1.268704369821E-001  1.150986652282E-004 -2.127208356701E-004  3.524268693815E-004
  6.902304215570E+000  1.301855972713E-001  9.050310106351E-005 -1.712841048943E-004  2.940490851736E-004
  7.034195623922E+000  1.336170164087E-001  7.031688902335E-005 -1.359298213690E-004  2.435087246978E-004
  7.169578712934E+000  1.371698383673E-001  5.400676534158E-005 -1.060015095313E-004  1.998938781976E-004
  7.308577571516E+000  1.408494826628E-001  4.107752568522E-005 -8.090037232218E-005  1.624002272349E-004
  7.451321853057E+000  1.446616617293E-001  3.106996322598E-005 -6.007911686975E-005  1.303177677725E-004
  7.597947077547E+000  1.486123995567E-001  2.355916832721E-005 -4.303649848095E-005  1.030185904700E-004
  7.748594953021E+000  1.527080516973E-001  1.815315960907E-005 -2.931258722119E-005  7.994579671737E-005
  7.903413717736E+000  1.569553267535E-001  1.449180680916E-005 -1.848474357601E-005  6.060359991793E-005
  8.062558504629E+000  1.613613094717E-001  1.224599773339E-005 -1.016427270445E-005  4.454863236403E-005
  8.226191729726E+000  1.659334855793E-001  1.111699499414E-005 -3.993711112799E-006  3.138244953787E-005
  8.394483506327E+000  1.706797685137E-001  1.083592342905E-005  3.553143235244E-007  2.074519661671E-005
  8.567612086926E+000  1.756085282071E-001  1.116332631214E-005  3.183726746841E-006  1.231037711909E-005
  8.745764335025E+000  1.807286221064E-001  1.188872787618E-005  4.766219958693E-006  5.780641693439E-006
  8.929136229160E+000  1.860494286260E-001  1.283014136480E-005  5.352146351523E-006  8.844966308333E-007
  9.117933401693E+000  1.915808832504E-001  1.383346584699E-005  5.166162242565E-006 -2.626182724779E-006
  9.312371715124E+000  1.973335175235E-001  1.477172129255E-005  4.408720575319E-006 -4.977958522455E-006
  9.512677878945E+000  2.033185011886E-001  1.554407977239E-005  3.256497588908E-006 -6.377087188545E-006
  9.719090110332E+000  2.095476877688E-001  1.607466086441E-005  1.862833598401E-006 -7.010357502873E-006
  9.931858842267E+000  2.160336639044E-001  1.631107107965E-005  3.582587296397E-007 -7.045637246642E-006
  1.015124748302E+001  2.227898028021E-001  1.622267995359E-005 -1.148837319284E-006 -6.632247666547E-006
  1.037753323129E+001  2.298303221843E-001  1.579863888483E-005 -2.571346179181E-006 -5.901273151792E-006
  1.061100795175E+001  2.371703471699E-001  1.504566230156E-005 -3.842362236060E-006 -4.965898462347E-006
  1.085197911611E+001  2.448259785618E-001  1.398560371782E-005 -4.913870377298E-006 -3.921848310531E-006
  1.110077081537E+001  2.528143670735E-001  1.265287111784E-005 -5.755201842597E-006 -2.847984918750E-006
  1.135772484956E+001  2.611537940784E-001  1.109173631134E-005 -6.351275295595E-006 -1.807099253826E-006
  1.162320190175E+001  2.698637595360E-001  9.353600915374E-006 -6.700654205094E-006 -8.469118965362E-007
  1.189758280382E+001  2.789650778206E-001  7.494286999125E-006 -6.813463596452E-006 -1.280845087393E-009
  1.218126990242E+001  2.884799822596E-001  5.571422842929E-006 -6.709218650879E-006  7.084031943989E-007
  1.247468853413E+001  2.984322392826E-001  3.641993507827E-006 -6.414624063868E-006  1.271667590301E-006
  1.277828862002E+001  3.088472731875E-001  1.760121932876E-006 -5.961406245430E-006  1.687299117001E-006
  1.309254639077E+001  3.197523026463E-001 -2.486081972813E-008 -5.384240246293E-006  1.961627653588E-006
  1.341796625462E+001  3.311764902095E-001 -1.670007497760E-006 -4.718829798756E-006  2.106807665746E-006
  1.375508282195E+001  3.431511062169E-001 -3.139972466012E-006 -4.000192320987E-006  2.139152787527E-006
  1.410446310162E+001  3.557097086969E-001 -4.407833311249E-006 -3.261191569152E-006  2.077575281108E-006
  1.446670888596E+001  3.688883410292E-001 -5.455509577654E-006 -2.531349396152E-006  1.942175623499E-006
  1.484245934302E+001  3.827257493700E-001 -6.273787796769E-006 -1.835955462009E-006  1.753018556141E-006
  1.523239383723E+001  3.972636220891E-001 -6.861977433961E-006 -1.195480479964E-006  1.529121356054E-006
  1.563723500136E+001  4.125468537596E-001 -7.227236667546E-006 -6.252854364443E-007  1.287668626952E-006
  1.605775208607E+001  4.286238365683E-001 -7.383619307161E-006 -1.356069278215E-007  1.043456352152E-006
  1.649476461582E+001  4.455467823929E-001 -7.350903999398E-006  2.682120249388E-007  8.085570365302E-007
  1.694914638379E+001  4.633720792263E-001 -7.153273648183E-006  5.852850405488E-007  5.921881332604E-007
  1.742182982203E+001  4.821606861220E-001 -6.817916345983E-006  8.185849253170E-007  4.007581078813E-007
  1.791381078784E+001  5.019785714107E-001 -6.373618906264E-006  9.742348452838E-007  2.380587811967E-007
  1.842615381215E+001  5.228971995942E-001 -5.849420341755E-006  1.060738017819E-006  1.055691842057E-007
  1.895999786176E+001  5.449940730840E-001 -5.273385579113E-006  1.088193891581E-006  2.835053654562E-009
  1.951656267356E+001  5.683533358366E-001 -4.671549758525E-006  1.067544431686E-006 -7.211085699792E-008
  2.009715572669E+001  5.930664469535E-001 -4.067071224552E-006  1.009887736634E-006 -1.223195596172E-007
  2.070317992707E+001  6.192329335039E-001 -3.479617498404E-006  9.258882752161E-007 -1.515152020779E-007
  2.133614208874E+001  6.469612332096E-001 -2.924993958449E-006  8.253041048843E-007 -1.637250476771E-007
  2.199766230782E+001  6.763696392388E-001 -2.415010527044E-006  7.166421118584E-007 -1.629660015947E-007
  2.268948433818E+001  7.075873612439E-001 -1.957568253115E-006  6.069431904218E-007 -1.529973830226E-007
  2.341348709294E+001  7.407557189842E-001 -1.556936123997E-006  5.016909120422E-007 -1.371436570758E-007
  2.417169741362E+001  7.760294874639E-001 -1.214179457561E-006  4.048301139195E-007 -1.181854681317E-007
  2.496630426925E+001  8.135784155747E-001 -9.276953673769E-007  3.188763532830E-007 -9.831284045407E-008
  2.579967457140E+001  8.535889438281E-001 -6.938083873683E-007  2.450935961151E-007 -7.913103418471E-008
  2.667437081864E+001  8.962661510291E-001 -5.073804520827E-007  1.837159599394E-007 -6.170737590115E-008
  2.759317081651E+001  9.418359647997E-001 -3.623938315229E-007  1.341897752211E-007 -4.664644038675E-008
  2.855908975674E+001  9.905476768748E-001 -2.524728088363E-007  9.541447486596E-008 -3.418116952210E-008
  2.957540498378E+001  1.042676811269E+000 -1.713191076982E-007  6.596452556631E-008 -2.426871597882E-008
  3.064568382919E+001  1.098528402000E+000 -1.130463814924E-007  4.427931914247E-008 -1.668176342801E-008
  3.177381495601E+001  1.158440747351E+000 -7.240943599439E-008  2.881311302205E-008 -1.108852122196E-008
  3.296404372807E+001  1.222789720048E+000 -4.493326443728E-008  1.814219543376E-008 -7.117217919609E-009
  3.422101220608E+001  1.291993727721E+000 -2.695456923806E-008  1.103094725469E-008 -4.403432732928E-009
  3.554980447538E+001  1.366519436102E+000 -1.559362532813E-008  6.461979710306E-009 -2.620757989107E-009
  3.695599813319E+001  1.446888389511E+000 -8.676836037729E-009  3.637800909889E-009 -1.496901135114E-009
  3.844572291106E+001  1.533684690030E+000 -4.630234514572E-009  1.962440800769E-009 -8.183233867349E-010
  4.002572758518E+001  1.627563929686E+000 -2.361912801122E-009  1.011258038413E-009 -4.268800492318E-010
  4.170345654134E+001  1.729263610453E+000 -1.147582744897E-009  4.960242057893E-010 -2.117650370253E-010
  4.348713762001E+001  1.839615336740E+000 -5.289720904392E-010  2.306815931722E-010 -9.951928070480E-011
  4.538588318162E+001  1.959559126947E+000 -2.302964014479E-010  1.012723417658E-010 -4.411645858208E-011
  4.740980671574E+001  2.090160267552E+000 -9.423385941479E-011  4.176529811270E-011 -1.835885736431E-011
  4.957015778746E+001  2.232629229408E+000 -3.604174452608E-011  1.609228887430E-011 -7.133470387193E-012
  5.187947869225E+001  2.388345286640E+000 -1.280611193580E-011  5.757666736901E-012 -2.572406803699E-012
  5.435178690397E+001  2.558884630889E+000 -4.198130529174E-012  1.899896367520E-012 -8.550895926114E-013
  5.700278828629E+001  2.746053966795E+000 -1.260001638086E-012  5.737592564398E-013 -2.600143650114E-013
  5.985012714155E+001  2.951930820846E+000 -3.432362450441E-013  1.572126056898E-013 -7.170590920660E-014
  6.291368055481E+001  3.178912111311E+000 -8.403685778246E-014  3.870443462614E-014 -1.776057671684E-014
  6.621590623276E+001  3.429772933797E+000 -1.828905219109E-014  8.467379173089E-015 -3.907653881874E-015
  6.978225524452E+001  3.707738044625E+000 -3.493820495429E-015  1.625562786830E-015 -7.542153056548E-016
  7.364166388185E+001  4.016569212832E+000 -5.775480185440E-016  2.699744136986E-016 -1.258934200693E-016
  7.782714245929E+001  4.360672516382E+000 -8.127620518823E-017  3.816120989441E-017 -1.787990468312E-017
  8.237648351994E+001  4.745230855210E+000 -9.556582971262E-018  4.505932587965E-018 -2.120668304685E-018
  8.733311794503E+001  5.176368549127E+000 -9.188889508179E-019  4.349840017321E-019 -2.055873574128E-019
  9.274715535088E+001  5.661357031559E+000 -7.047871014812E-020  3.348933429862E-020 -1.589138538875E-020
  9.867665554529E+001  6.208873552072E+000 -4.189687244355E-021  1.997944471815E-021 -9.516432789491E-022
  1.051891916055E+002  6.829328764649E+000 -1.866683556340E-022  8.931925794455E-023 -4.269534861900E-023
  1.123637836013E+002  7.535284543316E+000 -5.993571815398E-024  2.877107800370E-024 -1.379909757596E-024
  1.202933069206E+002  8.341990973528E+000 -1.324308942026E-025  6.376508085418E-026 -3.068002782321E-026
  1.290875131414E+002  9.268082166539E+000 -1.906742342590E-027  9.207450908593E-028 -4.443386463588E-028
  1.388768482001E+002  1.033648575811E+001 -1.676582665153E-029  8.118204131179E-030 -3.928837229969E-030
  1.498173177370E+002  1.157562284364E+001 -8.330781817770E-032  4.044316020407E-032 -1.962500406538E-032
  1.620967411853E+002  1.302100699722E+001 -2.130507121152E-034  1.036826487779E-034 -5.043893610791E-035
  1.759428668168E+002  1.471739812515E+001 -2.503671798026E-037  1.221254584677E-037 -5.955234077360E-038
  1.916340085825E+002  1.672173748087E+001 -1.176998763180E-040  5.753800392511E-041 -2.812034665636E-041
  2.095131417987E+002  1.910719757888E+001 -1.865847221031E-044  9.140106085851E-045 -4.476446595904E-045
  2.300068054477E+002  2.196884699990E+001 -8.064295553787E-049  3.958096101097E-049 -1.942362211913E-049
  2.536507797910E+002  2.543169216868E+001 -7.275434926386E-054  3.577451835097E-054 -1.758842709019E-054
  2.811254638474E+002  2.966227967912E+001 -9.759233255815E-060  4.807035702455E-060 -2.367497288164E-060
  3.133053780630E+002  3.488573552677E+001 -1.258378200201E-066  6.208305536691E-067 -3.062637638295E-067
  3.513296254502E+002  4.141128389041E+001 -8.835824001110E-075  4.365802279783E-075 -2.156999940043E-075
  3.967041014106E+002  4.967130404214E+001 -1.593591717413E-084  7.885066546807E-085 -3.901302839039E-085
  4.514529193349E+002  6.028257212519E+001 -2.688136827995E-096  1.331828657514E-096 -6.598223159179E-097
  5.183481233601E+002  7.414493328740E+001 -1.062845055181E-110  5.272227362185E-111 -2.615197700966E-111
  6.012676077950E+002  9.260523890243E+001 -1.420722467030E-128  7.055375495970E-129 -3.503651216170E-129
  7.057700503752E+002  1.177394213729E+002 -3.998931736480E-151  1.987934316240E-151 -9.882180086644E-152
  8.400513767914E+002  1.528577972397E+002 -3.952299801479E-180  1.966601491961E-180 -9.785380756578E-181
  1.016602135495E+003  2.034537342122E+002 -2.674554705703E-218  1.331951651769E-218 -6.633182777414E-219
  1.255220715580E+003  2.790860613466E+002 -6.266539658945E-270  3.123187013849E-270 -1.556560210703E-270
  1.588815776243E+003  3.973705897531E+002  0.000000000000E+000  0.000000000000E+000  0.000000000000E+000
  2.075392011604E+003  5.931596040112E+002  0.000000000000E+000  0.000000000000E+000  0.000000000000E+000
  2.825079847529E+003  9.419154890021E+002  0.000000000000E+000  0.000000000000E+000  0.000000000000E+000
  4.068408296184E+003  1.627629972033E+003  0.000000000000E+000  0.000000000000E+000  0.000000000000E+000
  6.357262947674E+003  3.178964796686E+003  0.000000000000E+000  0.000000000000E+000  0.000000000000E+000
  1.130231930164E+004  7.535323971013E+003  0.000000000000E+000  0.000000000000E+000  0.000000000000E+000
  2.543105175140E+004  2.543171841285E+004  0.000000000000E+000  0.000000000000E+000  0.000000000000E+000
  1.017262069958E+005  2.034537473226E+005  0.000000000000E+000  0.000000000000E+000  0.000000000000E+000
