# 1st line: number of mesh points
# abcissa weight wavefunction wavefunction_1st wavefunction_2nd
500
# Principal QN=   2 , l=   0 , Occupation=   2.0000
  9.830308526508E-006  1.966074589941E-005 -1.010103721353E+001  8.149204352362E+001 -5.654701293894E+002
  3.932200719717E-005  3.932303800261E-005 -1.009863412064E+001  8.147536863474E+001 -5.653490302139E+002
  8.847741541455E-005  5.898842277178E-005 -1.009462984856E+001  8.144758363199E+001 -5.651472498126E+002
  1.573003992804E-004  7.865844718600E-005 -1.008902572105E+001  8.140869823007E+001 -5.648648654929E+002
  2.457963722417E-004  9.833465899987E-005 -1.008182359049E+001  8.135872602277E+001 -5.645019854260E+002
  3.539722959954E-004  1.180186070023E-004 -1.007302583720E+001  8.129768447620E+001 -5.640587485876E+002
  4.818366816528E-004  1.377118412759E-004 -1.006263536827E+001  8.122559492006E+001 -5.635353246825E+002
  6.293995911626E-004  1.574159134560E-004 -1.005065561641E+001  8.114248253702E+001 -5.629319140514E+002
  7.966726389934E-004  1.771323769912E-004 -1.003709053835E+001  8.104837635018E+001 -5.622487475620E+002
  9.836689940782E-004  1.968627874036E-004 -1.002194461320E+001  8.094330920855E+001 -5.614860864824E+002
  1.190403382016E-003  2.166087025496E-004 -1.000522284042E+001  8.082731777072E+001 -5.606442223387E+002
  1.416892087541E-003  2.363716828821E-004 -9.986930737690E+000  8.070044248658E+001 -5.597234767558E+002
  1.663152957245E-003  2.561532917128E-004 -9.967074338485E+000  8.056272757714E+001 -5.587242012819E+002
  1.929205402573E-003  2.759550954757E-004 -9.945660189433E+000  8.041422101251E+001 -5.576467771965E+002
  2.215070403074E-003  2.957786639908E-004 -9.922695347474E+000  8.025497448798E+001 -5.564916153020E+002
  2.520770509919E-003  3.156255707300E-004 -9.898187376772E+000  8.008504339831E+001 -5.552591557001E+002
  2.846329849692E-003  3.354973930828E-004 -9.872144345424E+000  7.990448681010E+001 -5.539498675511E+002
  3.191774128432E-003  3.553957126240E-004 -9.844574821936E+000  7.971336743241E+001 -5.525642488182E+002
  3.557130635959E-003  3.753221153821E-004 -9.815487871495E+000  7.951175158553E+001 -5.511028259959E+002
  3.942428250463E-003  3.952781921092E-004 -9.784893052014E+000  7.929970916798E+001 -5.495661538224E+002
  4.347697443358E-003  4.152655385525E-004 -9.752800409968E+000  7.907731362172E+001 -5.479548149777E+002
  4.772970284417E-003  4.352857557265E-004 -9.719220476026E+000  7.884464189564E+001 -5.462694197657E+002
  5.218280447175E-003  4.553404501876E-004 -9.684164260455E+000  7.860177440732E+001 -5.445106057811E+002
  5.683663214611E-003  4.754312343099E-004 -9.647643248341E+000  7.834879500300E+001 -5.426790375628E+002
  6.169155485101E-003  4.955597265624E-004 -9.609669394581E+000  7.808579091599E+001 -5.407754062310E+002
  6.674795778653E-003  5.157275517886E-004 -9.570255118693E+000  7.781285272329E+001 -5.388004291115E+002
  7.200624243425E-003  5.359363414876E-004 -9.529413299411E+000  7.753007430068E+001 -5.367548493447E+002
  7.746682662519E-003  5.561877340970E-004 -9.487157269091E+000  7.723755277606E+001 -5.346394354811E+002
  8.313014461060E-003  5.764833752781E-004 -9.443500807922E+000  7.693538848136E+001 -5.324549810633E+002
  8.899664713569E-003  5.968249182030E-004 -9.398458137940E+000  7.662368490275E+001 -5.302023041946E+002
  9.506680151615E-003  6.172140238444E-004 -9.352043916861E+000  7.630254862935E+001 -5.278822470935E+002
  1.013410917176E-002  6.376523612666E-004 -9.304273231720E+000  7.597208930049E+001 -5.254956756366E+002
  1.078200184380E-002  6.581416079202E-004 -9.255161592332E+000  7.563241955142E+001 -5.230434788879E+002
  1.145040991929E-002  6.786834499385E-004 -9.204724924577E+000  7.528365495759E+001 -5.205265686163E+002
  1.213938684040E-002  6.992795824361E-004 -9.152979563499E+000  7.492591397756E+001 -5.179458788005E+002
  1.284898774901E-002  7.199317098113E-004 -9.099942246243E+000  7.455931789441E+001 -5.153023651224E+002
  1.357926949620E-002  7.406415460502E-004 -9.045630104815E+000  7.418399075594E+001 -5.125970044493E+002
  1.433029065191E-002  7.614108150341E-004 -8.990060658679E+000  7.380005931347E+001 -5.098307943043E+002
  1.510211151509E-002  7.822412508494E-004 -8.933251807194E+000  7.340765295932E+001 -5.070047523262E+002
  1.589479412397E-002  8.031345981016E-004 -8.875221821889E+000  7.300690366316E+001 -5.041199157190E+002
  1.670840226680E-002  8.240926122311E-004 -8.815989338588E+000  7.259794590701E+001 -5.011773406911E+002
  1.754300149280E-002  8.451170598329E-004 -8.755573349380E+000  7.218091661919E+001 -4.981781018844E+002
  1.839865912351E-002  8.662097189796E-004 -8.693993194445E+000  7.175595510702E+001 -4.951232917941E+002
  1.927544426443E-002  8.873723795480E-004 -8.631268553736E+000  7.132320298851E+001 -4.920140201796E+002
  2.017342781695E-002  9.086068435487E-004 -8.567419438529E+000  7.088280412293E+001 -4.888514134660E+002
  2.109268249069E-002  9.299149254598E-004 -8.502466182826E+000  7.043490454041E+001 -4.856366141381E+002
  2.203328281612E-002  9.512984525641E-004 -8.436429434645E+000  6.997965237048E+001 -4.823707801251E+002
  2.299530515754E-002  9.727592652906E-004 -8.369330147168E+000  6.951719776978E+001 -4.790550841789E+002
  2.397882772639E-002  9.942992175591E-004 -8.301189569781E+000  6.904769284879E+001 -4.756907132443E+002
  2.498393059493E-002  1.015920177130E-003 -8.232029238994E+000  6.857129159772E+001 -4.722788678228E+002
  2.601069571024E-002  1.037624025957E-003 -8.161870969243E+000  6.808814981163E+001 -4.688207613291E+002
  2.705920690860E-002  1.059412660547E-003 -8.090736843596E+000  6.759842501472E+001 -4.653176194431E+002
  2.812954993023E-002  1.081287992318E-003 -8.018649204345E+000  6.710227638396E+001 -4.617706794542E+002
  2.922181243436E-002  1.103251947969E-003 -7.945630643512E+000  6.659986467200E+001 -4.581811896021E+002
  3.033608401473E-002  1.125306469854E-003 -7.871703993253E+000  6.609135212945E+001 -4.545504084116E+002
  3.147245621542E-002  1.147453516351E-003 -7.796892316179E+000  6.557690242659E+001 -4.508796040236E+002
  3.263102254705E-002  1.169695062249E-003 -7.721218895593E+000  6.505668057453E+001 -4.471700535220E+002
  3.381187850339E-002  1.192033099133E-003 -7.644707225648E+000  6.453085284590E+001 -4.434230422564E+002
  3.501512157837E-002  1.214469635775E-003 -7.567381001435E+000  6.399958669501E+001 -4.396398631630E+002
  3.624085128345E-002  1.237006698530E-003 -7.489264109000E+000  6.346305067776E+001 -4.358218160815E+002
  3.748916916538E-002  1.259646331739E-003 -7.410380615303E+000  6.292141437102E+001 -4.319702070704E+002
  3.876017882444E-002  1.282390598136E-003 -7.330754758111E+000  6.237484829186E+001 -4.280863477204E+002
  4.005398593302E-002  1.305241579266E-003 -7.250410935850E+000  6.182352381645E+001 -4.241715544662E+002
  4.137069825459E-002  1.328201375897E-003 -7.169373697400E+000  6.126761309875E+001 -4.202271478979E+002
  4.271042566323E-002  1.351272108452E-003 -7.087667731859E+000  6.070728898908E+001 -4.162544520717E+002
  4.407328016341E-002  1.374455917436E-003 -7.005317858255E+000  6.014272495256E+001 -4.122547938201E+002
  4.545937591035E-002  1.397754963880E-003 -6.922349015245E+000  5.957409498750E+001 -4.082295020632E+002
  4.686882923075E-002  1.421171429779E-003 -6.838786250776E+000  5.900157354380E+001 -4.041799071212E+002
  4.830175864396E-002  1.444707518548E-003 -6.754654711726E+000  5.842533544133E+001 -4.001073400267E+002
  4.975828488365E-002  1.468365455478E-003 -6.669979633542E+000  5.784555578848E+001 -3.960131318412E+002
  5.123853091993E-002  1.492147488203E-003 -6.584786329849E+000  5.726240990083E+001 -3.918986129714E+002
  5.274262198188E-002  1.516055887169E-003 -6.499100182074E+000  5.667607321997E+001 -3.877651124902E+002
  5.427068558066E-002  1.540092946119E-003 -6.412946629061E+000  5.608672123259E+001 -3.836139574597E+002
  5.582285153302E-002  1.564260982573E-003 -6.326351156689E+000  5.549452938992E+001 -3.794464722588E+002
  5.739925198530E-002  1.588562338332E-003 -6.239339287514E+000  5.489967302738E+001 -3.752639779136E+002
  5.900002143803E-002  1.612999379973E-003 -6.151936570422E+000  5.430232728479E+001 -3.710677914339E+002
  6.062529677088E-002  1.637574499364E-003 -6.064168570297E+000  5.370266702684E+001 -3.668592251538E+002
  6.227521726827E-002  1.662290114181E-003 -5.976060857735E+000  5.310086676421E+001 -3.626395860778E+002
  6.394992464542E-002  1.687148668440E-003 -5.887638998774E+000  5.249710057515E+001 -3.584101752331E+002
  6.564956307496E-002  1.712152633027E-003 -5.798928544674E+000  5.189154202762E+001 -3.541722870281E+002
  6.737427921404E-002  1.737304506249E-003 -5.709955021738E+000  5.128436410219E+001 -3.499272086182E+002
  6.912422223211E-002  1.762606814387E-003 -5.620743921178E+000  5.067573911545E+001 -3.456762192777E+002
  7.089954383907E-002  1.788062112257E-003 -5.531320689046E+000  5.006583864435E+001 -3.414205897809E+002
  7.270039831418E-002  1.813672983787E-003 -5.441710716212E+000  4.945483345112E+001 -3.371615817900E+002
  7.452694253540E-002  1.839442042599E-003 -5.351939328419E+000  4.884289340920E+001 -3.329004472524E+002
  7.637933600943E-002  1.865371932600E-003 -5.262031776400E+000  4.823018742993E+001 -3.286384278064E+002
  7.825774090225E-002  1.891465328589E-003 -5.172013226076E+000  4.761688339017E+001 -3.243767541971E+002
  8.016232207035E-002  1.917724936867E-003 -5.081908748828E+000  4.700314806096E+001 -3.201166457008E+002
  8.209324709253E-002  1.944153495867E-003 -4.991743311861E+000  4.638914703710E+001 -3.158593095610E+002
  8.405068630235E-002  1.970753776782E-003 -4.901541768653E+000  4.577504466782E+001 -3.116059404338E+002
  8.603481282122E-002  1.997528584221E-003 -4.811328849502E+000  4.516100398858E+001 -3.073577198455E+002
  8.804580259214E-002  2.024480756857E-003 -4.721129152171E+000  4.454718665395E+001 -3.031158156601E+002
  9.008383441408E-002  2.051613168108E-003 -4.630967132640E+000  4.393375287173E+001 -2.988813815600E+002
  9.214908997710E-002  2.078928726810E-003 -4.540867095963E+000  4.332086133820E+001 -2.946555565378E+002
  9.424175389809E-002  2.106430377918E-003 -4.450853187242E+000  4.270866917479E+001 -2.904394644010E+002
  9.636201375725E-002  2.134121103210E-003 -4.360949382717E+000  4.209733186584E+001 -2.862342132894E+002
  9.851006013526E-002  2.162003922007E-003 -4.271179480980E+000  4.148700319793E+001 -2.820408952057E+002
  1.006860866512E-001  2.190081891910E-003 -4.181567094317E+000  4.087783520036E+001 -2.778605855596E+002
  1.028902900012E-001  2.218358109541E-003 -4.092135640173E+000  4.026997808723E+001 -2.736943427255E+002
  1.051228699979E-001  2.246835711311E-003 -4.002908332764E+000  3.966358020083E+001 -2.695432076145E+002
  1.073840296104E-001  2.275517874190E-003 -3.913908174818E+000  3.905878795660E+001 -2.654082032611E+002
  1.096739750056E-001  2.304407816497E-003 -3.825157949459E+000  3.845574578955E+001 -2.612903344235E+002
  1.119929155896E-001  2.333508798707E-003 -3.736680212250E+000  3.785459610224E+001 -2.571905872003E+002
  1.143410640503E-001  2.362824124271E-003 -3.648497283364E+000  3.725547921433E+001 -2.531099286614E+002
  1.167186364011E-001  2.392357140448E-003 -3.560631239931E+000  3.665853331375E+001 -2.490493064947E+002
  1.191258520249E-001  2.422111239159E-003 -3.473103908527E+000  3.606389440945E+001 -2.450096486684E+002
  1.215629337189E-001  2.452089857854E-003 -3.385936857829E+000  3.547169628588E+001 -2.409918631095E+002
  1.240301077413E-001  2.482296480400E-003 -3.299151391431E+000  3.488207045907E+001 -2.369968373981E+002
  1.265276038575E-001  2.512734637975E-003 -3.212768540828E+000  3.429514613448E+001 -2.330254384782E+002
  1.290556553882E-001  2.543407909995E-003 -3.126809058569E+000  3.371105016652E+001 -2.290785123847E+002
  1.316144992580E-001  2.574319925047E-003 -3.041293411581E+000  3.312990701984E+001 -2.251568839878E+002
  1.342043760450E-001  2.605474361847E-003 -2.956241774665E+000  3.255183873239E+001 -2.212613567531E+002
  1.368255300316E-001  2.636874950214E-003 -2.871674024173E+000  3.197696488024E+001 -2.173927125199E+002
  1.394782092560E-001  2.668525472060E-003 -2.787609731862E+000  3.140540254423E+001 -2.135517112955E+002
  1.421626655646E-001  2.700429762411E-003 -2.704068158929E+000  3.083726627835E+001 -2.097390910672E+002
  1.448791546661E-001  2.732591710434E-003 -2.621068250225E+000  3.027266808005E+001 -2.059555676314E+002
  1.476279361856E-001  2.765015260497E-003 -2.538628628666E+000  2.971171736227E+001 -2.022018344403E+002
  1.504092737207E-001  2.797704413242E-003 -2.456767589815E+000  2.915452092741E+001 -1.984785624654E+002
  1.532234348983E-001  2.830663226680E-003 -2.375503096662E+000  2.860118294308E+001 -1.947864000790E+002
  1.560706914324E-001  2.863895817319E-003 -2.294852774591E+000  2.805180491973E+001 -1.911259729528E+002
  1.589513191834E-001  2.897406361298E-003 -2.214833906538E+000  2.750648569008E+001 -1.874978839738E+002
  1.618655982178E-001  2.931199095559E-003 -2.135463428336E+000  2.696532139054E+001 -1.839027131783E+002
  1.648138128702E-001  2.965278319033E-003 -2.056757924261E+000  2.642840544433E+001 -1.803410177022E+002
  1.677962518056E-001  2.999648393860E-003 -1.978733622760E+000  2.589582854653E+001 -1.768133317497E+002
  1.708132080832E-001  3.034313746623E-003 -1.901406392386E+000  2.536767865103E+001 -1.733201665784E+002
  1.738649792215E-001  3.069278869616E-003 -1.824791737912E+000  2.484404095921E+001 -1.698620105022E+002
  1.769518672648E-001  3.104548322136E-003 -1.748904796654E+000  2.432499791055E+001 -1.664393289111E+002
  1.800741788507E-001  3.140126731803E-003 -1.673760334974E+000  2.381062917504E+001 -1.630525643073E+002
  1.832322252791E-001  3.176018795904E-003 -1.599372744988E+000  2.330101164738E+001 -1.597021363594E+002
  1.864263225826E-001  3.212229282769E-003 -1.525756041463E+000  2.279621944307E+001 -1.563884419720E+002
  1.896567915983E-001  3.248763033179E-003 -1.452923858907E+000  2.229632389616E+001 -1.531118553723E+002
  1.929239580409E-001  3.285624961791E-003 -1.380889448853E+000  2.180139355891E+001 -1.498727282132E+002
  1.962281525771E-001  3.322820058613E-003 -1.309665677337E+000  2.131149420311E+001 -1.466713896921E+002
  1.995697109023E-001  3.360353390492E-003 -1.239265022560E+000  2.082668882319E+001 -1.435081466854E+002
  2.029489738173E-001  3.398230102644E-003 -1.169699572749E+000  2.034703764101E+001 -1.403832838992E+002
  2.063662873085E-001  3.436455420218E-003 -1.100981024198E+000  1.987259811237E+001 -1.372970640346E+002
  2.098220026275E-001  3.475034649885E-003 -1.033120679507E+000  1.940342493516E+001 -1.342497279686E+002
  2.133164763746E-001  3.513973181471E-003 -9.661294459934E-001  1.893957005918E+001 -1.312414949496E+002
  2.168500705817E-001  3.553276489620E-003 -9.000178343011E-001  1.848108269757E+001 -1.282725628067E+002
  2.204231527988E-001  3.592950135496E-003 -8.347959571823E-001  1.802800933975E+001 -1.253431081745E+002
  2.240360961807E-001  3.632999768520E-003 -7.704735284648E-001  1.758039376604E+001 -1.224532867303E+002
  2.276892795770E-001  3.673431128145E-003 -7.070598621961E-001  1.713827706367E+001 -1.196032334450E+002
  2.313830876220E-001  3.714250045674E-003 -6.445638719646E-001  1.670169764435E+001 -1.167930628476E+002
  2.351179108282E-001  3.755462446115E-003 -5.829940703944E-001  1.627069126327E+001 -1.140228693021E+002
  2.388941456809E-001  3.797074350078E-003 -5.223585688121E-001  1.584529103949E+001 -1.112927272956E+002
  2.427121947345E-001  3.839091875711E-003 -4.626650770828E-001  1.542552747772E+001 -1.086026917401E+002
  2.465724667110E-001  3.881521240686E-003 -4.039209036124E-001  1.501142849142E+001 -1.059527982838E+002
  2.504753766009E-001  3.924368764227E-003 -3.461329555143E-001  1.460301942720E+001 -1.033430636345E+002
  2.544213457654E-001  3.967640869177E-003 -2.893077389375E-001  1.420032309048E+001 -1.007734858931E+002
  2.584108020414E-001  4.011344084122E-003 -2.334513595517E-001  1.380335977227E+001 -9.824404489700E+001
  2.624441798480E-001  4.055485045557E-003 -1.785695231895E-001  1.341214727725E+001 -9.575470257295E+001
  2.665219202956E-001  4.100070500102E-003 -1.246675366401E-001  1.302670095287E+001 -9.330540329943E+001
  2.706444712976E-001  4.145107306769E-003 -7.175030859214E-002  1.264703371949E+001 -9.089607427692E+001
  2.748122876832E-001  4.190602439283E-003 -1.982235072354E-002  1.227315610164E+001 -8.852662590658E+001
  2.790258313137E-001  4.236562988450E-003  3.111222106623E-002  1.190507626018E+001 -8.619695217629E+001
  2.832855712010E-001  4.282996164587E-003  8.104968528356E-002  1.154280002540E+001 -8.390693105371E+001
  2.875919836279E-001  4.329909300005E-003  1.299867133316E-001  1.118633093100E+001 -8.165642488579E+001
  2.919455522717E-001  4.377309851548E-003  1.779203678674E-001  1.083567024890E+001 -7.944528080417E+001
  2.963467683296E-001  4.425205403192E-003  2.248481010293E-001  1.049081702483E+001 -7.727333113598E+001
  3.007961306479E-001  4.473603668706E-003  2.707677525368E-001  1.015176811461E+001 -7.514039381945E+001
  3.052941458522E-001  4.522512494374E-003  3.156775476668E-001  9.818518221139E+000 -7.304627282381E+001
  3.098413284823E-001  4.571939861783E-003  3.595760951094E-001  9.491059932030E+000 -7.099075857298E+001
  3.144382011281E-001  4.621893890671E-003  4.024623847064E-001  9.169383757754E+000 -6.897362837232E+001
  3.190852945695E-001  4.672382841850E-003  4.443357850752E-001  8.853478170364E+000 -6.699464683816E+001
  3.237831479192E-001  4.723415120192E-003  4.851960411218E-001  8.543329642664E+000 -6.505356632929E+001
  3.285323087679E-001  4.774999277691E-003  5.250432714461E-001  8.238922687819E+000 -6.315012738010E+001
  3.333333333333E-001  4.827144016591E-003  5.638779656416E-001  7.940239899318E+000 -6.128405913462E+001
  3.381867866117E-001  4.879858192602E-003  6.017009814934E-001  7.647261991285E+000 -5.945507978106E+001
  3.430932425333E-001  4.933150818173E-003  6.385135420767E-001  7.359967839045E+000 -5.766289698625E+001
  3.480532841203E-001  4.987031065868E-003  6.743172327590E-001  7.078334519932E+000 -5.590720832946E+001
  3.530675036492E-001  5.041508271801E-003  7.091139981086E-001  6.802337354270E+000 -5.418770173510E+001
  3.581365028158E-001  5.096591939172E-003  7.429061387113E-001  6.531949946491E+000 -5.250405590372E+001
  3.632608929041E-001  5.152291741875E-003  7.756963078994E-001  6.267144226344E+000 -5.085594074087E+001
  3.684412949588E-001  5.208617528209E-003  8.074875083930E-001  6.007890490140E+000 -4.924301778329E+001
  3.736783399619E-001  5.265579324662E-003  8.382830888584E-001  5.754157442011E+000 -4.766494062190E+001
  3.789726690123E-001  5.323187339805E-003  8.680867403830E-001  5.505912235114E+000 -4.612135532126E+001
  3.843249335105E-001  5.381451968273E-003  8.969024928718E-001  5.263120512766E+000 -4.461190083479E+001
  3.897357953460E-001  5.440383794842E-003  9.247347113637E-001  5.025746449448E+000 -4.313620941552E+001
  3.952059270903E-001  5.499993598618E-003  9.515880922723E-001  4.793752791656E+000 -4.169390702188E+001
  4.007360121927E-001  5.560292357317E-003  9.774676595514E-001  4.567100898555E+000 -4.028461371795E+001
  4.063267451812E-001  5.621291251662E-003  1.002378760786E+000  4.345750782403E+000 -3.890794406806E+001
  4.119788318683E-001  5.683001669888E-003  1.026327063212E+000  4.129661148712E+000 -3.756350752502E+001
  4.176929895600E-001  5.745435212354E-003  1.049318549662E+000  3.918789436118E+000 -3.625090881185E+001
  4.234699472710E-001  5.808603696282E-003  1.071359514442E+000  3.713091855921E+000 -3.496974829657E+001
  4.293104459435E-001  5.872519160606E-003  1.092456559138E+000  3.512523431283E+000 -3.371962235968E+001
  4.352152386716E-001  5.937193870949E-003  1.112616588352E+000  3.317038036045E+000 -3.250012375406E+001
  4.411850909306E-001  6.002640324729E-003  1.131846805370E+000  3.126588433144E+000 -3.131084195701E+001
  4.472207808110E-001  6.068871256391E-003  1.150154707758E+000  2.941126312611E+000 -3.015136351408E+001
  4.533230992589E-001  6.135899642772E-003  1.167548082892E+000  2.760602329129E+000 -2.902127237453E+001
  4.594928503202E-001  6.203738708611E-003  1.184035003416E+000  2.584966139135E+000 -2.792015021807E+001
  4.657308513924E-001  6.272401932198E-003  1.199623822632E+000  2.414166437446E+000 -2.684757677283E+001
  4.720379334802E-001  6.341903051163E-003  1.214323169819E+000  2.248150993402E+000 -2.580313012423E+001
  4.784149414579E-001  6.412256068427E-003  1.228141945479E+000  2.086866686515E+000 -2.478638701460E+001
  4.848627343381E-001  6.483475258298E-003  1.241089316515E+000  1.930259541613E+000 -2.379692313354E+001
  4.913821855461E-001  6.555575172733E-003  1.253174711330E+000  1.778274763475E+000 -2.283431339874E+001
  4.979741832006E-001  6.628570647764E-003  1.264407814858E+000  1.630856770944E+000 -2.189813222722E+001
  5.046396304008E-001  6.702476810086E-003  1.274798563518E+000  1.487949230541E+000 -2.098795379703E+001
  5.113794455212E-001  6.777309083830E-003  1.284357140083E+000  1.349495089540E+000 -2.010335229910E+001
  5.181945625116E-001  6.853083197508E-003  1.293093968486E+000  1.215436608552E+000 -1.924390217957E+001
  5.250859312060E-001  6.929815191146E-003  1.301019708529E+000  1.085715393586E+000 -1.840917837224E+001
  5.320545176366E-001  7.007521423604E-003  1.308145250520E+000  9.602724276108E-001 -1.759875652145E+001
  5.391013043575E-001  7.086218580100E-003  1.314481709828E+000  8.390481016257E-001 -1.681221319526E+001
  5.462272907741E-001  7.165923679926E-003  1.320040421339E+000  7.219822452441E-001 -1.604912608906E+001
  5.534334934816E-001  7.246654084380E-003  1.324832933840E+000  6.090141568075E-001 -1.530907421967E+001
  5.607209466109E-001  7.328427504912E-003  1.328871004303E+000  5.000826330419E-001 -1.459163811015E+001
  5.680907021827E-001  7.411262011483E-003  1.332166592079E+000  3.951259982720E-001 -1.389639996528E+001
  5.755438304707E-001  7.495176041166E-003  1.334731852998E+000  2.940821332113E-001 -1.322294383795E+001
  5.830814203728E-001  7.580188406970E-003  1.336579133376E+000  1.968885033461E-001 -1.257085578669E+001
  5.907045797917E-001  7.666318306912E-003  1.337720963916E+000  1.034821869343E-001 -1.193972402443E+001
  5.984144360243E-001  7.753585333338E-003  1.338170053517E+000  1.379990263904E-002 -1.132913905874E+001
  6.062121361613E-001  7.842009482502E-003  1.337939282973E+000 -7.222196317857E-002 -1.073869382379E+001
  6.140988474955E-001  7.931611164409E-003  1.337041698575E+000 -1.546473294857E-001 -1.016798380423E+001
  6.220757579409E-001  8.022411212936E-003  1.335490505602E+000 -2.335403938979E-001 -9.616607151352E+000
  6.301440764614E-001  8.114430896230E-003  1.333299061702E+000 -3.089656062679E-001 -9.084164791592E+000
  6.383050335109E-001  8.207691927403E-003  1.330480870172E+000 -3.809876425177E-001 -8.570260527943E+000
  6.465598814833E-001  8.302216475524E-003  1.327049573120E+000 -4.496713786878E-001 -8.074501134320E+000
  6.549098951744E-001  8.398027176926E-003  1.323018944513E+000 -5.150818651771E-001 -7.596496443337E+000
  6.633563722545E-001  8.495147146827E-003  1.318402883126E+000 -5.772843011464E-001 -7.135859427747E+000
  6.719006337539E-001  8.593599991288E-003  1.313215405359E+000 -6.363440090601E-001 -6.692206275893E+000
  6.805440245593E-001  8.693409819506E-003  1.307470637952E+000 -6.923264093392E-001 -6.265156461486E+000
  6.892879139233E-001  8.794601256469E-003  1.301182810583E+000 -7.452969950985E-001 -5.854332808062E+000
  6.981336959871E-001  8.897199455961E-003  1.294366248350E+000 -7.953213069454E-001 -5.459361548444E+000
  7.070827903152E-001  9.001230113956E-003  1.287035364141E+000 -8.424649078121E-001 -5.079872379556E+000
  7.161366424455E-001  9.106719482390E-003  1.279204650891E+000 -8.867933578009E-001 -4.715498512939E+000
  7.252967244510E-001  9.213694383338E-003  1.270888673725E+000 -9.283721890161E-001 -4.365876721299E+000
  7.345645355186E-001  9.322182223606E-003  1.262102061994E+000 -9.672668803643E-001 -4.030647381446E+000
  7.439416025400E-001  9.432211009745E-003  1.252859501201E+000 -1.003542832300E+000 -3.709454513946E+000
  7.534294807203E-001  9.543809363512E-003  1.243175724819E+000 -1.037265341502E+000 -3.401945819830E+000
  7.630297542000E-001  9.657006537783E-003  1.233065506011E+000 -1.068499575454E+000 -3.107772714688E+000
  7.727440366954E-001  9.771832432940E-003  1.222543649243E+000 -1.097310546929E+000 -2.826590360466E+000
  7.825739721536E-001  9.888317613741E-003  1.211624981809E+000 -1.123763088349E+000 -2.558057695278E+000
  7.925212354258E-001  1.000649332670E-002  1.200324345258E+000 -1.147921826023E+000 -2.301837461542E+000
  8.025875329584E-001  1.012639151798E-002  1.188656586736E+000 -1.169851154238E+000 -2.057596232719E+000
  8.127746035011E-001  1.024804485184E-002  1.176636550245E+000 -1.189615209214E+000 -1.825004438958E+000
  8.230842188350E-001  1.037148672960E-002  1.164279067830E+000 -1.207277842907E+000 -1.603736391881E+000
  8.335181845190E-001  1.049675130923E-002  1.151598950692E+000 -1.222902596662E+000 -1.393470308790E+000
  8.440783406568E-001  1.062387352550E-002  1.138610980237E+000 -1.236552674720E+000 -1.193888336510E+000
  8.547665626839E-001  1.075288911077E-002  1.125329899078E+000 -1.248290917579E+000 -1.004676575101E+000
  8.655847621758E-001  1.088383461638E-002  1.111770401980E+000 -1.258179775215E+000 -8.255251016358E-001
  8.765348876780E-001  1.101674743475E-002  1.097947126772E+000 -1.266281280184E+000 -6.561279942289E-001
  8.876189255584E-001  1.115166582209E-002  1.083874645225E+000 -1.272657020599E+000 -4.961833564769E-001
  8.988389008829E-001  1.128862892191E-002  1.069567453917E+000 -1.277368113015E+000 -3.453933424651E-001
  9.101968783143E-001  1.142767678917E-002  1.055039965081E+000 -1.280475175233E+000 -2.034641824582E-001
  9.216949630368E-001  1.156885041525E-002  1.040306497455E+000 -1.282038299046E+000 -7.010620938274E-002
  9.333353017046E-001  1.171219175365E-002  1.025381267150E+000 -1.282117022952E+000  5.496611381445E-002
  9.451200834176E-001  1.185774374655E-002  1.010278378531E+000 -1.280770304861E+000  1.720341658697E-001
  9.570515407237E-001  1.200555035216E-002  9.950118151440E-001 -1.278056494831E+000  2.813751379260E-001
  9.691319506484E-001  1.215565657299E-002  9.795954306860E-001 -1.274033307865E+000  3.832620032554E-001
  9.813636357544E-001  1.230810848498E-002  9.640429400365E-001 -1.268757796803E+000  4.779634859836E-001
  9.937489652293E-001  1.246295326757E-002  9.483679103656E-001 -1.262286325351E+000  5.657440288361E-001
  1.006290356005E+000  1.262023923477E-002  9.325837523294E-001 -1.254674541293E+000  6.468637599516E-001
  1.018990273907E+000  1.278001586715E-002  9.167037113681E-001 -1.245977349923E+000  7.215784588239E-001
  1.031851234841E+000  1.294233384499E-002  9.007408591218E-001 -1.236248887751E+000  7.901395214579E-001
  1.044875806003E+000  1.310724508236E-002  8.847080849775E-001 -1.225542496534E+000  8.527939248415E-001
  1.058066607138E+000  1.327480276248E-002  8.686180877623E-001 -1.213910697671E+000  9.097841908560E-001
  1.071426311823E+000  1.344506137405E-002  8.524833675989E-001 -1.201405167038E+000  9.613483497634E-001
  1.084957648792E+000  1.361807674895E-002  8.363162179373E-001 -1.188076710292E+000  1.007719903430E+000
  1.098663403298E+000  1.379390610110E-002  8.201287177780E-001 -1.173975238725E+000  1.049127788458E+000
  1.112546418516E+000  1.397260806657E-002  8.039327241031E-001 -1.159149745714E+000  1.085796339412E+000
  1.126609596985E+000  1.415424274514E-002  7.877398645285E-001 -1.143648283820E+000  1.117945252342E+000
  1.140855902095E+000  1.433887174317E-002  7.715615301939E-001 -1.127517942619E+000  1.145789548831E+000
  1.155288359613E+000  1.452655821788E-002  7.554088689049E-001 -1.110804827295E+000  1.169539540763E+000
  1.169910059257E+000  1.471736692327E-002  7.392927785405E-001 -1.093554038089E+000  1.189400796088E+000
  1.184724156317E+000  1.491136425740E-002  7.232239007432E-001 -1.075809650632E+000  1.205574105794E+000
  1.199733873325E+000  1.510861831145E-002  7.072126149025E-001 -1.057614697249E+000  1.218255452358E+000
  1.214942501771E+000  1.530919892035E-002  6.912690324471E-001 -1.039011149280E+000  1.227635979929E+000
  1.230353403874E+000  1.551317771520E-002  6.754029914590E-001 -1.020039900481E+000  1.233901966505E+000
  1.245970014403E+000  1.572062817747E-002  6.596240516198E-001 -1.000740751561E+000  1.237234798367E+000
  1.261795842559E+000  1.593162569510E-002  6.439414895041E-001 -9.811523959144E-001  1.237810947033E+000
  1.277834473907E+000  1.614624762054E-002  6.283642942283E-001 -9.613124065945E-001  1.235801949008E+000
  1.294089572372E+000  1.636457333079E-002  6.129011634664E-001 -9.412572245943E-001  1.231374388573E+000
  1.310564882294E+000  1.658668428962E-002  5.975604998426E-001 -9.210221484687E-001  1.224689883884E+000
  1.327264230548E+000  1.681266411190E-002  5.823504077074E-001 -9.006413253529E-001  1.215905076632E+000
  1.344191528724E+000  1.704259863026E-002  5.672786903072E-001 -8.801477434172E-001  1.205171625494E+000
  1.361350775387E+000  1.727657596408E-002  5.523528473522E-001 -8.595732257982E-001  1.192636203628E+000
  1.378746058390E+000  1.751468659100E-002  5.375800729885E-001 -8.389484260411E-001  1.178440500417E+000
  1.396381557275E+000  1.775702342093E-002  5.229672541783E-001 -8.183028250838E-001  1.162721227681E+000
  1.414261545744E+000  1.800368187279E-002  5.085209694928E-001 -7.976647298108E-001  1.145610130558E+000
  1.432390394201E+000  1.825475995395E-002  4.942474883173E-001 -7.770612731968E-001  1.127234003216E+000
  1.450772572390E+000  1.851035834267E-002  4.801527704710E-001 -7.565184160579E-001  1.107714709576E+000
  1.469412652102E+000  1.877058047342E-002  4.662424662397E-001 -7.360609504214E-001  1.087169209180E+000
  1.488315309978E+000  1.903553262542E-002  4.525219168202E-001 -7.157125045187E-001  1.065709588328E+000
  1.507485330398E+000  1.930532401444E-002  4.389961551716E-001 -6.954955494039E-001  1.043443096595E+000
  1.526927608467E+000  1.958006688797E-002  4.256699072702E-001 -6.754314071894E-001  1.020472188784E+000
  1.546647153093E+000  1.985987662391E-002  4.125475937604E-001 -6.555402608881E-001  9.968945724039E-001
  1.566649090169E+000  2.014487183303E-002  3.996333319958E-001 -6.358411658435E-001  9.728032606731E-001
  1.586938665861E+000  2.043517446518E-002  3.869309384590E-001 -6.163520627236E-001  9.482866310717E-001
  1.607521250000E+000  2.073090991960E-002  3.744439315523E-001 -5.970897920466E-001  9.234284894170E-001
  1.628402339588E+000  2.103220715932E-002  3.621755347465E-001 -5.780701102031E-001  8.983081394141E-001
  1.649587562420E+000  2.133919883002E-002  3.501286800747E-001 -5.593077069295E-001  8.730004576097E-001
  1.671082680832E+000  2.165202138333E-002  3.383060119580E-001 -5.408162241841E-001  8.475759736463E-001
  1.692893595565E+000  2.197081520497E-002  3.267098913464E-001 -5.226082763694E-001  8.221009556880E-001
  1.715026349769E+000  2.229572474776E-002  3.153424001604E-001 -5.046954718392E-001  7.966375008629E-001
  1.737487133138E+000  2.262689866987E-002  3.042053460139E-001 -4.870884356223E-001  7.712436305385E-001
  1.760282286187E+000  2.296448997842E-002  2.933002672023E-001 -4.697968332902E-001  7.459733902192E-001
  1.783418304674E+000  2.330865617868E-002  2.826284379346E-001 -4.528293958900E-001  7.208769538326E-001
  1.806901844175E+000  2.365955942924E-002  2.721908737915E-001 -4.361939458593E-001  6.960007321419E-001
  1.830739724818E+000  2.401736670327E-002  2.619883373882E-001 -4.198974238353E-001  6.713874850003E-001
  1.854938936184E+000  2.438224995616E-002  2.520213442212E-001 -4.039459162660E-001  6.470764371391E-001
  1.879506642368E+000  2.475438629994E-002  2.422901686787E-001 -3.883446837276E-001  6.231033971614E-001
  1.904450187236E+000  2.513395818467E-002  2.327948501923E-001 -3.730981898504E-001  5.995008793899E-001
  1.929777099847E+000  2.552115358717E-002  2.235351995101E-001 -3.582101307510E-001  5.762982282034E-001
  1.955495100083E+000  2.591616620741E-002  2.145108050688E-001 -3.436834648677E-001  5.535217444779E-001
  1.981612104475E+000  2.631919567292E-002  2.057210394453E-001 -3.295204430951E-001  5.311948137333E-001
  2.008136232230E+000  2.673044775156E-002  1.971650658668E-001 -3.157226391129E-001  5.093380355788E-001
  2.035075811486E+000  2.715013457311E-002  1.888418447599E-001 -3.022909798028E-001  4.879693540358E-001
  2.062439385788E+000  2.757847486001E-002  1.807501403208E-001 -2.892257756504E-001  4.671041883159E-001
  2.090235720801E+000  2.801569416771E-002  1.728885270877E-001 -2.765267510284E-001  4.467555636220E-001
  2.118473811262E+000  2.846202513514E-002  1.652553964995E-001 -2.641930742615E-001  4.269342415456E-001
  2.147162888201E+000  2.891770774564E-002  1.578489634261E-001 -2.522233873748E-001  4.076488496295E-001
  2.176312426413E+000  2.938298959899E-002  1.506672726548E-001 -2.406158354317E-001  3.889060096749E-001
  2.205932152222E+000  2.985812619504E-002  1.437082053228E-001 -2.293680953734E-001  3.707104643776E-001
  2.236032051522E+000  3.034338122938E-002  1.369694852837E-001 -2.184774042737E-001  3.530652018884E-001
  2.266622378129E+000  3.083902690182E-002  1.304486854000E-001 -2.079405869340E-001  3.359715779101E-001
  2.297713662445E+000  3.134534423818E-002  1.241432337548E-001 -1.977540827434E-001  3.194294349575E-001
  2.329316720450E+000  3.186262342603E-002  1.180504197784E-001 -1.879139717428E-001  3.034372184294E-001
  2.361442663038E+000  3.239116416519E-002  1.121674002856E-001 -1.784159998338E-001  2.879920891632E-001
  2.394102905709E+000  3.293127603351E-002  1.064912054255E-001 -1.692556030855E-001  2.730900321704E-001
  2.427309178642E+000  3.348327886897E-002  1.010187445427E-001 -1.604279310985E-001  2.587259612767E-001
  2.461073537146E+000  3.404750316862E-002  9.574681195541E-002 -1.519278693958E-001  2.448938194250E-001
  2.495408372530E+000  3.462429050548E-002  9.067209265393E-002 -1.437500608188E-001  2.315866744287E-001
  2.530326423398E+000  3.521399396401E-002  8.579116792872E-002 -1.358889259161E-001  2.187968099998E-001
  2.565840787378E+000  3.581697859546E-002  8.110052093572E-002 -1.283386823221E-001  2.065158119119E-001
  2.601964933334E+000  3.643362189376E-002  7.659654221007E-002 -1.210933631335E-001  1.947346491940E-001
  2.638712714049E+000  3.706431429322E-002  7.227553514042E-002 -1.141468342968E-001  1.834437502918E-001
  2.676098379430E+000  3.770945968912E-002  6.813372141682E-002 -1.074928110352E-001  1.726330741678E-001
  2.714136590232E+000  3.836947598236E-002  6.416724646680E-002 -1.011248733447E-001  1.622921763551E-001
  2.752842432351E+000  3.904479564947E-002  6.037218489435E-002 -9.503648060345E-002  1.524102700113E-001
  2.792231431696E+000  3.973586633921E-002  5.674454593728E-002 -8.922098534244E-002  1.429762820631E-001
  2.832319569669E+000  4.044315149734E-002  5.328027895852E-002 -8.367164623203E-002  1.339789045605E-001
  2.873123299289E+000  4.116713102086E-002  4.997527898649E-002 -7.838164034709E-002  1.254066414007E-001
  2.914659561979E+000  4.190830194354E-002  4.682539231917E-002 -7.334407477604E-002  1.172478506075E-001
  2.956945805065E+000  4.266717915414E-002  4.382642220564E-002 -6.855199764394E-002  1.094907823854E-001
  3.000000000000E+000  4.344429614932E-002  4.097413461730E-002 -6.399840862245E-002  1.021236131910E-001
  3.043840661365E+000  4.424020582308E-002  3.826426411947E-002 -5.967626900060E-002  9.513447608856E-002
  3.088486866678E+000  4.505548129460E-002  3.569251985192E-002 -5.557851139103E-002  8.851148767581E-002
  3.133958277047E+000  4.589071677685E-002  3.325459162442E-002 -5.169804914495E-002  8.224277187926E-002
  3.180275158719E+000  4.674652848797E-002  3.094615613071E-002 -4.802778554713E-002  7.631648093194E-002
  3.227458405560E+000  4.762355560797E-002  2.876288328114E-002 -4.456062285841E-002  7.072081385069E-002
  3.275529562509E+000  4.852246128332E-002  2.670044265099E-002 -4.128947126849E-002  6.544403273341E-002
  3.324510850077E+000  4.944393368200E-002  2.475451003787E-002 -3.820725781590E-002  6.047447719383E-002
  3.374425189910E+000  5.038868710203E-002  2.292077411763E-002 -3.530693532457E-002  5.580057724419E-002
  3.425296231502E+000  5.135746313639E-002  2.119494318477E-002 -3.258149139855E-002  5.141086492521E-002
  3.477148380094E+000  5.235103189784E-002  1.957275195883E-002 -3.002395750727E-002  4.729398496684E-002
  3.530006825834E+000  5.337019330676E-002  1.804996843472E-002 -2.762741818368E-002  4.343870474380E-002
  3.583897574256E+000  5.441577844603E-002  1.662240075068E-002 -2.538502034739E-002  3.983392376675E-002
  3.638847478148E+000  5.548865098670E-002  1.528590404411E-002 -2.328998275374E-002  3.646868292352E-002
  3.694884270887E+000  5.658970868864E-002  1.403638726169E-002 -2.133560555886E-002  3.333217365553E-002
  3.752036601308E+000  5.771988498079E-002  1.286981988704E-002 -1.951527997921E-002  3.041374722326E-002
  3.810334070199E+000  5.888015062562E-002  1.178223854649E-002 -1.782249801332E-002  2.770292418132E-002
  3.869807268505E+000  6.007151547295E-002  1.076975345070E-002 -1.625086218269E-002  2.518940414953E-002
  3.930487817331E+000  6.129503030858E-002  9.828554628285E-003 -1.479409523880E-002  2.286307593210E-002
  3.992408409843E+000  6.255178880352E-002  8.954917906356E-003 -1.344604977392E-002  2.071402800214E-002
  4.055602855172E+000  6.384292957002E-002  8.145210591859E-003 -1.220071766545E-002  1.873255933590E-002
  4.120106124432E+000  6.516963833101E-002  7.395896808142E-003 -1.105223927641E-002  1.690919054877E-002
  4.185954398964E+000  6.653315021009E-002  6.703542441705E-003 -9.994912329382E-003  1.523467525596E-002
  4.253185120935E+000  6.793475214960E-002  6.064819655872E-003 -9.023200367407E-003  1.370001155354E-002
  4.321837046422E+000  6.937578546490E-002  5.476510930520E-003 -8.131740713000E-003  1.229645349242E-002
  4.391950301120E+000  7.085764854355E-002  4.935512590296E-003 -7.315351836437E-003  1.101552239820E-002
  4.463566438835E+000  7.238179969882E-002  4.438837787808E-003 -6.569040045910E-003  9.849017874434E-003
  4.536728502895E+000  7.394976018725E-002  3.983618913139E-003 -5.888005415769E-003  8.789028316270E-003
  4.611481090679E+000  7.556311740127E-002  3.567109406615E-003 -5.267646874590E-003  7.827940755458E-003
  4.687870421430E+000  7.722352824817E-002  3.186684957989E-003 -4.703566382177E-003  6.958449856731E-003
  4.765944407533E+000  7.893272272784E-002  2.839844082068E-003 -4.191572133758E-003  6.173565889476E-003
  4.845752729492E+000  8.069250772248E-002  2.524208068077E-003 -3.727680740515E-003  5.466621507410E-003
  4.927346914797E+000  8.250477101257E-002  2.237520307781E-003 -3.308118347828E-003  4.831277182247E-003
  5.010780420931E+000  8.437148553436E-002  1.977645015288E-003 -2.929320666262E-003  4.261525155001E-003
  5.096108722763E+000  8.629471389541E-002  1.742565359448E-003 -2.587931904825E-003  3.751691789988E-003
  5.183389404586E+000  8.827661316581E-002  1.530381037755E-003 -2.280802611403E-003  3.296438241344E-003
  5.272682257105E+000  9.031943996425E-002  1.339305328349E-003 -2.004986440972E-003  2.890759369354E-003
  5.364049379651E+000  9.242555585946E-002  1.167661664057E-003 -1.757735888002E-003  2.529980873360E-003
  5.457555287978E+000  9.459743310926E-002  1.013879779199E-003 -1.536497035068E-003  2.209754638858E-003
  5.553267027968E+000  9.683766076100E-002  8.764914858980E-004 -1.338903384598E-003  1.926052327730E-003
  5.651254295630E+000  9.914895113938E-002  7.541261418190E-004 -1.162768854760E-003  1.675157271709E-003
  5.751589563796E+000  1.015341467494E-001  6.455058753612E-004 -1.006080033193E-003  1.453654759340E-003
  5.854348215936E+000  1.039962276248E-001  5.494406372773E-004 -8.669877934407E-004  1.258420835114E-003
  5.959608687557E+000  1.065383191537E-001  4.648231493646E-004 -7.437983882129E-004  1.086609755454E-003
  6.067452615683E+000  1.091637004188E-001  3.906238211549E-004 -6.349641407164E-004  9.356402691476E-004
  6.177964996951E+000  1.118758130872E-001  3.258857043809E-004 -5.390738600782E-004  8.031809091065E-004
  6.291234354880E+000  1.146782708938E-001  2.697195523825E-004 -4.548431091624E-004  6.871344975118E-004
  6.407352916949E+000  1.175748697626E-001  2.212990475319E-004 -3.811044527492E-004  5.856220771174E-004
  6.526416802128E+000  1.205695986129E-001  1.798562542505E-004 -3.167978110692E-004  4.969664874585E-004
  6.648526219580E+000  1.236666509049E-001  1.446773483451E-004 -2.609610380802E-004  4.196758058484E-004
  6.773785679311E+000  1.268704369821E-001  1.150986653139E-004 -2.127208357348E-004  3.524268693105E-004
  6.902304215570E+000  1.301855972713E-001  9.050310114032E-005 -1.712841049670E-004  2.940490851208E-004
  7.034195623922E+000  1.336170164087E-001  7.031688909018E-005 -1.359298214474E-004  2.435087246625E-004
  7.169578712934E+000  1.371698383673E-001  5.400676539751E-005 -1.060015096134E-004  1.998938781786E-004
  7.308577571516E+000  1.408494826628E-001  4.107752572960E-005 -8.090037240590E-005  1.624002272306E-004
  7.451321853057E+000  1.446616617293E-001  3.106996325840E-005 -6.007911695311E-005  1.303177677814E-004
  7.597947077547E+000  1.486123995567E-001  2.355916834755E-005 -4.303649856213E-005  1.030185904904E-004
  7.748594953021E+000  1.527080516973E-001  1.815315961746E-005 -2.931258729856E-005  7.994579674722E-005
  7.903413717736E+000  1.569553267535E-001  1.449180680595E-005 -1.848474364815E-005  6.060359995533E-005
  8.062558504629E+000  1.613613094717E-001  1.224599771921E-005 -1.016427277016E-005  4.454863240708E-005
  8.226191729726E+000  1.659334855793E-001  1.111699496980E-005 -3.993711171126E-006  3.138244958473E-005
  8.394483506327E+000  1.706797685137E-001  1.083592339557E-005  3.553142732819E-007  2.074519666565E-005
  8.567612086926E+000  1.756085282071E-001  1.116332627070E-005  3.183726705134E-006  1.231037716850E-005
  8.745764335025E+000  1.807286221064E-001  1.188872782808E-005  4.766219925725E-006  5.780641741916E-006
  8.929136229160E+000  1.860494286260E-001  1.283014131146E-005  5.352146327263E-006  8.844966771589E-007
  9.117933401693E+000  1.915808832504E-001  1.383346578988E-005  5.166162226765E-006 -2.626182681613E-006
  9.312371715124E+000  1.973335175235E-001  1.477172123317E-005  4.408720567538E-006 -4.977958483238E-006
  9.512677878945E+000  2.033185011886E-001  1.554407971221E-005  3.256497588535E-006 -6.377087153850E-006
  9.719090110332E+000  2.095476877688E-001  1.607466080485E-005  1.862833604687E-006 -7.010357473065E-006
  9.931858842267E+000  2.160336639044E-001  1.631107102206E-005  3.582587417289E-007 -7.045637221890E-006
  1.015124748302E+001  2.227898028021E-001  1.622267989921E-005 -1.148837302322E-006 -6.632247646841E-006
  1.037753323129E+001  2.298303221843E-001  1.579863883475E-005 -2.571346158320E-006 -5.901273136967E-006
  1.061100795175E+001  2.371703471699E-001  1.504566225672E-005 -3.842362212282E-006 -4.965898452104E-006
  1.085197911611E+001  2.448259785618E-001  1.398560367896E-005 -4.913870351567E-006 -3.921848304469E-006
  1.110077081537E+001  2.528143670735E-001  1.265287108553E-005 -5.755201815832E-006 -2.847984916389E-006
  1.135772484956E+001  2.611537940784E-001  1.109173628595E-005 -6.351275268644E-006 -1.807099254633E-006
  1.162320190175E+001  2.698637595360E-001  9.353600897075E-006 -6.700654178717E-006 -8.469118999518E-007
  1.189758280382E+001  2.789650778206E-001  7.494286987907E-006 -6.813463571308E-006 -1.280850549919E-009
  1.218126990242E+001  2.884799822596E-001  5.571422838602E-006 -6.709218627512E-006  7.084031874342E-007
  1.247468853413E+001  2.984322392826E-001  3.641993510041E-006 -6.414624042702E-006  1.271667582344E-006
  1.277828862002E+001  3.088472731875E-001  1.760121941139E-006 -5.961406226772E-006  1.687299108514E-006
  1.309254639077E+001  3.197523026463E-001 -2.486080602423E-008 -5.384240230332E-006  1.961627644974E-006
  1.341796625462E+001  3.311764902095E-001 -1.670007479316E-006 -4.718829785571E-006  2.106807657344E-006
  1.375508282195E+001  3.431511062169E-001 -3.139972443592E-006 -4.000192310559E-006  2.139152779609E-006
  1.410446310162E+001  3.557097086969E-001 -4.407833285656E-006 -3.261191561375E-006  2.077575273876E-006
  1.446670888596E+001  3.688883410292E-001 -5.455509549701E-006 -2.531349390847E-006  1.942175617093E-006
  1.484245934302E+001  3.827257493700E-001 -6.273787767254E-006 -1.835955458943E-006  1.753018550640E-006
  1.523239383723E+001  3.972636220891E-001 -6.861977403644E-006 -1.195480478859E-006  1.529121351485E-006
  1.563723500136E+001  4.125468537596E-001 -7.227236637131E-006 -6.252854370019E-007  1.287668623298E-006
  1.605775208607E+001  4.286238365683E-001 -7.383619277277E-006 -1.356069297309E-007  1.043456349360E-006
  1.649476461582E+001  4.455467823929E-001 -7.350903970590E-006  2.682120219850E-007  8.085570345219E-007
  1.694914638379E+001  4.633720792263E-001 -7.153273620899E-006  5.852850368433E-007  5.921881319386E-007
  1.742182982203E+001  4.821606861220E-001 -6.817916320576E-006  8.185849211289E-007  4.007581071392E-007
  1.791381078784E+001  5.019785714107E-001 -6.373618882987E-006  9.742348408515E-007  2.380587809247E-007
  1.842615381215E+001  5.228971995942E-001 -5.849420320767E-006  1.060738013346E-006  1.055691842972E-007
  1.895999786176E+001  5.449940730840E-001 -5.273385560486E-006  1.088193887232E-006  2.835054010776E-009
  1.951656267356E+001  5.683533358366E-001 -4.671549742254E-006  1.067544427588E-006 -7.211085646500E-008
  2.009715572669E+001  5.930664469535E-001 -4.067071210563E-006  1.009887732879E-006 -1.223195589825E-007
  2.070317992707E+001  6.192329335039E-001 -3.479617486571E-006  9.258882718607E-007 -1.515152014024E-007
  2.133614208874E+001  6.469612332096E-001 -2.924993948604E-006  8.253041019566E-007 -1.637250470076E-007
  2.199766230782E+001  6.763696392388E-001 -2.415010518992E-006  7.166421093618E-007 -1.629660009653E-007
  2.268948433818E+001  7.075873612439E-001 -1.957568246644E-006  6.069431883400E-007 -1.529973824552E-007
  2.341348709294E+001  7.407557189842E-001 -1.556936118891E-006  5.016909103445E-007 -1.371436565827E-007
  2.417169741362E+001  7.760294874639E-001 -1.214179453608E-006  4.048301125658E-007 -1.181854677170E-007
  2.496630426925E+001  8.135784155747E-001 -9.276953643769E-007  3.188763522279E-007 -9.831284011585E-008
  2.579967457140E+001  8.535889438281E-001 -6.938083851386E-007  2.450935953117E-007 -7.913103391693E-008
  2.667437081864E+001  8.962661510291E-001 -5.073804504616E-007  1.837159593423E-007 -6.170737569523E-008
  2.759317081651E+001  9.418359647997E-001 -3.623938303713E-007  1.341897747883E-007 -4.664644023295E-008
  2.855908975674E+001  9.905476768748E-001 -2.524728080380E-007  9.541447456035E-008 -3.418116941057E-008
  2.957540498378E+001  1.042676811269E+000 -1.713191071591E-007  6.596452535637E-008 -2.426871590036E-008
  3.064568382919E+001  1.098528402000E+000 -1.130463811383E-007  4.427931900237E-008 -1.668176337451E-008
  3.177381495601E+001  1.158440747351E+000 -7.240943576847E-008  2.881311293137E-008 -1.108852118666E-008
  3.296404372807E+001  1.222789720048E+000 -4.493326429763E-008  1.814219537695E-008 -7.117217897099E-009
  3.422101220608E+001  1.291993727721E+000 -2.695456915459E-008  1.103094722030E-008 -4.403432719083E-009
  3.554980447538E+001  1.366519436102E+000 -1.559362528001E-008  6.461979690247E-009 -2.620757980911E-009
  3.695599813319E+001  1.446888389511E+000 -8.676836011040E-009  3.637800898641E-009 -1.496901130456E-009
  3.844572291106E+001  1.533684690030E+000 -4.630234500374E-009  1.962440794723E-009 -8.183233842000E-010
  4.002572758518E+001  1.627563929686E+000 -2.361912793900E-009  1.011258035308E-009 -4.268800479150E-010
  4.170345654134E+001  1.729263610453E+000 -1.147582741398E-009  4.960242042714E-010 -2.117650363746E-010
  4.348713762001E+001  1.839615336740E+000 -5.289720888304E-010  2.306815924684E-010 -9.951928040006E-011
  4.538588318162E+001  1.959559126947E+000 -2.302964007492E-010  1.012723414577E-010 -4.411645844744E-011
  4.740980671574E+001  2.090160267552E+000 -9.423385912956E-011  4.176529798598E-011 -1.835885730845E-011
  4.957015778746E+001  2.232629229408E+000 -3.604174441723E-011  1.609228882560E-011 -7.133470365550E-012
  5.187947869225E+001  2.388345286640E+000 -1.280611189721E-011  5.757666719516E-012 -2.572406795915E-012
  5.435178690397E+001  2.558884630889E+000 -4.198130516548E-012  1.899896361796E-012 -8.550895900304E-013
  5.700278828629E+001  2.746053966795E+000 -1.260001634303E-012  5.737592547148E-013 -2.600143642284E-013
  5.985012714155E+001  2.951930820846E+000 -3.432362440156E-013  1.572126052181E-013 -7.170590899114E-014
  6.291368055481E+001  3.178912111311E+000 -8.403685753107E-014  3.870443451022E-014 -1.776057666359E-014
  6.621590623276E+001  3.429772933797E+000 -1.828905213647E-014  8.467379147775E-015 -3.907653870179E-015
  6.978225524452E+001  3.707738044625E+000 -3.493820485010E-015  1.625562781979E-015 -7.542153034017E-016
  7.364166388185E+001  4.016569212832E+000 -5.775480168243E-016  2.699744128941E-016 -1.258934196938E-016
  7.782714245929E+001  4.360672516382E+000 -8.127620494657E-017  3.816120978087E-017 -1.787990462988E-017
  8.237648351994E+001  4.745230855210E+000 -9.556582942885E-018  4.505932574578E-018 -2.120668298380E-018
  8.733311794503E+001  5.176368549127E+000 -9.188889480929E-019  4.349840004414E-019 -2.055873568025E-019
  9.274715535088E+001  5.661357031559E+000 -7.047870993937E-020  3.348933419938E-020 -1.589138534164E-020
  9.867665554529E+001  6.208873552072E+000 -4.189687231960E-021  1.997944465901E-021 -9.516432761315E-022
  1.051891916055E+002  6.829328764649E+000 -1.866683550824E-022  8.931925768050E-023 -4.269534849274E-023
  1.123637836013E+002  7.535284543316E+000 -5.993571797705E-024  2.877107791874E-024 -1.379909753520E-024
  1.202933069206E+002  8.341990973528E+000 -1.324308938121E-025  6.376508066608E-026 -3.068002773268E-026
  1.290875131414E+002  9.268082166539E+000 -1.906742336972E-027  9.207450881459E-028 -4.443386450491E-028
  1.388768482001E+002  1.033648575811E+001 -1.676582660218E-029  8.118204107277E-030 -3.928837218400E-030
  1.498173177370E+002  1.157562284364E+001 -8.330781793268E-032  4.044316008511E-032 -1.962500400764E-032
  1.620967411853E+002  1.302100699722E+001 -2.130507114891E-034  1.036826484732E-034 -5.043893595964E-035
  1.759428668168E+002  1.471739812515E+001 -2.503671790674E-037  1.221254581090E-037 -5.955234059868E-038
  1.916340085825E+002  1.672173748087E+001 -1.176998759727E-040  5.753800375626E-041 -2.812034657383E-041
  2.095131417987E+002  1.910719757888E+001 -1.865847215560E-044  9.140106059048E-045 -4.476446582775E-045
  2.300068054477E+002  2.196884699990E+001 -8.064295530155E-049  3.958096089497E-049 -1.942362206221E-049
  2.536507797910E+002  2.543169216868E+001 -7.275434905079E-054  3.577451824620E-054 -1.758842703867E-054
  2.811254638474E+002  2.966227967912E+001 -9.759233227250E-060  4.807035688384E-060 -2.367497281234E-060
  3.133053780630E+002  3.488573552677E+001 -1.258378196520E-066  6.208305518529E-067 -3.062637629335E-067
  3.513296254502E+002  4.141128389041E+001 -8.835823975276E-075  4.365802267018E-075 -2.156999933736E-075
  3.967041014106E+002  4.967130404214E+001 -1.593591712756E-084  7.885066523763E-085 -3.901302827637E-085
  4.514529193349E+002  6.028257212519E+001 -2.688136820142E-096  1.331828653623E-096 -6.598223139904E-097
  5.183481233601E+002  7.414493328740E+001 -1.062845052078E-110  5.272227346790E-111 -2.615197693330E-111
  6.012676077950E+002  9.260523890243E+001 -1.420722462883E-128  7.055375475376E-129 -3.503651205943E-129
  7.057700503752E+002  1.177394213729E+002 -3.998931724812E-151  1.987934310440E-151 -9.882180057809E-152
  8.400513767914E+002  1.528577972397E+002 -3.952299789951E-180  1.966601486225E-180 -9.785380728035E-181
  1.016602135495E+003  2.034537342122E+002 -2.674554697904E-218  1.331951647885E-218 -6.633182758071E-219
  1.255220715580E+003  2.790860613466E+002 -6.266539640676E-270  3.123187004744E-270 -1.556560206165E-270
  1.588815776243E+003  3.973705897531E+002  0.000000000000E+000  0.000000000000E+000  0.000000000000E+000
  2.075392011604E+003  5.931596040112E+002  0.000000000000E+000  0.000000000000E+000  0.000000000000E+000
  2.825079847529E+003  9.419154890021E+002  0.000000000000E+000  0.000000000000E+000  0.000000000000E+000
  4.068408296184E+003  1.627629972033E+003  0.000000000000E+000  0.000000000000E+000  0.000000000000E+000
  6.357262947674E+003  3.178964796686E+003  0.000000000000E+000  0.000000000000E+000  0.000000000000E+000
  1.130231930164E+004  7.535323971013E+003  0.000000000000E+000  0.000000000000E+000  0.000000000000E+000
  2.543105175140E+004  2.543171841285E+004  0.000000000000E+000  0.000000000000E+000  0.000000000000E+000
  1.017262069958E+005  2.034537473226E+005  0.000000000000E+000  0.000000000000E+000  0.000000000000E+000
