# 1st line: number of mesh points
# abcissa weight wavefunction wavefunction_1st wavefunction_2nd
500
# Principal QN=   1 , l=   1 , Occupation=   0.0000
  9.830308526508E-006  1.966074589941E-005  4.912472582540E-006  4.997176569893E-001 -1.942082450936E+000
  3.932200719717E-005  3.932303800261E-005  1.964915061450E-005  4.996603862275E-001 -1.941773991785E+000
  8.847741541455E-005  5.898842277178E-005  4.420781516683E-005  4.995649501679E-001 -1.941259988488E+000
  1.573003992804E-004  7.865844718600E-005  7.858476875114E-005  4.994313716205E-001 -1.940540583949E+000
  2.457963722417E-004  9.833465899987E-005  1.227748364091E-004  4.992596825091E-001 -1.939615978178E+000
  3.539722959954E-004  1.180186070023E-004  1.767713672383E-004  4.990499238606E-001 -1.938486428238E+000
  4.818366816528E-004  1.377118412759E-004  2.405662363521E-004  4.988021457924E-001 -1.937152248171E+000
  6.293995911626E-004  1.574159134560E-004  3.141498472761E-004  4.985164074957E-001 -1.935613808916E+000
  7.966726389934E-004  1.771323769912E-004  3.975111347776E-004  4.981927772165E-001 -1.933871538201E+000
  9.836689940782E-004  1.968627874036E-004  4.906375681300E-004  4.978313322337E-001 -1.931925920432E+000
  1.190403382016E-003  2.166087025496E-004  5.935151548097E-004  4.974321588338E-001 -1.929777496552E+000
  1.416892087541E-003  2.363716828821E-004  7.061284446268E-004  4.969953522833E-001 -1.927426863898E+000
  1.663152957245E-003  2.561532917128E-004  8.284605342865E-004  4.965210167975E-001 -1.924874676032E+000
  1.929205402573E-003  2.759550954757E-004  9.604930723818E-004  4.960092655069E-001 -1.922121642559E+000
  2.215070403074E-003  2.957786639908E-004  1.102206264817E-003  4.954602204202E-001 -1.919168528935E+000
  2.520770509919E-003  3.156255707300E-004  1.253578880658E-003  4.948740123847E-001 -1.916016156249E+000
  2.846329849692E-003  3.354973930828E-004  1.414588258413E-003  4.942507810438E-001 -1.912665400996E+000
  3.191774128432E-003  3.553957126240E-004  1.585210312739E-003  4.935906747912E-001 -1.909117194836E+000
  3.557130635959E-003  3.753221153821E-004  1.765419541570E-003  4.928938507224E-001 -1.905372524327E+000
  3.942428250463E-003  3.952781921092E-004  1.955189033675E-003  4.921604745834E-001 -1.901432430653E+000
  4.347697443358E-003  4.152655385525E-004  2.154490476632E-003  4.913907207162E-001 -1.897298009333E+000
  4.772970284417E-003  4.352857557265E-004  2.363294165228E-003  4.905847720015E-001 -1.892970409909E+000
  5.218280447175E-003  4.553404501876E-004  2.581569010272E-003  4.897428197985E-001 -1.888450835622E+000
  5.683663214611E-003  4.754312343099E-004  2.809282547830E-003  4.888650638818E-001 -1.883740543075E+000
  6.169155485101E-003  4.955597265624E-004  3.046400948869E-003  4.879517123748E-001 -1.878840841873E+000
  6.674795778653E-003  5.157275517886E-004  3.292889029321E-003  4.870029816816E-001 -1.873753094251E+000
  7.200624243425E-003  5.359363414876E-004  3.548710260550E-003  4.860190964143E-001 -1.868478714688E+000
  7.746682662519E-003  5.561877340970E-004  3.813826780230E-003  4.850002893184E-001 -1.863019169499E+000
  8.313014461060E-003  5.764833752781E-004  4.088199403632E-003  4.839468011951E-001 -1.857375976414E+000
  8.899664713569E-003  5.968249182030E-004  4.371787635305E-003  4.828588808206E-001 -1.851550704144E+000
  9.506680151615E-003  6.172140238444E-004  4.664549681165E-003  4.817367848625E-001 -1.845544971924E+000
  1.013410917176E-002  6.376523612666E-004  4.966442460981E-003  4.805807777935E-001 -1.839360449043E+000
  1.078200184380E-002  6.581416079202E-004  5.277421621243E-003  4.793911318016E-001 -1.832998854361E+000
  1.145040991929E-002  6.786834499385E-004  5.597441548442E-003  4.781681266985E-001 -1.826461955805E+000
  1.213938684040E-002  6.992795824361E-004  5.926455382712E-003  4.769120498238E-001 -1.819751569847E+000
  1.284898774901E-002  7.199317098113E-004  6.264415031880E-003  4.756231959477E-001 -1.812869560975E+000
  1.357926949620E-002  7.406415460502E-004  6.611271185876E-003  4.743018671695E-001 -1.805817841136E+000
  1.433029065191E-002  7.614108150341E-004  6.966973331535E-003  4.729483728143E-001 -1.798598369168E+000
  1.510211151509E-002  7.822412508494E-004  7.331469767756E-003  4.715630293262E-001 -1.791213150219E+000
  1.589479412397E-002  8.031345981016E-004  7.704707621043E-003  4.701461601591E-001 -1.783664235142E+000
  1.670840226680E-002  8.240926122311E-004  8.086632861398E-003  4.686980956642E-001 -1.775953719881E+000
  1.754300149280E-002  8.451170598329E-004  8.477190318578E-003  4.672191729752E-001 -1.768083744833E+000
  1.839865912351E-002  8.662097189796E-004  8.876323698709E-003  4.657097358904E-001 -1.760056494199E+000
  1.927544426443E-002  8.873723795480E-004  9.283975601237E-003  4.641701347519E-001 -1.751874195316E+000
  2.017342781695E-002  9.086068435487E-004  9.700087536237E-003  4.626007263221E-001 -1.743539117974E+000
  2.109268249069E-002  9.299149254598E-004  1.012459994205E-002  4.610018736579E-001 -1.735053573714E+000
  2.203328281612E-002  9.512984525641E-004  1.055745220325E-002  4.593739459812E-001 -1.726419915112E+000
  2.299530515754E-002  9.727592652906E-004  1.099858266895E-002  4.577173185479E-001 -1.717640535044E+000
  2.397882772639E-002  9.942992175591E-004  1.144792867141E-002  4.560323725126E-001 -1.708717865936E+000
  2.498393059493E-002  1.015920177130E-003  1.190542654500E-002  4.543194947924E-001 -1.699654378997E+000
  2.601069571024E-002  1.037624025957E-003  1.237101164538E-002  4.525790779264E-001 -1.690452583434E+000
  2.705920690860E-002  1.059412660547E-003  1.284461836910E-002  4.508115199337E-001 -1.681115025655E+000
  2.812954993023E-002  1.081287992318E-003  1.332618017339E-002  4.490172241681E-001 -1.671644288448E+000
  2.922181243436E-002  1.103251947969E-003  1.381562959629E-002  4.471965991705E-001 -1.662042990148E+000
  3.033608401473E-002  1.125306469854E-003  1.431289827705E-002  4.453500585186E-001 -1.652313783789E+000
  3.147245621542E-002  1.147453516351E-003  1.481791697679E-002  4.434780206740E-001 -1.642459356238E+000
  3.263102254705E-002  1.169695062249E-003  1.533061559942E-002  4.415809088268E-001 -1.632482427309E+000
  3.381187850339E-002  1.192033099133E-003  1.585092321282E-002  4.396591507379E-001 -1.622385748862E+000
  3.501512157837E-002  1.214469635775E-003  1.637876807027E-002  4.377131785783E-001 -1.612172103893E+000
  3.624085128345E-002  1.237006698530E-003  1.691407763208E-002  4.357434287665E-001 -1.601844305598E+000
  3.748916916538E-002  1.259646331739E-003  1.745677858749E-002  4.337503418035E-001 -1.591405196423E+000
  3.876017882444E-002  1.282390598136E-003  1.800679687678E-002  4.317343621046E-001 -1.580857647101E+000
  4.005398593302E-002  1.305241579266E-003  1.856405771353E-002  4.296959378299E-001 -1.570204555671E+000
  4.137069825459E-002  1.328201375897E-003  1.912848560714E-002  4.276355207121E-001 -1.559448846481E+000
  4.271042566323E-002  1.351272108452E-003  1.970000438550E-002  4.255535658818E-001 -1.548593469174E+000
  4.407328016341E-002  1.374455917436E-003  2.027853721786E-002  4.234505316907E-001 -1.537641397659E+000
  4.545937591035E-002  1.397754963880E-003  2.086400663778E-002  4.213268795330E-001 -1.526595629066E+000
  4.686882923075E-002  1.421171429779E-003  2.145633456636E-002  4.191830736644E-001 -1.515459182687E+000
  4.830175864396E-002  1.444707518548E-003  2.205544233549E-002  4.170195810187E-001 -1.504235098900E+000
  4.975828488365E-002  1.468365455478E-003  2.266125071128E-002  4.148368710229E-001 -1.492926438075E+000
  5.123853091993E-002  1.492147488203E-003  2.327367991756E-002  4.126354154101E-001 -1.481536279469E+000
  5.274262198188E-002  1.516055887169E-003  2.389264965957E-002  4.104156880306E-001 -1.470067720104E+000
  5.427068558066E-002  1.540092946119E-003  2.451807914760E-002  4.081781646610E-001 -1.458523873631E+000
  5.582285153302E-002  1.564260982573E-003  2.514988712079E-002  4.059233228112E-001 -1.446907869178E+000
  5.739925198530E-002  1.588562338332E-003  2.578799187095E-002  4.036516415308E-001 -1.435222850182E+000
  5.900002143803E-002  1.612999379973E-003  2.643231126647E-002  4.013636012124E-001 -1.423471973210E+000
  6.062529677088E-002  1.637574499364E-003  2.708276277615E-002  3.990596833942E-001 -1.411658406765E+000
  6.227521726827E-002  1.662290114181E-003  2.773926349313E-002  3.967403705609E-001 -1.399785330077E+000
  6.394992464542E-002  1.687148668440E-003  2.840173015879E-002  3.944061459429E-001 -1.387855931880E+000
  6.564956307496E-002  1.712152633027E-003  2.907007918659E-002  3.920574933144E-001 -1.375873409175E+000
  6.737427921404E-002  1.737304506249E-003  2.974422668590E-002  3.896948967903E-001 -1.363840965984E+000
  6.912422223211E-002  1.762606814387E-003  3.042408848577E-002  3.873188406215E-001 -1.351761812084E+000
  7.089954383907E-002  1.788062112257E-003  3.110958015860E-002  3.849298089890E-001 -1.339639161737E+000
  7.270039831418E-002  1.813672983787E-003  3.180061704372E-002  3.825282857979E-001 -1.327476232401E+000
  7.452694253540E-002  1.839442042599E-003  3.249711427089E-002  3.801147544693E-001 -1.315276243430E+000
  7.637933600943E-002  1.865371932600E-003  3.319898678360E-002  3.776896977316E-001 -1.303042414764E+000
  7.825774090225E-002  1.891465328589E-003  3.390614936225E-002  3.752535974121E-001 -1.290777965610E+000
  8.016232207035E-002  1.917724936867E-003  3.461851664718E-002  3.728069342261E-001 -1.278486113107E+000
  8.209324709253E-002  1.944153495867E-003  3.533600316146E-002  3.703501875674E-001 -1.266170070982E+000
  8.405068630235E-002  1.970753776782E-003  3.605852333348E-002  3.678838352968E-001 -1.253833048199E+000
  8.603481282122E-002  1.997528584221E-003  3.678599151931E-002  3.654083535308E-001 -1.241478247596E+000
  8.804580259214E-002  2.024480756857E-003  3.751832202476E-002  3.629242164309E-001 -1.229108864513E+000
  9.008383441408E-002  2.051613168108E-003  3.825542912726E-002  3.604318959914E-001 -1.216728085410E+000
  9.214908997710E-002  2.078928726810E-003  3.899722709728E-002  3.579318618279E-001 -1.204339086478E+000
  9.424175389809E-002  2.106430377918E-003  3.974363021956E-002  3.554245809665E-001 -1.191945032245E+000
  9.636201375725E-002  2.134121103210E-003  4.049455281393E-002  3.529105176322E-001 -1.179549074172E+000
  9.851006013526E-002  2.162003922007E-003  4.124990925573E-002  3.503901330384E-001 -1.167154349238E+000
  1.006860866512E-001  2.190081891910E-003  4.200961399587E-002  3.478638851769E-001 -1.154763978530E+000
  1.028902900012E-001  2.218358109541E-003  4.277358158045E-002  3.453322286083E-001 -1.142381065818E+000
  1.051228699979E-001  2.246835711311E-003  4.354172666994E-002  3.427956142534E-001 -1.130008696126E+000
  1.073840296104E-001  2.275517874190E-003  4.431396405787E-002  3.402544891858E-001 -1.117649934308E+000
  1.096739750056E-001  2.304407816497E-003  4.509020868903E-002  3.377092964252E-001 -1.105307823606E+000
  1.119929155896E-001  2.333508798707E-003  4.587037567710E-002  3.351604747324E-001 -1.092985384219E+000
  1.143410640503E-001  2.362824124271E-003  4.665438032181E-002  3.326084584053E-001 -1.080685611861E+000
  1.167186364011E-001  2.392357140448E-003  4.744213812548E-002  3.300536770769E-001 -1.068411476319E+000
  1.191258520249E-001  2.422111239159E-003  4.823356480888E-002  3.274965555151E-001 -1.056165920017E+000
  1.215629337189E-001  2.452089857854E-003  4.902857632658E-002  3.249375134241E-001 -1.043951856569E+000
  1.240301077413E-001  2.482296480400E-003  4.982708888157E-002  3.223769652479E-001 -1.031772169345E+000
  1.265276038575E-001  2.512734637975E-003  5.062901893916E-002  3.198153199768E-001 -1.019629710028E+000
  1.290556553882E-001  2.543407909995E-003  5.143428324026E-002  3.172529809557E-001 -1.007527297181E+000
  1.316144992580E-001  2.574319925047E-003  5.224279881381E-002  3.146903456949E-001 -9.954677148168E-001
  1.342043760450E-001  2.605474361847E-003  5.305448298852E-002  3.121278056846E-001 -9.834537109690E-001
  1.368255300316E-001  2.636874950214E-003  5.386925340373E-002  3.095657462119E-001 -9.714879962705E-001
  1.394782092560E-001  2.668525472060E-003  5.468702801954E-002  3.070045461808E-001 -9.595732425396E-001
  1.421626655646E-001  2.700429762411E-003  5.550772512597E-002  3.044445779363E-001 -9.477120813714E-001
  1.448791546661E-001  2.732591710434E-003  5.633126335132E-002  3.018862070915E-001 -9.359071027394E-001
  1.476279361856E-001  2.765015260497E-003  5.715756166958E-002  2.993297923592E-001 -9.241608536059E-001
  1.504092737207E-001  2.797704413242E-003  5.798653940691E-002  2.967756853869E-001 -9.124758365428E-001
  1.532234348983E-001  2.830663226680E-003  5.881811624712E-002  2.942242305968E-001 -9.008545083651E-001
  1.560706914324E-001  2.863895817319E-003  5.965221223622E-002  2.916757650294E-001 -8.892992787762E-001
  1.589513191834E-001  2.897406361298E-003  6.048874778586E-002  2.891306181929E-001 -8.778125090283E-001
  1.618655982178E-001  2.931199095559E-003  6.132764367578E-002  2.865891119163E-001 -8.663965105972E-001
  1.648138128702E-001  2.965278319033E-003  6.216882105518E-002  2.840515602090E-001 -8.550535438742E-001
  1.677962518056E-001  2.999648393860E-003  6.301220144292E-002  2.815182691245E-001 -8.437858168754E-001
  1.708132080832E-001  3.034313746623E-003  6.385770672668E-002  2.789895366307E-001 -8.325954839701E-001
  1.738649792215E-001  3.069278869616E-003  6.470525916090E-002  2.764656524854E-001 -8.214846446294E-001
  1.769518672648E-001  3.104548322136E-003  6.555478136356E-002  2.739468981182E-001 -8.104553421967E-001
  1.800741788507E-001  3.140126731803E-003  6.640619631174E-002  2.714335465189E-001 -7.995095626811E-001
  1.832322252791E-001  3.176018795904E-003  6.725942733600E-002  2.689258621318E-001 -7.886492335748E-001
  1.864263225826E-001  3.212229282769E-003  6.811439811343E-002  2.664241007573E-001 -7.778762226964E-001
  1.896567915983E-001  3.248763033179E-003  6.897103265949E-002  2.639285094604E-001 -7.671923370623E-001
  1.929239580409E-001  3.285624961791E-003  6.982925531853E-002  2.614393264866E-001 -7.565993217849E-001
  1.962281525771E-001  3.322820058613E-003  7.068899075302E-002  2.589567811847E-001 -7.460988590028E-001
  1.995697109023E-001  3.360353390492E-003  7.155016393137E-002  2.564810939383E-001 -7.356925668414E-001
  2.029489738173E-001  3.398230102644E-003  7.241270011453E-002  2.540124761043E-001 -7.253819984067E-001
  2.063662873085E-001  3.436455420218E-003  7.327652484110E-002  2.515511299604E-001 -7.151686408147E-001
  2.098220026275E-001  3.475034649885E-003  7.414156391110E-002  2.490972486602E-001 -7.050539142555E-001
  2.133164763746E-001  3.513973181471E-003  7.500774336840E-002  2.466510161981E-001 -6.950391710966E-001
  2.168500705817E-001  3.553276489620E-003  7.587498948166E-002  2.442126073818E-001 -6.851256950244E-001
  2.204231527988E-001  3.592950135496E-003  7.674322872388E-002  2.417821878150E-001 -6.753147002275E-001
  2.240360961807E-001  3.632999768520E-003  7.761238775056E-002  2.393599138892E-001 -6.656073306221E-001
  2.276892795770E-001  3.673431128145E-003  7.848239337638E-002  2.369459327845E-001 -6.560046591217E-001
  2.313830876220E-001  3.714250045674E-003  7.935317255046E-002  2.345403824810E-001 -6.465076869527E-001
  2.351179108282E-001  3.755462446115E-003  8.022465233020E-002  2.321433917796E-001 -6.371173430170E-001
  2.388941456809E-001  3.797074350078E-003  8.109675985361E-002  2.297550803337E-001 -6.278344833047E-001
  2.427121947345E-001  3.839091875711E-003  8.196942231034E-002  2.273755586906E-001 -6.186598903567E-001
  2.465724667110E-001  3.881521240686E-003  8.284256691110E-002  2.250049283441E-001 -6.095942727800E-001
  2.504753766009E-001  3.924368764227E-003  8.371612085580E-002  2.226432817977E-001 -6.006382648170E-001
  2.544213457654E-001  3.967640869177E-003  8.459001130020E-002  2.202907026386E-001 -5.917924259711E-001
  2.584108020414E-001  4.011344084122E-003  8.546416532115E-002  2.179472656234E-001 -5.830572406888E-001
  2.624441798480E-001  4.055485045557E-003  8.633850988049E-002  2.156130367747E-001 -5.744331181015E-001
  2.665219202956E-001  4.100070500102E-003  8.721297178753E-002  2.132880734895E-001 -5.659203918279E-001
  2.706444712976E-001  4.145107306769E-003  8.808747766021E-002  2.109724246591E-001 -5.575193198386E-001
  2.748122876832E-001  4.190602439283E-003  8.896195388493E-002  2.086661308009E-001 -5.492300843845E-001
  2.790258313137E-001  4.236562988450E-003  8.983632657506E-002  2.063692242022E-001 -5.410527919907E-001
  2.832855712010E-001  4.282996164587E-003  9.071052152824E-002  2.040817290758E-001 -5.329874735183E-001
  2.875919836279E-001  4.329909300005E-003  9.158446418239E-002  2.018036617278E-001 -5.250340842931E-001
  2.919455522717E-001  4.377309851548E-003  9.245807957058E-002  1.995350307380E-001 -5.171925043063E-001
  2.963467683296E-001  4.425205403192E-003  9.333129227469E-002  1.972758371523E-001 -5.094625384856E-001
  3.007961306479E-001  4.473603668706E-003  9.420402637810E-002  1.950260746873E-001 -5.018439170397E-001
  3.052941458522E-001  4.522512494374E-003  9.507620541717E-002  1.927857299477E-001 -4.943362958771E-001
  3.098413284823E-001  4.571939861783E-003  9.594775233186E-002  1.905547826558E-001 -4.869392571013E-001
  3.144382011281E-001  4.621893890671E-003  9.681858941536E-002  1.883332058937E-001 -4.796523095822E-001
  3.190852945695E-001  4.672382841850E-003  9.768863826288E-002  1.861209663579E-001 -4.724748896065E-001
  3.237831479192E-001  4.723415120192E-003  9.855781971962E-002  1.839180246258E-001 -4.654063616076E-001
  3.285323087679E-001  4.774999277691E-003  9.942605382806E-002  1.817243354351E-001 -4.584460189760E-001
  3.333333333333E-001  4.827144016591E-003  1.002932597746E-001  1.795398479752E-001 -4.515930849512E-001
  3.381867866117E-001  4.879858192602E-003  1.011593558355E-001  1.773645061911E-001 -4.448467135974E-001
  3.430932425333E-001  4.933150818173E-003  1.020242593229E-001  1.751982490984E-001 -4.382059908613E-001
  3.480532841203E-001  4.987031065868E-003  1.028878865296E-001  1.730410111110E-001 -4.316699357159E-001
  3.530675036492E-001  5.041508271801E-003  1.037501526741E-001  1.708927223806E-001 -4.252375013886E-001
  3.581365028158E-001  5.096591939172E-003  1.046109718459E-001  1.687533091466E-001 -4.189075766750E-001
  3.632608929041E-001  5.152291741875E-003  1.054702569496E-001  1.666226940986E-001 -4.126789873403E-001
  3.684412949588E-001  5.208617528209E-003  1.063279196504E-001  1.645007967487E-001 -4.065504976062E-001
  3.736783399619E-001  5.265579324662E-003  1.071838703185E-001  1.623875338156E-001 -4.005208117255E-001
  3.789726690123E-001  5.323187339805E-003  1.080380179750E-001  1.602828196177E-001 -3.945885756444E-001
  3.843249335105E-001  5.381451968273E-003  1.088902702374E-001  1.581865664775E-001 -3.887523787517E-001
  3.897357953460E-001  5.440383794842E-003  1.097405332660E-001  1.560986851349E-001 -3.830107557157E-001
  3.952059270903E-001  5.499993598618E-003  1.105887117113E-001  1.540190851697E-001 -3.773621884083E-001
  4.007360121927E-001  5.560292357317E-003  1.114347086617E-001  1.519476754330E-001 -3.718051079155E-001
  4.063267451812E-001  5.621291251662E-003  1.122784255929E-001  1.498843644867E-001 -3.663378966353E-001
  4.119788318683E-001  5.683001669888E-003  1.131197623178E-001  1.478290610508E-001 -3.609588904601E-001
  4.176929895600E-001  5.745435212354E-003  1.139586169386E-001  1.457816744575E-001 -3.556663810451E-001
  4.234699472710E-001  5.808603696282E-003  1.147948857999E-001  1.437421151122E-001 -3.504586181598E-001
  4.293104459435E-001  5.872519160606E-003  1.156284634434E-001  1.417102949598E-001 -3.453338121226E-001
  4.352152386716E-001  5.937193870949E-003  1.164592425649E-001  1.396861279567E-001 -3.402901363174E-001
  4.411850909306E-001  6.002640324729E-003  1.172871139735E-001  1.376695305469E-001 -3.353257297891E-001
  4.472207808110E-001  6.068871256391E-003  1.181119665524E-001  1.356604221414E-001 -3.304386999180E-001
  4.533230992589E-001  6.135899642772E-003  1.189336872233E-001  1.336587256014E-001 -3.256271251703E-001
  4.594928503202E-001  6.203738708611E-003  1.197521609120E-001  1.316643677221E-001 -3.208890579224E-001
  4.657308513924E-001  6.272401932198E-003  1.205672705185E-001  1.296772797187E-001 -3.162225273576E-001
  4.720379334802E-001  6.341903051163E-003  1.213788968890E-001  1.276973977119E-001 -3.116255424311E-001
  4.784149414579E-001  6.412256068427E-003  1.221869187918E-001  1.257246632123E-001 -3.070960949022E-001
  4.848627343381E-001  6.483475258298E-003  1.229912128966E-001  1.237590236038E-001 -3.026321624295E-001
  4.913821855461E-001  6.555575172733E-003  1.237916537576E-001  1.218004326227E-001 -2.982317117258E-001
  4.979741832006E-001  6.628570647764E-003  1.245881138003E-001  1.198488508337E-001 -2.938927017700E-001
  5.046396304008E-001  6.702476810086E-003  1.253804633131E-001  1.179042461004E-001 -2.896130870715E-001
  5.113794455212E-001  6.777309083830E-003  1.261685704427E-001  1.159665940487E-001 -2.853908209836E-001
  5.181945625116E-001  6.853083197508E-003  1.269523011942E-001  1.140358785231E-001 -2.812238590608E-001
  5.250859312060E-001  6.929815191146E-003  1.277315194365E-001  1.121120920339E-001 -2.771101624566E-001
  5.320545176366E-001  7.007521423604E-003  1.285060869124E-001  1.101952361939E-001 -2.730477013561E-001
  5.391013043575E-001  7.086218580100E-003  1.292758632542E-001  1.082853221430E-001 -2.690344584384E-001
  5.462272907741E-001  7.165923679926E-003  1.300407060043E-001  1.063823709610E-001 -2.650684323644E-001
  5.534334934816E-001  7.246654084380E-003  1.308004706424E-001  1.044864140641E-001 -2.611476412828E-001
  5.607209466109E-001  7.328427504912E-003  1.315550106178E-001  1.025974935865E-001 -2.572701263501E-001
  5.680907021827E-001  7.411262011483E-003  1.323041773886E-001  1.007156627447E-001 -2.534339552570E-001
  5.755438304707E-001  7.495176041166E-003  1.330478204661E-001  9.884098618180E-002 -2.496372257563E-001
  5.830814203728E-001  7.580188406970E-003  1.337857874670E-001  9.697354029199E-002 -2.458780691835E-001
  5.907045797917E-001  7.666318306912E-003  1.345179241715E-001  9.511341352268E-002 -2.421546539661E-001
  5.984144360243E-001  7.753585333338E-003  1.352440745883E-001  9.326070665280E-002 -2.384651891114E-001
  6.062121361613E-001  7.842009482502E-003  1.359640810270E-001  9.141553304587E-002 -2.348079276671E-001
  6.140988474955E-001  7.931611164409E-003  1.366777841772E-001  8.957801887601E-002 -2.311811701471E-001
  6.220757579409E-001  8.022411212936E-003  1.373850231952E-001  8.774830332542E-002 -2.275832679134E-001
  6.301440764614E-001  8.114430896230E-003  1.380856357979E-001  8.592653875157E-002 -2.240126265070E-001
  6.383050335109E-001  8.207691927403E-003  1.387794583643E-001  8.411289082254E-002 -2.204677089186E-001
  6.465598814833E-001  8.302216475524E-003  1.394663260446E-001  8.230753861889E-002 -2.169470387918E-001
  6.549098951744E-001  8.398027176926E-003  1.401460728768E-001  8.051067470037E-002 -2.134492035474E-001
  6.633563722545E-001  8.495147146827E-003  1.408185319113E-001  7.872250513601E-002 -2.099728574234E-001
  6.719006337539E-001  8.593599991288E-003  1.414835353425E-001  7.694324949578E-002 -2.065167244185E-001
  6.805440245593E-001  8.693409819506E-003  1.421409146490E-001  7.517314080260E-002 -2.030796011307E-001
  6.892879139233E-001  8.794601256469E-003  1.427905007404E-001  7.341242544283E-002 -1.996603594825E-001
  6.981336959871E-001  8.897199455961E-003  1.434321241127E-001  7.166136303413E-002 -1.962579493218E-001
  7.070827903152E-001  9.001230113956E-003  1.440656150105E-001  6.992022624892E-002 -1.928714008896E-001
  7.161366424455E-001  9.106719482390E-003  1.446908035963E-001  6.818930059240E-002 -1.894998271444E-001
  7.252967244510E-001  9.213694383338E-003  1.453075201281E-001  6.646888413365E-002 -1.861424259335E-001
  7.345645355186E-001  9.322182223606E-003  1.459155951427E-001  6.475928718859E-002 -1.827984820020E-001
  7.439416025400E-001  9.432211009745E-003  1.465148596463E-001  6.306083195383E-002 -1.794673688287E-001
  7.534294807203E-001  9.543809363512E-003  1.471051453117E-001  6.137385209021E-002 -1.761485502795E-001
  7.630297542000E-001  9.657006537783E-003  1.476862846813E-001  5.969869225513E-002 -1.728415820697E-001
  7.727440366954E-001  9.771832432940E-003  1.482581113758E-001  5.803570758292E-002 -1.695461130236E-001
  7.825739721536E-001  9.888317613741E-003  1.488204603089E-001  5.638526311251E-002 -1.662618861236E-001
  7.925212354258E-001  1.000649332670E-002  1.493731679059E-001  5.474773316182E-002 -1.629887393387E-001
  8.025875329584E-001  1.012639151798E-002  1.499160723273E-001  5.312350064843E-002 -1.597266062239E-001
  8.127746035011E-001  1.024804485184E-002  1.504490136964E-001  5.151295635639E-002 -1.564755162813E-001
  8.230842188350E-001  1.037148672960E-002  1.509718343291E-001  4.991649814889E-002 -1.532355950744E-001
  8.335181845190E-001  1.049675130923E-002  1.514843789678E-001  4.833453012706E-002 -1.500070640882E-001
  8.440783406568E-001  1.062387352550E-002  1.519864950153E-001  4.676746173497E-002 -1.467902403264E-001
  8.547665626839E-001  1.075288911077E-002  1.524780327712E-001  4.521570681146E-002 -1.435855356393E-001
  8.655847621758E-001  1.088383461638E-002  1.529588456679E-001  4.367968258946E-002 -1.403934557748E-001
  8.765348876780E-001  1.101674743475E-002  1.534287905055E-001  4.215980864356E-002 -1.372145991474E-001
  8.876189255584E-001  1.115166582209E-002  1.538877276861E-001  4.065650578713E-002 -1.340496553188E-001
  8.988389008829E-001  1.128862892191E-002  1.543355214441E-001  3.917019492030E-002 -1.308994031850E-001
  9.101968783143E-001  1.142767678917E-002  1.547720400738E-001  3.770129583044E-002 -1.277647088668E-001
  9.216949630368E-001  1.156885041525E-002  1.551971561517E-001  3.625022594704E-002 -1.246465232990E-001
  9.333353017046E-001  1.171219175365E-002  1.556107467526E-001  3.481739905309E-002 -1.215458795165E-001
  9.451200834176E-001  1.185774374655E-002  1.560126936588E-001  3.340322395564E-002 -1.184638896359E-001
  9.570515407237E-001  1.200555035216E-002  1.564028835598E-001  3.200810311802E-002 -1.154017415301E-001
  9.691319506484E-001  1.215565657299E-002  1.567812082432E-001  3.063243125697E-002 -1.123606951988E-001
  9.813636357544E-001  1.230810848498E-002  1.571475647730E-001  2.927659390793E-002 -1.093420788344E-001
  9.937489652293E-001  1.246295326757E-002  1.575018556559E-001  2.794096596224E-002 -1.063472845855E-001
  1.006290356005E+000  1.262023923477E-002  1.578439889924E-001  2.662591018027E-002 -1.033777640235E-001
  1.018990273907E+000  1.278001586715E-002  1.581738786125E-001  2.533177568468E-002 -1.004350233151E-001
  1.031851234841E+000  1.294233384499E-002  1.584914441936E-001  2.405889643860E-002 -9.752061810846E-002
  1.044875806003E+000  1.310724508236E-002  1.587966113591E-001  2.280758971370E-002 -9.463614813910E-002
  1.058066607138E+000  1.327480276248E-002  1.590893117557E-001  2.157815455332E-002 -9.178325156574E-002
  1.071426311823E+000  1.344506137405E-002  1.593694831093E-001  2.037087023655E-002 -8.896359904532E-002
  1.084957648792E+000  1.361807674895E-002  1.596370692548E-001  1.918599474900E-002 -8.617888755953E-002
  1.098663403298E+000  1.379390610110E-002  1.598920201413E-001  1.802376326667E-002 -8.343083400592E-002
  1.112546418516E+000  1.397260806657E-002  1.601342918085E-001  1.688438665954E-002 -8.072116856835E-002
  1.126609596985E+000  1.415424274514E-002  1.603638463340E-001  1.576805002167E-002 -7.805162788323E-002
  1.140855902095E+000  1.433887174317E-002  1.605806517492E-001  1.467491123514E-002 -7.542394801935E-002
  1.155288359613E+000  1.452655821788E-002  1.607846819221E-001  1.360509957524E-002 -7.283985729091E-002
  1.169910059257E+000  1.471736692327E-002  1.609759164054E-001  1.255871436461E-002 -7.030106892474E-002
  1.184724156317E+000  1.491136425740E-002  1.611543402480E-001  1.153582368442E-002 -6.780927360455E-002
  1.199733873325E+000  1.510861831145E-002  1.613199437697E-001  1.053646315061E-002 -6.536613191637E-002
  1.214942501771E+000  1.530919892035E-002  1.614727222946E-001  9.560634763765E-003 -6.297326672104E-002
  1.230353403874E+000  1.551317771520E-002  1.616126758458E-001  8.608305841020E-003 -6.063225548120E-002
  1.245970014403E+000  1.572062817747E-002  1.617398087962E-001  7.679408038707E-003 -5.834462257152E-002
  1.261795842559E+000  1.593162569510E-002  1.618541294773E-001  6.773836474573E-003 -5.611183160261E-002
  1.277834473907E+000  1.614624762054E-002  1.619556497422E-001  5.891448958309E-003 -5.393527779017E-002
  1.294089572372E+000  1.636457333079E-002  1.620443844848E-001  5.032065339279E-003 -5.181628040242E-002
  1.310564882294E+000  1.658668428962E-002  1.621203511118E-001  4.195466980223E-003 -4.975607532010E-002
  1.327264230548E+000  1.681266411190E-002  1.621835689682E-001  3.381396365665E-003 -4.775580774409E-002
  1.344191528724E+000  1.704259863026E-002  1.622340587161E-001  2.589556853601E-003 -4.581652508735E-002
  1.361350775387E+000  1.727657596408E-002  1.622718416660E-001  1.819612578855E-003 -4.393917008794E-002
  1.378746058390E+000  1.751468659100E-002  1.622969390611E-001  1.071188516236E-003 -4.212457418141E-002
  1.396381557275E+000  1.775702342093E-002  1.623093713151E-001  3.438707113189E-004 -4.037345117072E-002
  1.414261545744E+000  1.800368187279E-002  1.623091572031E-001 -3.627933137290E-004 -3.868639123281E-002
  1.432390394201E+000  1.825475995395E-002  1.622963130084E-001 -1.049293972286E-003 -3.706385530071E-002
  1.450772572390E+000  1.851035834267E-002  1.622708516242E-001 -1.716158836935E-003 -3.550616986035E-002
  1.469412652102E+000  1.877058047342E-002  1.622327816145E-001 -2.363951668777E-003 -3.401352220099E-002
  1.488315309978E+000  1.903553262542E-002  1.621821062332E-001 -2.993271247243E-003 -3.258595615758E-002
  1.507485330398E+000  1.930532401444E-002  1.621188224059E-001 -3.604749995972E-003 -3.122336838281E-002
  1.526927608467E+000  1.958006688797E-002  1.620429196767E-001 -4.199052401181E-003 -2.992550518568E-002
  1.546647153093E+000  1.985987662391E-002  1.619543791228E-001 -4.776873219869E-003 -2.869195997208E-002
  1.566649090169E+000  2.014487183303E-002  1.618531722399E-001 -5.338935476186E-003 -2.752217132151E-002
  1.586938665861E+000  2.043517446518E-002  1.617392598047E-001 -5.885988245407E-003 -2.641542173204E-002
  1.607521250000E+000  2.073090991960E-002  1.616125907163E-001 -6.418804226075E-003 -2.537083706382E-002
  1.628402339588E+000  2.103220715932E-002  1.614731008233E-001 -6.938177102161E-003 -2.438738670879E-002
  1.649587562420E+000  2.133919883002E-002  1.613207117412E-001 -7.444918698378E-003 -2.346388451158E-002
  1.671082680832E+000  2.165202138333E-002  1.611553296664E-001 -7.939855933194E-003 -2.259899046367E-002
  1.692893595565E+000  2.197081520497E-002  1.609768441938E-001 -8.423827575553E-003 -2.179121318920E-002
  1.715026349769E+000  2.229572474776E-002  1.607851271429E-001 -8.897680812828E-003 -2.103891323759E-002
  1.737487133138E+000  2.262689866987E-002  1.605800314030E-001 -9.362267639139E-003 -2.034030719366E-002
  1.760282286187E+000  2.296448997842E-002  1.603613898020E-001 -9.818441074782E-003 -1.969347261195E-002
  1.783418304674E+000  2.330865617868E-002  1.601290140095E-001 -1.026705122922E-002 -1.909635377720E-002
  1.806901844175E+000  2.365955942924E-002  1.598826934824E-001 -1.070894122178E-002 -1.854676828805E-002
  1.830739724818E+000  2.401736670327E-002  1.596221944615E-001 -1.114494297598E-002 -1.804241445586E-002
  1.854938936184E+000  2.438224995616E-002  1.593472590293E-001 -1.157587290511E-002 -1.758087950526E-002
  1.879506642368E+000  2.475438629994E-002  1.590576042393E-001 -1.200252750851E-002 -1.715964855708E-002
  1.904450187236E+000  2.513395818467E-002  1.587529213263E-001 -1.242567889957E-002 -1.677611436891E-002
  1.929777099847E+000  2.552115358717E-002  1.584328750084E-001 -1.284607028856E-002 -1.642758780212E-002
  1.955495100083E+000  2.591616620741E-002  1.580971028920E-001 -1.326441144445E-002 -1.611130897833E-002
  1.981612104475E+000  2.631919567292E-002  1.577452149906E-001 -1.368137416216E-002 -1.582445908201E-002
  2.008136232230E+000  2.673044775156E-002  1.573767933673E-001 -1.409758776269E-002 -1.556417275952E-002
  2.035075811486E+000  2.715013457311E-002  1.569913919139E-001 -1.451363465516E-002 -1.532755105894E-002
  2.062439385788E+000  2.757847486001E-002  1.565885362764E-001 -1.493004599128E-002 -1.511167484849E-002
  2.090235720801E+000  2.801569416771E-002  1.561677239376E-001 -1.534729744353E-002 -1.491361864558E-002
  2.118473811262E+000  2.846202513514E-002  1.557284244685E-001 -1.576580513969E-002 -1.473046478248E-002
  2.147162888201E+000  2.891770774564E-002  1.552700799577E-001 -1.618592178693E-002 -1.455931782897E-002
  2.176312426413E+000  2.938298959899E-002  1.547921056288E-001 -1.660793301944E-002 -1.439731918708E-002
  2.205932152222E+000  2.985812619504E-002  1.542938906564E-001 -1.703205400369E-002 -1.424166176790E-002
  2.236032051522E+000  3.034338122938E-002  1.537747991871E-001 -1.745842633591E-002 -1.408960465620E-002
  2.266622378129E+000  3.083902690182E-002  1.532341715754E-001 -1.788711526584E-002 -1.393848766428E-002
  2.297713662445E+000  3.134534423818E-002  1.526713258404E-001 -1.831810728058E-002 -1.378574567340E-002
  2.329316720450E+000  3.186262342603E-002  1.520855593492E-001 -1.875130808158E-002 -1.362892265824E-002
  2.361442663038E+000  3.239116416519E-002  1.514761507319E-001 -1.918654098664E-002 -1.346568528778E-002
  2.394102905709E+000  3.293127603351E-002  1.508423620324E-001 -1.962354578749E-002 -1.329383599511E-002
  2.427309178642E+000  3.348327886897E-002  1.501834410953E-001 -2.006197809156E-002 -1.311132540803E-002
  2.461073537146E+000  3.404750316862E-002  1.494986241909E-001 -2.050140917457E-002 -1.291626403312E-002
  2.495408372530E+000  3.462429050548E-002  1.487871388763E-001 -2.094132636795E-002 -1.270693308758E-002
  2.530326423398E+000  3.521399396401E-002  1.480482070899E-001 -2.138113400216E-002 -1.248179437568E-002
  2.565840787378E+000  3.581697859546E-002  1.472810484742E-001 -2.182015492377E-002 -1.223949911048E-002
  2.601964933334E+000  3.643362189376E-002  1.464848839198E-001 -2.225763260043E-002 -1.197889558635E-002
  2.638712714049E+000  3.706431429322E-002  1.456589393218E-001 -2.269273382385E-002 -1.169903561368E-002
  2.676098379430E+000  3.770945968912E-002  1.448024495371E-001 -2.312455201663E-002 -1.139917963440E-002
  2.714136590232E+000  3.836947598236E-002  1.439146625296E-001 -2.355211114378E-002 -1.107880044507E-002
  2.752842432351E+000  3.904479564947E-002  1.429948436867E-001 -2.397437022515E-002 -1.073758546384E-002
  2.792231431696E+000  3.973586633921E-002  1.420422802894E-001 -2.439022843937E-002 -1.037543748793E-002
  2.832319569669E+000  4.044315149734E-002  1.410562861159E-001 -2.479853080445E-002 -9.992473899699E-003
  2.873123299289E+000  4.116713102086E-002  1.400362061553E-001 -2.519807441454E-002 -9.589024292146E-003
  2.914659561979E+000  4.190830194354E-002  1.389814214064E-001 -2.558761520643E-002 -9.165626497775E-003
  2.956945805065E+000  4.266717915414E-002  1.378913537352E-001 -2.596587522330E-002 -8.723021019087E-003
  3.000000000000E+000  4.344429614932E-002  1.367654707605E-001 -2.633155033729E-002 -8.262143873801E-003
  3.043840661365E+000  4.424020582308E-002  1.356032907378E-001 -2.668331838662E-002 -7.784117883307E-003
  3.088486866678E+000  4.505548129460E-002  1.344043874071E-001 -2.701984767677E-002 -7.290242448654E-003
  3.133958277047E+000  4.589071677685E-002  1.331683947706E-001 -2.733980579004E-002 -6.781981874446E-003
  3.180275158719E+000  4.674652848797E-002  1.318950117648E-001 -2.764186864186E-002 -6.260952317075E-003
  3.227458405560E+000  4.762355560797E-002  1.305840067892E-001 -2.792472971753E-002 -5.728907449698E-003
  3.275529562509E+000  4.852246128332E-002  1.292352220537E-001 -2.818710941828E-002 -5.187722951947E-003
  3.324510850077E+000  4.944393368200E-002  1.278485777077E-001 -2.842776444133E-002 -4.639379947421E-003
  3.374425189910E+000  5.038868710203E-002  1.264240757106E-001 -2.864549711528E-002 -4.085947526230E-003
  3.425296231502E+000  5.135746313639E-002  1.249618034079E-001 -2.883916460903E-002 -3.529564503145E-003
  3.477148380094E+000  5.235103189784E-002  1.234619367740E-001 -2.900768793079E-002 -2.972420573889E-003
  3.530006825834E+000  5.337019330676E-002  1.219247432865E-001 -2.915006063190E-002 -2.416737042684E-003
  3.583897574256E+000  5.441577844603E-002  1.203505843975E-001 -2.926535713056E-002 -1.864747303043E-003
  3.638847478148E+000  5.548865098670E-002  1.187399175694E-001 -2.935274057052E-002 -1.318677260827E-003
  3.694884270887E+000  5.658970868864E-002  1.170932978467E-001 -2.941147013203E-002 -7.807258935285E-004
  3.752036601308E+000  5.771988498079E-002  1.154113789355E-001 -2.944090771486E-002 -2.530461424808E-004
  3.810334070199E+000  5.888015062562E-002  1.136949137701E-001 -2.944052391701E-002  2.622736649446E-004
  3.869807268505E+000  6.007151547295E-002  1.119447545458E-001 -2.940990323787E-002  7.632276682387E-004
  3.930487817331E+000  6.129503030858E-002  1.101618522059E-001 -2.934874844070E-002  1.247909411528E-003
  3.992408409843E+000  6.255178880352E-002  1.083472553710E-001 -2.925688401629E-002  1.714527683331E-003
  4.055602855172E+000  6.384292957002E-002  1.065021087095E-001 -2.913425869816E-002  2.161421085355E-003
  4.120106124432E+000  6.516963833101E-002  1.046276507483E-001 -2.898094698887E-002  2.587071169959E-003
  4.185954398964E+000  6.653315021009E-002  1.027252111336E-001 -2.879714966719E-002  2.990114000975E-003
  4.253185120935E+000  6.793475214960E-002  1.007962073530E-001 -2.858319325681E-002  3.369350010073E-003
  4.321837046422E+000  6.937578546490E-002  9.884214094108E-002 -2.833952844937E-002  3.723752040549E-003
  4.391950301120E+000  7.085764854355E-002  9.686459319316E-002 -2.806672748646E-002  4.052471492194E-003
  4.463566438835E+000  7.238179969882E-002  9.486522041962E-002 -2.776548051846E-002  4.354842504347E-003
  4.536728502895E+000  7.394976018725E-002  9.284574877929E-002 -2.743659097069E-002  4.630384139253E-003
  4.611481090679E+000  7.556311740127E-002  9.080796873574E-002 -2.708096996069E-002  4.878800553887E-003
  4.687870421430E+000  7.722352824817E-002  8.875372918549E-002 -2.669962982328E-002  5.099979175259E-003
  4.765944407533E+000  7.893272272784E-002  8.668493131238E-002 -2.629367681246E-002  5.293986921358E-003
  4.845752729492E+000  8.069250772248E-002  8.460352222602E-002 -2.586430306142E-002  5.461064536957E-003
  4.927346914797E+000  8.250477101257E-002  8.251148844604E-002 -2.541277789271E-002  5.601619140018E-003
  5.010780420931E+000  8.437148553436E-002  8.041084929607E-002 -2.494043858114E-002  5.716215099898E-003
  5.096108722763E+000  8.629471389541E-002  7.830365027315E-002 -2.444868068025E-002  5.805563392589E-003
  5.183389404586E+000  8.827661316581E-002  7.619195645881E-002 -2.393894803091E-002  5.870509600249E-003
  5.272682257105E+000  9.031943996425E-002  7.407784603711E-002 -2.341272257599E-002  5.912020741988E-003
  5.364049379651E+000  9.242555585946E-002  7.196340398355E-002 -2.287151410865E-002  5.931171139671E-003
  5.457555287978E+000  9.459743310926E-002  6.985071598525E-002 -2.231685008372E-002  5.929127536192E-003
  5.553267027968E+000  9.683766076100E-002  6.774186264866E-002 -2.175026562074E-002  5.907133693768E-003
  5.651254295630E+000  9.914895113938E-002  6.563891404525E-002 -2.117329382458E-002  5.866494706062E-003
  5.751589563796E+000  1.015341467494E-001  6.354392463894E-002 -2.058745654463E-002  5.808561260207E-003
  5.854348215936E+000  1.039962276248E-001  6.145892863075E-002 -1.999425568541E-002  5.734714082773E-003
  5.959608687557E+000  1.065383191537E-001  5.938593574705E-002 -1.939516517254E-002  5.646348797482E-003
  6.067452615683E+000  1.091637004188E-001  5.732692748788E-002 -1.879162366511E-002  5.544861411930E-003
  6.177964996951E+000  1.118758130872E-001  5.528385384070E-002 -1.818502809224E-002  5.431634635860E-003
  6.291234354880E+000  1.146782708938E-001  5.325863045360E-002 -1.757672807528E-002  5.308025214857E-003
  6.407352916949E+000  1.175748697626E-001  5.125313625025E-002 -1.696802127975E-002  5.175352441003E-003
  6.526416802128E+000  1.205695986129E-001  4.926921145700E-002 -1.636014972270E-002  5.034887976357E-003
  6.648526219580E+000  1.236666509049E-001  4.730865600094E-002 -1.575429704126E-002  4.887847096730E-003
  6.773785679311E+000  1.268704369821E-001  4.537322822654E-002 -1.515158670861E-002  4.735381432542E-003
  6.902304215570E+000  1.301855972713E-001  4.346464386858E-002 -1.455308116326E-002  4.578573251331E-003
  7.034195623922E+000  1.336170164087E-001  4.158457520972E-002 -1.395978179852E-002  4.418431293404E-003
  7.169578712934E+000  1.371698383673E-001  3.973465034396E-002 -1.337262974049E-002  4.255888139013E-003
  7.308577571516E+000  1.408494826628E-001  3.791645246143E-002 -1.279250732609E-002  4.091799053019E-003
  7.451321853057E+000  1.446616617293E-001  3.613151906668E-002 -1.222024017814E-002  3.926942222251E-003
  7.597947077547E+000  1.486123995567E-001  3.438134104150E-002 -1.165659976229E-002  3.762020272409E-003
  7.748594953021E+000  1.527080516973E-001  3.266736146510E-002 -1.110230630130E-002  3.597662926177E-003
  7.903413717736E+000  1.569553267535E-001  3.099097410869E-002 -1.055803191674E-002  3.434430643087E-003
  8.062558504629E+000  1.613613094717E-001  2.935352152871E-002 -1.002440386580E-002  3.272819065045E-003
  8.226191729726E+000  1.659334855793E-001  2.775629269320E-002 -9.502007742751E-003  3.113264080053E-003
  8.394483506327E+000  1.706797685137E-001  2.620052008820E-002 -8.991390520194E-003  2.956147310718E-003
  8.567612086926E+000  1.756085282071E-001  2.468737626660E-002 -8.493063314725E-003  2.801801834039E-003
  8.745764335025E+000  1.807286221064E-001  2.321796981894E-002 -8.007503774817E-003  2.650517944575E-003
  8.929136229160E+000  1.860494286260E-001  2.179334076537E-002 -7.535158005055E-003  2.502548784355E-003
  9.117933401693E+000  1.915808832504E-001  2.041445538804E-002 -7.076441960202E-003  2.358115679395E-003
  9.312371715124E+000  1.973335175235E-001  1.908220054475E-002 -6.631742264002E-003  2.217413043797E-003
  9.512677878945E+000  2.033185011886E-001  1.779737752630E-002 -6.201416430669E-003  2.080612737417E-003
  9.719090110332E+000  2.095476877688E-001  1.656069554062E-002 -5.785792490681E-003  1.947867791000E-003
  9.931858842267E+000  2.160336639044E-001  1.537276492688E-002 -5.385168046115E-003  1.819315442436E-003
  1.015124748302E+001  2.227898028021E-001  1.423409022066E-002 -4.999808803301E-003  1.695079458202E-003
  1.037753323129E+001  2.298303221843E-001  1.314506320686E-002 -4.629946651318E-003  1.575271743888E-003
  1.061100795175E+001  2.371703471699E-001  1.210595610982E-002 -4.275777372911E-003  1.459993275839E-003
  1.085197911611E+001  2.448259785618E-001  1.111691507914E-002 -3.937458089191E-003  1.349334411144E-003
  1.110077081537E+001  2.528143670735E-001  1.017795413569E-002 -3.615104550345E-003  1.243374654597E-003
  1.135772484956E+001  2.611537940784E-001  9.288949743531E-003 -3.308788391275E-003  1.142181978021E-003
  1.162320190175E+001  2.698637595360E-001  8.449636171475E-003 -3.018534473343E-003  1.045811798908E-003
  1.189758280382E+001  2.789650778206E-001  7.659601801951E-003 -2.744318431297E-003  9.543057314603E-004
  1.218126990242E+001  2.884799822596E-001  6.918286534799E-003 -2.486064538223E-003  8.676902238531E-004
  1.247468853413E+001  2.984322392826E-001  6.224980420790E-003 -2.243643991469E-003  7.859751910630E-004
  1.277828862002E+001  3.088472731875E-001  5.578823643466E-003 -2.016873709438E-003  7.091527436712E-004
  1.309254639077E+001  3.197523026463E-001  4.978807949407E-003 -1.805515713760E-003  6.371961002596E-004
  1.341796625462E+001  3.311764902095E-001  4.423779606388E-003 -1.609277154310E-003  5.700587554625E-004
  1.375508282195E+001  3.431511062169E-001  3.912443946633E-003 -1.427811016753E-003  5.076739584023E-004
  1.410446310162E+001  3.557097086969E-001  3.443371528756E-003 -1.260717534390E-003  4.499545382394E-004
  1.446670888596E+001  3.688883410292E-001  3.015005927299E-003 -1.107546308874E-003  3.967930959120E-004
  1.484245934302E+001  3.827257493700E-001  2.625673133146E-003 -9.677991282399E-004  3.480625647540E-004
  1.523239383723E+001  3.972636220891E-001  2.273592521484E-003 -8.409334561131E-004  3.036171282693E-004
  1.563723500136E+001  4.125468537596E-001  1.956889316438E-003 -7.263665530175E-004  2.632934714157E-004
  1.605775208607E+001  4.286238365683E-001  1.673608452760E-003 -6.234801794324E-004  2.269123325722E-004
  1.649476461582E+001  4.455467823929E-001  1.421729704977E-003 -5.316258204106E-004  1.942803169258E-004
  1.694914638379E+001  4.633720792263E-001  1.199183923098E-003 -4.501303629021E-004  1.651919281333E-004
  1.742182982203E+001  4.821606861220E-001  1.003870181502E-003 -3.783021490151E-004  1.394317733754E-004
  1.791381078784E+001  5.019785714107E-001  8.336736141983E-004 -3.154373209210E-004  1.167768968275E-004
  1.842615381215E+001  5.228971995942E-001  6.864836761677E-004 -2.608263656453E-004  9.699919754506E-005
  1.895999786176E+001  5.449940730840E-001  5.602125378071E-004 -2.137607604065E-004  7.986788922737E-005
  1.951656267356E+001  5.683533358366E-001  4.528132893357E-004 -1.735396114902E-004  6.515196080686E-005
  2.009715572669E+001  5.930664469535E-001  3.622976062941E-004 -1.394761721548E-004  5.262259793087E-005
  2.070317992707E+001  6.192329335039E-001  2.867525084172E-004 -1.109041183031E-004  4.205552598529E-005
  2.133614208874E+001  6.469612332096E-001  2.243558349329E-004 -8.718345545447E-005  3.323323535777E-005
  2.199766230782E+001  6.763696392388E-001  1.733900625852E-004 -6.770592797302E-005  2.594704937071E-005
  2.268948433818E+001  7.075873612439E-001  1.322541111382E-004 -5.189980276455E-005  1.999899513593E-005
  2.341348709294E+001  7.407557189842E-001  9.947281708391E-005 -3.923390600572E-005  1.520343804348E-005
  2.417169741362E+001  7.760294874639E-001  7.370381119443E-005 -2.922080404337E-005  1.138844233291E-005
  2.496630426925E+001  8.135784155747E-001  5.374160967065E-005 -2.141903921899E-005  8.396823838419E-006
  2.579967457140E+001  8.535889438281E-001  3.851882056316E-005 -1.543435834642E-005  6.086867078824E-006
  2.667437081864E+001  8.962661510291E-001  2.710447363581E-005 -1.091990551372E-005  4.332687699127E-006
  2.759317081651E+001  9.418359647997E-001  1.869959765349E-005 -7.575390569169E-006  3.024232868457E-006
  2.855908975674E+001  9.905476768748E-001  1.263028706748E-005 -5.145287965961E-006  2.066926218414E-006
  2.957540498378E+001  1.042676811269E+000  8.338611613855E-006 -3.416164615399E-006  1.380979461308E-006
  3.064568382919E+001  1.098528402000E+000  5.371818028269E-006 -2.213276429534E-006  9.004087580606E-007
  3.177381495601E+001  1.158440747351E+000  3.370343726018E-006 -1.396607418670E-006  5.718087111431E-007
  3.296404372807E+001  1.222789720048E+000  2.055200134856E-006 -8.565488300345E-007  3.529489129373E-007
  3.422101220608E+001  1.291993727721E+000  1.215283289502E-006 -5.094258902719E-007  2.112657633161E-007
  3.554980447538E+001  1.366519436102E+000  6.951299240682E-007 -2.930745471583E-007  1.223246239658E-007
  3.695599813319E+001  1.446888389511E+000  3.835616433667E-007 -1.626502043276E-007  6.832374560582E-008
  3.844572291106E+001  1.533684690030E+000  2.035552596307E-007 -8.681672150696E-008  3.670200120866E-008
  4.002572758518E+001  1.627563929686E+000  1.035552083640E-007 -4.442061557091E-008  1.889830869841E-008
  4.170345654134E+001  1.729263610453E+000  5.031753511970E-008 -2.170747501289E-008  9.293456170252E-009
  4.348713762001E+001  1.839615336740E+000  2.325797544185E-008 -1.009069008134E-008  4.347014809638E-009
  4.538588318162E+001  1.959559126947E+000  1.018092570520E-008 -4.441943332377E-009  1.925367969301E-009
  4.740980671574E+001  2.090160267552E+000  4.199604647438E-009 -1.842489372674E-009  8.034893401578E-010
  4.957015778746E+001  2.232629229408E+000  1.623433840489E-009 -7.161640961145E-010  3.141825558266E-010
  5.187947869225E+001  2.388345286640E+000  5.845043131836E-010 -2.592473043223E-010  1.144022510527E-010
  5.435178690397E+001  2.558884630889E+000  1.946583555949E-010 -8.679851133850E-011  3.852445739552E-011
  5.700278828629E+001  2.746053966795E+000  5.950224230404E-011 -2.667144252490E-011  1.190487643147E-011
  5.985012714155E+001  2.951930820846E+000  1.654988362771E-011 -7.456596999816E-012  3.346730778984E-012
  6.291368055481E+001  3.178912111311E+000  4.147672661521E-012 -1.878187522845E-012  8.475514312625E-013
  6.621590623276E+001  3.429772933797E+000  9.263044138729E-013 -4.215324067985E-013  1.912266284031E-013
  6.978225524452E+001  3.707738044625E+000  1.820500259622E-013 -8.324588603974E-014  3.795876197513E-014
  7.364166388185E+001  4.016569212832E+000  3.103942175845E-014 -1.426036853689E-014  6.535096342652E-015
  7.782714245929E+001  4.360672516382E+000  4.516931271240E-015 -2.084752247574E-015  9.600340058164E-016
  8.237648351994E+001  4.745230855210E+000  5.506447955509E-016 -2.552840912830E-016  1.181149354195E-016
  8.733311794503E+001  5.176368549127E+000  5.503946314092E-017 -2.562795140554E-017  1.191190156383E-017
  9.274715535088E+001  5.661357031559E+000  4.400360248612E-018 -2.057598765801E-018  9.606180246061E-019
  9.867665554529E+001  6.208873552072E+000  2.734236531228E-019 -1.283765631121E-019  6.019147116049E-020
  1.051891916055E+002  6.829328764649E+000  1.276991030652E-020 -6.019473451724E-021  2.834020761045E-021
  1.123637836013E+002  7.535284543316E+000  4.310654202879E-022 -2.039755456657E-022  9.641709030196E-023
  1.202933069206E+002  8.341990973528E+000  1.004408495389E-023 -4.770374061452E-024  2.263580284854E-024
  1.290875131414E+002  9.268082166539E+000  1.529863719085E-025 -7.291964533546E-026  3.472897045352E-026
  1.388768482001E+002  1.033648575811E+001  1.427783558601E-027 -6.828830963340E-028  3.263880453874E-028
  1.498173177370E+002  1.157562284364E+001  7.556261547975E-030 -3.625980959427E-030  1.738965288779E-030
  1.620967411853E+002  1.302100699722E+001  2.065740909941E-032 -9.944233635155E-033  4.784666330658E-033
  1.759428668168E+002  1.471739812515E+001  2.605088723356E-035 -1.257874712090E-035  6.071144815953E-036
  1.916340085825E+002  1.672173748087E+001  1.319656401611E-038 -6.390542855654E-039  3.093586708161E-039
  2.095131417987E+002  1.910719757888E+001  2.264182576070E-042 -1.099494760115E-042  5.337625331807E-043
  2.300068054477E+002  2.196884699990E+001  1.064156966149E-046 -5.181259233369E-047  2.522088219169E-047
  2.536507797910E+002  2.543169216868E+001  1.049351822064E-051 -5.122028847950E-052  2.499638898423E-052
  2.811254638474E+002  2.966227967912E+001  1.547080705428E-057 -7.569528293901E-058  3.703013363859E-058
  3.133053780630E+002  3.488573552677E+001  2.205882491113E-064 -1.081725795936E-064  5.303913103682E-065
  3.513296254502E+002  4.141128389041E+001  1.724242975807E-072 -8.473378752784E-073  4.163616876014E-073
  3.967041014106E+002  4.967130404214E+001  3.487652340653E-082 -1.717352408396E-082  8.455733592593E-083
  4.514529193349E+002  6.028257212519E+001  6.653015334734E-094 -3.282146462274E-094  1.619089899132E-094
  5.183481233601E+002  7.414493328740E+001  3.002737371782E-108 -1.483936992844E-108  7.333201330967E-109
  6.012676077950E+002  9.260523890243E+001  4.630991196737E-126 -2.292327143097E-126  1.134656633632E-126
  7.057700503752E+002  1.177394213729E+002  1.522542523600E-148 -7.547842126850E-149  3.741670107473E-149
  8.400513767914E+002  1.528577972397E+002  1.783086516402E-177 -8.851626444740E-178  4.394062386653E-178
  1.016602135495E+003  2.034537342122E+002  1.454313867525E-215 -7.228579620234E-216  3.592879676512E-216
  1.255220715580E+003  2.790860613466E+002  4.192014126280E-267 -2.085974082065E-267  1.037986559603E-267
  1.588815776243E+003  3.973705897531E+002  0.000000000000E+000  0.000000000000E+000  0.000000000000E+000
  2.075392011604E+003  5.931596040112E+002  0.000000000000E+000  0.000000000000E+000  0.000000000000E+000
  2.825079847529E+003  9.419154890021E+002  0.000000000000E+000  0.000000000000E+000  0.000000000000E+000
  4.068408296184E+003  1.627629972033E+003  0.000000000000E+000  0.000000000000E+000  0.000000000000E+000
  6.357262947674E+003  3.178964796686E+003  0.000000000000E+000  0.000000000000E+000  0.000000000000E+000
  1.130231930164E+004  7.535323971013E+003  0.000000000000E+000  0.000000000000E+000  0.000000000000E+000
  2.543105175140E+004  2.543171841285E+004  0.000000000000E+000  0.000000000000E+000  0.000000000000E+000
  1.017262069958E+005  2.034537473226E+005  0.000000000000E+000  0.000000000000E+000  0.000000000000E+000
