# 1st line: number of mesh points
# abcissa weight wavefunction wavefunction_1st wavefunction_2nd
500
# Principal QN=   2 , l=   0 , Occupation=   1.0000
  9.830308526508E-006  1.966074589941E-005 -1.638813461567E+000  5.074028076190E+000 -1.574834174875E+001
  3.932200719717E-005  3.932303800261E-005 -1.638663826708E+000  5.073563656027E+000 -1.574663373700E+001
  8.847741541455E-005  5.898842277178E-005 -1.638414452638E+000  5.072789693777E+000 -1.574378736913E+001
  1.573003992804E-004  7.865844718600E-005 -1.638065365398E+000  5.071706296463E+000 -1.573980312265E+001
  2.457963722417E-004  9.833465899987E-005 -1.637616601441E+000  5.070313613900E+000 -1.573468166600E+001
  3.539722959954E-004  1.180186070023E-004 -1.637068207634E+000  5.068611838673E+000 -1.572842385843E+001
  4.818366816528E-004  1.377118412759E-004 -1.636420241249E+000  5.066601206119E+000 -1.572103074990E+001
  6.293995911626E-004  1.574159134560E-004 -1.635672769964E+000  5.064281994293E+000 -1.571250358092E+001
  7.966726389934E-004  1.771323769912E-004 -1.634825871855E+000  5.061654523936E+000 -1.570284378241E+001
  9.836689940782E-004  1.968627874036E-004 -1.633879635391E+000  5.058719158436E+000 -1.569205297546E+001
  1.190403382016E-003  2.166087025496E-004 -1.632834159430E+000  5.055476303783E+000 -1.568013297112E+001
  1.416892087541E-003  2.363716828821E-004 -1.631689553207E+000  5.051926408519E+000 -1.566708577018E+001
  1.663152957245E-003  2.561532917128E-004 -1.630445936333E+000  5.048069963681E+000 -1.565291356285E+001
  1.929205402573E-003  2.759550954757E-004 -1.629103438782E+000  5.043907502742E+000 -1.563761872846E+001
  2.215070403074E-003  2.957786639908E-004 -1.627662200881E+000  5.039439601544E+000 -1.562120383516E+001
  2.520770509919E-003  3.156255707300E-004 -1.626122373304E+000  5.034666878230E+000 -1.560367163954E+001
  2.846329849692E-003  3.354973930828E-004 -1.624484117058E+000  5.029589993160E+000 -1.558502508623E+001
  3.191774128432E-003  3.553957126240E-004 -1.622747603471E+000  5.024209648836E+000 -1.556526730751E+001
  3.557130635959E-003  3.753221153821E-004 -1.620913014184E+000  5.018526589810E+000 -1.554440162285E+001
  3.942428250463E-003  3.952781921092E-004 -1.618980541133E+000  5.012541602591E+000 -1.552243153847E+001
  4.347697443358E-003  4.152655385525E-004 -1.616950386538E+000  5.006255515548E+000 -1.549936074681E+001
  4.772970284417E-003  4.352857557265E-004 -1.614822762887E+000  4.999669198805E+000 -1.547519312603E+001
  5.218280447175E-003  4.553404501876E-004 -1.612597892921E+000  4.992783564130E+000 -1.544993273943E+001
  5.683663214611E-003  4.754312343099E-004 -1.610276009619E+000  4.985599564823E+000 -1.542358383491E+001
  6.169155485101E-003  4.955597265624E-004 -1.607857356179E+000  4.978118195588E+000 -1.539615084431E+001
  6.674795778653E-003  5.157275517886E-004 -1.605342186001E+000  4.970340492414E+000 -1.536763838283E+001
  7.200624243425E-003  5.359363414876E-004 -1.602730762668E+000  4.962267532438E+000 -1.533805124830E+001
  7.746682662519E-003  5.561877340970E-004 -1.600023359928E+000  4.953900433808E+000 -1.530739442054E+001
  8.313014461060E-003  5.764833752781E-004 -1.597220261673E+000  4.945240355537E+000 -1.527567306060E+001
  8.899664713569E-003  5.968249182030E-004 -1.594321761914E+000  4.936288497358E+000 -1.524289251001E+001
  9.506680151615E-003  6.172140238444E-004 -1.591328164768E+000  4.927046099561E+000 -1.520905828999E+001
  1.013410917176E-002  6.376523612666E-004 -1.588239784425E+000  4.917514442839E+000 -1.517417610067E+001
  1.078200184380E-002  6.581416079202E-004 -1.585056945131E+000  4.907694848115E+000 -1.513825182019E+001
  1.145040991929E-002  6.786834499385E-004 -1.581779981162E+000  4.897588676370E+000 -1.510129150387E+001
  1.213938684040E-002  6.992795824361E-004 -1.578409236797E+000  4.887197328464E+000 -1.506330138326E+001
  1.284898774901E-002  7.199317098113E-004 -1.574945066294E+000  4.876522244948E+000 -1.502428786524E+001
  1.357926949620E-002  7.406415460502E-004 -1.571387833860E+000  4.865564905875E+000 -1.498425753104E+001
  1.433029065191E-002  7.614108150341E-004 -1.567737913626E+000  4.854326830601E+000 -1.494321713521E+001
  1.510211151509E-002  7.822412508494E-004 -1.563995689617E+000  4.842809577579E+000 -1.490117360464E+001
  1.589479412397E-002  8.031345981016E-004 -1.560161555720E+000  4.831014744149E+000 -1.485813403743E+001
  1.670840226680E-002  8.240926122311E-004 -1.556235915656E+000  4.818943966322E+000 -1.481410570185E+001
  1.754300149280E-002  8.451170598329E-004 -1.552219182948E+000  4.806598918555E+000 -1.476909603516E+001
  1.839865912351E-002  8.662097189796E-004 -1.548111780886E+000  4.793981313524E+000 -1.472311264249E+001
  1.927544426443E-002  8.873723795480E-004 -1.543914142496E+000  4.781092901884E+000 -1.467616329559E+001
  2.017342781695E-002  9.086068435487E-004 -1.539626710505E+000  4.767935472027E+000 -1.462825593165E+001
  2.109268249069E-002  9.299149254598E-004 -1.535249937302E+000  4.754510849836E+000 -1.457939865200E+001
  2.203328281612E-002  9.512984525641E-004 -1.530784284907E+000  4.740820898423E+000 -1.452959972082E+001
  2.299530515754E-002  9.727592652906E-004 -1.526230224931E+000  4.726867517870E+000 -1.447886756380E+001
  2.397882772639E-002  9.942992175591E-004 -1.521588238535E+000  4.712652644959E+000 -1.442721076678E+001
  2.498393059493E-002  1.015920177130E-003 -1.516858816395E+000  4.698178252893E+000 -1.437463807433E+001
  2.601069571024E-002  1.037624025957E-003 -1.512042458660E+000  4.683446351017E+000 -1.432115838831E+001
  2.705920690860E-002  1.059412660547E-003 -1.507139674906E+000  4.668458984523E+000 -1.426678076639E+001
  2.812954993023E-002  1.081287992318E-003 -1.502150984102E+000  4.653218234155E+000 -1.421151442056E+001
  2.922181243436E-002  1.103251947969E-003 -1.497076914559E+000  4.637726215906E+000 -1.415536871553E+001
  3.033608401473E-002  1.125306469854E-003 -1.491918003888E+000  4.621985080703E+000 -1.409835316719E+001
  3.147245621542E-002  1.147453516351E-003 -1.486674798955E+000  4.605997014092E+000 -1.404047744096E+001
  3.263102254705E-002  1.169695062249E-003 -1.481347855835E+000  4.589764235909E+000 -1.398175135012E+001
  3.381187850339E-002  1.192033099133E-003 -1.475937739761E+000  4.573288999951E+000 -1.392218485413E+001
  3.501512157837E-002  1.214469635775E-003 -1.470445025077E+000  4.556573593632E+000 -1.386178805686E+001
  3.624085128345E-002  1.237006698530E-003 -1.464870295189E+000  4.539620337638E+000 -1.380057120484E+001
  3.748916916538E-002  1.259646331739E-003 -1.459214142513E+000  4.522431585568E+000 -1.373854468542E+001
  3.876017882444E-002  1.282390598136E-003 -1.453477168420E+000  4.505009723578E+000 -1.367571902492E+001
  4.005398593302E-002  1.305241579266E-003 -1.447659983189E+000  4.487357170007E+000 -1.361210488675E+001
  4.137069825459E-002  1.328201375897E-003 -1.441763205947E+000  4.469476374997E+000 -1.354771306943E+001
  4.271042566323E-002  1.351272108452E-003 -1.435787464615E+000  4.451369820115E+000 -1.348255450467E+001
  4.407328016341E-002  1.374455917436E-003 -1.429733395852E+000  4.433040017954E+000 -1.341664025528E+001
  4.545937591035E-002  1.397754963880E-003 -1.423601644999E+000  4.414489511738E+000 -1.334998151319E+001
  4.686882923075E-002  1.421171429779E-003 -1.417392866014E+000  4.395720874909E+000 -1.328258959728E+001
  4.830175864396E-002  1.444707518548E-003 -1.411107721418E+000  4.376736710714E+000 -1.321447595129E+001
  4.975828488365E-002  1.468365455478E-003 -1.404746882232E+000  4.357539651785E+000 -1.314565214161E+001
  5.123853091993E-002  1.492147488203E-003 -1.398311027913E+000  4.338132359700E+000 -1.307612985506E+001
  5.274262198188E-002  1.516055887169E-003 -1.391800846290E+000  4.318517524552E+000 -1.300592089661E+001
  5.427068558066E-002  1.540092946119E-003 -1.385217033503E+000  4.298697864498E+000 -1.293503718711E+001
  5.582285153302E-002  1.564260982573E-003 -1.378560293934E+000  4.278676125305E+000 -1.286349076089E+001
  5.739925198530E-002  1.588562338332E-003 -1.371831340138E+000  4.258455079887E+000 -1.279129376341E+001
  5.900002143803E-002  1.612999379973E-003 -1.365030892781E+000  4.238037527839E+000 -1.271845844876E+001
  6.062529677088E-002  1.637574499364E-003 -1.358159680562E+000  4.217426294952E+000 -1.264499717726E+001
  6.227521726827E-002  1.662290114181E-003 -1.351218440150E+000  4.196624232733E+000 -1.257092241287E+001
  6.394992464542E-002  1.687148668440E-003 -1.344207916108E+000  4.175634217908E+000 -1.249624672065E+001
  6.564956307496E-002  1.712152633027E-003 -1.337128860820E+000  4.154459151920E+000 -1.242098276415E+001
  6.737427921404E-002  1.737304506249E-003 -1.329982034417E+000  4.133101960419E+000 -1.234514330274E+001
  6.912422223211E-002  1.762606814387E-003 -1.322768204704E+000  4.111565592749E+000 -1.226874118893E+001
  7.089954383907E-002  1.788062112257E-003 -1.315488147078E+000  4.089853021416E+000 -1.219178936563E+001
  7.270039831418E-002  1.813672983787E-003 -1.308142644456E+000  4.067967241556E+000 -1.211430086333E+001
  7.452694253540E-002  1.839442042599E-003 -1.300732487191E+000  4.045911270399E+000 -1.203628879731E+001
  7.637933600943E-002  1.865371932600E-003 -1.293258472996E+000  4.023688146713E+000 -1.195776636473E+001
  7.825774090225E-002  1.891465328589E-003 -1.285721406856E+000  4.001300930251E+000 -1.187874684177E+001
  8.016232207035E-002  1.917724936867E-003 -1.278122100956E+000  3.978752701187E+000 -1.179924358058E+001
  8.209324709253E-002  1.944153495867E-003 -1.270461374585E+000  3.956046559540E+000 -1.171927000638E+001
  8.405068630235E-002  1.970753776782E-003 -1.262740054060E+000  3.933185624598E+000 -1.163883961432E+001
  8.603481282122E-002  1.997528584221E-003 -1.254958972635E+000  3.910173034328E+000 -1.155796596643E+001
  8.804580259214E-002  2.024480756857E-003 -1.247118970417E+000  3.887011944782E+000 -1.147666268850E+001
  9.008383441408E-002  2.051613168108E-003 -1.239220894275E+000  3.863705529494E+000 -1.139494346686E+001
  9.214908997710E-002  2.078928726810E-003 -1.231265597750E+000  3.840256978868E+000 -1.131282204519E+001
  9.424175389809E-002  2.106430377918E-003 -1.223253940968E+000  3.816669499565E+000 -1.123031222126E+001
  9.636201375725E-002  2.134121103210E-003 -1.215186790542E+000  3.792946313874E+000 -1.114742784360E+001
  9.851006013526E-002  2.162003922007E-003 -1.207065019485E+000  3.769090659082E+000 -1.106418280816E+001
  1.006860866512E-001  2.190081891910E-003 -1.198889507114E+000  3.745105786835E+000 -1.098059105492E+001
  1.028902900012E-001  2.218358109541E-003 -1.190661138951E+000  3.720994962492E+000 -1.089666656450E+001
  1.051228699979E-001  2.246835711311E-003 -1.182380806633E+000  3.696761464472E+000 -1.081242335461E+001
  1.073840296104E-001  2.275517874190E-003 -1.174049407811E+000  3.672408583594E+000 -1.072787547660E+001
  1.096739750056E-001  2.304407816497E-003 -1.165667846052E+000  3.647939622413E+000 -1.064303701190E+001
  1.119929155896E-001  2.333508798707E-003 -1.157237030739E+000  3.623357894546E+000 -1.055792206840E+001
  1.143410640503E-001  2.362824124271E-003 -1.148757876972E+000  3.598666723990E+000 -1.047254477686E+001
  1.167186364011E-001  2.392357140448E-003 -1.140231305468E+000  3.573869444443E+000 -1.038691928722E+001
  1.191258520249E-001  2.422111239159E-003 -1.131658242455E+000  3.548969398608E+000 -1.030105976489E+001
  1.215629337189E-001  2.452089857854E-003 -1.123039619570E+000  3.523969937499E+000 -1.021498038704E+001
  1.240301077413E-001  2.482296480400E-003 -1.114376373757E+000  3.498874419735E+000 -1.012869533879E+001
  1.265276038575E-001  2.512734637975E-003 -1.105669447159E+000  3.473686210836E+000 -1.004221880941E+001
  1.290556553882E-001  2.543407909995E-003 -1.096919787014E+000  3.448408682506E+000 -9.955564988510E+000
  1.316144992580E-001  2.574319925047E-003 -1.088128345548E+000  3.423045211918E+000 -9.868748062099E+000
  1.342043760450E-001  2.605474361847E-003 -1.079296079865E+000  3.397599180986E+000 -9.781782208728E+000
  1.368255300316E-001  2.636874950214E-003 -1.070423951842E+000  3.372073975642E+000 -9.694681595527E+000
  1.394782092560E-001  2.668525472060E-003 -1.061512928017E+000  3.346472985099E+000 -9.607460374245E+000
  1.421626655646E-001  2.700429762411E-003 -1.052563979482E+000  3.320799601119E+000 -9.520132677241E+000
  1.448791546661E-001  2.732591710434E-003 -1.043578081768E+000  3.295057217267E+000 -9.432712613471E+000
  1.476279361856E-001  2.765015260497E-003 -1.034556214739E+000  3.269249228175E+000 -9.345214264427E+000
  1.504092737207E-001  2.797704413242E-003 -1.025499362474E+000  3.243379028785E+000 -9.257651680068E+000
  1.532234348983E-001  2.830663226680E-003 -1.016408513162E+000  3.217450013607E+000 -9.170038874716E+000
  1.560706914324E-001  2.863895817319E-003 -1.007284658980E+000  3.191465575958E+000 -9.082389822939E+000
  1.589513191834E-001  2.897406361298E-003 -9.981287959881E-001  3.165429107215E+000 -8.994718455408E+000
  1.618655982178E-001  2.931199095559E-003 -9.889419240078E-001  3.139343996048E+000 -8.907038654739E+000
  1.648138128702E-001  2.965278319033E-003 -9.797250465122E-001  3.113213627667E+000 -8.819364251317E+000
  1.677962518056E-001  2.999648393860E-003 -9.704791705094E-001  3.087041383059E+000 -8.731709019103E+000
  1.708132080832E-001  3.034313746623E-003 -9.612053064268E-001  3.060830638224E+000 -8.644086671434E+000
  1.738649792215E-001  3.069278869616E-003 -9.519044679955E-001  3.034584763413E+000 -8.556510856803E+000
  1.769518672648E-001  3.104548322136E-003 -9.425776721346E-001  3.008307122368E+000 -8.468995154635E+000
  1.800741788507E-001  3.140126731803E-003 -9.332259388341E-001  2.982001071551E+000 -8.381553071058E+000
  1.832322252791E-001  3.176018795904E-003 -9.238502910389E-001  2.955669959389E+000 -8.294198034661E+000
  1.864263225826E-001  3.212229282769E-003 -9.144517545320E-001  2.929317125506E+000 -8.206943392256E+000
  1.896567915983E-001  3.248763033179E-003 -9.050313578172E-001  2.902945899967E+000 -8.119802404636E+000
  1.929239580409E-001  3.285624961791E-003 -8.955901320027E-001  2.876559602513E+000 -8.032788242337E+000
  1.962281525771E-001  3.322820058613E-003 -8.861291106836E-001  2.850161541810E+000 -7.945913981400E+000
  1.995697109023E-001  3.360353390492E-003 -8.766493298249E-001  2.823755014687E+000 -7.859192599142E+000
  2.029489738173E-001  3.398230102644E-003 -8.671518276451E-001  2.797343305392E+000 -7.772636969935E+000
  2.063662873085E-001  3.436455420218E-003 -8.576376444985E-001  2.770929684838E+000 -7.686259861000E+000
  2.098220026275E-001  3.475034649885E-003 -8.481078227589E-001  2.744517409863E+000 -7.600073928211E+000
  2.133164763746E-001  3.513973181471E-003 -8.385634067032E-001  2.718109722484E+000 -7.514091711916E+000
  2.168500705817E-001  3.553276489620E-003 -8.290054423946E-001  2.691709849169E+000 -7.428325632780E+000
  2.204231527988E-001  3.592950135496E-003 -8.194349775668E-001  2.665321000103E+000 -7.342787987652E+000
  2.240360961807E-001  3.632999768520E-003 -8.098530615081E-001  2.638946368466E+000 -7.257490945455E+000
  2.276892795770E-001  3.673431128145E-003 -8.002607449461E-001  2.612589129714E+000 -7.172446543107E+000
  2.313830876220E-001  3.714250045674E-003 -7.906590799330E-001  2.586252440871E+000 -7.087666681469E+000
  2.351179108282E-001  3.755462446115E-003 -7.810491197303E-001  2.559939439827E+000 -7.003163121338E+000
  2.388941456809E-001  3.797074350078E-003 -7.714319186955E-001  2.533653244638E+000 -6.918947479468E+000
  2.427121947345E-001  3.839091875711E-003 -7.618085321682E-001  2.507396952845E+000 -6.835031224642E+000
  2.465724667110E-001  3.881521240686E-003 -7.521800163570E-001  2.481173640798E+000 -6.751425673778E+000
  2.504753766009E-001  3.924368764227E-003 -7.425474282278E-001  2.454986362983E+000 -6.668141988099E+000
  2.544213457654E-001  3.967640869177E-003 -7.329118253914E-001  2.428838151370E+000 -6.585191169340E+000
  2.584108020414E-001  4.011344084122E-003 -7.232742659928E-001  2.402732014764E+000 -6.502584056019E+000
  2.624441798480E-001  4.055485045557E-003 -7.136358086011E-001  2.376670938174E+000 -6.420331319770E+000
  2.665219202956E-001  4.100070500102E-003 -7.039975120995E-001  2.350657882185E+000 -6.338443461731E+000
  2.706444712976E-001  4.145107306769E-003 -6.943604355770E-001  2.324695782352E+000 -6.256930809004E+000
  2.748122876832E-001  4.190602439283E-003 -6.847256382204E-001  2.298787548601E+000 -6.175803511186E+000
  2.790258313137E-001  4.236562988450E-003 -6.750941792068E-001  2.272936064647E+000 -6.095071536975E+000
  2.832855712010E-001  4.282996164587E-003 -6.654671175979E-001  2.247144187422E+000 -6.014744670850E+000
  2.875919836279E-001  4.329909300005E-003 -6.558455122344E-001  2.221414746523E+000 -5.934832509841E+000
  2.919455522717E-001  4.377309851548E-003 -6.462304216314E-001  2.195750543674E+000 -5.855344460378E+000
  2.963467683296E-001  4.425205403192E-003 -6.366229038753E-001  2.170154352200E+000 -5.776289735234E+000
  3.007961306479E-001  4.473603668706E-003 -6.270240165206E-001  2.144628916521E+000 -5.697677350565E+000
  3.052941458522E-001  4.522512494374E-003 -6.174348164888E-001  2.119176951665E+000 -5.619516123044E+000
  3.098413284823E-001  4.571939861783E-003 -6.078563599673E-001  2.093801142793E+000 -5.541814667100E+000
  3.144382011281E-001  4.621893890671E-003 -5.982897023097E-001  2.068504144748E+000 -5.464581392262E+000
  3.190852945695E-001  4.672382841850E-003 -5.887358979368E-001  2.043288581617E+000 -5.387824500620E+000
  3.237831479192E-001  4.723415120192E-003 -5.791960002389E-001  2.018157046315E+000 -5.311551984390E+000
  3.285323087679E-001  4.774999277691E-003 -5.696710614784E-001  1.993112100191E+000 -5.235771623609E+000
  3.333333333333E-001  4.827144016591E-003 -5.601621326940E-001  1.968156272648E+000 -5.160490983947E+000
  3.381867866117E-001  4.879858192602E-003 -5.506702636051E-001  1.943292060789E+000 -5.085717414648E+000
  3.430932425333E-001  4.933150818173E-003 -5.411965025173E-001  1.918521929083E+000 -5.011458046599E+000
  3.480532841203E-001  4.987031065868E-003 -5.317418962290E-001  1.893848309048E+000 -4.937719790541E+000
  3.530675036492E-001  5.041508271801E-003 -5.223074899381E-001  1.869273598961E+000 -4.864509335413E+000
  3.581365028158E-001  5.096591939172E-003 -5.128943271500E-001  1.844800163587E+000 -4.791833146843E+000
  3.632608929041E-001  5.152291741875E-003 -5.035034495858E-001  1.820430333933E+000 -4.719697465779E+000
  3.684412949588E-001  5.208617528209E-003 -4.941358970913E-001  1.796166407022E+000 -4.648108307281E+000
  3.736783399619E-001  5.265579324662E-003 -4.847927075468E-001  1.772010645692E+000 -4.577071459459E+000
  3.789726690123E-001  5.323187339805E-003 -4.754749167764E-001  1.747965278414E+000 -4.506592482572E+000
  3.843249335105E-001  5.381451968273E-003 -4.661835584588E-001  1.724032499145E+000 -4.436676708289E+000
  3.897357953460E-001  5.440383794842E-003 -4.569196640377E-001  1.700214467187E+000 -4.367329239112E+000
  3.952059270903E-001  5.499993598618E-003 -4.476842626321E-001  1.676513307086E+000 -4.298554947968E+000
  4.007360121927E-001  5.560292357317E-003 -4.384783809477E-001  1.652931108547E+000 -4.230358477974E+000
  4.063267451812E-001  5.621291251662E-003 -4.293030431868E-001  1.629469926371E+000 -4.162744242376E+000
  4.119788318683E-001  5.683001669888E-003 -4.201592709593E-001  1.606131780425E+000 -4.095716424658E+000
  4.176929895600E-001  5.745435212354E-003 -4.110480831927E-001  1.582918655624E+000 -4.029278978843E+000
  4.234699472710E-001  5.808603696282E-003 -4.019704960417E-001  1.559832501947E+000 -3.963435629960E+000
  4.293104459435E-001  5.872519160606E-003 -3.929275227972E-001  1.536875234471E+000 -3.898189874713E+000
  4.352152386716E-001  5.937193870949E-003 -3.839201737946E-001  1.514048733430E+000 -3.833544982319E+000
  4.411850909306E-001  6.002640324729E-003 -3.749494563214E-001  1.491354844299E+000 -3.769503995546E+000
  4.472207808110E-001  6.068871256391E-003 -3.660163745229E-001  1.468795377897E+000 -3.706069731936E+000
  4.533230992589E-001  6.135899642772E-003 -3.571219293075E-001  1.446372110516E+000 -3.643244785218E+000
  4.594928503202E-001  6.203738708611E-003 -3.482671182500E-001  1.424086784070E+000 -3.581031526917E+000
  4.657308513924E-001  6.272401932198E-003 -3.394529354929E-001  1.401941106269E+000 -3.519432108148E+000
  4.720379334802E-001  6.341903051163E-003 -3.306803716470E-001  1.379936750810E+000 -3.458448461614E+000
  4.784149414579E-001  6.412256068427E-003 -3.219504136880E-001  1.358075357589E+000 -3.398082303786E+000
  4.848627343381E-001  6.483475258298E-003 -3.132640448525E-001  1.336358532937E+000 -3.338335137287E+000
  4.913821855461E-001  6.555575172733E-003 -3.046222445302E-001  1.314787849869E+000 -3.279208253461E+000
  4.979741832006E-001  6.628570647764E-003 -2.960259881540E-001  1.293364848356E+000 -3.220702735135E+000
  5.046396304008E-001  6.702476810086E-003 -2.874762470865E-001  1.272091035613E+000 -3.162819459577E+000
  5.113794455212E-001  6.777309083830E-003 -2.789739885031E-001  1.250967886401E+000 -3.105559101635E+000
  5.181945625116E-001  6.853083197508E-003 -2.705201752722E-001  1.229996843346E+000 -3.048922137073E+000
  5.250859312060E-001  6.929815191146E-003 -2.621157658305E-001  1.209179317274E+000 -2.992908846081E+000
  5.320545176366E-001  7.007521423604E-003 -2.537617140547E-001  1.188516687554E+000 -2.937519316973E+000
  5.391013043575E-001  7.086218580100E-003 -2.454589691287E-001  1.168010302459E+000 -2.882753450067E+000
  5.462272907741E-001  7.165923679926E-003 -2.372084754059E-001  1.147661479531E+000 -2.828610961732E+000
  5.534334934816E-001  7.246654084380E-003 -2.290111722665E-001  1.127471505957E+000 -2.775091388608E+000
  5.607209466109E-001  7.328427504912E-003 -2.208679939695E-001  1.107441638956E+000 -2.722194092000E+000
  5.680907021827E-001  7.411262011483E-003 -2.127798694989E-001  1.087573106164E+000 -2.669918262420E+000
  5.755438304707E-001  7.495176041166E-003 -2.047477224044E-001  1.067867106030E+000 -2.618262924296E+000
  5.830814203728E-001  7.580188406970E-003 -1.967724706351E-001  1.048324808211E+000 -2.567226940823E+000
  5.907045797917E-001  7.666318306912E-003 -1.888550263675E-001  1.028947353967E+000 -2.516809018958E+000
  5.984144360243E-001  7.753585333338E-003 -1.809962958265E-001  1.009735856554E+000 -2.467007714556E+000
  6.062121361613E-001  7.842009482502E-003 -1.731971790984E-001  9.906914016193E-001 -2.417821437624E+000
  6.140988474955E-001  7.931611164409E-003 -1.654585699381E-001  9.718150475788E-001 -2.369248457700E+000
  6.220757579409E-001  8.022411212936E-003 -1.577813555672E-001  9.531078260005E-001 -2.321286909349E+000
  6.301440764614E-001  8.114430896230E-003 -1.501664164651E-001  9.345707419692E-001 -2.273934797743E+000
  6.383050335109E-001  8.207691927403E-003 -1.426146261515E-001  9.162047744419E-001 -2.227190004352E+000
  6.465598814833E-001  8.302216475524E-003 -1.351268509604E-001  8.980108765887E-001 -2.181050292706E+000
  6.549098951744E-001  8.398027176926E-003 -1.277039498059E-001  8.799899761169E-001 -2.135513314223E+000
  6.633563722545E-001  8.495147146827E-003 -1.203467739388E-001  8.621429755755E-001 -2.090576614109E+000
  6.719006337539E-001  8.593599991288E-003 -1.130561666942E-001  8.444707526389E-001 -2.046237637292E+000
  6.805440245593E-001  8.693409819506E-003 -1.058329632300E-001  8.269741603661E-001 -2.002493734397E+000
  6.892879139233E-001  8.794601256469E-003 -9.867799025594E-002  8.096540274339E-001 -1.959342167741E+000
  6.981336959871E-001  8.897199455961E-003 -9.159206575300E-002  7.925111583403E-001 -1.916780117333E+000
  7.070827903152E-001  9.001230113956E-003 -8.457599868371E-002  7.755463335778E-001 -1.874804686875E+000
  7.161366424455E-001  9.106719482390E-003 -7.763058869230E-002  7.587603097718E-001 -1.833412909732E+000
  7.252967244510E-001  9.213694383338E-003 -7.075662579553E-002  7.421538197830E-001 -1.792601754871E+000
  7.345645355186E-001  9.322182223606E-003 -6.395489006362E-002  7.257275727710E-001 -1.752368132757E+000
  7.439416025400E-001  9.432211009745E-003 -5.722615129180E-002  7.094822542168E-001 -1.712708901166E+000
  7.534294807203E-001  9.543809363512E-003 -5.057116866215E-002  6.934185259015E-001 -1.673620870931E+000
  7.630297542000E-001  9.657006537783E-003 -4.399069039618E-002  6.775370258392E-001 -1.635100811577E+000
  7.727440366954E-001  9.771832432940E-003 -3.748545339820E-002  6.618383681624E-001 -1.597145456849E+000
  7.825739721536E-001  9.888317613741E-003 -3.105618288963E-002  6.463231429556E-001 -1.559751510106E+000
  7.925212354258E-001  1.000649332670E-002 -2.470359203481E-002  6.309919160385E-001 -1.522915649557E+000
  8.025875329584E-001  1.012639151798E-002 -1.842838155833E-002  6.158452286939E-001 -1.486634533343E+000
  8.127746035011E-001  1.024804485184E-002 -1.223123935452E-002  6.008835973394E-001 -1.450904804424E+000
  8.230842188350E-001  1.037148672960E-002 -6.112840089534E-003  5.861075131424E-001 -1.415723095272E+000
  8.335181845190E-001  1.049675130923E-002 -7.384479643444E-005  5.715174415750E-001 -1.381086032342E+000
  8.440783406568E-001  1.062387352550E-002  5.885099535920E-003  5.571138219087E-001 -1.346990240304E+000
  8.547665626839E-001  1.075288911077E-002  1.176336037966E-002  5.428970666484E-001 -1.313432346030E+000
  8.655847621758E-001  1.088383461638E-002  1.756032008951E-002  5.288675609024E-001 -1.280408982301E+000
  8.765348876780E-001  1.101674743475E-002  2.327537632848E-002  5.150256616909E-001 -1.247916791235E+000
  8.876189255584E-001  1.115166582209E-002  2.890794249658E-002  5.013716971901E-001 -1.215952427411E+000
  8.988389008829E-001  1.128862892191E-002  3.445744816172E-002  4.879059659132E-001 -1.184512560670E+000
  9.101968783143E-001  1.142767678917E-002  3.992333949163E-002  4.746287358278E-001 -1.153593878589E+000
  9.216949630368E-001  1.156885041525E-002  4.530507968567E-002  4.615402434107E-001 -1.123193088601E+000
  9.333353017046E-001  1.171219175365E-002  5.060214940527E-002  4.486406926406E-001 -1.093306919757E+000
  9.451200834176E-001  1.185774374655E-002  5.581404720162E-002  4.359302539302E-001 -1.063932124114E+000
  9.570515407237E-001  1.200555035216E-002  6.094028993932E-002  4.234090629986E-001 -1.035065477728E+000
  9.691319506484E-001  1.215565657299E-002  6.598041321428E-002  4.110772196876E-001 -1.006703781264E+000
  9.813636357544E-001  1.230810848498E-002  7.093397176450E-002  3.989347867217E-001 -9.788438601828E-001
  9.937489652293E-001  1.246295326757E-002  7.580053987185E-002  3.869817884173E-001 -9.514825645222E-001
  1.006290356005E+000  1.262023923477E-002  8.057971175315E-002  3.752182093430E-001 -9.246167682503E-001
  1.018990273907E+000  1.278001586715E-002  8.527110193880E-002  3.636439929341E-001 -8.982433681910E-001
  1.031851234841E+000  1.294233384499E-002  8.987434563685E-002  3.522590400677E-001 -8.723592825156E-001
  1.044875806003E+000  1.310724508236E-002  9.438909908064E-002  3.410632076005E-001 -8.469614487987E-001
  1.058066607138E+000  1.327480276248E-002  9.881503985793E-002  3.300563068765E-001 -8.220468216380E-001
  1.071426311823E+000  1.344506137405E-002  1.031518672192E-001  3.192381022094E-001 -7.976123698380E-001
  1.084957648792E+000  1.361807674895E-002  1.073993023635E-001  3.086083093461E-001 -7.736550731621E-001
  1.098663403298E+000  1.379390610110E-002  1.115570886982E-001  2.981665939183E-001 -7.501719186576E-001
  1.112546418516E+000  1.397260806657E-002  1.156249920729E-001  2.879125698891E-001 -7.271598965608E-001
  1.126609596985E+000  1.415424274514E-002  1.196028009817E-001  2.778457980028E-001 -7.046159957937E-001
  1.140855902095E+000  1.433887174317E-002  1.234903267352E-001  2.679657842459E-001 -6.825371990618E-001
  1.155288359613E+000  1.452655821788E-002  1.272874035966E-001  2.582719783289E-001 -6.609204775700E-001
  1.169910059257E+000  1.471736692327E-002  1.309938888819E-001  2.487637721975E-001 -6.397627853725E-001
  1.184724156317E+000  1.491136425740E-002  1.346096630207E-001  2.394404985828E-001 -6.190610533769E-001
  1.199733873325E+000  1.510861831145E-002  1.381346295753E-001  2.303014296028E-001 -5.988121830245E-001
  1.214942501771E+000  1.530919892035E-002  1.415687152165E-001  2.213457754230E-001 -5.790130396730E-001
  1.230353403874E+000  1.551317771520E-002  1.449118696534E-001  2.125726829903E-001 -5.596604457073E-001
  1.245970014403E+000  1.572062817747E-002  1.481640655149E-001  2.039812348501E-001 -5.407511734119E-001
  1.261795842559E+000  1.593162569510E-002  1.513252981818E-001  1.955704480582E-001 -5.222819376358E-001
  1.277834473907E+000  1.614624762054E-002  1.543955855664E-001  1.873392732021E-001 -5.042493882869E-001
  1.294089572372E+000  1.636457333079E-002  1.573749678389E-001  1.792865935412E-001 -4.866501026948E-001
  1.310564882294E+000  1.658668428962E-002  1.602635070990E-001  1.714112242813E-001 -4.694805778836E-001
  1.327264230548E+000  1.681266411190E-002  1.630612869902E-001  1.637119119944E-001 -4.527372227975E-001
  1.344191528724E+000  1.704259863026E-002  1.657684122578E-001  1.561873341982E-001 -4.364163505276E-001
  1.361350775387E+000  1.727657596408E-002  1.683850082472E-001  1.488360991071E-001 -4.205141705870E-001
  1.378746058390E+000  1.751468659100E-002  1.709112203449E-001  1.416567455685E-001 -4.050267812862E-001
  1.396381557275E+000  1.775702342093E-002  1.733472133586E-001  1.346477431964E-001 -3.899501622622E-001
  1.414261545744E+000  1.800368187279E-002  1.756931708400E-001  1.278074927156E-001 -3.752801672153E-001
  1.432390394201E+000  1.825475995395E-002  1.779492943483E-001  1.211343265276E-001 -3.610125169116E-001
  1.450772572390E+000  1.851035834267E-002  1.801158026559E-001  1.146265095107E-001 -3.471427925080E-001
  1.469412652102E+000  1.877058047342E-002  1.821929308988E-001  1.082822400651E-001 -3.336664292610E-001
  1.488315309978E+000  1.903553262542E-002  1.841809296721E-001  1.020996514124E-001 -3.205787106765E-001
  1.507485330398E+000  1.930532401444E-002  1.860800640740E-001  9.607681316147E-002 -3.078747631640E-001
  1.526927608467E+000  1.958006688797E-002  1.878906127000E-001  9.021173314615E-002 -2.955495512549E-001
  1.546647153093E+000  1.985987662391E-002  1.896128665929E-001  8.450235954470E-002 -2.835978734450E-001
  1.566649090169E+000  2.014487183303E-002  1.912471281498E-001  7.894658328614E-002 -2.720143587224E-001
  1.586938665861E+000  2.043517446518E-002  1.927937099936E-001  7.354224074873E-002 -2.607934638381E-001
  1.607521250000E+000  2.073090991960E-002  1.942529338128E-001  6.828711675384E-002 -2.499294713785E-001
  1.628402339588E+000  2.103220715932E-002  1.956251291751E-001  6.317894785719E-002 -2.394164886935E-001
  1.649587562420E+000  2.133919883002E-002  1.969106323239E-001  5.821542593729E-002 -2.292484477337E-001
  1.671082680832E+000  2.165202138333E-002  1.981097849623E-001  5.339420207922E-002 -2.194191058463E-001
  1.692893595565E+000  2.197081520497E-002  1.992229330342E-001  4.871289074976E-002 -2.099220475760E-001
  1.715026349769E+000  2.229572474776E-002  2.002504255122E-001  4.416907425762E-002 -2.007506875117E-001
  1.737487133138E+000  2.262689866987E-002  2.011926131995E-001  3.976030749036E-002 -1.918982742173E-001
  1.760282286187E+000  2.296448997842E-002  2.020498475585E-001  3.548412291694E-002 -1.833578952776E-001
  1.783418304674E+000  2.330865617868E-002  2.028224795753E-001  3.133803584254E-002 -1.751224834857E-001
  1.806901844175E+000  2.365955942924E-002  2.035108586731E-001  2.731954989934E-002 -1.671848241894E-001
  1.830739724818E+000  2.401736670327E-002  2.041153316860E-001  2.342616275456E-002 -1.595375638114E-001
  1.854938936184E+000  2.438224995616E-002  2.046362419066E-001  1.965537201389E-002 -1.521732195458E-001
  1.879506642368E+000  2.475438629994E-002  2.050739282201E-001  1.600468129598E-002 -1.450841902271E-001
  1.904450187236E+000  2.513395818467E-002  2.054287243405E-001  1.247160645044E-002 -1.382627683613E-001
  1.929777099847E+000  2.552115358717E-002  2.057009581616E-001  9.053681889141E-003 -1.317011532954E-001
  1.955495100083E+000  2.591616620741E-002  2.058909512388E-001  5.748466997659E-003 -1.253914654947E-001
  1.981612104475E+000  2.631919567292E-002  2.059990184166E-001  2.553552590811E-003 -1.193257618881E-001
  2.008136232230E+000  2.673044775156E-002  2.060254676164E-001 -5.334326263193E-004 -1.134960522284E-001
  2.035075811486E+000  2.715013457311E-002  2.059705998008E-001 -3.514815633291E-003 -1.078943164059E-001
  2.062439385788E+000  2.757847486001E-002  2.058347091301E-001 -6.392872748968E-003 -1.025125226446E-001
  2.090235720801E+000  2.801569416771E-002  2.056180833240E-001 -9.169823412083E-003 -9.734264649450E-002
  2.118473811262E+000  2.846202513514E-002  2.053210042457E-001 -1.184782413594E-002 -9.237669052913E-002
  2.147162888201E+000  2.891770774564E-002  2.049437487214E-001 -1.442896268737E-002 -8.760670464129E-002
  2.176312426413E+000  2.938298959899E-002  2.044865896087E-001 -1.691525254148E-002 -8.302480682310E-002
  2.205932152222E+000  2.985812619504E-002  2.039497971269E-001 -1.930862766508E-002 -7.862320430485E-002
  2.236032051522E+000  3.034338122938E-002  2.033336404608E-001 -2.161093768240E-002 -7.439421491788E-002
  2.266622378129E+000  3.083902690182E-002  2.026383896482E-001 -2.382394347708E-002 -7.033028853804E-002
  2.297713662445E+000  3.134534423818E-002  2.018643177603E-001 -2.594931328435E-002 -6.642402845758E-002
  2.329316720450E+000  3.186262342603E-002  2.010117033815E-001 -2.798861932691E-002 -6.266821252648E-002
  2.361442663038E+000  3.239116416519E-002  2.000808333942E-001 -2.994333504643E-002 -5.905581389761E-002
  2.394102905709E+000  3.293127603351E-002  1.990720060722E-001 -3.181483298154E-002 -5.558002120509E-002
  2.427309178642E+000  3.348327886897E-002  1.979855344822E-001 -3.360438334021E-002 -5.223425800144E-002
  2.461073537146E+000  3.404750316862E-002  1.968217501924E-001 -3.531315331181E-002 -4.901220127681E-002
  2.495408372530E+000  3.462429050548E-002  1.955810072833E-001 -3.694220716053E-002 -4.590779888263E-002
  2.530326423398E+000  3.521399396401E-002  1.942636866520E-001 -3.849250713716E-002 -4.291528568329E-002
  2.565840787378E+000  3.581697859546E-002  1.928702006004E-001 -3.996491524173E-002 -4.002919826208E-002
  2.601964933334E+000  3.643362189376E-002  1.914009976917E-001 -4.136019586314E-002 -3.724438801230E-002
  2.638712714049E+000  3.706431429322E-002  1.898565678567E-001 -4.267901931619E-002 -3.455603245168E-002
  2.676098379430E+000  3.770945968912E-002  1.882374477300E-001 -4.392196628864E-002 -3.195964460647E-002
  2.714136590232E+000  3.836947598236E-002  1.865442261871E-001 -4.508953320359E-002 -2.945108032335E-002
  2.752842432351E+000  3.904479564947E-002  1.847775500567E-001 -4.618213849391E-002 -2.702654338001E-002
  2.792231431696E+000  3.973586633921E-002  1.829381299705E-001 -4.720012977647E-002 -2.468258828100E-002
  2.832319569669E+000  4.044315149734E-002  1.810267463158E-001 -4.814379190438E-002 -2.241612064292E-002
  2.873123299289E+000  4.116713102086E-002  1.790442552472E-001 -4.901335586564E-002 -2.022439509266E-002
  2.914659561979E+000  4.190830194354E-002  1.769915947136E-001 -4.980900848600E-002 -1.810501062429E-002
  2.956945805065E+000  4.266717915414E-002  1.748697904497E-001 -5.053090288366E-002 -1.605590338352E-002
  3.000000000000E+000  4.344429614932E-002  1.726799618796E-001 -5.117916961216E-002 -1.407533687394E-002
  3.043840661365E+000  4.424020582308E-002  1.704233278770E-001 -5.175392841765E-002 -1.216188960619E-002
  3.088486866678E+000  4.505548129460E-002  1.681012123230E-001 -5.225530052541E-002 -1.031444023892E-002
  3.133958277047E+000  4.589071677685E-002  1.657150493987E-001 -5.268342136069E-002 -8.532150289487E-003
  3.180275158719E+000  4.674652848797E-002  1.632663885507E-001 -5.303845359844E-002 -6.814444521900E-003
  3.227458405560E+000  4.762355560797E-002  1.607568990636E-001 -5.332060042745E-002 -5.160989149235E-003
  3.275529562509E+000  4.852246128332E-002  1.581883741732E-001 -5.353011890538E-002 -3.571668017661E-003
  3.324510850077E+000  4.944393368200E-002  1.555627346553E-001 -5.366733327385E-002 -2.046556968178E-003
  3.374425189910E+000  5.038868710203E-002  1.528820318232E-001 -5.373264809565E-002 -5.858966004688E-004
  3.425296231502E+000  5.135746313639E-002  1.501484498697E-001 -5.372656107117E-002  8.099363100941E-004
  3.477148380094E+000  5.235103189784E-002  1.473643074922E-001 -5.364967538717E-002  2.140458466473E-003
  3.530006825834E+000  5.337019330676E-002  1.445320587402E-001 -5.350271144849E-002  3.405110476902E-003
  3.583897574256E+000  5.441577844603E-002  1.416542930314E-001 -5.328651784339E-002  4.603287737224E-003
  3.638847478148E+000  5.548865098670E-002  1.387337342838E-001 -5.300208139411E-002  5.734371435149E-003
  3.694884270887E+000  5.658970868864E-002  1.357732391221E-001 -5.265053614822E-002  6.797759330811E-003
  3.752036601308E+000  5.771988498079E-002  1.327757941178E-001 -5.223317117173E-002  7.792895960151E-003
  3.810334070199E+000  5.888015062562E-002  1.297445120347E-001 -5.175143701295E-002  8.719301904479E-003
  3.869807268505E+000  6.007151547295E-002  1.266826270579E-001 -5.120695071627E-002  9.576601771322E-003
  3.930487817331E+000  6.129503030858E-002  1.235934889938E-001 -5.060149927737E-002  1.036455053873E-002
  3.992408409843E+000  6.255178880352E-002  1.204805564408E-001 -4.993704144594E-002  1.108305792760E-002
  4.055602855172E+000  6.384292957002E-002  1.173473889381E-001 -4.921570779906E-002  1.173221048470E-002
  4.120106124432E+000  6.516963833101E-002  1.141976381151E-001 -4.843979902671E-002  1.231229108220E-002
  4.185954398964E+000  6.653315021009E-002  1.110350378725E-001 -4.761178239179E-002  1.282379556898E-002
  4.253185120935E+000  6.793475214960E-002  1.078633936414E-001 -4.673428634927E-002  1.326744634249E-002
  4.321837046422E+000  6.937578546490E-002  1.046865707756E-001 -4.581009333237E-002  1.364420264925E-002
  4.391950301120E+000  7.085764854355E-002  1.015084821481E-001 -4.484213073842E-002  1.395526746545E-002
  4.463566438835E+000  7.238179969882E-002  9.833307503132E-002 -4.383346017230E-002  1.420209085612E-002
  4.536728502895E+000  7.394976018725E-002  9.516431735421E-002 -4.278726503065E-002  1.438636976203E-002
  4.611481090679E+000  7.556311740127E-002  9.200618343893E-002 -4.170683653553E-002  1.451004421603E-002
  4.687870421430E+000  7.722352824817E-002  8.886263932925E-002 -4.059555835061E-002  1.457529004513E-002
  4.765944407533E+000  7.893272272784E-002  8.573762783188E-002 -3.945688993668E-002  1.458450816916E-002
  4.845752729492E+000  8.069250772248E-002  8.263505339815E-002 -3.829434882495E-002  1.454031066148E-002
  4.927346914797E+000  8.250477101257E-002  7.955876697928E-002 -3.711149200637E-002  1.444550378987E-002
  5.010780420931E+000  8.437148553436E-002  7.651255099177E-002 -3.591189665246E-002  1.430306830588E-002
  5.096108722763E+000  8.629471389541E-002  7.350010453064E-002 -3.469914039675E-002  1.411613729713E-002
  5.183389404586E+000  8.827661316581E-002  7.052502896816E-002 -3.347678141693E-002  1.388797195878E-002
  5.272682257105E+000  9.031943996425E-002  6.759081407224E-002 -3.224833856406E-002  1.362193567554E-002
  5.364049379651E+000  9.242555585946E-002  6.470082477375E-002 -3.101727178776E-002  1.332146683463E-002
  5.457555287978E+000  9.459743310926E-002  6.185828870454E-002 -2.978696310445E-002  1.299005081108E-002
  5.553267027968E+000  9.683766076100E-002  5.906628461806E-002 -2.856069834879E-002  1.263119157941E-002
  5.651254295630E+000  9.914895113938E-002  5.632773179269E-002 -2.734164993783E-002  1.224838340965E-002
  5.751589563796E+000  1.015341467494E-001  5.364538050395E-002 -2.613286086129E-002  1.184508310049E-002
  5.854348215936E+000  1.039962276248E-001  5.102180363611E-002 -2.493723009150E-002  1.142468318780E-002
  5.959608687557E+000  1.065383191537E-001  4.845938948663E-002 -2.375749958254E-002  1.099048654303E-002
  6.067452615683E+000  1.091637004188E-001  4.596033579845E-002 -2.259624300012E-002  1.054568274389E-002
  6.177964996951E+000  1.118758130872E-001  4.352664503616E-002 -2.145585629329E-002  1.009332655897E-002
  6.291234354880E+000  1.146782708938E-001  4.116012090279E-002 -2.033855018535E-002  9.636318840397E-003
  6.407352916949E+000  1.175748697626E-001  3.886236607445E-002 -1.924634462655E-002  9.177390064708E-003
  6.526416802128E+000  1.205695986129E-001  3.663478111155E-002 -1.818106521525E-002  8.719086702984E-003
  6.648526219580E+000  1.236666509049E-001  3.447856448802E-002 -1.714434155786E-002  8.263760539271E-003
  6.773785679311E+000  1.268704369821E-001  3.239471366366E-002 -1.613760750312E-002  7.813560991817E-003
  6.902304215570E+000  1.301855972713E-001  3.038402711138E-002 -1.516210315280E-002  7.370430427274E-003
  7.034195623922E+000  1.336170164087E-001  2.844710719957E-002 -1.421887851992E-002  6.936102394988E-003
  7.169578712934E+000  1.371698383673E-001  2.658436382190E-002 -1.330879867907E-002  6.512102648698E-003
  7.308577571516E+000  1.408494826628E-001  2.479601866138E-002 -1.243255022988E-002  6.099752767985E-003
  7.451321853057E+000  1.446616617293E-001  2.308210997452E-002 -1.159064887763E-002  5.700176143167E-003
  7.597947077547E+000  1.486123995567E-001  2.144249778297E-002 -1.078344792207E-002  5.314306046391E-003
  7.748594953021E+000  1.527080516973E-001  1.987686936610E-002 -1.001114743963E-002  4.942895479467E-003
  7.903413717736E+000  1.569553267535E-001  1.838474495708E-002 -9.273803943651E-003  4.586528466434E-003
  8.062558504629E+000  1.613613094717E-001  1.696548355732E-002 -8.571340313272E-003  4.245632446376E-003
  8.226191729726E+000  1.659334855793E-001  1.561828879977E-002 -7.903555793147E-003  3.920491419853E-003
  8.394483506327E+000  1.706797685137E-001  1.434221480905E-002 -7.270135883463E-003  3.611259510273E-003
  8.567612086926E+000  1.756085282071E-001  1.313617202616E-002 -6.670661961556E-003  3.317974619067E-003
  8.745764335025E+000  1.807286221064E-001  1.199893298595E-002 -6.104620502500E-003  3.040571879797E-003
  8.929136229160E+000  1.860494286260E-001  1.092913805647E-002 -5.571411795000E-003  2.778896650099E-003
  9.117933401693E+000  1.915808832504E-001  9.925301169606E-003 -5.070358079934E-003  2.532716820241E-003
  9.312371715124E+000  1.973335175235E-001  8.985815591390E-003 -4.600711070591E-003  2.301734261375E-003
  9.512677878945E+000  2.033185011886E-001  8.108959796803E-003 -4.161658844961E-003  2.085595283422E-003
  9.719090110332E+000  2.095476877688E-001  7.292903527508E-003 -3.752332130028E-003  1.883900020245E-003
  9.931858842267E+000  2.160336639044E-001  6.535714120579E-003 -3.371810024828E-003  1.696210706238E-003
  1.015124748302E+001  2.227898028021E-001  5.835363201529E-003 -3.019125231987E-003  1.522058852159E-003
  1.037753323129E+001  2.298303221843E-001  5.189733835254E-003 -2.693268885668E-003  1.360951367258E-003
  1.061100795175E+001  2.371703471699E-001  4.596628223684E-003 -2.393195076702E-003  1.212375708139E-003
  1.085197911611E+001  2.448259785618E-001  4.053776028748E-003 -2.117825182677E-003  1.075804161413E-003
  1.110077081537E+001  2.528143670735E-001  3.558843383995E-003 -1.866052111736E-003  9.506973863046E-004
  1.135772484956E+001  2.611537940784E-001  3.109442638020E-003 -1.636744563940E-003  8.365073546187E-004
  1.162320190175E+001  2.698637595360E-001  2.703142848422E-003 -1.428751403523E-003  7.326798290751E-004
  1.189758280382E+001  2.789650778206E-001  2.337481017014E-003 -1.240906219921E-003  6.386565172275E-004
  1.218126990242E+001  2.884799822596E-001  2.009974026323E-003 -1.072032135820E-003  5.538770279372E-004
  1.247468853413E+001  2.984322392826E-001  1.718131205191E-003 -9.209468976699E-004  4.777807415935E-004
  1.277828862002E+001  3.088472731875E-001  1.459467418586E-003 -7.864682592399E-004  4.098086852662E-004
  1.309254639077E+001  3.197523026463E-001  1.231516544886E-003 -6.674196430523E-004  3.494054810856E-004
  1.341796625462E+001  3.311764902095E-001  1.031845174131E-003 -5.626360390942E-004  2.960214117975E-004
  1.375508282195E+001  3.431511062169E-001  8.580663343034E-004 -4.709700762556E-004  2.491146230035E-004
  1.410446310162E+001  3.557097086969E-001  7.078530308341E-004 -3.912981805322E-004  2.081534583508E-004
  1.446670888596E+001  3.688883410292E-001  5.789513683431E-004 -3.225267161094E-004  1.726189029665E-004
  1.484245934302E+001  3.827257493700E-001  4.691930140398E-004 -2.635979917956E-004  1.420070926507E-004
  1.523239383723E+001  3.972636220891E-001  3.765067601102E-004 -2.134960064860E-004  1.158318323755E-004
  1.563723500136E+001  4.125468537596E-001  2.989289483430E-004 -1.712518038299E-004  9.362705791323E-005
  1.605775208607E+001  4.286238365683E-001  2.346125345898E-004 -1.359483082318E-004  7.494916908661E-005
  1.649476461582E+001  4.455467823929E-001  1.818345934909E-004 -1.067245217516E-004  5.937916216301E-005
  1.694914638379E+001  4.633720792263E-001  1.390020950108E-004 -8.277897418254E-005  4.652449205736E-005
  1.742182982203E+001  4.821606861220E-001  1.046558231736E-004 -6.337233619858E-005  3.602060188991E-005
  1.791381078784E+001  5.019785714107E-001  7.747235304372E-005 -4.782912739915E-005  2.753206755421E-005
  1.842615381215E+001  5.228971995942E-001  5.626405319476E-005 -3.553847660451E-005  2.075331769882E-005
  1.895999786176E+001  5.449940730840E-001  3.997713596802E-005 -2.595391994375E-005  1.540890425555E-005
  1.951656267356E+001  5.683533358366E-001  2.768783474167E-005 -1.859225205986E-005  1.125331465584E-005
  2.009715572669E+001  5.930664469535E-001  1.859684386539E-005 -1.303147591387E-005  8.070333429825E-006
  2.070317992707E+001  6.192329335039E-001  1.202221030537E-005 -8.907925876844E-006  5.671977227361E-006
  2.133614208874E+001  6.469612332096E-001  7.390913699584E-006 -5.912665663013E-006  3.897042676994E-006
  2.199766230782E+001  6.763696392388E-001  4.229410784154E-006 -3.787285785130E-006  2.609320166932E-006
  2.268948433818E+001  7.075873612439E-001  2.153448570840E-006 -2.319243290682E-006  1.695537892252E-006
  2.341348709294E+001  7.407557189842E-001  8.574662000053E-007 -1.336898423421E-006  1.063108749911E-006
  2.417169741362E+001  7.760294874639E-001  1.039066549155E-007 -7.044076878374E-007  6.377573880273E-007
  2.496630426925E+001  8.135784155747E-001 -2.872540850618E-007 -3.166300931235E-007  3.611056146864E-007
  2.579967457140E+001  8.535889438281E-001 -4.484809678143E-007 -9.419310470223E-008  1.882913507305E-007
  2.667437081864E+001  8.962661510291E-001 -4.739185190346E-007  2.115245111578E-008  8.568953337191E-008
  2.759317081651E+001  9.418359647997E-001 -4.277075589228E-007  7.078254643040E-008  2.879327801249E-008
  2.855908975674E+001  9.905476768748E-001 -3.512521523590E-007  8.297687985501E-008  3.008827841181E-010
  2.957540498378E+001  1.042676811269E+000 -2.693708323248E-007  7.617443680445E-008 -1.156016384349E-008
  3.064568382919E+001  1.098528402000E+000 -1.953266238149E-007  6.168998051103E-008 -1.445606245507E-008
  3.177381495601E+001  1.158440747351E+000 -1.347851645238E-007  4.590225717042E-008 -1.311490553825E-008
  3.296404372807E+001  1.222789720048E+000 -8.879549152668E-008  3.194920521018E-008 -1.025161198863E-008
  3.422101220608E+001  1.291993727721E+000 -5.592104686051E-008  2.098438442492E-008 -7.271505127739E-009
  3.554980447538E+001  1.366519436102E+000 -3.366766965472E-008  1.306119456445E-008 -4.781867911322E-009
  3.695599813319E+001  1.446888389511E+000 -1.936078901396E-008  7.716967663076E-009 -2.944884693976E-009
  3.844572291106E+001  1.533684690030E+000 -1.061715458696E-008  4.328164299695E-009 -1.706216290195E-009
  4.002572758518E+001  1.627563929686E+000 -5.539879637184E-009  2.301794854394E-009 -9.315025406827E-010
  4.170345654134E+001  1.729263610453E+000 -2.742729105393E-009  1.158388860503E-009 -4.790502559168E-010
  4.348713762001E+001  1.839615336740E+000 -1.284096110868E-009  5.501111259015E-010 -2.316873731718E-010
  4.538588318162E+001  1.959559126947E+000 -5.662918770945E-010  2.456572088341E-010 -1.050905035206E-010
  4.740980671574E+001  2.090160267552E+000 -2.341799022499E-010  1.027222890638E-010 -4.454309565033E-011
  4.957015778746E+001  2.232629229408E+000 -9.034122884026E-011  4.002396972142E-011 -1.756285868973E-011
  5.187947869225E+001  2.388345286640E+000 -3.232253372733E-011  1.444883502428E-011 -6.407343822894E-012
  5.435178690397E+001  2.558884630889E+000 -1.065429943999E-011  4.801577367119E-012 -2.149373297740E-012
  5.700278828629E+001  2.746053966795E+000 -3.211297846532E-012  1.458011816238E-012 -6.582082314939E-013
  5.985012714155E+001  2.951930820846E+000 -8.775596023618E-013  4.011530717035E-013 -1.824906849371E-013
  6.291368055481E+001  3.178912111311E+000 -2.153396593030E-013  9.905501047234E-014 -4.537734869708E-014
  6.621590623276E+001  3.429772933797E+000 -4.693181912317E-014  2.171365673752E-014 -1.001086880118E-014
  6.978225524452E+001  3.707738044625E+000 -8.972164005904E-015  4.173436386811E-015 -1.935466542095E-015
  7.364166388185E+001  4.016569212832E+000 -1.483353628930E-015  6.934418143465E-016 -3.233396940563E-016
  7.782714245929E+001  4.360672516382E+000 -2.086678328867E-016  9.800406221915E-017 -4.592792409697E-017
  8.237648351994E+001  4.745230855210E+000 -2.451530358404E-017  1.156426116945E-017 -5.444774375331E-018
  8.733311794503E+001  5.176368549127E+000 -2.354372151358E-018  1.115138466261E-018 -5.273288321314E-019
  9.274715535088E+001  5.661357031559E+000 -1.803046691510E-019  8.572850799847E-020 -4.070462152450E-020
  9.867665554529E+001  6.208873552072E+000 -1.069914125429E-020  5.105431350685E-021 -2.433342334131E-021
  1.051891916055E+002  6.829328764649E+000 -4.757262393494E-022  2.277793518096E-022 -1.089516855003E-022
  1.123637836013E+002  7.535284543316E+000 -1.524085628638E-023  7.320752134835E-024 -3.513413114800E-024
  1.202933069206E+002  8.341990973528E+000 -3.359571775265E-025  1.618604359511E-025 -7.792568865193E-026
  1.290875131414E+002  9.268082166539E+000 -4.825088013755E-027  2.331304946198E-027 -1.125704578671E-027
  1.388768482001E+002  1.033648575811E+001 -4.231720950878E-029  2.050119474302E-029 -9.926920499451E-030
  1.498173177370E+002  1.157562284364E+001 -2.097143481862E-031  1.018577116918E-031 -4.945029431274E-032
  1.620967411853E+002  1.302100699722E+001 -5.348813208249E-034  2.604148477416E-034 -1.267401497046E-034
  1.759428668168E+002  1.471739812515E+001 -6.268661983911E-037  3.058917847938E-037 -1.492201741682E-037
  1.916340085825E+002  1.672173748087E+001 -2.938974348176E-040  1.437203770210E-040 -7.026361111771E-041
  2.095131417987E+002  1.910719757888E+001 -4.646491074794E-044  2.276799086242E-044 -1.115406955374E-044
  2.300068054477E+002  2.196884699990E+001 -2.002896424090E-048  9.832972807132E-049 -4.826549812312E-049
  2.536507797910E+002  2.543169216868E+001 -1.802246075043E-053  8.863778069377E-054 -4.358763452597E-054
  2.811254638474E+002  2.966227967912E+001 -2.411346549102E-059  1.187944978400E-059 -5.851732811411E-060
  3.133053780630E+002  3.488573552677E+001 -3.101521694574E-066  1.530377215777E-066 -7.550635854187E-067
  3.513296254502E+002  4.141128389041E+001 -2.172531099981E-074  1.073576808599E-074 -5.304810055574E-075
  3.967041014106E+002  4.967130404214E+001 -3.909229731310E-084  1.934458909515E-084 -9.572033483464E-085
  4.514529193349E+002  6.028257212519E+001 -6.579674963270E-096  3.260114316672E-096 -1.615262622241E-096
  5.183481233601E+002  7.414493328740E+001 -2.596027217717E-110  1.287827183009E-110 -6.388403434448E-111
  6.012676077950E+002  9.260523890243E+001 -3.463260924573E-128  1.719943969265E-128 -8.541484409745E-129
  7.057700503752E+002  1.177394213729E+002 -9.729935849483E-151  4.837058998650E-151 -2.404615041074E-151
  8.400513767914E+002  1.528577972397E+002 -9.599792009827E-180  4.776808632186E-180 -2.376888381616E-180
  1.016602135495E+003  2.034537342122E+002 -6.485861120474E-218  3.230064486369E-218 -1.608611964244E-218
  1.255220715580E+003  2.790860613466E+002 -1.517429426775E-269  7.562807506728E-270 -3.769253456924E-270
  1.588815776243E+003  3.973705897531E+002  0.000000000000E+000  0.000000000000E+000  0.000000000000E+000
  2.075392011604E+003  5.931596040112E+002  0.000000000000E+000  0.000000000000E+000  0.000000000000E+000
  2.825079847529E+003  9.419154890021E+002  0.000000000000E+000  0.000000000000E+000  0.000000000000E+000
  4.068408296184E+003  1.627629972033E+003  0.000000000000E+000  0.000000000000E+000  0.000000000000E+000
  6.357262947674E+003  3.178964796686E+003  0.000000000000E+000  0.000000000000E+000  0.000000000000E+000
  1.130231930164E+004  7.535323971013E+003  0.000000000000E+000  0.000000000000E+000  0.000000000000E+000
  2.543105175140E+004  2.543171841285E+004  0.000000000000E+000  0.000000000000E+000  0.000000000000E+000
  1.017262069958E+005  2.034537473226E+005  0.000000000000E+000  0.000000000000E+000  0.000000000000E+000
