# 1st line: number of mesh points
# abcissa weight wavefunction wavefunction_1st wavefunction_2nd
500
# Principal QN=   2 , l=   0 , Occupation=   2.0000
  9.830308526508E-006  1.966074589941E-005 -6.246665468779E+000  3.766897369973E+001 -1.976001337042E+002
  3.932200719717E-005  3.932303800261E-005 -6.245554632685E+000  3.766314660333E+001 -1.975684510901E+002
  8.847741541455E-005  5.898842277178E-005 -6.243703524006E+000  3.765343634311E+001 -1.975156556941E+002
  1.573003992804E-004  7.865844718600E-005 -6.241112569882E+000  3.763984526932E+001 -1.974417609547E+002
  2.457963722417E-004  9.833465899987E-005 -6.237782368165E+000  3.762237667140E+001 -1.973467856810E+002
  3.539722959954E-004  1.180186070023E-004 -6.233713687268E+000  3.760103477711E+001 -1.972307540473E+002
  4.818366816528E-004  1.377118412759E-004 -6.228907465975E+000  3.757582475141E+001 -1.970936955866E+002
  6.293995911626E-004  1.574159134560E-004 -6.223364813213E+000  3.754675269505E+001 -1.969356451831E+002
  7.966726389934E-004  1.771323769912E-004 -6.217087007775E+000  3.751382564293E+001 -1.967566430621E+002
  9.836689940782E-004  1.968627874036E-004 -6.210075498006E+000  3.747705156219E+001 -1.965567347799E+002
  1.190403382016E-003  2.166087025496E-004 -6.202331901446E+000  3.743643935008E+001 -1.963359712109E+002
  1.416892087541E-003  2.363716828821E-004 -6.193858004429E+000  3.739199883156E+001 -1.960944085341E+002
  1.663152957245E-003  2.561532917128E-004 -6.184655761640E+000  3.734374075661E+001 -1.958321082181E+002
  1.929205402573E-003  2.759550954757E-004 -6.174727295635E+000  3.729167679736E+001 -1.955491370043E+002
  2.215070403074E-003  2.957786639908E-004 -6.164074896313E+000  3.723581954493E+001 -1.952455668886E+002
  2.520770509919E-003  3.156255707300E-004 -6.152701020348E+000  3.717618250597E+001 -1.949214751022E+002
  2.846329849692E-003  3.354973930828E-004 -6.140608290582E+000  3.711278009906E+001 -1.945769440908E+002
  3.191774128432E-003  3.553957126240E-004 -6.127799495372E+000  3.704562765075E+001 -1.942120614916E+002
  3.557130635959E-003  3.753221153821E-004 -6.114277587896E+000  3.697474139140E+001 -1.938269201098E+002
  3.942428250463E-003  3.952781921092E-004 -6.100045685423E+000  3.690013845076E+001 -1.934216178934E+002
  4.347697443358E-003  4.152655385525E-004 -6.085107068530E+000  3.682183685332E+001 -1.929962579060E+002
  4.772970284417E-003  4.352857557265E-004 -6.069465180288E+000  3.673985551336E+001 -1.925509482991E+002
  5.218280447175E-003  4.553404501876E-004 -6.053123625403E+000  3.665421422977E+001 -1.920858022820E+002
  5.683663214611E-003  4.754312343099E-004 -6.036086169313E+000  3.656493368066E+001 -1.916009380909E+002
  6.169155485101E-003  4.955597265624E-004 -6.018356737242E+000  3.647203541767E+001 -1.910964789565E+002
  6.674795778653E-003  5.157275517886E-004 -5.999939413226E+000  3.637554186001E+001 -1.905725530696E+002
  7.200624243425E-003  5.359363414876E-004 -5.980838439074E+000  3.627547628836E+001 -1.900292935458E+002
  7.746682662519E-003  5.561877340970E-004 -5.961058213315E+000  3.617186283835E+001 -1.894668383888E+002
  8.313014461060E-003  5.764833752781E-004 -5.940603290079E+000  3.606472649399E+001 -1.888853304516E+002
  8.899664713569E-003  5.968249182030E-004 -5.919478377954E+000  3.595409308067E+001 -1.882849173973E+002
  9.506680151615E-003  6.172140238444E-004 -5.897688338796E+000  3.583998925799E+001 -1.876657516571E+002
  1.013410917176E-002  6.376523612666E-004 -5.875238186496E+000  3.572244251242E+001 -1.870279903883E+002
  1.078200184380E-002  6.581416079202E-004 -5.852133085709E+000  3.560148114955E+001 -1.863717954297E+002
  1.145040991929E-002  6.786834499385E-004 -5.828378350544E+000  3.547713428620E+001 -1.856973332562E+002
  1.213938684040E-002  6.992795824361E-004 -5.803979443208E+000  3.534943184231E+001 -1.850047749317E+002
  1.284898774901E-002  7.199317098113E-004 -5.778941972615E+000  3.521840453247E+001 -1.842942960604E+002
  1.357926949620E-002  7.406415460502E-004 -5.753271692952E+000  3.508408385730E+001 -1.835660767375E+002
  1.433029065191E-002  7.614108150341E-004 -5.726974502207E+000  3.494650209459E+001 -1.828203014972E+002
  1.510211151509E-002  7.822412508494E-004 -5.700056440652E+000  3.480569229010E+001 -1.820571592600E+002
  1.589479412397E-002  8.031345981016E-004 -5.672523689292E+000  3.466168824823E+001 -1.812768432789E+002
  1.670840226680E-002  8.240926122311E-004 -5.644382568274E+000  3.451452452241E+001 -1.804795510832E+002
  1.754300149280E-002  8.451170598329E-004 -5.615639535248E+000  3.436423640520E+001 -1.796654844218E+002
  1.839865912351E-002  8.662097189796E-004 -5.586301183704E+000  3.421085991821E+001 -1.788348492043E+002
  1.927544426443E-002  8.873723795480E-004 -5.556374241255E+000  3.405443180177E+001 -1.779878554414E+002
  2.017342781695E-002  9.086068435487E-004 -5.525865567888E+000  3.389498950435E+001 -1.771247171835E+002
  2.109268249069E-002  9.299149254598E-004 -5.494782154178E+000  3.373257117177E+001 -1.762456524574E+002
  2.203328281612E-002  9.512984525641E-004 -5.463131119461E+000  3.356721563611E+001 -1.753508832030E+002
  2.299530515754E-002  9.727592652906E-004 -5.430919709965E+000  3.339896240447E+001 -1.744406352070E+002
  2.397882772639E-002  9.942992175591E-004 -5.398155296914E+000  3.322785164744E+001 -1.735151380359E+002
  2.498393059493E-002  1.015920177130E-003 -5.364845374580E+000  3.305392418739E+001 -1.725746249681E+002
  2.601069571024E-002  1.037624025957E-003 -5.330997558311E+000  3.287722148644E+001 -1.716193329237E+002
  2.705920690860E-002  1.059412660547E-003 -5.296619582512E+000  3.269778563434E+001 -1.706495023936E+002
  2.812954993023E-002  1.081287992318E-003 -5.261719298596E+000  3.251565933598E+001 -1.696653773667E+002
  2.922181243436E-002  1.103251947969E-003 -5.226304672893E+000  3.233088589877E+001 -1.686672052560E+002
  3.033608401473E-002  1.125306469854E-003 -5.190383784527E+000  3.214350921979E+001 -1.676552368237E+002
  3.147245621542E-002  1.147453516351E-003 -5.153964823255E+000  3.195357377268E+001 -1.666297261041E+002
  3.263102254705E-002  1.169695062249E-003 -5.117056087272E+000  3.176112459433E+001 -1.655909303259E+002
  3.381187850339E-002  1.192033099133E-003 -5.079665980978E+000  3.156620727137E+001 -1.645391098330E+002
  3.501512157837E-002  1.214469635775E-003 -5.041803012717E+000  3.136886792644E+001 -1.634745280035E+002
  3.624085128345E-002  1.237006698530E-003 -5.003475792470E+000  3.116915320424E+001 -1.623974511683E+002
  3.748916916538E-002  1.259646331739E-003 -4.964693029527E+000  3.096711025736E+001 -1.613081485273E+002
  3.876017882444E-002  1.282390598136E-003 -4.925463530117E+000  3.076278673195E+001 -1.602068920655E+002
  4.005398593302E-002  1.305241579266E-003 -4.885796195009E+000  3.055623075315E+001 -1.590939564667E+002
  4.137069825459E-002  1.328201375897E-003 -4.845700017078E+000  3.034749091031E+001 -1.579696190266E+002
  4.271042566323E-002  1.351272108452E-003 -4.805184078842E+000  3.013661624204E+001 -1.568341595647E+002
  4.407328016341E-002  1.374455917436E-003 -4.764257549963E+000  2.992365622110E+001 -1.556878603347E+002
  4.545937591035E-002  1.397754963880E-003 -4.722929684722E+000  2.970866073897E+001 -1.545310059336E+002
  4.686882923075E-002  1.421171429779E-003 -4.681209819459E+000  2.949168009042E+001 -1.533638832099E+002
  4.830175864396E-002  1.444707518548E-003 -4.639107369990E+000  2.927276495771E+001 -1.521867811706E+002
  4.975828488365E-002  1.468365455478E-003 -4.596631828982E+000  2.905196639477E+001 -1.509999908868E+002
  5.123853091993E-002  1.492147488203E-003 -4.553792763316E+000  2.882933581106E+001 -1.498038053982E+002
  5.274262198188E-002  1.516055887169E-003 -4.510599811407E+000  2.860492495539E+001 -1.485985196168E+002
  5.427068558066E-002  1.540092946119E-003 -4.467062680505E+000  2.837878589949E+001 -1.473844302293E+002
  5.582285153302E-002  1.564260982573E-003 -4.423191143969E+000  2.815097102141E+001 -1.461618355981E+002
  5.739925198530E-002  1.588562338332E-003 -4.378995038510E+000  2.792153298883E+001 -1.449310356617E+002
  5.900002143803E-002  1.612999379973E-003 -4.334484261411E+000  2.769052474215E+001 -1.436923318342E+002
  6.062529677088E-002  1.637574499364E-003 -4.289668767727E+000  2.745799947745E+001 -1.424460269029E+002
  6.227521726827E-002  1.662290114181E-003 -4.244558567453E+000  2.722401062931E+001 -1.411924249263E+002
  6.394992464542E-002  1.687148668440E-003 -4.199163722676E+000  2.698861185352E+001 -1.399318311296E+002
  6.564956307496E-002  1.712152633027E-003 -4.153494344698E+000  2.675185700955E+001 -1.386645518009E+002
  6.737427921404E-002  1.737304506249E-003 -4.107560591146E+000  2.651380014304E+001 -1.373908941848E+002
  6.912422223211E-002  1.762606814387E-003 -4.061372663051E+000  2.627449546802E+001 -1.361111663768E+002
  7.089954383907E-002  1.788062112257E-003 -4.014940801918E+000  2.603399734915E+001 -1.348256772156E+002
  7.270039831418E-002  1.813672983787E-003 -3.968275286767E+000  2.579236028372E+001 -1.335347361753E+002
  7.452694253540E-002  1.839442042599E-003 -3.921386431163E+000  2.554963888361E+001 -1.322386532565E+002
  7.637933600943E-002  1.865371932600E-003 -3.874284580228E+000  2.530588785717E+001 -1.309377388769E+002
  7.825774090225E-002  1.891465328589E-003 -3.826980107634E+000  2.506116199096E+001 -1.296323037612E+002
  8.016232207035E-002  1.917724936867E-003 -3.779483412580E+000  2.481551613140E+001 -1.283226588300E+002
  8.209324709253E-002  1.944153495867E-003 -3.731804916764E+000  2.456900516638E+001 -1.270091150888E+002
  8.405068630235E-002  1.970753776782E-003 -3.683955061329E+000  2.432168400679E+001 -1.256919835153E+002
  8.603481282122E-002  1.997528584221E-003 -3.635944303804E+000  2.407360756791E+001 -1.243715749475E+002
  8.804580259214E-002  2.024480756857E-003 -3.587783115039E+000  2.382483075089E+001 -1.230481999705E+002
  9.008383441408E-002  2.051613168108E-003 -3.539481976115E+000  2.357540842398E+001 -1.217221688026E+002
  9.214908997710E-002  2.078928726810E-003 -3.491051375265E+000  2.332539540393E+001 -1.203937911820E+002
  9.424175389809E-002  2.106430377918E-003 -3.442501804768E+000  2.307484643717E+001 -1.190633762522E+002
  9.636201375725E-002  2.134121103210E-003 -3.393843757852E+000  2.282381618106E+001 -1.177312324478E+002
  9.851006013526E-002  2.162003922007E-003 -3.345087725583E+000  2.257235918514E+001 -1.163976673791E+002
  1.006860866512E-001  2.190081891910E-003 -3.296244193751E+000  2.232052987226E+001 -1.150629877179E+002
  1.028902900012E-001  2.218358109541E-003 -3.247323639758E+000  2.206838251982E+001 -1.137274990817E+002
  1.051228699979E-001  2.246835711311E-003 -3.198336529498E+000  2.181597124099E+001 -1.123915059190E+002
  1.073840296104E-001  2.275517874190E-003 -3.149293314244E+000  2.156334996585E+001 -1.110553113934E+002
  1.096739750056E-001  2.304407816497E-003 -3.100204427525E+000  2.131057242271E+001 -1.097192172690E+002
  1.119929155896E-001  2.333508798707E-003 -3.051080282020E+000  2.105769211936E+001 -1.083835237947E+002
  1.143410640503E-001  2.362824124271E-003 -3.001931266443E+000  2.080476232435E+001 -1.070485295894E+002
  1.167186364011E-001  2.392357140448E-003 -2.952767742441E+000  2.055183604840E+001 -1.057145315273E+002
  1.191258520249E-001  2.422111239159E-003 -2.903600041493E+000  2.029896602583E+001 -1.043818246225E+002
  1.215629337189E-001  2.452089857854E-003 -2.854438461821E+000  2.004620469604E+001 -1.030507019158E+002
  1.240301077413E-001  2.482296480400E-003 -2.805293265309E+000  1.979360418511E+001 -1.017214543598E+002
  1.265276038575E-001  2.512734637975E-003 -2.756174674432E+000  1.954121628748E+001 -1.003943707062E+002
  1.290556553882E-001  2.543407909995E-003 -2.707092869195E+000  1.928909244772E+001 -9.906973739215E+001
  1.316144992580E-001  2.574319925047E-003 -2.658057984091E+000  1.903728374244E+001 -9.774783842832E+001
  1.342043760450E-001  2.605474361847E-003 -2.609080105072E+000  1.878584086230E+001 -9.642895528699E+001
  1.368255300316E-001  2.636874950214E-003 -2.560169266531E+000  1.853481409417E+001 -9.511336679104E+001
  1.394782092560E-001  2.668525472060E-003 -2.511335448312E+000  1.828425330344E+001 -9.380134900371E+001
  1.421626655646E-001  2.700429762411E-003 -2.462588572730E+000  1.803420791645E+001 -9.249317511924E+001
  1.448791546661E-001  2.732591710434E-003 -2.413938501617E+000  1.778472690314E+001 -9.118911535440E+001
  1.476279361856E-001  2.765015260497E-003 -2.365395033393E+000  1.753585875986E+001 -8.988943684111E+001
  1.504092737207E-001  2.797704413242E-003 -2.316967900153E+000  1.728765149236E+001 -8.859440352003E+001
  1.532234348983E-001  2.830663226680E-003 -2.268666764786E+000  1.704015259898E+001 -8.730427603544E+001
  1.560706914324E-001  2.863895817319E-003 -2.220501218124E+000  1.679340905409E+001 -8.601931163125E+001
  1.589513191834E-001  2.897406361298E-003 -2.172480776108E+000  1.654746729173E+001 -8.473976404839E+001
  1.618655982178E-001  2.931199095559E-003 -2.124614876996E+000  1.630237318946E+001 -8.346588342359E+001
  1.648138128702E-001  2.965278319033E-003 -2.076912878599E+000  1.605817205252E+001 -8.219791618960E+001
  1.677962518056E-001  2.999648393860E-003 -2.029384055544E+000  1.581490859820E+001 -8.093610497702E+001
  1.708132080832E-001  3.034313746623E-003 -1.982037596585E+000  1.557262694053E+001 -7.968068851771E+001
  1.738649792215E-001  3.069278869616E-003 -1.934882601936E+000  1.533137057520E+001 -7.843190154999E+001
  1.769518672648E-001  3.104548322136E-003 -1.887928080653E+000  1.509118236484E+001 -7.718997472557E+001
  1.800741788507E-001  3.140126731803E-003 -1.841182948048E+000  1.485210452452E+001 -7.595513451838E+001
  1.832322252791E-001  3.176018795904E-003 -1.794656023147E+000  1.461417860768E+001 -7.472760313545E+001
  1.864263225826E-001  3.212229282769E-003 -1.748356026194E+000  1.437744549232E+001 -7.350759842970E+001
  1.896567915983E-001  3.248763033179E-003 -1.702291576188E+000  1.414194536755E+001 -7.229533381496E+001
  1.929239580409E-001  3.285624961791E-003 -1.656471188475E+000  1.390771772047E+001 -7.109101818319E+001
  1.962281525771E-001  3.322820058613E-003 -1.610903272387E+000  1.367480132352E+001 -6.989485582400E+001
  1.995697109023E-001  3.360353390492E-003 -1.565596128919E+000  1.344323422202E+001 -6.870704634651E+001
  2.029489738173E-001  3.398230102644E-003 -1.520557948468E+000  1.321305372234E+001 -6.752778460372E+001
  2.063662873085E-001  3.436455420218E-003 -1.475796808610E+000  1.298429638025E+001 -6.635726061945E+001
  2.098220026275E-001  3.475034649885E-003 -1.431320671942E+000  1.275699798981E+001 -6.519565951781E+001
  2.133164763746E-001  3.513973181471E-003 -1.387137383968E+000  1.253119357265E+001 -6.404316145552E+001
  2.168500705817E-001  3.553276489620E-003 -1.343254671041E+000  1.230691736771E+001 -6.289994155686E+001
  2.204231527988E-001  3.592950135496E-003 -1.299680138363E+000  1.208420282133E+001 -6.176616985168E+001
  2.240360961807E-001  3.632999768520E-003 -1.256421268042E+000  1.186308257794E+001 -6.064201121615E+001
  2.276892795770E-001  3.673431128145E-003 -1.213485417205E+000  1.164358847108E+001 -5.952762531673E+001
  2.313830876220E-001  3.714250045674E-003 -1.170879816169E+000  1.142575151500E+001 -5.842316655710E+001
  2.351179108282E-001  3.755462446115E-003 -1.128611566677E+000  1.120960189665E+001 -5.732878402838E+001
  2.388941456809E-001  3.797074350078E-003 -1.086687640191E+000  1.099516896823E+001 -5.624462146249E+001
  2.427121947345E-001  3.839091875711E-003 -1.045114876246E+000  1.078248124023E+001 -5.517081718891E+001
  2.465724667110E-001  3.881521240686E-003 -1.003899980870E+000  1.057156637493E+001 -5.410750409487E+001
  2.504753766009E-001  3.924368764227E-003 -9.630495250656E-001  1.036245118052E+001 -5.305480958884E+001
  2.544213457654E-001  3.967640869177E-003 -9.225699433566E-001  1.015516160563E+001 -5.201285556777E+001
  2.584108020414E-001  4.011344084122E-003 -8.824675323995E-001  9.949722734452E+000 -5.098175838771E+001
  2.624441798480E-001  4.055485045557E-003 -8.427484496598E-001  9.746158782431E+000 -4.996162883826E+001
  2.665219202956E-001  4.100070500102E-003 -8.034187121553E-001  9.544493092424E+000 -4.895257212056E+001
  2.706444712976E-001  4.145107306769E-003 -7.644841952652E-001  9.344748131477E+000 -4.795468782922E+001
  2.748122876832E-001  4.190602439283E-003 -7.259506316066E-001  9.146945488123E+000 -4.696806993792E+001
  2.790258313137E-001  4.236562988450E-003 -6.878236099780E-001  8.951105870260E+000 -4.599280678898E+001
  2.832855712010E-001  4.282996164587E-003 -6.501085743698E-001  8.757249103581E+000 -4.502898108679E+001
  2.875919836279E-001  4.329909300005E-003 -6.128108230432E-001  8.565394130585E+000 -4.407666989521E+001
  2.919455522717E-001  4.377309851548E-003 -5.759355076758E-001  8.375559010149E+000 -4.313594463898E+001
  2.963467683296E-001  4.425205403192E-003 -5.394876325753E-001  8.187760917683E+000 -4.220687110915E+001
  3.007961306479E-001  4.473603668706E-003 -5.034720539605E-001  8.002016145859E+000 -4.128950947257E+001
  3.052941458522E-001  4.522512494374E-003 -4.678934793095E-001  7.818340105914E+000 -4.038391428547E+001
  3.098413284823E-001  4.571939861783E-003 -4.327564667744E-001  7.636747329533E+000 -3.949013451119E+001
  3.144382011281E-001  4.621893890671E-003 -3.980654246635E-001  7.457251471310E+000 -3.860821354195E+001
  3.190852945695E-001  4.672382841850E-003 -3.638246109884E-001  7.279865311779E+000 -3.773818922490E+001
  3.237831479192E-001  4.723415120192E-003 -3.300381330771E-001  7.104600761029E+000 -3.688009389219E+001
  3.285323087679E-001  4.774999277691E-003 -2.967099472517E-001  6.931468862882E+000 -3.603395439526E+001
  3.333333333333E-001  4.827144016591E-003 -2.638438585703E-001  6.760479799636E+000 -3.519979214331E+001
  3.381867866117E-001  4.879858192602E-003 -2.314435206310E-001  6.591642897387E+000 -3.437762314590E+001
  3.430932425333E-001  4.933150818173E-003 -1.995124354397E-001  6.424966631887E+000 -3.356745805960E+001
  3.480532841203E-001  4.987031065868E-003 -1.680539533368E-001  6.260458634978E+000 -3.276930223894E+001
  3.530675036492E-001  5.041508271801E-003 -1.370712729854E-001  6.098125701548E+000 -3.198315579127E+001
  3.581365028158E-001  5.096591939172E-003 -1.065674414168E-001  5.937973797046E+000 -3.120901363581E+001
  3.632608929041E-001  5.152291741875E-003 -7.654535413434E-002  5.780008065514E+000 -3.044686556669E+001
  3.684412949588E-001  5.208617528209E-003 -4.700775527145E-002  5.624232838140E+000 -2.969669631992E+001
  3.736783399619E-001  5.265579324662E-003 -1.795723780510E-002  5.470651642326E+000 -2.895848564445E+001
  3.789726690123E-001  5.323187339805E-003  1.060375617916E-002  5.319267211252E+000 -2.823220837693E+001
  3.843249335105E-001  5.381451968273E-003  3.867293517114E-002  5.170081493922E+000 -2.751783452046E+001
  3.897357953460E-001  5.440383794842E-003  6.624815787131E-002  5.023095665693E+000 -2.681532932696E+001
  3.952059270903E-001  5.499993598618E-003  9.332743277909E-002  4.878310139255E+000 -2.612465338336E+001
  4.007360121927E-001  5.560292357317E-003  1.199089177365E-001  4.735724576061E+000 -2.544576270125E+001
  4.063267451812E-001  5.621291251662E-003  1.459909194286E-001  4.595337898182E+000 -2.477860881019E+001
  4.119788318683E-001  5.683001669888E-003  1.715718928443E-001  4.457148300585E+000 -2.412313885429E+001
  4.176929895600E-001  5.745435212354E-003  1.966504406976E-001  4.321153263791E+000 -2.347929569228E+001
  4.234699472710E-001  5.808603696282E-003  2.212253128138E-001  4.187349566925E+000 -2.284701800064E+001
  4.293104459435E-001  5.872519160606E-003  2.452954054817E-001  4.055733301116E+000 -2.222624037992E+001
  4.352152386716E-001  5.937193870949E-003  2.688597607748E-001  3.926299883238E+000 -2.161689346399E+001
  4.411850909306E-001  6.002640324729E-003  2.919175658433E-001  3.799044069969E+000 -2.101890403221E+001
  4.472207808110E-001  6.068871256391E-003  3.144681521812E-001  3.673959972148E+000 -2.043219512422E+001
  4.533230992589E-001  6.135899642772E-003  3.365109948679E-001  3.551041069402E+000 -1.985668615738E+001
  4.594928503202E-001  6.203738708611E-003  3.580457117909E-001  3.430280225030E+000 -1.929229304661E+001
  4.657308513924E-001  6.272401932198E-003  3.790720628486E-001  3.311669701115E+000 -1.873892832650E+001
  4.720379334802E-001  6.341903051163E-003  3.995899491385E-001  3.195201173830E+000 -1.819650127554E+001
  4.784149414579E-001  6.412256068427E-003  4.195994121314E-001  3.080865748941E+000 -1.766491804234E+001
  4.848627343381E-001  6.483475258298E-003  4.391006328363E-001  2.968653977446E+000 -1.714408177354E+001
  4.913821855461E-001  6.555575172733E-003  4.580939309567E-001  2.858555871354E+000 -1.663389274341E+001
  4.979741832006E-001  6.628570647764E-003  4.765797640425E-001  2.750560919564E+000 -1.613424848483E+001
  5.046396304008E-001  6.702476810086E-003  4.945587266384E-001  2.644658103812E+000 -1.564504392148E+001
  5.113794455212E-001  6.777309083830E-003  5.120315494342E-001  2.540835914680E+000 -1.516617150115E+001
  5.181945625116E-001  6.853083197508E-003  5.289990984153E-001  2.439082367610E+000 -1.469752132978E+001
  5.250859312060E-001  6.929815191146E-003  5.454623740202E-001  2.339385018927E+000 -1.423898130628E+001
  5.320545176366E-001  7.007521423604E-003  5.614225103045E-001  2.241730981818E+000 -1.379043725765E+001
  5.391013043575E-001  7.086218580100E-003  5.768807741143E-001  2.146106942253E+000 -1.335177307445E+001
  5.462272907741E-001  7.165923679926E-003  5.918385642724E-001  2.052499174817E+000 -1.292287084622E+001
  5.534334934816E-001  7.246654084380E-003  6.062974107772E-001  1.960893558423E+000 -1.250361099675E+001
  5.607209466109E-001  7.328427504912E-003  6.202589740186E-001  1.871275591886E+000 -1.209387241891E+001
  5.680907021827E-001  7.411262011483E-003  6.337250440109E-001  1.783630409320E+000 -1.169353260889E+001
  5.755438304707E-001  7.495176041166E-003  6.466975396453E-001  1.697942795338E+000 -1.130246779960E+001
  5.830814203728E-001  7.580188406970E-003  6.591785079629E-001  1.614197200029E+000 -1.092055309297E+001
  5.907045797917E-001  7.666318306912E-003  6.711701234507E-001  1.532377753683E+000 -1.054766259103E+001
  5.984144360243E-001  7.753585333338E-003  6.826746873599E-001  1.452468281242E+000 -1.018366952545E+001
  6.062121361613E-001  7.842009482502E-003  6.936946270494E-001  1.374452316446E+000 -9.828446385436E+000
  6.140988474955E-001  7.931611164409E-003  7.042324953535E-001  1.298313115654E+000 -9.481865043589E+000
  6.220757579409E-001  8.022411212936E-003  7.142909699759E-001  1.224033671327E+000 -9.143796879750E+000
  6.301440764614E-001  8.114430896230E-003  7.238728529091E-001  1.151596725126E+000 -8.814112902420E+000
  6.383050335109E-001  8.207691927403E-003  7.329810698793E-001  1.080984780635E+000 -8.492683867660E+000
  6.465598814833E-001  8.302216475524E-003  7.416186698177E-001  1.012180115655E+000 -8.179380395222E+000
  6.549098951744E-001  8.398027176926E-003  7.497888243561E-001  9.451647940891E-001 -7.874073081748E+000
  6.633563722545E-001  8.495147146827E-003  7.574948273473E-001  8.799206773634E-001 -7.576632610812E+000
  6.719006337539E-001  8.593599991288E-003  7.647400944085E-001  8.164294353962E-001 -7.286929859645E+000
  6.805440245593E-001  8.693409819506E-003  7.715281624870E-001  7.546725570861E-001 -7.004836002363E+000
  6.892879139233E-001  8.794601256469E-003  7.778626894449E-001  6.946313603120E-001 -6.730222609512E+000
  6.981336959871E-001  8.897199455961E-003  7.837474536638E-001  6.362870014326E-001 -6.462961743794E+000
  7.070827903152E-001  9.001230113956E-003  7.891863536636E-001  5.796204842764E-001 -6.202926051798E+000
  7.161366424455E-001  9.106719482390E-003  7.941834077357E-001  5.246126686157E-001 -5.949988851612E+000
  7.252967244510E-001  9.213694383338E-003  7.987427535861E-001  4.712442781184E-001 -5.704024216174E+000
  7.345645355186E-001  9.322182223606E-003  8.028686479856E-001  4.194959077743E-001 -5.464907052244E+000
  7.439416025400E-001  9.432211009745E-003  8.065654664228E-001  3.693480307958E-001 -5.232513174895E+000
  7.534294807203E-001  9.543809363512E-003  8.098377027573E-001  3.207810049928E-001 -5.006719377409E+000
  7.630297542000E-001  9.657006537783E-003  8.126899688679E-001  2.737750786260E-001 -4.787403496519E+000
  7.727440366954E-001  9.771832432940E-003  8.151269942902E-001  2.283103957429E-001 -4.574444472905E+000
  7.825739721536E-001  9.888317613741E-003  8.171536258414E-001  1.843670010056E-001 -4.367722406898E+000
  7.925212354258E-001  1.000649332670E-002  8.187748272244E-001  1.419248440191E-001 -4.167118609354E+000
  8.025875329584E-001  1.012639151798E-002  8.199956786064E-001  1.009637831734E-001 -3.972515647661E+000
  8.127746035011E-001  1.024804485184E-002  8.208213761673E-001  6.146358901412E-002 -3.783797386875E+000
  8.230842188350E-001  1.037148672960E-002  8.212572316102E-001  2.340394715766E-002 -3.600849025990E+000
  8.335181845190E-001  1.049675130923E-002  8.213086716283E-001 -1.323553922800E-002 -3.423557129359E+000
  8.440783406568E-001  1.062387352550E-002  8.209812373220E-001 -4.847534735662E-002 -3.251809653295E+000
  8.547665626839E-001  1.075288911077E-002  8.202805835580E-001 -8.233603314637E-002 -3.085495967929E+000
  8.655847621758E-001  1.088383461638E-002  8.192124782649E-001 -1.148382299058E-001 -2.924506874361E+000
  8.765348876780E-001  1.101674743475E-002  8.177828016571E-001 -1.460026473545E-001 -2.768734617217E+000
  8.876189255584E-001  1.115166582209E-002  8.159975453790E-001 -1.758500709485E-001 -2.618072892703E+000
  8.988389008829E-001  1.128862892191E-002  8.138628115639E-001 -2.044013614772E-001 -2.472416852271E+000
  9.101968783143E-001  1.142767678917E-002  8.113848117978E-001 -2.316774548974E-001 -2.331663102037E+000
  9.216949630368E-001  1.156885041525E-002  8.085698659811E-001 -2.576993623687E-001 -2.195709698108E+000
  9.333353017046E-001  1.171219175365E-002  8.054244010817E-001 -2.824881704522E-001 -2.064456137961E+000
  9.451200834176E-001  1.185774374655E-002  8.019549497690E-001 -3.060650414321E-001 -1.937803348088E+000
  9.570515407237E-001  1.200555035216E-002  7.981681489240E-001 -3.284512137205E-001 -1.815653668073E+000
  9.691319506484E-001  1.215565657299E-002  7.940707380161E-001 -3.496680023028E-001 -1.697910831328E+000
  9.813636357544E-001  1.230810848498E-002  7.896695573388E-001 -3.697367991798E-001 -1.584479942709E+000
  9.937489652293E-001  1.246295326757E-002  7.849715460987E-001 -3.886790737642E-001 -1.475267453239E+000
  1.006290356005E+000  1.262023923477E-002  7.799837403487E-001 -4.065163731848E-001 -1.370181132194E+000
  1.018990273907E+000  1.278001586715E-002  7.747132707598E-001 -4.232703224548E-001 -1.269130036811E+000
  1.031851234841E+000  1.294233384499E-002  7.691673602243E-001 -4.389626244582E-001 -1.172024479875E+000
  1.044875806003E+000  1.310724508236E-002  7.633533212839E-001 -4.536150597093E-001 -1.078775995471E+000
  1.058066607138E+000  1.327480276248E-002  7.572785533782E-001 -4.672494858402E-001 -9.892973031839E-001
  1.071426311823E+000  1.344506137405E-002  7.509505399063E-001 -4.798878367713E-001 -9.035022710284E-001
  1.084957648792E+000  1.361807674895E-002  7.443768450981E-001 -4.915521215230E-001 -8.213058774126E-001
  1.098663403298E+000  1.379390610110E-002  7.375651106900E-001 -5.022644226233E-001 -7.426241724253E-001
  1.112546418516E+000  1.397260806657E-002  7.305230524026E-001 -5.120468940725E-001 -6.673742387507E-001
  1.126609596985E+000  1.415424274514E-002  7.232584562150E-001 -5.209217588244E-001 -5.954741525086E-001
  1.140855902095E+000  1.433887174317E-002  7.157791744358E-001 -5.289113057461E-001 -5.268429443192E-001
  1.155288359613E+000  1.452655821788E-002  7.080931215676E-001 -5.360378860216E-001 -4.614005608865E-001
  1.169910059257E+000  1.471736692327E-002  7.002082699644E-001 -5.423239089658E-001 -3.990678273933E-001
  1.184724156317E+000  1.491136425740E-002  6.921326452821E-001 -5.477918372186E-001 -3.397664109909E-001
  1.199733873325E+000  1.510861831145E-002  6.838743217229E-001 -5.524641812925E-001 -2.834187856611E-001
  1.214942501771E+000  1.530919892035E-002  6.754414170743E-001 -5.563634934488E-001 -2.299481987178E-001
  1.230353403874E+000  1.551317771520E-002  6.668420875478E-001 -5.595123608826E-001 -1.792786392032E-001
  1.245970014403E+000  1.572062817747E-002  6.580845224172E-001 -5.619333982002E-001 -1.313348084236E-001
  1.261795842559E+000  1.593162569510E-002  6.491769384645E-001 -5.636492391756E-001 -8.604209285126E-002
  1.277834473907E+000  1.614624762054E-002  6.401275742368E-001 -5.646825277776E-001 -4.332653960679E-002
  1.294089572372E+000  1.636457333079E-002  6.309446841219E-001 -5.650559084645E-001 -3.114834715605E-003
  1.310564882294E+000  1.658668428962E-002  6.216365322489E-001 -5.647920157456E-001  3.466571568477E-002
  1.327264230548E+000  1.681266411190E-002  6.122113862242E-001 -5.639134630154E-001  7.008720103119E-002
  1.344191528724E+000  1.704259863026E-002  6.026775107102E-001 -5.624428306702E-001  1.032211187813E-001
  1.361350775387E+000  1.727657596408E-002  5.930431608599E-001 -5.604026535225E-001  1.341383835085E-001
  1.378746058390E+000  1.751468659100E-002  5.833165756165E-001 -5.578154075320E-001  1.629093325580E-001
  1.396381557275E+000  1.775702342093E-002  5.735059708921E-001 -5.547034958794E-001  1.896037282014E-001
  1.414261545744E+000  1.800368187279E-002  5.636195326382E-001 -5.510892344116E-001  2.142907562521E-001
  1.432390394201E+000  1.825475995395E-002  5.536654098235E-001 -5.469948364941E-001  2.370390211304E-001
  1.450772572390E+000  1.851035834267E-002  5.436517073317E-001 -5.424423973094E-001  2.579165373929E-001
  1.469412652102E+000  1.877058047342E-002  5.335864787987E-001 -5.374538776460E-001  2.769907177682E-001
  1.488315309978E+000  1.903553262542E-002  5.234777194028E-001 -5.320510872281E-001  2.943283577666E-001
  1.507485330398E+000  1.930532401444E-002  5.133333586271E-001 -5.262556676368E-001  3.099956169588E-001
  1.526927608467E+000  1.958006688797E-002  5.031612530112E-001 -5.200890748836E-001  3.240579970443E-001
  1.546647153093E+000  1.985987662391E-002  4.929691789115E-001 -5.135725616951E-001  3.365803168560E-001
  1.566649090169E+000  2.014487183303E-002  4.827648252877E-001 -5.067271595755E-001  3.476266844721E-001
  1.586938665861E+000  2.043517446518E-002  4.725557865355E-001 -4.995736607142E-001  3.572604666305E-001
  1.607521250000E+000  2.073090991960E-002  4.623495553855E-001 -4.921325998106E-001  3.655442556628E-001
  1.628402339588E+000  2.103220715932E-002  4.521535158858E-001 -4.844242358896E-001  3.725398341887E-001
  1.649587562420E+000  2.133919883002E-002  4.419749364898E-001 -4.764685341830E-001  3.783081378271E-001
  1.671082680832E+000  2.165202138333E-002  4.318209632680E-001 -4.682851481543E-001  3.829092162026E-001
  1.692893595565E+000  2.197081520497E-002  4.216986132622E-001 -4.598934017459E-001  3.864021925393E-001
  1.715026349769E+000  2.229572474776E-002  4.116147680015E-001 -4.513122719258E-001  3.888452221485E-001
  1.737487133138E+000  2.262689866987E-002  4.015761671995E-001 -4.425603716149E-001  3.902954501286E-001
  1.760282286187E+000  2.296448997842E-002  3.915894026476E-001 -4.336559330710E-001  3.908089686050E-001
  1.783418304674E+000  2.330865617868E-002  3.816609123250E-001 -4.246167918069E-001  3.904407738427E-001
  1.806901844175E+000  2.365955942924E-002  3.717969747390E-001 -4.154603711195E-001  3.892447235721E-001
  1.830739724818E+000  2.401736670327E-002  3.620037035122E-001 -4.062036673000E-001  3.872734948638E-001
  1.854938936184E+000  2.438224995616E-002  3.522870422301E-001 -3.968632355974E-001  3.845785428941E-001
  1.879506642368E+000  2.475438629994E-002  3.426527595636E-001 -3.874551770011E-001  3.812100609311E-001
  1.904450187236E+000  2.513395818467E-002  3.331064446765E-001 -3.779951259044E-001  3.772169418697E-001
  1.929777099847E+000  2.552115358717E-002  3.236535029308E-001 -3.684982387075E-001  3.726467416315E-001
  1.955495100083E+000  2.591616620741E-002  3.142991518965E-001 -3.589791834129E-001  3.675456447315E-001
  1.981612104475E+000  2.631919567292E-002  3.050484176761E-001 -3.494521302592E-001  3.619584323022E-001
  2.008136232230E+000  2.673044775156E-002  2.959061315492E-001 -3.399307434361E-001  3.559284528413E-001
  2.035075811486E+000  2.715013457311E-002  2.868769269412E-001 -3.304281739145E-001  3.494975959367E-001
  2.062439385788E+000  2.757847486001E-002  2.779652367206E-001 -3.209570534197E-001  3.427062691909E-001
  2.090235720801E+000  2.801569416771E-002  2.691752908261E-001 -3.115294895696E-001  3.355933785496E-001
  2.118473811262E+000  2.846202513514E-002  2.605111142232E-001 -3.021570621911E-001  3.281963122073E-001
  2.147162888201E+000  2.891770774564E-002  2.519765251900E-001 -2.928508208217E-001  3.205509282364E-001
  2.176312426413E+000  2.938298959899E-002  2.435751339276E-001 -2.836212833948E-001  3.126915460569E-001
  2.205932152222E+000  2.985812619504E-002  2.353103414924E-001 -2.744784361010E-001  3.046509418302E-001
  2.236032051522E+000  3.034338122938E-002  2.271853390444E-001 -2.654317344094E-001  2.964603478316E-001
  2.266622378129E+000  3.083902690182E-002  2.192031074029E-001 -2.564901052250E-001  2.881494558225E-001
  2.297713662445E+000  3.134534423818E-002  2.113664169044E-001 -2.476619501535E-001  2.797464244095E-001
  2.329316720450E+000  3.186262342603E-002  2.036778275503E-001 -2.389551498352E-001  2.712778903482E-001
  2.361442663038E+000  3.239116416519E-002  1.961396894373E-001 -2.303770693053E-001  2.627689837144E-001
  2.394102905709E+000  3.293127603351E-002  1.887541434578E-001 -2.219345643314E-001  2.542433468377E-001
  2.427309178642E+000  3.348327886897E-002  1.815231222599E-001 -2.136339886730E-001  2.457231568594E-001
  2.461073537146E+000  3.404750316862E-002  1.744483514548E-001 -2.054812022036E-001  2.372291517513E-001
  2.495408372530E+000  3.462429050548E-002  1.675313510599E-001 -1.974815798320E-001  2.287806596037E-001
  2.530326423398E+000  3.521399396401E-002  1.607734371655E-001 -1.896400211538E-001  2.203956309679E-001
  2.565840787378E+000  3.581697859546E-002  1.541757238132E-001 -1.819609607657E-001  2.120906740156E-001
  2.601964933334E+000  3.643362189376E-002  1.477391250744E-001 -1.744483791672E-001  2.038810922588E-001
  2.638712714049E+000  3.706431429322E-002  1.414643573184E-001 -1.671058141788E-001  1.957809245590E-001
  2.676098379430E+000  3.770945968912E-002  1.353519416587E-001 -1.599363728022E-001  1.878029871393E-001
  2.714136590232E+000  3.836947598236E-002  1.294022065698E-001 -1.529427434489E-001  1.799589173044E-001
  2.752842432351E+000  3.904479564947E-002  1.236152906645E-001 -1.461272084654E-001  1.722592185671E-001
  2.792231431696E+000  3.973586633921E-002  1.179911456253E-001 -1.394916568872E-001  1.647133068763E-001
  2.832319569669E+000  4.044315149734E-002  1.125295392840E-001 -1.330375973512E-001  1.573295576432E-001
  2.873123299289E+000  4.116713102086E-002  1.072300588450E-001 -1.267661711082E-001  1.501153532652E-001
  2.914659561979E+000  4.190830194354E-002  1.020921142494E-001 -1.206781650731E-001  1.430771308546E-001
  2.956945805065E+000  4.266717915414E-002  9.711494167853E-002 -1.147740248622E-001  1.362204298913E-001
  3.000000000000E+000  4.344429614932E-002  9.229760719608E-002 -1.090538677685E-001  1.295499395303E-001
  3.043840661365E+000  4.424020582308E-002  8.763901053257E-002 -1.035174956354E-001  1.230695453141E-001
  3.088486866678E+000  4.505548129460E-002  8.313788901314E-002 -9.816440759153E-002  1.167823750568E-001
  3.133958277047E+000  4.589071677685E-002  7.879282163456E-002 -9.299381262139E-002  1.106908436918E-001
  3.180275158719E+000  4.674652848797E-002  7.460223329673E-002 -8.800464194982E-002  1.047966968951E-001
  3.227458405560E+000  4.762355560797E-002  7.056439919579E-002 -8.319556122648E-002  9.910105332618E-002
  3.275529562509E+000  4.852246128332E-002  6.667744938659E-002 -7.856498250421E-002  9.360444535050E-002
  3.324510850077E+000  4.944393368200E-002  6.293937352301E-002 -7.411107601122E-002  8.830685813972E-002
  3.374425189910E+000  5.038868710203E-002  5.934802578508E-002 -6.983178172371E-002  8.320776707100E-002
  3.425296231502E+000  5.135746313639E-002  5.590113000182E-002 -6.572482075160E-002  7.830617337593E-002
  3.477148380094E+000  5.235103189784E-002  5.259628497852E-002 -6.178770655547E-002  7.360063801722E-002
  3.530006825834E+000  5.337019330676E-002  4.943097003663E-002 -5.801775601736E-002  6.908931379767E-002
  3.583897574256E+000  5.441577844603E-002  4.640255077342E-002 -5.441210039216E-002  6.476997573118E-002
  3.638847478148E+000  5.548865098670E-002  4.350828504726E-002 -5.096769616910E-002  6.064004972911E-002
  3.694884270887E+000  5.658970868864E-002  4.074532919249E-002 -4.768133587475E-002  5.669663967647E-002
  3.752036601308E+000  5.771988498079E-002  3.811074446603E-002 -4.454965885024E-002  5.293655299065E-002
  3.810334070199E+000  5.888015062562E-002  3.560150372514E-002 -4.156916203445E-002  4.935632477172E-002
  3.869807268505E+000  6.007151547295E-002  3.321449833292E-002 -3.873621078433E-002  4.595224066527E-002
  3.930487817331E+000  6.129503030858E-002  3.094654528527E-002 -3.604704976039E-002  4.272035856821E-002
  3.992408409843E+000  6.255178880352E-002  2.879439454930E-002 -3.349781390205E-002  3.965652931352E-002
  4.055602855172E+000  6.384292957002E-002  2.675473659965E-002 -3.108453951295E-002  3.675641647202E-002
  4.120106124432E+000  6.516963833101E-002  2.482421013557E-002 -2.880317547019E-002  3.401551540756E-002
  4.185954398964E+000  6.653315021009E-002  2.299940995735E-002 -2.664959456544E-002  3.142917171715E-002
  4.253185120935E+000  6.793475214960E-002  2.127689497707E-002 -2.461960497816E-002  2.899259917894E-002
  4.321837046422E+000  6.937578546490E-002  1.965319633466E-002 -2.270896187328E-002  2.670089731965E-002
  4.391950301120E+000  7.085764854355E-002  1.812482558655E-002 -2.091337910743E-002  2.454906869839E-002
  4.463566438835E+000  7.238179969882E-002  1.668828293068E-002 -1.922854101905E-002  2.253203598740E-002
  4.536728502895E+000  7.394976018725E-002  1.534006542861E-002 -1.765011426913E-002  2.064465891088E-002
  4.611481090679E+000  7.556311740127E-002  1.407667518249E-002 -1.617375969088E-002  1.888175108334E-002
  4.687870421430E+000  7.722352824817E-002  1.289462742276E-002 -1.479514409848E-002  1.723809676712E-002
  4.765944407533E+000  7.893272272784E-002  1.179045846050E-002 -1.350995199769E-002  1.570846754717E-002
  4.845752729492E+000  8.069250772248E-002  1.076073345760E-002 -1.231389713470E-002  1.428763889988E-002
  4.927346914797E+000  8.250477101257E-002  9.802053967531E-003 -1.120273381390E-002  1.297040661144E-002
  5.010780420931E+000  8.437148553436E-002  8.911065200116E-003 -1.017226791120E-002  1.175160298255E-002
  5.096108722763E+000  8.629471389541E-002  8.084462965118E-003 -9.218367506847E-003  1.062611273833E-002
  5.183389404586E+000  8.827661316581E-002  7.319000251479E-003 -8.336973060452E-003  9.588888547526E-003
  5.272682257105E+000  9.031943996425E-002  6.611493402255E-003 -7.524107051486E-003  8.634966043147E-003
  5.364049379651E+000  9.242555585946E-002  5.958827849023E-003 -6.775883010954E-003  7.759478227707E-003
  5.457555287978E+000  9.459743310926E-002  5.357963374167E-003 -6.088513873944E-003  6.957669141400E-003
  5.553267027968E+000  9.683766076100E-002  4.805938874755E-003 -5.458319588692E-003  6.224906670014E-003
  5.651254295630E+000  9.914895113938E-002  4.299876607581E-003 -4.881733925358E-003  5.556694372127E-003
  5.751589563796E+000  1.015341467494E-001  3.836985901373E-003 -4.355310436806E-003  4.948682211607E-003
  5.854348215936E+000  1.039962276248E-001  3.414566328865E-003 -3.875727534200E-003  4.396676091672E-003
  5.959608687557E+000  1.065383191537E-001  3.030010338399E-003 -3.439792651857E-003  3.896646100576E-003
  6.067452615683E+000  1.091637004188E-001  2.680805351674E-003 -3.044445488358E-003  3.444733395850E-003
  6.177964996951E+000  1.118758130872E-001  2.364535341122E-003 -2.686760323995E-003  3.037255673608E-003
  6.291234354880E+000  1.146782708938E-001  2.078881906871E-003 -2.363947428021E-003  2.670711191119E-003
  6.407352916949E+000  1.175748697626E-001  1.821624879281E-003 -2.073353582402E-003  2.341781333962E-003
  6.526416802128E+000  1.205695986129E-001  1.590642478363E-003 -1.812461761541E-003  2.047331743023E-003
  6.648526219580E+000  1.236666509049E-001  1.383911065864E-003 -1.578890019392E-003  1.784412040567E-003
  6.773785679311E+000  1.268704369821E-001  1.199504529308E-003 -1.370389646126E-003  1.550254217906E-003
  6.902304215570E+000  1.301855972713E-001  1.035593339650E-003 -1.184842665767E-003  1.342269769076E-003
  7.034195623922E+000  1.336170164087E-001  8.904433253966E-004 -1.020258753660E-003  1.158045674727E-003
  7.169578712934E+000  1.371698383673E-001  7.624142059767E-004 -8.747716580978E-004  9.953393575349E-004
  7.308577571516E+000  1.408494826628E-001  6.499579258212E-004 -7.466352136337E-004  8.520727443180E-004
  7.451321853057E+000  1.446616617293E-001  5.516168280400E-004 -6.342190345869E-004  7.263255802317E-004
  7.597947077547E+000  1.486123995567E-001  4.660217028912E-004 -5.360039758296E-004  6.163281467106E-004
  7.748594953021E+000  1.527080516973E-001  3.918897414932E-004 -4.505774442923E-004  5.204535369678E-004
  7.903413717736E+000  1.569553267535E-001  3.280224196475E-004 -3.766286388024E-004  4.372096409125E-004
  8.062558504629E+000  1.613613094717E-001  2.733033304156E-004 -3.129437881255E-004  3.652309853983E-004
  8.226191729726E+000  1.659334855793E-001  2.266959774798E-004 -2.584014476764E-004  3.032705660567E-004
  8.394483506327E+000  1.706797685137E-001  1.872415346002E-004 -2.119679046719E-004  2.501917940084E-004
  8.567612086926E+000  1.756085282071E-001  1.540565699495E-004 -1.726927299141E-004  2.049606650078E-004
  8.745764335025E+000  1.807286221064E-001  1.263307280883E-004 -1.397045023679E-004  1.666382406915E-004
  8.929136229160E+000  1.860494286260E-001  1.033243571244E-004 -1.122067207083E-004  1.343735122676E-004
  9.117933401693E+000  1.915808832504E-001  8.436606448066E-005 -8.947390454635E-005  1.073966969512E-004
  9.312371715124E+000  1.973335175235E-001  6.885018192685E-005 -7.084787755319E-005  8.501299749380E-005
  9.512677878945E+000  2.033185011886E-001  5.623411932144E-005 -5.573421563743E-005  6.659683600857E-005
  9.719090110332E+000  2.095476877688E-001  4.603558700661E-005 -4.359883605838E-005  5.158655568909E-005
  9.931858842267E+000  2.160336639044E-001  3.782966907675E-005 -3.396469818759E-005  3.947956856274E-005
  1.015124748302E+001  2.227898028021E-001  3.124573378853E-005 -2.640858377144E-005  2.982791465993E-005
  1.037753323129E+001  2.298303221843E-001  2.596417309653E-005 -2.055792410532E-005  2.223418830189E-005
  1.061100795175E+001  2.371703471699E-001  2.171297048641E-005 -1.608764349392E-005  1.634778087213E-005
  1.085197911611E+001  2.448259785618E-001  1.826410464880E-005 -1.271699260872E-005  1.186138652951E-005
  1.110077081537E+001  2.528143670735E-001  1.542980571513E-005 -1.020635161013E-005  8.507717769712E-006
  1.135772484956E+001  2.611537940784E-001  1.305869031077E-005 -8.353990809804E-006  6.056381309487E-006
  1.162320190175E+001  2.698637595360E-001  1.103181106536E-005 -6.992785740820E-006  4.310871061822E-006
  1.189758280382E+001  2.789650778206E-001  9.258664913436E-006 -5.986893234335E-006  3.105643463006E-006
  1.218126990242E+001  2.884799822596E-001  7.673211976395E-006 -5.228404871454E-006  2.303250470119E-006
  1.247468853413E+001  2.984322392826E-001  6.229962519892E-006 -4.634003371149E-006  1.791516460467E-006
  1.277828862002E+001  3.088472731875E-001  4.900192970103E-006 -4.141655486505E-006  1.480756290373E-006
  1.309254639077E+001  3.197523026463E-001  3.668352881322E-006 -3.707381264671E-006  1.301042176443E-006
  1.341796625462E+001  3.311764902095E-001  2.528722834571E-006 -3.302143623503E-006  1.199536169827E-006
  1.375508282195E+001  3.431511062169E-001  1.482378419483E-006 -2.908903778122E-006  1.137912222974E-006
  1.410446310162E+001  3.557097086969E-001  5.345077858285E-007 -2.519886934000E-006  1.089896755638E-006
  1.446670888596E+001  3.688883410292E-001 -3.078800005017E-007 -2.134098841837E-006  1.038958936260E-006
  1.484245934302E+001  3.827257493700E-001 -1.037830972766E-006 -1.755127454624E-006  9.761815171440E-007
  1.523239383723E+001  3.972636220891E-001 -1.649895810076E-006 -1.389255384466E-006  8.983401010792E-007
  1.563723500136E+001  4.125468537596E-001 -2.141156919238E-006 -1.043898627361E-006  8.062134628029E-007
  1.605775208607E+001  4.286238365683E-001 -2.511851953663E-006 -7.263757342180E-007  7.031404529820E-007
  1.649476461582E+001  4.455467823929E-001 -2.765626780408E-006 -4.429999642329E-007  5.938306539097E-007
  1.694914638379E+001  4.633720792263E-001 -2.909463399858E-006 -1.984757018146E-007  4.834269930756E-007
  1.742182982203E+001  4.821606861220E-001 -2.953338450122E-006  4.429733445343E-009  3.768096369796E-007
  1.791381078784E+001  5.019785714107E-001 -2.909675072952E-006  1.649761654869E-007  2.781223362929E-007
  1.842615381215E+001  5.228971995942E-001 -2.792654645976E-006  2.843459723324E-007  1.904955443358E-007
  1.895999786176E+001  5.449940730840E-001 -2.617454984351E-006  3.653918417608E-007  1.159355249562E-007
  1.951656267356E+001  5.683533358366E-001 -2.399478114081E-006  4.122847163388E-007  5.534558359920E-008
  2.009715572669E+001  5.930664469535E-001 -2.153623897446E-006  4.301079190854E-007  8.644599652362E-009
  2.070317992707E+001  6.192329335039E-001 -1.893656158603E-006  4.244391648889E-007 -2.505086482964E-008
  2.133614208874E+001  6.469612332096E-001 -1.631696223110E-006  4.009558651931E-007 -4.721168903410E-008
  2.199766230782E+001  6.763696392388E-001 -1.377865804547E-006  3.650913787996E-007 -5.967498708369E-008
  2.268948433818E+001  7.075873612439E-001 -1.140087882873E-006  3.217612879927E-007 -6.443763177044E-008
  2.341348709294E+001  7.407557189842E-001 -9.240415708266E-007  2.751700537281E-007 -6.347967936645E-008
  2.417169741362E+001  7.760294874639E-001 -7.332558386518E-007  2.287001670151E-007 -5.862695299530E-008
  2.496630426925E+001  8.135784155747E-001 -5.693181066661E-007  1.848787284029E-007 -5.145654535027E-008
  2.579967457140E+001  8.535889438281E-001 -4.321676603179E-007  1.454106945196E-007 -4.324428199420E-008
  2.667437081864E+001  8.962661510291E-001 -3.204408829189E-007  1.112641168910E-007 -3.494949974306E-008
  2.759317081651E+001  9.418359647997E-001 -2.318354484381E-007  8.279067867087E-008 -2.722997944702E-008
  2.855908975674E+001  9.905476768748E-001 -1.634636010763E-007  5.986464930796E-008 -2.047854960496E-008
  2.957540498378E+001  1.042676811269E+000 -1.121699454181E-007  4.202480350177E-008 -1.487265889553E-008
  3.064568382919E+001  1.098528402000E+000 -7.479605555037E-008  2.860653358547E-008 -1.042892389293E-008
  3.177381495601E+001  1.158440747351E+000 -4.838183683382E-008  1.885487688456E-008 -7.056050229682E-009
  3.296404372807E+001  1.222789720048E+000 -3.030106892528E-008  1.201299555883E-008 -4.601324121047E-009
  3.422101220608E+001  1.291993727721E+000 -1.833513186434E-008  7.384317505224E-009 -2.887797363722E-009
  3.554980447538E+001  1.366519436102E+000 -1.069395359803E-008  4.369677029949E-009 -1.741092929369E-009
  3.695599813319E+001  1.446888389511E+000 -5.996352025461E-009  2.483104374634E-009 -1.006246289994E-009
  3.844572291106E+001  1.533684690030E+000 -3.223098601053E-009  1.351269779786E-009 -5.560499004510E-010
  4.002572758518E+001  1.627563929686E+000 -1.655402286335E-009  7.020063465005E-010 -2.929459940191E-010
  4.170345654134E+001  1.729263610453E+000 -8.095236500693E-010  3.469629401529E-010 -1.466523656503E-010
  4.348713762001E+001  1.839615336740E+000 -3.754328295053E-010  1.625109256096E-010 -6.950135113905E-011
  4.538588318162E+001  1.959559126947E+000 -1.643989450834E-010  7.182179833407E-011 -3.105046915032E-011
  4.740980671574E+001  2.090160267552E+000 -6.763929145316E-011  2.980569624538E-011 -1.301525105641E-011
  4.957015778746E+001  2.232629229408E+000 -2.600485450241E-011  1.155198169415E-011 -5.091301077113E-012
  5.187947869225E+001  2.388345286640E+000 -9.285528492679E-012  4.156134677109E-012 -1.847527120632E-012
  5.435178690397E+001  2.558884630889E+000 -3.058280150722E-012  1.378599782761E-012 -6.177407477872E-013
  5.700278828629E+001  2.746053966795E+000 -9.219815851694E-013  4.183831401300E-013 -1.888736455825E-013
  5.985012714155E+001  2.951930820846E+000 -2.522190512815E-013  1.151723270922E-013 -5.235499769762E-014
  6.291368055481E+001  3.178912111311E+000 -6.200082311973E-014  2.847909571885E-014 -1.303021147984E-014
  6.621590623276E+001  3.429772933797E+000 -1.354490936418E-014  6.256263245062E-015 -2.879881238892E-015
  6.978225524452E+001  3.707738044625E+000 -2.596939005341E-015  1.205793397587E-015 -5.582136830120E-016
  7.364166388185E+001  4.016569212832E+000 -4.307733315450E-016  2.010035151049E-016 -9.355047886361E-017
  7.782714245929E+001  4.360672516382E+000 -6.082063207090E-017  2.851211304385E-017 -1.333659532524E-017
  8.237648351994E+001  4.745230855210E+000 -7.173776697200E-018  3.377828553139E-018 -1.587432313989E-018
  8.733311794503E+001  5.176368549127E+000 -6.918313635874E-019  3.271115726655E-019 -1.544094055724E-019
  9.274715535088E+001  5.661357031559E+000 -5.321383791844E-020  2.525964084978E-020 -1.197324388129E-020
  9.867665554529E+001  6.208873552072E+000 -3.171888979451E-021  1.511243048231E-021 -7.191507743281E-022
  1.051891916055E+002  6.829328764649E+000 -1.416836780383E-022  6.774262787623E-023 -3.235561534612E-023
  1.123637836013E+002  7.535284543316E+000 -4.560296543330E-024  2.187651634078E-024 -1.048515808032E-024
  1.202933069206E+002  8.341990973528E+000 -1.009956693686E-025  4.860177440357E-026 -2.337065919827E-026
  1.290875131414E+002  9.268082166539E+000 -1.457342029245E-027  7.033972416099E-028 -3.392809312543E-028
  1.388768482001E+002  1.033648575811E+001 -1.284110675806E-029  6.215279604038E-030 -3.006643910134E-030
  1.498173177370E+002  1.157562284364E+001 -6.393299886885E-032  3.102665922637E-032 -1.505031850045E-032
  1.620967411853E+002  1.302100699722E+001 -1.638097271356E-034  7.969612273552E-035 -3.875858359268E-035
  1.759428668168E+002  1.471739812515E+001 -1.928451098386E-037  9.404429408807E-038 -4.584768303579E-038
  1.916340085825E+002  1.672173748087E+001 -9.081141084302E-041  4.438456617334E-041 -2.168745509787E-041
  2.095131417987E+002  1.910719757888E+001 -1.441895255595E-044  7.062149213667E-045 -3.458163790690E-045
  2.300068054477E+002  2.196884699990E+001 -6.241350986124E-049  3.062947506254E-049 -1.502876745813E-049
  2.536507797910E+002  2.543169216868E+001 -5.638819384979E-054  2.772395217348E-054 -1.362886375062E-054
  2.811254638474E+002  2.966227967912E+001 -7.574005232095E-060  3.730342649355E-060 -1.837053281367E-060
  3.133053780630E+002  3.488573552677E+001 -9.778368987291E-067  4.823892706567E-067 -2.379518448160E-067
  3.513296254502E+002  4.141128389041E+001 -6.874058595582E-075  3.396300357771E-075 -1.677906371566E-075
  3.967041014106E+002  4.967130404214E+001 -1.241139677088E-084  6.140874239010E-085 -3.038194336071E-085
  4.514529193349E+002  6.028257212519E+001 -2.095751012822E-096  1.038298718854E-096 -5.143828470928E-097
  5.183481233601E+002  7.414493328740E+001 -8.294133681079E-111  4.114190628661E-111 -2.040722366279E-111
  6.012676077950E+002  9.260523890243E+001 -1.109664802489E-128  5.510547303878E-129 -2.736449600434E-129
  7.057700503752E+002  1.177394213729E+002 -3.125916658583E-151  1.553923731357E-151 -7.724576227869E-152
  8.400513767914E+002  1.528577972397E+002 -3.091747733437E-180  1.538390229217E-180 -7.654623530401E-181
  1.016602135495E+003  2.034537342122E+002 -2.093615203545E-218  1.042632141586E-218 -5.192325044334E-219
  1.255220715580E+003  2.790860613466E+002 -4.908347300981E-270  2.446266124970E-270 -1.219185669391E-270
  1.588815776243E+003  3.973705897531E+002  0.000000000000E+000  0.000000000000E+000  0.000000000000E+000
  2.075392011604E+003  5.931596040112E+002  0.000000000000E+000  0.000000000000E+000  0.000000000000E+000
  2.825079847529E+003  9.419154890021E+002  0.000000000000E+000  0.000000000000E+000  0.000000000000E+000
  4.068408296184E+003  1.627629972033E+003  0.000000000000E+000  0.000000000000E+000  0.000000000000E+000
  6.357262947674E+003  3.178964796686E+003  0.000000000000E+000  0.000000000000E+000  0.000000000000E+000
  1.130231930164E+004  7.535323971013E+003  0.000000000000E+000  0.000000000000E+000  0.000000000000E+000
  2.543105175140E+004  2.543171841285E+004  0.000000000000E+000  0.000000000000E+000  0.000000000000E+000
  1.017262069958E+005  2.034537473226E+005  0.000000000000E+000  0.000000000000E+000  0.000000000000E+000
