# 1st line: number of mesh points
# abcissa weight wavefunction wavefunction_1st wavefunction_2nd
500
# Principal QN=   1 , l=   1 , Occupation=   4.0100
  9.830308526508E-006  1.966074589941E-005  1.472108633220E-004  1.497463927826E+001 -1.146382345374E+002
  3.932200719717E-005  3.932303800261E-005  5.887885617667E-004  1.497125871128E+001 -1.146172599443E+002
  8.847741541455E-005  5.898842277178E-005  1.324568437109E-003  1.496562551219E+001 -1.145823061998E+002
  1.573003992804E-004  7.865844718600E-005  2.354276113452E-003  1.495774129972E+001 -1.145333791747E+002
  2.457963722417E-004  9.833465899987E-005  3.677527578958E-003  1.494760833991E+001 -1.144704870976E+002
  3.539722959954E-004  1.180186070023E-004  5.293829300366E-003  1.493522954601E+001 -1.143936405646E+002
  4.818366816528E-004  1.377118412759E-004  7.202578370301E-003  1.492060847823E+001 -1.143028525515E+002
  6.293995911626E-004  1.574159134560E-004  9.403062687508E-003  1.490374934350E+001 -1.141981384288E+002
  7.966726389934E-004  1.771323769912E-004  1.189446117006E-002  1.488465699516E+001 -1.140795159791E+002
  9.836689940782E-004  1.968627874036E-004  1.467584400172E-002  1.486333693261E+001 -1.139470054170E+002
  1.190403382016E-003  2.166087025496E-004  1.774617291145E-002  1.483979530086E+001 -1.138006294122E+002
  1.416892087541E-003  2.363716828821E-004  2.110430148644E-002  1.481403889010E+001 -1.136404131141E+002
  1.663152957245E-003  2.561532917128E-004  2.474897551855E-002  1.478607513511E+001 -1.134663841797E+002
  1.929205402573E-003  2.759550954757E-004  2.867883338454E-002  1.475591211468E+001 -1.132785728027E+002
  2.215070403074E-003  2.957786639908E-004  3.289240646021E-002  1.472355855087E+001 -1.130770117464E+002
  2.520770509919E-003  3.156255707300E-004  3.738811956861E-002  1.468902380829E+001 -1.128617363770E+002
  2.846329849692E-003  3.354973930828E-004  4.216429146261E-002  1.465231789323E+001 -1.126327847005E+002
  3.191774128432E-003  3.553957126240E-004  4.721913534198E-002  1.461345145270E+001 -1.123901974003E+002
  3.557130635959E-003  3.753221153821E-004  5.255075940530E-002  1.457243577337E+001 -1.121340178776E+002
  3.942428250463E-003  3.952781921092E-004  5.815716743686E-002  1.452928278048E+001 -1.118642922932E+002
  4.347697443358E-003  4.152655385525E-004  6.403625942882E-002  1.448400503651E+001 -1.115810696105E+002
  4.772970284417E-003  4.352857557265E-004  7.018583223898E-002  1.443661573985E+001 -1.112844016408E+002
  5.218280447175E-003  4.553404501876E-004  7.660358028433E-002  1.438712872327E+001 -1.109743430895E+002
  5.683663214611E-003  4.754312343099E-004  8.328709627060E-002  1.433555845229E+001 -1.106509516033E+002
  6.169155485101E-003  4.955597265624E-004  9.023387195831E-002  1.428192002341E+001 -1.103142878191E+002
  6.674795778653E-003  5.157275517886E-004  9.744129896534E-002  1.422622916216E+001 -1.099644154137E+002
  7.200624243425E-003  5.359363414876E-004  1.049066696064E-001  1.416850222102E+001 -1.096014011537E+002
  7.746682662519E-003  5.561877340970E-004  1.126271777699E-001  1.410875617719E+001 -1.092253149472E+002
  8.313014461060E-003  5.764833752781E-004  1.205999198319E-001  1.404700863011E+001 -1.088362298946E+002
  8.899664713569E-003  5.968249182030E-004  1.288218956081E-001  1.398327779890E+001 -1.084342223412E+002
  9.506680151615E-003  6.172140238444E-004  1.372900093439E-001  1.391758251952E+001 -1.080193719289E+002
  1.013410917176E-002  6.376523612666E-004  1.460010707423E-001  1.384994224175E+001 -1.075917616486E+002
  1.078200184380E-002  6.581416079202E-004  1.549517960308E-001  1.378037702601E+001 -1.071514778916E+002
  1.145040991929E-002  6.786834499385E-004  1.641388090668E-001  1.370890753988E+001 -1.066986105020E+002
  1.213938684040E-002  6.992795824361E-004  1.735586424823E-001  1.363555505441E+001 -1.062332528271E+002
  1.284898774901E-002  7.199317098113E-004  1.832077388669E-001  1.356034144026E+001 -1.057555017686E+002
  1.357926949620E-002  7.406415460502E-004  1.930824519918E-001  1.348328916348E+001 -1.052654578314E+002
  1.433029065191E-002  7.614108150341E-004  2.031790480719E-001  1.340442128111E+001 -1.047632251730E+002
  1.510211151509E-002  7.822412508494E-004  2.134937070683E-001  1.332376143649E+001 -1.042489116501E+002
  1.589479412397E-002  8.031345981016E-004  2.240225240311E-001  1.324133385427E+001 -1.037226288652E+002
  1.670840226680E-002  8.240926122311E-004  2.347615104816E-001  1.315716333516E+001 -1.031844922106E+002
  1.754300149280E-002  8.451170598329E-004  2.457065958350E-001  1.307127525039E+001 -1.026346209113E+002
  1.839865912351E-002  8.662097189796E-004  2.568536288631E-001  1.298369553583E+001 -1.020731380652E+002
  1.927544426443E-002  8.873723795480E-004  2.681983791981E-001  1.289445068580E+001 -1.015001706823E+002
  2.017342781695E-002  9.086068435487E-004  2.797365388753E-001  1.280356774662E+001 -1.009158497205E+002
  2.109268249069E-002  9.299149254598E-004  2.914637239175E-001  1.271107430975E+001 -1.003203101193E+002
  2.203328281612E-002  9.512984525641E-004  3.033754759589E-001  1.261699850461E+001 -9.971369083123E+001
  2.299530515754E-002  9.727592652906E-004  3.154672639094E-001  1.252136899111E+001 -9.909613484966E+001
  2.397882772639E-002  9.942992175591E-004  3.277344856591E-001  1.242421495174E+001 -9.846778923426E+001
  2.498393059493E-002  1.015920177130E-003  3.401724698227E-001  1.232556608336E+001 -9.782880513287E+001
  2.601069571024E-002  1.037624025957E-003  3.527764775233E-001  1.222545258862E+001 -9.717933780012E+001
  2.705920690860E-002  1.059412660547E-003  3.655417042166E-001  1.212390516693E+001 -9.651954661249E+001
  2.812954993023E-002  1.081287992318E-003  3.784632815533E-001  1.202095500518E+001 -9.584959507969E+001
  2.922181243436E-002  1.103251947969E-003  3.915362792815E-001  1.191663376795E+001 -9.516965085215E+001
  3.033608401473E-002  1.125306469854E-003  4.047557071869E-001  1.181097358741E+001 -9.447988572447E+001
  3.147245621542E-002  1.147453516351E-003  4.181165170717E-001  1.170400705277E+001 -9.378047563473E+001
  3.263102254705E-002  1.169695062249E-003  4.316136047711E-001  1.159576719936E+001 -9.307160065945E+001
  3.381187850339E-002  1.192033099133E-003  4.452418122067E-001  1.148628749733E+001 -9.235344500413E+001
  3.501512157837E-002  1.214469635775E-003  4.589959294776E-001  1.137560183987E+001 -9.162619698910E+001
  3.624085128345E-002  1.237006698530E-003  4.728706969863E-001  1.126374453111E+001 -9.089004903075E+001
  3.748916916538E-002  1.259646331739E-003  4.868608076008E-001  1.115075027352E+001 -9.014519761783E+001
  3.876017882444E-002  1.282390598136E-003  5.009609088518E-001  1.103665415497E+001 -8.939184328279E+001
  4.005398593302E-002  1.305241579266E-003  5.151656051625E-001  1.092149163537E+001 -8.863019056808E+001
  4.137069825459E-002  1.328201375897E-003  5.294694601134E-001  1.080529853283E+001 -8.786044798720E+001
  4.271042566323E-002  1.351272108452E-003  5.438669987373E-001  1.068811100950E+001 -8.708282798055E+001
  4.407328016341E-002  1.374455917436E-003  5.583527098476E-001  1.056996555695E+001 -8.629754686581E+001
  4.545937591035E-002  1.397754963880E-003  5.729210483954E-001  1.045089898112E+001 -8.550482478298E+001
  4.686882923075E-002  1.421171429779E-003  5.875664378568E-001  1.033094838696E+001 -8.470488563382E+001
  4.830175864396E-002  1.444707518548E-003  6.022832726476E-001  1.021015116255E+001 -8.389795701579E+001
  4.975828488365E-002  1.468365455478E-003  6.170659205658E-001  1.008854496289E+001 -8.308427015026E+001
  5.123853091993E-002  1.492147488203E-003  6.319087252594E-001  9.966167693331E+000 -8.226405980515E+001
  5.274262198188E-002  1.516055887169E-003  6.468060087182E-001  9.843057492530E+000 -8.143756421177E+001
  5.427068558066E-002  1.540092946119E-003  6.617520737897E-001  9.719252715118E+000 -8.060502497600E+001
  5.582285153302E-002  1.564260982573E-003  6.767412067158E-001  9.594791913944E+000 -7.976668698369E+001
  5.739925198530E-002  1.588562338332E-003  6.917676796903E-001  9.469713821980E+000 -7.892279830033E+001
  5.900002143803E-002  1.612999379973E-003  7.068257534344E-001  9.344057333872E+000 -7.807361006494E+001
  6.062529677088E-002  1.637574499364E-003  7.219096797900E-001  9.217861487149E+000 -7.721937637830E+001
  6.227521726827E-002  1.662290114181E-003  7.370137043280E-001  9.091165443103E+000 -7.636035418544E+001
  6.394992464542E-002  1.687148668440E-003  7.521320689705E-001  8.964008467358E+000 -7.549680315250E+001
  6.564956307496E-002  1.712152633027E-003  7.672590146246E-001  8.836429910125E+000 -7.462898553796E+001
  6.737427921404E-002  1.737304506249E-003  7.823887838270E-001  8.708469186176E+000 -7.375716605842E+001
  6.912422223211E-002  1.762606814387E-003  7.975156233962E-001  8.580165754539E+000 -7.288161174879E+001
  7.089954383907E-002  1.788062112257E-003  8.126337870915E-001  8.451559097934E+000 -7.200259181720E+001
  7.270039831418E-002  1.813672983787E-003  8.277375382761E-001  8.322688701967E+000 -7.112037749464E+001
  7.452694253540E-002  1.839442042599E-003  8.428211525831E-001  8.193594034094E+000 -7.023524187931E+001
  7.637933600943E-002  1.865371932600E-003  8.578789205806E-001  8.064314522385E+000 -6.934745977612E+001
  7.825774090225E-002  1.891465328589E-003  8.729051504366E-001  7.934889534094E+000 -6.845730753110E+001
  8.016232207035E-002  1.917724936867E-003  8.878941705785E-001  7.805358354059E+000 -6.756506286114E+001
  8.209324709253E-002  1.944153495867E-003  9.028403323476E-001  7.675760162957E+000 -6.667100467909E+001
  8.405068630235E-002  1.970753776782E-003  9.177380126442E-001  7.546134015433E+000 -6.577541291446E+001
  8.603481282122E-002  1.997528584221E-003  9.325816165629E-001  7.416518818121E+000 -6.487856832979E+001
  8.804580259214E-002  2.024480756857E-003  9.473655800143E-001  7.286953307581E+000 -6.398075233304E+001
  9.008383441408E-002  2.051613168108E-003  9.620843723321E-001  7.157476028183E+000 -6.308224678602E+001
  9.214908997710E-002  2.078928726810E-003  9.767324988622E-001  7.028125309956E+000 -6.218333380926E+001
  9.424175389809E-002  2.106430377918E-003  9.913045035319E-001  6.898939246420E+000 -6.128429558344E+001
  9.636201375725E-002  2.134121103210E-003  1.005794971397E+000  6.769955672445E+000 -6.038541414756E+001
  9.851006013526E-002  2.162003922007E-003  1.020198531163E+000  6.641212142141E+000 -5.948697119430E+001
  1.006860866512E-001  2.190081891910E-003  1.034509857682E+000  6.512745906827E+000 -5.858924786259E+001
  1.028902900012E-001  2.218358109541E-003  1.048723674418E+000  6.384593893085E+000 -5.769252452783E+001
  1.051228699979E-001  2.246835711311E-003  1.062834755878E+000  6.256792680948E+000 -5.679708058997E+001
  1.073840296104E-001  2.275517874190E-003  1.076837930015E+000  6.129378482229E+000 -5.590319425973E+001
  1.096739750056E-001  2.304407816497E-003  1.090728080587E+000  6.002387119040E+000 -5.501114234327E+001
  1.119929155896E-001  2.333508798707E-003  1.104500149485E+000  5.875854002509E+000 -5.412120002565E+001
  1.143410640503E-001  2.362824124271E-003  1.118149139012E+000  5.749814111738E+000 -5.323364065333E+001
  1.167186364011E-001  2.392357140448E-003  1.131670114119E+000  5.624301973036E+000 -5.234873551605E+001
  1.191258520249E-001  2.422111239159E-003  1.145058204604E+000  5.499351639432E+000 -5.146675362849E+001
  1.215629337189E-001  2.452089857854E-003  1.158308607250E+000  5.374996670526E+000 -5.058796151195E+001
  1.240301077413E-001  2.482296480400E-003  1.171416587922E+000  5.251270112690E+000 -4.971262297638E+001
  1.265276038575E-001  2.512734637975E-003  1.184377483603E+000  5.128204479657E+000 -4.884099890326E+001
  1.290556553882E-001  2.543407909995E-003  1.197186704385E+000  5.005831733514E+000 -4.797334702949E+001
  1.316144992580E-001  2.574319925047E-003  1.209839735394E+000  4.884183266156E+000 -4.710992173281E+001
  1.342043760450E-001  2.605474361847E-003  1.222332138661E+000  4.763289881195E+000 -4.625097381895E+001
  1.368255300316E-001  2.636874950214E-003  1.234659554931E+000  4.643181776381E+000 -4.539675031105E+001
  1.394782092560E-001  2.668525472060E-003  1.246817705407E+000  4.523888526554E+000 -4.454749424159E+001
  1.421626655646E-001  2.700429762411E-003  1.258802393431E+000  4.405439067147E+000 -4.370344444721E+001
  1.448791546661E-001  2.732591710434E-003  1.270609506102E+000  4.287861678283E+000 -4.286483536686E+001
  1.476279361856E-001  2.765015260497E-003  1.282235015819E+000  4.171183969481E+000 -4.203189684360E+001
  1.504092737207E-001  2.797704413242E-003  1.293674981761E+000  4.055432865008E+000 -4.120485393040E+001
  1.532234348983E-001  2.830663226680E-003  1.304925551288E+000  3.940634589888E+000 -4.038392670037E+001
  1.560706914324E-001  2.863895817319E-003  1.315982961283E+000  3.826814656615E+000 -3.956933006172E+001
  1.589513191834E-001  2.897406361298E-003  1.326843539403E+000  3.713997852573E+000 -3.876127357784E+001
  1.618655982178E-001  2.931199095559E-003  1.337503705272E+000  3.602208228196E+000 -3.795996129288E+001
  1.648138128702E-001  2.965278319033E-003  1.347959971588E+000  3.491469085899E+000 -3.716559156319E+001
  1.677962518056E-001  2.999648393860E-003  1.358208945154E+000  3.381802969782E+000 -3.637835689484E+001
  1.708132080832E-001  3.034313746623E-003  1.368247327838E+000  3.273231656143E+000 -3.559844378782E+001
  1.738649792215E-001  3.069278869616E-003  1.378071917450E+000  3.165776144818E+000 -3.482603258695E+001
  1.769518672648E-001  3.104548322136E-003  1.387679608541E+000  3.059456651357E+000 -3.406129734007E+001
  1.800741788507E-001  3.140126731803E-003  1.397067393126E+000  2.954292600057E+000 -3.330440566370E+001
  1.832322252791E-001  3.176018795904E-003  1.406232361325E+000  2.850302617880E+000 -3.255551861651E+001
  1.864263225826E-001  3.212229282769E-003  1.415171701929E+000  2.747504529238E+000 -3.181479058088E+001
  1.896567915983E-001  3.248763033179E-003  1.423882702883E+000  2.645915351699E+000 -3.108236915289E+001
  1.929239580409E-001  3.285624961791E-003  1.432362751695E+000  2.545551292585E+000 -3.035839504093E+001
  1.962281525771E-001  3.322820058613E-003  1.440609335763E+000  2.446427746502E+000 -2.964300197321E+001
  1.995697109023E-001  3.360353390492E-003  1.448620042629E+000  2.348559293785E+000 -2.893631661450E+001
  2.029489738173E-001  3.398230102644E-003  1.456392560153E+000  2.251959699883E+000 -2.823845849214E+001
  2.063662873085E-001  3.436455420218E-003  1.463924676614E+000  2.156641915676E+000 -2.754953993175E+001
  2.098220026275E-001  3.475034649885E-003  1.471214280733E+000  2.062618078726E+000 -2.686966600266E+001
  2.133164763746E-001  3.513973181471E-003  1.478259361629E+000  1.969899515468E+000 -2.619893447333E+001
  2.168500705817E-001  3.553276489620E-003  1.485058008696E+000  1.878496744333E+000 -2.553743577681E+001
  2.204231527988E-001  3.592950135496E-003  1.491608411415E+000  1.788419479802E+000 -2.488525298660E+001
  2.240360961807E-001  3.632999768520E-003  1.497908859098E+000  1.699676637386E+000 -2.424246180269E+001
  2.276892795770E-001  3.673431128145E-003  1.503957740562E+000  1.612276339514E+000 -2.360913054818E+001
  2.313830876220E-001  3.714250045674E-003  1.509753543738E+000  1.526225922332E+000 -2.298532017640E+001
  2.351179108282E-001  3.755462446115E-003  1.515294855227E+000  1.441531943397E+000 -2.237108428859E+001
  2.388941456809E-001  3.797074350078E-003  1.520580359785E+000  1.358200190236E+000 -2.176646916218E+001
  2.427121947345E-001  3.839091875711E-003  1.525608839756E+000  1.276235689778E+000 -2.117151378971E+001
  2.465724667110E-001  3.881521240686E-003  1.530379174454E+000  1.195642718623E+000 -2.058624992830E+001
  2.504753766009E-001  3.924368764227E-003  1.534890339488E+000  1.116424814127E+000 -2.001070215966E+001
  2.544213457654E-001  3.967640869177E-003  1.539141406038E+000  1.038584786293E+000 -1.944488796062E+001
  2.584108020414E-001  4.011344084122E-003  1.543131540094E+000  9.621247304223E-001 -1.888881778393E+001
  2.624441798480E-001  4.055485045557E-003  1.546860001641E+000  8.870460405189E-001 -1.834249514941E+001
  2.665219202956E-001  4.100070500102E-003  1.550326143814E+000  8.133494234027E-001 -1.780591674518E+001
  2.706444712976E-001  4.145107306769E-003  1.553529412016E+000  7.410349135078E-001 -1.727907253873E+001
  2.748122876832E-001  4.190602439283E-003  1.556469342999E+000  6.701018883280E-001 -1.676194589787E+001
  2.790258313137E-001  4.236562988450E-003  1.559145563924E+000  6.005490844774E-001 -1.625451372105E+001
  2.832855712010E-001  4.282996164587E-003  1.561557791389E+000  5.323746143257E-001 -1.575674657705E+001
  2.875919836279E-001  4.329909300005E-003  1.563705830444E+000  4.655759831710E-001 -1.526860885355E+001
  2.919455522717E-001  4.377309851548E-003  1.565589573585E+000  4.001501069087E-001 -1.479005891444E+001
  2.963467683296E-001  4.425205403192E-003  1.567208999729E+000  3.360933301539E-001 -1.432104926550E+001
  3.007961306479E-001  4.473603668706E-003  1.568564173194E+000  2.734014447730E-001 -1.386152672802E+001
  3.052941458522E-001  4.522512494374E-003  1.569655242659E+000  2.120697087794E-001 -1.341143262012E+001
  3.098413284823E-001  4.571939861783E-003  1.570482440129E+000  1.520928655474E-001 -1.297070294528E+001
  3.144382011281E-001  4.621893890671E-003  1.571046079908E+000  9.346516329457E-002 -1.253926858767E+001
  3.190852945695E-001  4.672382841850E-003  1.571346557563E+000  3.618037478475E-002 -1.211705551388E+001
  3.237831479192E-001  4.723415120192E-003  1.571384348913E+000 -1.976818279808E-002 -1.170398498058E+001
  3.285323087679E-001  4.774999277691E-003  1.571160009026E+000 -7.438762785658E-002 -1.129997374757E+001
  3.333333333333E-001  4.827144016591E-003  1.570674171230E+000 -1.276854943183E-001 -1.090493429582E+001
  3.381867866117E-001  4.879858192602E-003  1.569927546149E+000 -1.796697115575E-001 -1.051877504990E+001
  3.430932425333E-001  4.933150818173E-003  1.568920920763E+000 -2.303485843526E-001 -1.014140060430E+001
  3.480532841203E-001  4.987031065868E-003  1.567655157493E+000 -2.797307729319E-001 -9.772711953091E+000
  3.530675036492E-001  5.041508271801E-003  1.566131193321E+000 -3.278252731594E-001 -9.412606722378E+000
  3.581365028158E-001  5.096591939172E-003  1.564350038940E+000 -3.746413969138E-001 -9.060979404956E+000
  3.632608929041E-001  5.152291741875E-003  1.562312777942E+000 -4.201887527114E-001 -8.717721596577E+000
  3.684412949588E-001  5.208617528209E-003  1.560020566045E+000 -4.644772266248E-001 -8.382722233265E+000
  3.736783399619E-001  5.265579324662E-003  1.557474630361E+000 -5.075169635482E-001 -8.055867829061E+000
  3.789726690123E-001  5.323187339805E-003  1.554676268710E+000 -5.493183488579E-001 -7.737042713604E+000
  3.843249335105E-001  5.381451968273E-003  1.551626848979E+000 -5.898919905175E-001 -7.426129268931E+000
  3.897357953460E-001  5.440383794842E-003  1.548327808525E+000 -6.292487016740E-001 -7.123008164905E+000
  3.952059270903E-001  5.499993598618E-003  1.544780653631E+000 -6.673994837912E-001 -6.827558592651E+000
  4.007360121927E-001  5.560292357317E-003  1.540986959011E+000 -7.043555103636E-001 -6.539658495408E+000
  4.063267451812E-001  5.621291251662E-003  1.536948367365E+000 -7.401281112531E-001 -6.259184796186E+000
  4.119788318683E-001  5.683001669888E-003  1.532666588984E+000 -7.747287576881E-001 -5.986013621653E+000
  4.176929895600E-001  5.745435212354E-003  1.528143401409E+000 -8.081690479627E-001 -5.720020521656E+000
  4.234699472710E-001  5.808603696282E-003  1.523380649140E+000 -8.404606938712E-001 -5.461080683818E+000
  4.293104459435E-001  5.872519160606E-003  1.518380243395E+000 -8.716155079091E-001 -5.209069142644E+000
  4.352152386716E-001  5.937193870949E-003  1.513144161919E+000 -9.016453912722E-001 -4.963860982608E+000
  4.411850909306E-001  6.002640324729E-003  1.507674448843E+000 -9.305623226777E-001 -4.725331534690E+000
  4.472207808110E-001  6.068871256391E-003  1.501973214589E+000 -9.583783480328E-001 -4.493356565863E+000
  4.533230992589E-001  6.135899642772E-003  1.496042635816E+000 -9.851055709688E-001 -4.267812461051E+000
  4.594928503202E-001  6.203738708611E-003  1.489884955418E+000 -1.010756144259E+000 -4.048576397109E+000
  4.657308513924E-001  6.272401932198E-003  1.483502482550E+000 -1.035342262131E+000 -3.835526508389E+000
  4.720379334802E-001  6.341903051163E-003  1.476897592701E+000 -1.058876153484E+000 -3.628542043497E+000
  4.784149414579E-001  6.412256068427E-003  1.470072727791E+000 -1.081370076018E+000 -3.427503512864E+000
  4.848627343381E-001  6.483475258298E-003  1.463030396307E+000 -1.102836311267E+000 -3.232292826815E+000
  4.913821855461E-001  6.555575172733E-003  1.455773173454E+000 -1.123287160550E+000 -3.042793423805E+000
  4.979741832006E-001  6.628570647764E-003  1.448303701332E+000 -1.142734941815E+000 -2.858890388576E+000
  5.046396304008E-001  6.702476810086E-003  1.440624689131E+000 -1.161191987378E+000 -2.680470560003E+000
  5.113794455212E-001  6.777309083830E-003  1.432738913325E+000 -1.178670642531E+000 -2.507422628422E+000
  5.181945625116E-001  6.853083197508E-003  1.424649217885E+000 -1.195183265014E+000 -2.339637222318E+000
  5.250859312060E-001  6.929815191146E-003  1.416358514482E+000 -1.210742225306E+000 -2.177006984226E+000
  5.320545176366E-001  7.007521423604E-003  1.407869782677E+000 -1.225359907733E+000 -2.019426635821E+000
  5.391013043575E-001  7.086218580100E-003  1.399186070116E+000 -1.239048712338E+000 -1.866793032124E+000
  5.462272907741E-001  7.165923679926E-003  1.390310492679E+000 -1.251821057491E+000 -1.719005204886E+000
  5.534334934816E-001  7.246654084380E-003  1.381246234624E+000 -1.263689383192E+000 -1.575964395186E+000
  5.607209466109E-001  7.328427504912E-003  1.371996548682E+000 -1.274666155031E+000 -1.437574075350E+000
  5.680907021827E-001  7.411262011483E-003  1.362564756116E+000 -1.284763868745E+000 -1.303739960366E+000
  5.755438304707E-001  7.495176041166E-003  1.352954246728E+000 -1.293995055337E+000 -1.174370008950E+000
  5.830814203728E-001  7.580188406970E-003  1.343168478815E+000 -1.302372286686E+000 -1.049374414542E+000
  5.907045797917E-001  7.666318306912E-003  1.333210979049E+000 -1.309908181606E+000 -9.286655864835E-001
  5.984144360243E-001  7.753585333338E-003  1.323085342301E+000 -1.316615412283E+000 -8.121581217162E-001
  6.062121361613E-001  7.842009482502E-003  1.312795231372E+000 -1.322506711027E+000 -6.997687673576E-001
  6.140988474955E-001  7.931611164409E-003  1.302344376648E+000 -1.327594877287E+000 -5.914163745644E-001
  6.220757579409E-001  8.022411212936E-003  1.291736575652E+000 -1.331892784842E+000 -4.870218441227E-001
  6.301440764614E-001  8.114430896230E-003  1.280975692502E+000 -1.335413389109E+000 -3.865080642451E-001
  6.383050335109E-001  8.207691927403E-003  1.270065657263E+000 -1.338169734505E+000 -2.897998410890E-001
  6.465598814833E-001  8.302216475524E-003  1.259010465173E+000 -1.340174961771E+000 -1.968238225428E-001
  6.549098951744E-001  8.398027176926E-003  1.247814175762E+000 -1.341442315209E+000 -1.075084158559E-001
  6.633563722545E-001  8.495147146827E-003  1.236480911839E+000 -1.341985149734E+000 -2.178369971714E-002
  6.719006337539E-001  8.593599991288E-003  1.225014858342E+000 -1.341816937694E+000  6.041866859003E-002
  6.805440245593E-001  8.693409819506E-003  1.213420261057E+000 -1.340951275366E+000  1.391655503050E-001
  6.892879139233E-001  8.794601256469E-003  1.201701425193E+000 -1.339401889063E+000  2.145224259117E-001
  6.981336959871E-001  8.897199455961E-003  1.189862713812E+000 -1.337182640785E+000  2.865534987800E-001
  7.070827903152E-001  9.001230113956E-003  1.177908546101E+000 -1.334307533341E+000  3.553218010312E-001
  7.161366424455E-001  9.106719482390E-003  1.165843395503E+000 -1.330790714875E+000  4.208893009247E-001
  7.252967244510E-001  9.213694383338E-003  1.153671787687E+000 -1.326646482739E+000  4.833170110561E-001
  7.345645355186E-001  9.322182223606E-003  1.141398298355E+000 -1.321889286642E+000  5.426650966602E-001
  7.439416025400E-001  9.432211009745E-003  1.129027550903E+000 -1.316533731023E+000  5.989929833121E-001
  7.534294807203E-001  9.543809363512E-003  1.116564213915E+000 -1.310594576599E+000  6.523594633289E-001
  7.630297542000E-001  9.657006537783E-003  1.104012998500E+000 -1.304086741029E+000  7.028228001870E-001
  7.727440366954E-001  9.771832432940E-003  1.091378655480E+000 -1.297025298650E+000  7.504408302818E-001
  7.825739721536E-001  9.888317613741E-003  1.078665972409E+000 -1.289425479260E+000  7.952710613792E-001
  7.925212354258E-001  1.000649332670E-002  1.065879770461E+000 -1.281302665888E+000  8.373707671306E-001
  8.025875329584E-001  1.012639151798E-002  1.053024901150E+000 -1.272672391547E+000  8.767970770490E-001
  8.127746035011E-001  1.024804485184E-002  1.040106242926E+000 -1.263550334930E+000  9.136070613766E-001
  8.230842188350E-001  1.037148672960E-002  1.027128697617E+000 -1.253952315040E+000  9.478578103067E-001
  8.335181845190E-001  1.049675130923E-002  1.014097186753E+000 -1.243894284742E+000  9.796065070629E-001
  8.440783406568E-001  1.062387352550E-002  1.001016647764E+000 -1.233392323230E+000  1.008910494378E+000
  8.547665626839E-001  1.075288911077E-002  9.878920300540E-001 -1.222462627419E+000  1.035827333958E+000
  8.655847621758E-001  1.088383461638E-002  9.747282909836E-001 -1.211121502263E+000  1.060414858571E+000
  8.765348876780E-001  1.101674743475E-002  9.615303917423E-001 -1.199385350024E+000  1.082731216436E+000
  8.876189255584E-001  1.115166582209E-002  9.483032931424E-001 -1.187270658511E+000  1.102834907662E+000
  8.988389008829E-001  1.128862892191E-002  9.350519513349E-001 -1.174793988319E+000  1.120784812503E+000
  9.101968783143E-001  1.142767678917E-002  9.217813134628E-001 -1.161971959110E+000  1.136640211308E+000
  9.216949630368E-001  1.156885041525E-002  9.084963132635E-001 -1.148821234979E+000  1.150460796035E+000
  9.333353017046E-001  1.171219175365E-002  8.952018666331E-001 -1.135358508954E+000  1.162306673311E+000
  9.451200834176E-001  1.185774374655E-002  8.819028671658E-001 -1.121600486684E+000  1.172238359047E+000
  9.570515407237E-001  1.200555035216E-002  8.686041816838E-001 -1.107563869397E+000  1.180316764684E+000
  9.691319506484E-001  1.215565657299E-002  8.553106457698E-001 -1.093265336172E+000  1.186603175211E+000
  9.813636357544E-001  1.230810848498E-002  8.420270593182E-001 -1.078721525614E+000  1.191159219139E+000
  9.937489652293E-001  1.246295326757E-002  8.287581821190E-001 -1.063949017020E+000  1.194046830685E+000
  1.006290356005E+000  1.262023923477E-002  8.155087294890E-001 -1.048964311101E+000  1.195328204462E+000
  1.018990273907E+000  1.278001586715E-002  8.022833679664E-001 -1.033783810366E+000  1.195065743039E+000
  1.031851234841E+000  1.294233384499E-002  7.890867110814E-001 -1.018423799252E+000  1.193321997770E+000
  1.044875806003E+000  1.310724508236E-002  7.759233152193E-001 -1.002900424094E+000  1.190159603345E+000
  1.058066607138E+000  1.327480276248E-002  7.627976755895E-001 -9.872296730484E-001  1.185641206564E+000
  1.071426311823E+000  1.344506137405E-002  7.497142223145E-001 -9.714273560404E-001  1.179829389867E+000
  1.084957648792E+000  1.361807674895E-002  7.366773166515E-001 -9.555090848685E-001  1.172786590201E+000
  1.098663403298E+000  1.379390610110E-002  7.236912473618E-001 -9.394902535435E-001  1.164575013824E+000
  1.112546418516E+000  1.397260806657E-002  7.107602272371E-001 -9.233860189734E-001  1.155256547683E+000
  1.126609596985E+000  1.415424274514E-002  6.978883897964E-001 -9.072112820915E-001  1.144892668029E+000
  1.140855902095E+000  1.433887174317E-002  6.850797861637E-001 -8.909806695247E-001  1.133544346943E+000
  1.155288359613E+000  1.452655821788E-002  6.723383821352E-001 -8.747085158983E-001  1.121271957457E+000
  1.169910059257E+000  1.471736692327E-002  6.596680554456E-001 -8.584088468684E-001  1.108135177973E+000
  1.184724156317E+000  1.491136425740E-002  6.470725932414E-001 -8.420953629700E-001  1.094192896681E+000
  1.199733873325E+000  1.510861831145E-002  6.345556897658E-001 -8.257814243642E-001  1.079503116667E+000
  1.214942501771E+000  1.530919892035E-002  6.221209442623E-001 -8.094800365612E-001  1.064122862400E+000
  1.230353403874E+000  1.551317771520E-002  6.097718591004E-001 -7.932038371929E-001  1.048108088271E+000
  1.245970014403E+000  1.572062817747E-002  5.975118381250E-001 -7.769650838981E-001  1.031513589833E+000
  1.261795842559E+000  1.593162569510E-002  5.853441852317E-001 -7.607756433791E-001  1.014392918386E+000
  1.277834473907E+000  1.614624762054E-002  5.732721031679E-001 -7.446469816813E-001  9.967982994747E-001
  1.294089572372E+000  1.636457333079E-002  5.612986925574E-001 -7.285901557350E-001  9.787805558940E-001
  1.310564882294E+000  1.658668428962E-002  5.494269511461E-001 -7.126158061960E-001  9.603890357070E-001
  1.327264230548E+000  1.681266411190E-002  5.376597732644E-001 -6.967341516087E-001  9.416715457589E-001
  1.344191528724E+000  1.704259863026E-002  5.259999495003E-001 -6.809549839066E-001  9.226742911219E-001
  1.361350775387E+000  1.727657596408E-002  5.144501665768E-001 -6.652876652582E-001  9.034418208513E-001
  1.378746058390E+000  1.751468659100E-002  5.030130074248E-001 -6.497411262544E-001  8.840169803799E-001
  1.396381557275E+000  1.775702342093E-002  4.916909514417E-001 -6.343238654264E-001  8.644408708222E-001
  1.414261545744E+000  1.800368187279E-002  4.804863749262E-001 -6.190439500710E-001  8.447528154021E-001
  1.432390394201E+000  1.825475995395E-002  4.694015516764E-001 -6.039090183545E-001  8.249903331562E-001
  1.450772572390E+000  1.851035834267E-002  4.584386537396E-001 -5.889262826545E-001  8.051891200062E-001
  1.469412652102E+000  1.877058047342E-002  4.475997522987E-001 -5.741025340925E-001  7.853830372312E-001
  1.488315309978E+000  1.903553262542E-002  4.368868186835E-001 -5.594441482009E-001  7.656041073111E-001
  1.507485330398E+000  1.930532401444E-002  4.263017254896E-001 -5.449570916603E-001  7.458825170525E-001
  1.526927608467E+000  1.958006688797E-002  4.158462477910E-001 -5.306469300374E-001  7.262466278495E-001
  1.546647153093E+000  1.985987662391E-002  4.055220644308E-001 -5.165188364449E-001  7.067229928751E-001
  1.566649090169E+000  2.014487183303E-002  3.953307593733E-001 -5.025776010415E-001  6.873363809467E-001
  1.586938665861E+000  2.043517446518E-002  3.852738231030E-001 -4.888276412835E-001  6.681098067560E-001
  1.607521250000E+000  2.073090991960E-002  3.753526540546E-001 -4.752730128362E-001  6.490645671076E-001
  1.628402339588E+000  2.103220715932E-002  3.655685600576E-001 -4.619174210495E-001  6.302202827677E-001
  1.649587562420E+000  2.133919883002E-002  3.559227597822E-001 -4.487642329007E-001  6.115949454831E-001
  1.671082680832E+000  2.165202138333E-002  3.464163841720E-001 -4.358164893044E-001  5.932049697000E-001
  1.692893595565E+000  2.197081520497E-002  3.370504778498E-001 -4.230769176901E-001  5.750652484781E-001
  1.715026349769E+000  2.229572474776E-002  3.278260004838E-001 -4.105479447497E-001  5.571892130769E-001
  1.737487133138E+000  2.262689866987E-002  3.187438281042E-001 -3.982317092552E-001  5.395888956689E-001
  1.760282286187E+000  2.296448997842E-002  3.098047543590E-001 -3.861300748531E-001  5.222749946232E-001
  1.783418304674E+000  2.330865617868E-002  3.010094917009E-001 -3.742446427432E-001  5.052569417964E-001
  1.806901844175E+000  2.365955942924E-002  2.923586724976E-001 -3.625767641543E-001  4.885429712657E-001
  1.830739724818E+000  2.401736670327E-002  2.838528500609E-001 -3.511275525336E-001  4.721401889449E-001
  1.854938936184E+000  2.438224995616E-002  2.754924995889E-001 -3.398978953758E-001  4.560546425323E-001
  1.879506642368E+000  2.475438629994E-002  2.672780190213E-001 -3.288884656192E-001  4.402913912576E-001
  1.904450187236E+000  2.513395818467E-002  2.592097298048E-001 -3.180997325495E-001  4.248545749143E-001
  1.929777099847E+000  2.552115358717E-002  2.512878775726E-001 -3.075319721549E-001  4.097474816890E-001
  1.955495100083E+000  2.591616620741E-002  2.435126327382E-001 -2.971852768885E-001  3.949726143328E-001
  1.981612104475E+000  2.631919567292E-002  2.358840910110E-001 -2.870595647999E-001  3.805317542497E-001
  2.008136232230E+000  2.673044775156E-002  2.284022738386E-001 -2.771545880104E-001  3.664260231196E-001
  2.035075811486E+000  2.715013457311E-002  2.210671287842E-001 -2.674699405118E-001  3.526559417137E-001
  2.062439385788E+000  2.757847486001E-002  2.138785298500E-001 -2.580050652825E-001  3.392214856016E-001
  2.090235720801E+000  2.801569416771E-002  2.068362777564E-001 -2.487592607209E-001  3.261221375009E-001
  2.118473811262E+000  2.846202513514E-002  1.999401001909E-001 -2.397316864075E-001  3.133569360644E-001
  2.147162888201E+000  2.891770774564E-002  1.931896520389E-001 -2.309213682151E-001  3.009245209508E-001
  2.176312426413E+000  2.938298959899E-002  1.865845156132E-001 -2.223272027967E-001  2.888231740739E-001
  2.205932152222E+000  2.985812619504E-002  1.801242008954E-001 -2.139479614875E-001  2.770508569746E-001
  2.236032051522E+000  3.034338122938E-002  1.738081458069E-001 -2.057822936659E-001  2.656052443104E-001
  2.266622378129E+000  3.083902690182E-002  1.676357165255E-001 -1.978287296263E-001  2.544837535012E-001
  2.297713662445E+000  3.134534423818E-002  1.616062078629E-001 -1.900856830207E-001  2.436835706199E-001
  2.329316720450E+000  3.186262342603E-002  1.557188437215E-001 -1.825514529336E-001  2.332016726546E-001
  2.361442663038E+000  3.239116416519E-002  1.499727776446E-001 -1.752242256578E-001  2.230348463142E-001
  2.394102905709E+000  3.293127603351E-002  1.443670934750E-001 -1.681020762429E-001  2.131797035821E-001
  2.427309178642E+000  3.348327886897E-002  1.389008061380E-001 -1.611829698889E-001  2.036326942578E-001
  2.461073537146E+000  3.404750316862E-002  1.335728625590E-001 -1.544647632615E-001  1.943901157532E-001
  2.495408372530E+000  3.462429050548E-002  1.283821427299E-001 -1.479452058022E-001  1.854481204363E-001
  2.530326423398E+000  3.521399396401E-002  1.233274609313E-001 -1.416219411073E-001  1.768027208332E-001
  2.565840787378E+000  3.581697859546E-002  1.184075671194E-001 -1.354925084472E-001  1.684497930126E-001
  2.601964933334E+000  3.643362189376E-002  1.136211484841E-001 -1.295543444921E-001  1.603850784888E-001
  2.638712714049E+000  3.706431429322E-002  1.089668311786E-001 -1.238047853083E-001  1.526041849805E-001
  2.676098379430E+000  3.770945968912E-002  1.044431822236E-001 -1.182410686810E-001  1.451025863620E-001
  2.714136590232E+000  3.836947598236E-002  1.000487115832E-001 -1.128603368140E-001  1.378756221381E-001
  2.752842432351E+000  3.904479564947E-002  9.578187440737E-002 -1.076596394478E-001  1.309184967607E-001
  2.792231431696E+000  3.973586633921E-002  9.164107343346E-002 -1.026359374313E-001  1.242262790886E-001
  2.832319569669E+000  4.044315149734E-002  8.762466153751E-002 -9.778610676976E-002  1.177939022745E-001
  2.873123299289E+000  4.116713102086E-002  8.373094442120E-002 -9.310694316483E-002  1.116161643321E-001
  2.914659561979E+000  4.190830194354E-002  7.995818341970E-002 -8.859516705101E-002  1.056877296132E-001
  2.956945805065E+000  4.266717915414E-002  7.630459841224E-002 -8.424742912176E-002  1.000031313887E-001
  3.000000000000E+000  4.344429614932E-002  7.276837081536E-002 -8.006031632954E-002  9.455677569455E-002
  3.043840661365E+000  4.424020582308E-002  6.934764663683E-002 -7.603035833252E-002  8.934294656534E-002
  3.088486866678E+000  4.505548129460E-002  6.604053956648E-002 -7.215403435115E-002  8.435581274062E-002
  3.133958277047E+000  4.589071677685E-002  6.284513407897E-002 -6.842778038803E-002  7.958943588914E-002
  3.180275158719E+000  4.674652848797E-002  5.975948852269E-002 -6.484799675578E-002  7.503778035679E-002
  3.227458405560E+000  4.762355560797E-002  5.678163816840E-002 -6.141105584954E-002  7.069472440487E-002
  3.275529562509E+000  4.852246128332E-002  5.390959819130E-002 -5.811331009382E-002  6.655407286766E-002
  3.324510850077E+000  4.944393368200E-002  5.114136656063E-002 -5.495109998765E-002  6.260957112253E-002
  3.374425189910E+000  5.038868710203E-002  4.847492681215E-002 -5.192076216761E-002  5.885492023224E-002
  3.425296231502E+000  5.135746313639E-002  4.590825067983E-002 -4.901863740547E-002  5.528379308980E-002
  3.477148380094E+000  5.235103189784E-002  4.343930056565E-002 -4.624107845559E-002  5.188985136959E-002
  3.530006825834E+000  5.337019330676E-002  4.106603182860E-002 -4.358445766800E-002  4.866676306719E-002
  3.583897574256E+000  5.441577844603E-002  3.878639487691E-002 -4.104517428447E-002  4.560822039324E-002
  3.638847478148E+000  5.548865098670E-002  3.659833705108E-002 -3.861966133905E-002  4.270795777531E-002
  3.694884270887E+000  5.658970868864E-002  3.449980428890E-002 -3.630439208972E-002  3.995976971522E-002
  3.752036601308E+000  5.771988498079E-002  3.248874256794E-002 -3.409588591461E-002  3.735752824895E-002
  3.810334070199E+000  5.888015062562E-002  3.056309912499E-002 -3.199071361484E-002  3.489519976106E-002
  3.869807268505E+000  6.007151547295E-002  2.872082345687E-002 -2.998550207578E-002  3.256686091625E-002
  3.930487817331E+000  6.129503030858E-002  2.695986811116E-002 -2.807693824928E-002  3.036671348658E-002
  3.992408409843E+000  6.255178880352E-002  2.527818928037E-002 -2.626177243160E-002  2.828909787347E-002
  4.055602855172E+000  6.384292957002E-002  2.367374721720E-002 -2.453682082411E-002  2.632850514925E-002
  4.120106124432E+000  6.516963833101E-002  2.214450649300E-002 -2.289896737701E-002  2.447958747199E-002
  4.185954398964E+000  6.653315021009E-002  2.068843612517E-002 -2.134516492949E-002  2.273716676009E-002
  4.253185120935E+000  6.793475214960E-002  1.930350960305E-002 -1.987243567290E-002  2.109624154782E-002
  4.321837046422E+000  6.937578546490E-002  1.798770484436E-002 -1.847787097583E-002  1.955199197973E-002
  4.391950301120E+000  7.085764854355E-002  1.673900411687E-002 -1.715863062228E-002  1.809978293897E-002
  4.463566438835E+000  7.238179969882E-002  1.555539396136E-002 -1.591194152436E-002  1.673516534183E-002
  4.536728502895E+000  7.394976018725E-002  1.443486515289E-002 -1.473509598086E-002  1.545387566643E-002
  4.611481090679E+000  7.556311740127E-002  1.337541273718E-002 -1.362544956063E-002  1.425183381766E-002
  4.687870421430E+000  7.722352824817E-002  1.237503617815E-002 -1.258041869567E-002  1.312513946116E-002
  4.765944407533E+000  7.893272272784E-002  1.143173965092E-002 -1.159747807308E-002  1.207006698639E-002
  4.845752729492E+000  8.069250772248E-002  1.054353251178E-002 -1.067415791678E-002  1.108305928184E-002
  4.927346914797E+000  8.250477101257E-002  9.708429973219E-003 -9.808041249621E-003  1.016072052310E-002
  5.010780420931E+000  8.437148553436E-002  8.924454007856E-003 -8.996761224066E-003  9.299808186950E-003
  5.096108722763E+000  8.629471389541E-002  8.189634500062E-003 -8.237998604968E-003  8.497224511656E-003
  5.183389404586E+000  8.827661316581E-002  7.502010658444E-003 -7.529479481198E-003  7.750007624433E-003
  5.272682257105E+000  9.031943996425E-002  6.859632696267E-003 -6.868973274307E-003  7.055322552508E-003
  5.364049379651E+000  9.242555585946E-002  6.260563780375E-003 -6.254291102161E-003  6.410452324054E-003
  5.457555287978E+000  9.459743310926E-002  5.702882242498E-003 -5.683284543759E-003  5.812789350035E-003
  5.553267027968E+000  9.683766076100E-002  5.184684040047E-003 -5.153844838791E-003  5.259827258373E-003
  5.651254295630E+000  9.914895113938E-002  4.704085446875E-003 -4.663902541963E-003  4.749153328268E-003
  5.751589563796E+000  1.015341467494E-001  4.259225948099E-003 -4.211427638364E-003  4.278441646035E-003
  5.854348215936E+000  1.039962276248E-001  3.848271307185E-003 -3.794430112348E-003  3.845447075109E-003
  5.959608687557E+000  1.065383191537E-001  3.469416768147E-003 -3.410960949092E-003  3.448000103047E-003
  6.067452615683E+000  1.091637004188E-001  3.120890351191E-003 -3.059113535410E-003  3.084002598197E-003
  6.177964996951E+000  1.118758130872E-001  2.800956196421E-003 -2.737025415043E-003  2.751424479254E-003
  6.291234354880E+000  1.146782708938E-001  2.507917907543E-003 -2.442880343655E-003  2.448301273053E-003
  6.407352916949E+000  1.175748697626E-001  2.240121845857E-003 -2.174910580563E-003  2.172732510388E-003
  6.526416802128E+000  1.205695986129E-001  1.995960324339E-003 -1.931399347905E-003  1.922880887156E-003
  6.648526219580E+000  1.236666509049E-001  1.773874652220E-003 -1.710683383701E-003  1.696972099304E-003
  6.773785679311E+000  1.268704369821E-001  1.572357982269E-003 -1.511155513189E-003  1.493295245167E-003
  6.902304215570E+000  1.301855972713E-001  1.389957915835E-003 -1.331267162853E-003  1.310203678298E-003
  7.034195623922E+000  1.336170164087E-001  1.225278824619E-003 -1.169530743740E-003  1.146116187741E-003
  7.169578712934E+000  1.371698383673E-001  1.076983852984E-003 -1.024521834791E-003  9.995183808733E-004
  7.308577571516E+000  1.408494826628E-001  9.437965702530E-004 -8.948811028767E-004  8.689641463266E-004
  7.451321853057E+000  1.446616617293E-001  8.245022487905E-004 -7.793159037153E-004  7.530770805511E-004
  7.597947077547E+000  1.486123995567E-001  7.179487504845E-004 -6.766015167130E-004  6.505517711066E-004
  7.748594953021E+000  1.527080516973E-001  6.230470114296E-004 -5.855819765580E-004  5.601548419834E-004
  7.903413717736E+000  1.569553267535E-001  5.387711219494E-004 -5.051704749361E-004  4.807256807251E-004
  8.062558504629E+000  1.613613094717E-001  4.641580064046E-004 -4.343493165895E-004  4.111767831247E-004
  8.226191729726E+000  1.659334855793E-001  3.983067143421E-004 -3.721694248448E-004  3.504936681826E-004
  8.394483506327E+000  1.706797685137E-001  3.403773412670E-004 -3.177494023444E-004  2.977343331980E-004
  8.567612086926E+000  1.756085282071E-001  2.895896035081E-004 -2.702741627630E-004  2.520282357415E-004
  8.745764335025E+000  1.807286221064E-001  2.452210971517E-004 -2.289931584990E-004  2.125748052695E-004
  8.929136229160E+000  1.860494286260E-001  2.066052757141E-004 -1.932182374893E-004  1.786415018548E-004
  9.117933401693E+000  1.915808832504E-001  1.731291850063E-004 -1.623211692209E-004  1.495614525153E-004
  9.312371715124E+000  1.973335175235E-001  1.442309964437E-004 -1.357308855717E-004  1.247307066685E-004
  9.512677878945E+000  2.033185011886E-001  1.193973818141E-004 -1.129304862176E-004  1.036051611002E-004
  9.719090110332E+000  2.095476877688E-001  9.816077322423E-005 -9.345406095338E-005  8.569721142534E-005
  9.931858842267E+000  2.160336639044E-001  8.009655160076E-005 -7.688338240007E-005  7.057219131564E-005
  1.015124748302E+001  2.227898028021E-001  6.482020576614E-005 -6.284452225700E-005  5.784466282514E-005
  1.037753323129E+001  2.298303221843E-001  5.198450180373E-005 -5.100444259290E-005  4.717462110408E-005
  1.061100795175E+001  2.371703471699E-001  4.127669925735E-005 -4.106761078196E-005  3.826367483190E-005
  1.085197911611E+001  2.448259785618E-001  3.241584678998E-005 -3.277268272815E-005  3.085126006239E-005
  1.110077081537E+001  2.528143670735E-001  2.515018538302E-005 -2.588929416227E-005  2.471094012596E-005
  1.135772484956E+001  2.611537940784E-001  1.925468213853E-005 -2.021499423343E-005  1.964683806796E-005
  1.162320190175E+001  2.698637595360E-001  1.452871241021E-005 -1.557234955352E-005  1.549024112045E-005
  1.189758280382E+001  2.789650778206E-001  1.079390250076E-005 -1.180624049667E-005  1.209640920880E-005
  1.218126990242E+001  2.884799822596E-001  7.892139693829E-006 -8.781365111249E-006  9.341611774394E-006
  1.247468853413E+001  2.984322392826E-001  5.683751106877E-006 -6.379959664923E-006  7.120409520908E-006
  1.277828862002E+001  3.088472731875E-001  4.045847919771E-006 -4.499738797018E-006  5.343190306287E-006
  1.309254639077E+001  3.197523026463E-001  2.870827105847E-006 -3.052052661575E-006  3.933961515688E-006
  1.341796625462E+001  3.311764902095E-001  2.065019004757E-006 -1.960253450601E-006  2.828395033892E-006
  1.375508282195E+001  3.431511062169E-001  1.547466047879E-006 -1.158259408466E-006  1.972115522046E-006
  1.410446310162E+001  3.557097086969E-001  1.248815771029E-006 -5.893009749522E-007  1.319218185863E-006
  1.446670888596E+001  3.688883410292E-001  1.110309991103E-006 -2.048310881267E-007  8.309986550406E-007
  1.484245934302E+001  3.827257493700E-001  1.082851715964E-006  3.642002863072E-008  4.748749946715E-007
  1.523239383723E+001  3.972636220891E-001  1.126131996910E-006  1.692660758466E-007  2.234802243498E-007
  1.563723500136E+001  4.125468537596E-001  1.207800477794E-006  2.227822935881E-007  5.390298590192E-008
  1.605775208607E+001  4.286238365683E-001  1.302665760263E-006  2.209390050457E-007 -5.294589211797E-008
  1.649476461582E+001  4.455467823929E-001  1.391914764305E-006  1.831689878572E-007 -1.128623251538E-007
  1.694914638379E+001  4.633720792263E-001  1.462343850342E-006  1.248843307856E-007 -1.387932847018E-007
  1.742182982203E+001  4.821606861220E-001  1.505598378743E-006  5.795570856639E-008 -1.412143466376E-007
  1.791381078784E+001  5.019785714107E-001  1.517421379762E-006 -8.836040018661E-009 -1.284559059875E-007
  1.842615381215E+001  5.228971995942E-001  1.496915835367E-006 -6.936934009873E-008 -1.069908093304E-007
  1.895999786176E+001  5.449940730840E-001  1.445828470896E-006 -1.197687784090E-007 -8.169336629233E-008
  1.951656267356E+001  5.683533358366E-001  1.367865665003E-006 -1.580088615067E-007 -5.607694422386E-008
  2.009715572669E+001  5.930664469535E-001  1.268053885772E-006 -1.835365470462E-007 -3.251476250040E-008
  2.070317992707E+001  6.192329335039E-001  1.152157773635E-006 -1.969164208438E-007 -1.244621017455E-008
  2.133614208874E+001  6.469612332096E-001  1.026168512054E-006 -1.995036692753E-007  3.430880989078E-009
  2.199766230782E+001  6.763696392388E-001  8.958734370161E-007 -1.931505147154E-007  1.498298715382E-008
  2.268948433818E+001  7.075873612439E-001  7.665150184664E-007 -1.799515226558E-007  2.248052973041E-008
  2.341348709294E+001  7.407557189842E-001  6.425435886714E-007 -1.620321974127E-007  2.645661087672E-008
  2.417169741362E+001  7.760294874639E-001  5.274637814601E-007 -1.413836680831E-007  2.758690419520E-008
  2.496630426925E+001  8.135784155747E-001  4.237699529912E-007 -1.197441962771E-007  2.659217264504E-008
  2.579967457140E+001  8.535889438281E-001  3.329613033199E-007 -9.852592830779E-008  2.416397783734E-008
  2.667437081864E+001  8.962661510291E-001  2.556234467990E-007 -7.878301170809E-008  2.091304815629E-008
  2.759317081651E+001  9.418359647997E-001  1.915601924521E-007 -6.121514791342E-008  1.733863519231E-008
  2.855908975674E+001  9.905476768748E-001  1.399576127530E-007 -4.619908446200E-008  1.381615477055E-008
  2.957540498378E+001  1.042676811269E+000  9.956228998877E-008 -3.383963379552E-008  1.059960832137E-008
  3.064568382919E+001  1.098528402000E+000  6.885695779376E-008 -2.403163823075E-008  7.834806922903E-009
  3.177381495601E+001  1.158440747351E+000  4.621944584705E-008 -1.652488651374E-008  5.579323036456E-009
  3.296404372807E+001  1.222789720048E+000  3.005456269020E-008 -1.098523544411E-008  3.825370881991E-009
  3.422101220608E+001  1.291993727721E+000  1.889285746617E-008 -7.046924046941E-009  2.522411726761E-009
  3.554980447538E+001  1.366519436102E+000  1.145455832407E-008 -4.353050932963E-009  1.597099066634E-009
  3.695599813319E+001  1.446888389511E+000  6.680873855463E-009 -2.583156830613E-009  9.690984603540E-010
  3.844572291106E+001  1.533684690030E+000  3.737834838225E-009 -1.468570359337E-009  5.622096545713E-010
  4.002572758518E+001  1.627563929686E+000  1.999676183880E-009 -7.974497025042E-010  3.109726334499E-010
  4.170345654134E+001  1.729263610453E+000  1.019342112716E-009 -4.121860043013E-010  1.634767179085E-010
  4.348713762001E+001  1.839615336740E+000  4.931711984683E-010 -2.020242751778E-010  8.138059841162E-011
  4.538588318162E+001  1.959559126947E+000  2.254742640891E-010 -9.349213548077E-011  3.820557423342E-011
  4.740980671574E+001  2.090160267552E+000  9.694032761758E-011 -4.065618374838E-011  1.683643898422E-011
  4.957015778746E+001  2.232629229408E+000  3.898170012452E-011 -1.652444488574E-011  6.928023310488E-012
  5.187947869225E+001  2.388345286640E+000  1.457225617011E-011 -6.239670432014E-012  2.646255964533E-012
  5.435178690397E+001  2.558884630889E+000  5.029731464647E-012 -2.174178235106E-012  9.320048115196E-013
  5.700278828629E+001  2.746053966795E+000  1.590715848267E-012 -6.937846398326E-013  3.003978839547E-013
  5.985012714155E+001  2.951930820846E+000  4.570144246843E-013 -2.010144663771E-013  8.785616871541E-014
  6.291368055481E+001  3.178912111311E+000  1.181231262915E-013 -5.237171511765E-014  2.309201703019E-014
  6.621590623276E+001  3.429772933797E+000  2.716624325889E-014 -1.213581488533E-014  5.395384416595E-015
  6.978225524452E+001  3.707738044625E+000  5.490229684955E-015 -2.470204457123E-015  1.106780239784E-015
  7.364166388185E+001  4.016569212832E+000  9.612648680957E-016 -4.354369558644E-016  1.965313315335E-016
  7.782714245929E+001  4.360672516382E+000  1.434611469899E-016 -6.540384972602E-017  2.972386580765E-017
  8.237648351994E+001  4.745230855210E+000  1.791348512835E-017 -8.216598728783E-018  3.758546173147E-018
  8.733311794503E+001  5.176368549127E+000  1.831809549980E-018 -8.450838818961E-019  3.889514282885E-019
  9.274715535088E+001  5.661357031559E+000  1.496560018048E-019 -6.942138464515E-020  3.213725848410E-020
  9.867665554529E+001  6.208873552072E+000  9.492163609197E-021 -4.426118317576E-021  2.060251068460E-021
  1.051891916055E+002  6.829328764649E+000  4.520472939976E-022 -2.118291342998E-022  9.911385323440E-023
  1.123637836013E+002  7.535284543316E+000  1.554422171759E-023 -7.318227667015E-024  3.440992092746E-024
  1.202933069206E+002  8.341990973528E+000  3.685929881585E-025 -1.743072661296E-025  8.233922122901E-026
  1.290875131414E+002  9.268082166539E+000  5.708194741336E-027 -2.710815061114E-027  1.286160903136E-027
  1.388768482001E+002  1.033648575811E+001  5.411686595549E-029 -2.580311019230E-029  1.229328434106E-029
  1.498173177370E+002  1.157562284364E+001  2.906912267309E-031 -1.391295374790E-031  6.654525989775E-032
  1.620967411853E+002  1.302100699722E+001  8.059362316105E-034 -3.871234797478E-034  1.858469191367E-034
  1.759428668168E+002  1.471739812515E+001  1.029926882761E-036 -4.964019651104E-037  2.391430996765E-037
  1.916340085825E+002  1.672173748087E+001  5.282945513213E-040 -2.554474080949E-040  1.234692260374E-040
  2.095131417987E+002  1.910719757888E+001  9.171552998514E-044 -4.448252477336E-044  2.156738300857E-044
  2.300068054477E+002  2.196884699990E+001  4.358628113103E-048 -2.120035470736E-048  1.030915694855E-048
  2.536507797910E+002  2.543169216868E+001  4.342956537105E-053 -2.118134813268E-053  1.032832336683E-053
  2.811254638474E+002  2.966227967912E+001  6.465699139271E-059 -3.161467453665E-059  1.545567905318E-059
  3.133053780630E+002  3.488573552677E+001  9.303592985935E-066 -4.559964048507E-066  2.234669967968E-066
  3.513296254502E+002  4.141128389041E+001  7.334480329694E-074 -3.602897065551E-074  1.769653226391E-074
  3.967041014106E+002  4.967130404214E+001  1.495381028807E-083 -7.361091493861E-084  3.623236807328E-084
  4.514529193349E+002  6.028257212519E+001  2.873678351535E-095 -1.417339886792E-095  6.990084978103E-096
  5.183481233601E+002  7.414493328740E+001  1.305865447498E-109 -6.452364901600E-110  3.188003648728E-110
  6.012676077950E+002  9.260523890243E+001  2.026673445044E-127 -1.003065696245E-127  4.964320348197E-128
  7.057700503752E+002  1.177394213729E+002  6.701646866908E-150 -3.321956566964E-150  1.646627741396E-150
  8.400513767914E+002  1.528577972397E+002  7.889801807632E-179 -3.916409704625E-179  1.944027841206E-179
  1.016602135495E+003  2.034537342122E+002  6.465735026965E-217 -3.213611290807E-217  1.597215765823E-217
  1.255220715580E+003  2.790860613466E+002  1.871706794062E-268 -9.313466909934E-269  4.634272265635E-269
  1.588815776243E+003  3.973705897531E+002  0.000000000000E+000  0.000000000000E+000  0.000000000000E+000
  2.075392011604E+003  5.931596040112E+002  0.000000000000E+000  0.000000000000E+000  0.000000000000E+000
  2.825079847529E+003  9.419154890021E+002  0.000000000000E+000  0.000000000000E+000  0.000000000000E+000
  4.068408296184E+003  1.627629972033E+003  0.000000000000E+000  0.000000000000E+000  0.000000000000E+000
  6.357262947674E+003  3.178964796686E+003  0.000000000000E+000  0.000000000000E+000  0.000000000000E+000
  1.130231930164E+004  7.535323971013E+003  0.000000000000E+000  0.000000000000E+000  0.000000000000E+000
  2.543105175140E+004  2.543171841285E+004  0.000000000000E+000  0.000000000000E+000  0.000000000000E+000
  1.017262069958E+005  2.034537473226E+005  0.000000000000E+000  0.000000000000E+000  0.000000000000E+000
