# 1st line: number of mesh points
# abcissa weight wavefunction wavefunction_1st wavefunction_2nd
500
# Principal QN=   2 , l=   0 , Occupation=   1.0000
  9.830308526508E-006  1.966074589941E-005 -1.629700565449E+000  5.046231462292E+000 -1.566622451488E+001
  3.932200719717E-005  3.932303800261E-005 -1.629551750324E+000  5.045769463781E+000 -1.566452503030E+001
  8.847741541455E-005  5.898842277178E-005 -1.629303742390E+000  5.044999537269E+000 -1.566169287278E+001
  1.573003992804E-004  7.865844718600E-005 -1.628956567557E+000  5.043921789259E+000 -1.565772851743E+001
  2.457963722417E-004  9.833465899987E-005 -1.628510262096E+000  5.042536368836E+000 -1.565263262932E+001
  3.539722959954E-004  1.180186070023E-004 -1.627964872638E+000  5.040843467649E+000 -1.564640606340E+001
  4.818366816528E-004  1.377118412759E-004 -1.627320456168E+000  5.038843319890E+000 -1.563904986434E+001
  6.293995911626E-004  1.574159134560E-004 -1.626577080025E+000  5.036536202261E+000 -1.563056526643E+001
  7.966726389934E-004  1.771323769912E-004 -1.625734821893E+000  5.033922433941E+000 -1.562095369338E+001
  9.836689940782E-004  1.968627874036E-004 -1.624793769798E+000  5.031002376552E+000 -1.561021675815E+001
  1.190403382016E-003  2.166087025496E-004 -1.623754022099E+000  5.027776434108E+000 -1.559835626269E+001
  1.416892087541E-003  2.363716828821E-004 -1.622615687488E+000  5.024245052967E+000 -1.558537419774E+001
  1.663152957245E-003  2.561532917128E-004 -1.621378884972E+000  5.020408721778E+000 -1.557127274251E+001
  1.929205402573E-003  2.759550954757E-004 -1.620043743873E+000  5.016267971420E+000 -1.555605426438E+001
  2.215070403074E-003  2.957786639908E-004 -1.618610403815E+000  5.011823374933E+000 -1.553972131861E+001
  2.520770509919E-003  3.156255707300E-004 -1.617079014716E+000  5.007075547451E+000 -1.552227664794E+001
  2.846329849692E-003  3.354973930828E-004 -1.615449736773E+000  5.002025146125E+000 -1.550372318223E+001
  3.191774128432E-003  3.553957126240E-004 -1.613722740456E+000  4.996672870038E+000 -1.548406403805E+001
  3.557130635959E-003  3.753221153821E-004 -1.611898206493E+000  4.991019460121E+000 -1.546330251820E+001
  3.942428250463E-003  3.952781921092E-004 -1.609976325856E+000  4.985065699059E+000 -1.544144211133E+001
  4.347697443358E-003  4.152655385525E-004 -1.607957299751E+000  4.978812411191E+000 -1.541848649135E+001
  4.772970284417E-003  4.352857557265E-004 -1.605841339597E+000  4.972260462411E+000 -1.539443951697E+001
  5.218280447175E-003  4.553404501876E-004 -1.603628667017E+000  4.965410760054E+000 -1.536930523115E+001
  5.683663214611E-003  4.754312343099E-004 -1.601319513820E+000  4.958264252782E+000 -1.534308786047E+001
  6.169155485101E-003  4.955597265624E-004 -1.598914121982E+000  4.950821930467E+000 -1.531579181460E+001
  6.674795778653E-003  5.157275517886E-004 -1.596412743628E+000  4.943084824059E+000 -1.528742168561E+001
  7.200624243425E-003  5.359363414876E-004 -1.593815641019E+000  4.935054005460E+000 -1.525798224731E+001
  7.746682662519E-003  5.561877340970E-004 -1.591123086525E+000  4.926730587383E+000 -1.522747845459E+001
  8.313014461060E-003  5.764833752781E-004 -1.588335362609E+000  4.918115723209E+000 -1.519591544269E+001
  8.899664713569E-003  5.968249182030E-004 -1.585452761808E+000  4.909210606838E+000 -1.516329852641E+001
  9.506680151615E-003  6.172140238444E-004 -1.582475586706E+000  4.900016472537E+000 -1.512963319939E+001
  1.013410917176E-002  6.376523612666E-004 -1.579404149913E+000  4.890534594773E+000 -1.509492513323E+001
  1.078200184380E-002  6.581416079202E-004 -1.576238774044E+000  4.880766288052E+000 -1.505918017673E+001
  1.145040991929E-002  6.786834499385E-004 -1.572979791693E+000  4.870712906745E+000 -1.502240435495E+001
  1.213938684040E-002  6.992795824361E-004 -1.569627545404E+000  4.860375844905E+000 -1.498460386834E+001
  1.284898774901E-002  7.199317098113E-004 -1.566182387653E+000  4.849756536089E+000 -1.494578509181E+001
  1.357926949620E-002  7.406415460502E-004 -1.562644680812E+000  4.838856453161E+000 -1.490595457376E+001
  1.433029065191E-002  7.614108150341E-004 -1.559014797128E+000  4.827677108098E+000 -1.486511903506E+001
  1.510211151509E-002  7.822412508494E-004 -1.555293118690E+000  4.816220051787E+000 -1.482328536806E+001
  1.589479412397E-002  8.031345981016E-004 -1.551480037400E+000  4.804486873813E+000 -1.478046063553E+001
  1.670840226680E-002  8.240926122311E-004 -1.547575954943E+000  4.792479202244E+000 -1.473665206953E+001
  1.754300149280E-002  8.451170598329E-004 -1.543581282758E+000  4.780198703411E+000 -1.469186707031E+001
  1.839865912351E-002  8.662097189796E-004 -1.539496441998E+000  4.767647081676E+000 -1.464611320517E+001
  1.927544426443E-002  8.873723795480E-004 -1.535321863504E+000  4.754826079199E+000 -1.459939820722E+001
  2.017342781695E-002  9.086068435487E-004 -1.531057987769E+000  4.741737475695E+000 -1.455172997421E+001
  2.109268249069E-002  9.299149254598E-004 -1.526705264897E+000  4.728383088186E+000 -1.450311656723E+001
  2.203328281612E-002  9.512984525641E-004 -1.522264154576E+000  4.714764770746E+000 -1.445356620944E+001
  2.299530515754E-002  9.727592652906E-004 -1.517735126032E+000  4.700884414241E+000 -1.440308728474E+001
  2.397882772639E-002  9.942992175591E-004 -1.513118657995E+000  4.686743946058E+000 -1.435168833637E+001
  2.498393059493E-002  1.015920177130E-003 -1.508415238659E+000  4.672345329832E+000 -1.429937806559E+001
  2.601069571024E-002  1.037624025957E-003 -1.503625365644E+000  4.657690565163E+000 -1.424616533016E+001
  2.705920690860E-002  1.059412660547E-003 -1.498749545947E+000  4.642781687326E+000 -1.419205914293E+001
  2.812954993023E-002  1.081287992318E-003 -1.493788295910E+000  4.627620766978E+000 -1.413706867031E+001
  2.922181243436E-002  1.103251947969E-003 -1.488742141167E+000  4.612209909853E+000 -1.408120323073E+001
  3.033608401473E-002  1.125306469854E-003 -1.483611616608E+000  4.596551256453E+000 -1.402447229307E+001
  3.147245621542E-002  1.147453516351E-003 -1.478397266326E+000  4.580646981732E+000 -1.396688547501E+001
  3.263102254705E-002  1.169695062249E-003 -1.473099643575E+000  4.564499294767E+000 -1.390845254143E+001
  3.381187850339E-002  1.192033099133E-003 -1.467719310722E+000  4.548110438433E+000 -1.384918340268E+001
  3.501512157837E-002  1.214469635775E-003 -1.462256839195E+000  4.531482689061E+000 -1.378908811285E+001
  3.624085128345E-002  1.237006698530E-003 -1.456712809438E+000  4.514618356094E+000 -1.372817686801E+001
  3.748916916538E-002  1.259646331739E-003 -1.451087810857E+000  4.497519781729E+000 -1.366646000442E+001
  3.876017882444E-002  1.282390598136E-003 -1.445382441767E+000  4.480189340564E+000 -1.360394799663E+001
  4.005398593302E-002  1.305241579266E-003 -1.439597309342E+000  4.462629439222E+000 -1.354065145567E+001
  4.137069825459E-002  1.328201375897E-003 -1.433733029560E+000  4.444842515980E+000 -1.347658112705E+001
  4.271042566323E-002  1.351272108452E-003 -1.427790227146E+000  4.426831040386E+000 -1.341174788884E+001
  4.407328016341E-002  1.374455917436E-003 -1.421769535515E+000  4.408597512867E+000 -1.334616274963E+001
  4.545937591035E-002  1.397754963880E-003 -1.415671596717E+000  4.390144464329E+000 -1.327983684653E+001
  4.686882923075E-002  1.421171429779E-003 -1.409497061379E+000  4.371474455755E+000 -1.321278144302E+001
  4.830175864396E-002  1.444707518548E-003 -1.403246588639E+000  4.352590077789E+000 -1.314500792688E+001
  4.975828488365E-002  1.468365455478E-003 -1.396920846092E+000  4.333493950314E+000 -1.307652780799E+001
  5.123853091993E-002  1.492147488203E-003 -1.390520509723E+000  4.314188722024E+000 -1.300735271609E+001
  5.274262198188E-002  1.516055887169E-003 -1.384046263848E+000  4.294677069988E+000 -1.293749439859E+001
  5.427068558066E-002  1.540092946119E-003 -1.377498801042E+000  4.274961699203E+000 -1.286696471822E+001
  5.582285153302E-002  1.564260982573E-003 -1.370878822083E+000  4.255045342146E+000 -1.279577565071E+001
  5.739925198530E-002  1.588562338332E-003 -1.364187035877E+000  4.234930758306E+000 -1.272393928241E+001
  5.900002143803E-002  1.612999379973E-003 -1.357424159394E+000  4.214620733725E+000 -1.265146780786E+001
  6.062529677088E-002  1.637574499364E-003 -1.350590917596E+000  4.194118080514E+000 -1.257837352734E+001
  6.227521726827E-002  1.662290114181E-003 -1.343688043371E+000  4.173425636377E+000 -1.250466884431E+001
  6.394992464542E-002  1.687148668440E-003 -1.336716277455E+000  4.152546264112E+000 -1.243036626293E+001
  6.564956307496E-002  1.712152633027E-003 -1.329676368365E+000  4.131482851114E+000 -1.235547838540E+001
  6.737427921404E-002  1.737304506249E-003 -1.322569072321E+000  4.110238308871E+000 -1.228001790935E+001
  6.912422223211E-002  1.762606814387E-003 -1.315395153174E+000  4.088815572444E+000 -1.220399762516E+001
  7.089954383907E-002  1.788062112257E-003 -1.308155382325E+000  4.067217599944E+000 -1.212743041319E+001
  7.270039831418E-002  1.813672983787E-003 -1.300850538652E+000  4.045447372006E+000 -1.205032924108E+001
  7.452694253540E-002  1.839442042599E-003 -1.293481408429E+000  4.023507891245E+000 -1.197270716087E+001
  7.637933600943E-002  1.865371932600E-003 -1.286048785246E+000  4.001402181709E+000 -1.189457730617E+001
  7.825774090225E-002  1.891465328589E-003 -1.278553469927E+000  3.979133288332E+000 -1.181595288927E+001
  8.016232207035E-002  1.917724936867E-003 -1.270996270450E+000  3.956704276360E+000 -1.173684719817E+001
  8.209324709253E-002  1.944153495867E-003 -1.263378001862E+000  3.934118230794E+000 -1.165727359359E+001
  8.405068630235E-002  1.970753776782E-003 -1.255699486193E+000  3.911378255802E+000 -1.157724550596E+001
  8.603481282122E-002  1.997528584221E-003 -1.247961552372E+000  3.888487474140E+000 -1.149677643233E+001
  8.804580259214E-002  2.024480756857E-003 -1.240165036141E+000  3.865449026558E+000 -1.141587993325E+001
  9.008383441408E-002  2.051613168108E-003 -1.232310779964E+000  3.842266071198E+000 -1.133456962960E+001
  9.214908997710E-002  2.078928726810E-003 -1.224399632936E+000  3.818941782990E+000 -1.125285919943E+001
  9.424175389809E-002  2.106430377918E-003 -1.216432450701E+000  3.795479353034E+000 -1.117076237463E+001
  9.636201375725E-002  2.134121103210E-003 -1.208410095351E+000  3.771881987981E+000 -1.108829293773E+001
  9.851006013526E-002  2.162003922007E-003 -1.200333435337E+000  3.748152909400E+000 -1.100546471851E+001
  1.006860866512E-001  2.190081891910E-003 -1.192203345377E+000  3.724295353146E+000 -1.092229159065E+001
  1.028902900012E-001  2.218358109541E-003 -1.184020706359E+000  3.700312568712E+000 -1.083878746831E+001
  1.051228699979E-001  2.246835711311E-003 -1.175786405245E+000  3.676207818585E+000 -1.075496630269E+001
  1.073840296104E-001  2.275517874190E-003 -1.167501334974E+000  3.651984377583E+000 -1.067084207850E+001
  1.096739750056E-001  2.304407816497E-003 -1.159166394366E+000  3.627645532195E+000 -1.058642881048E+001
  1.119929155896E-001  2.333508798707E-003 -1.150782488021E+000  3.603194579913E+000 -1.050174053979E+001
  1.143410640503E-001  2.362824124271E-003 -1.142350526218E+000  3.578634828550E+000 -1.041679133039E+001
  1.167186364011E-001  2.392357140448E-003 -1.133871424817E+000  3.553969595564E+000 -1.033159526542E+001
  1.191258520249E-001  2.422111239159E-003 -1.125346105155E+000  3.529202207366E+000 -1.024616644351E+001
  1.215629337189E-001  2.452089857854E-003 -1.116775493943E+000  3.504335998626E+000 -1.016051897503E+001
  1.240301077413E-001  2.482296480400E-003 -1.108160523162E+000  3.479374311574E+000 -1.007466697837E+001
  1.265276038575E-001  2.512734637975E-003 -1.099502129961E+000  3.454320495296E+000 -9.988624576124E+000
  1.290556553882E-001  2.543407909995E-003 -1.090801256546E+000  3.429177905020E+000 -9.902405891255E+000
  1.316144992580E-001  2.574319925047E-003 -1.082058850079E+000  3.403949901404E+000 -9.816025043264E+000
  1.342043760450E-001  2.605474361847E-003 -1.073275862569E+000  3.378639849813E+000 -9.729496144278E+000
  1.368255300316E-001  2.636874950214E-003 -1.064453250760E+000  3.353251119596E+000 -9.642833295135E+000
  1.394782092560E-001  2.668525472060E-003 -1.055591976030E+000  3.327787083353E+000 -9.556050581432E+000
  1.421626655646E-001  2.700429762411E-003 -1.046693004273E+000  3.302251116205E+000 -9.469162069544E+000
  1.448791546661E-001  2.732591710434E-003 -1.037757305795E+000  3.276646595054E+000 -9.382181802618E+000
  1.476279361856E-001  2.765015260497E-003 -1.028785855199E+000  3.250976897846E+000 -9.295123796537E+000
  1.504092737207E-001  2.797704413242E-003 -1.019779631277E+000  3.225245402818E+000 -9.208002035868E+000
  1.532234348983E-001  2.830663226680E-003 -1.010739616894E+000  3.199455487759E+000 -9.120830469774E+000
  1.560706914324E-001  2.863895817319E-003 -1.001666798879E+000  3.173610529256E+000 -9.033623007916E+000
  1.589513191834E-001  2.897406361298E-003 -9.925621679089E-001  3.147713901940E+000 -8.946393516330E+000
  1.618655982178E-001  2.931199095559E-003 -9.834267183950E-001  3.121768977733E+000 -8.859155813282E+000
  1.648138128702E-001  2.965278319033E-003 -9.742614483704E-001  3.095779125090E+000 -8.771923665115E+000
  1.677962518056E-001  2.999648393860E-003 -9.650673593739E-001  3.069747708242E+000 -8.684710782070E+000
  1.708132080832E-001  3.034313746623E-003 -9.558454563355E-001  3.043678086435E+000 -8.597530814103E+000
  1.738649792215E-001  3.069278869616E-003 -9.465967474609E-001  3.017573613170E+000 -8.510397346688E+000
  1.769518672648E-001  3.104548322136E-003 -9.373222441156E-001  2.991437635444E+000 -8.423323896605E+000
  1.800741788507E-001  3.140126731803E-003 -9.280229607094E-001  2.965273492986E+000 -8.336323907728E+000
  1.832322252791E-001  3.176018795904E-003 -9.186999145796E-001  2.939084517503E+000 -8.249410746803E+000
  1.864263225826E-001  3.212229282769E-003 -9.093541258753E-001  2.912874031912E+000 -8.162597699228E+000
  1.896567915983E-001  3.248763033179E-003 -8.999866174405E-001  2.886645349589E+000 -8.075897964823E+000
  1.929239580409E-001  3.285624961791E-003 -8.905984146976E-001  2.860401773609E+000 -7.989324653610E+000
  1.962281525771E-001  3.322820058613E-003 -8.811905455310E-001  2.834146595992E+000 -7.902890781594E+000
  1.995697109023E-001  3.360353390492E-003 -8.717640401703E-001  2.807883096950E+000 -7.816609266548E+000
  2.029489738173E-001  3.398230102644E-003 -8.623199310737E-001  2.781614544141E+000 -7.730492923810E+000
  2.063662873085E-001  3.436455420218E-003 -8.528592528118E-001  2.755344191920E+000 -7.644554462088E+000
  2.098220026275E-001  3.475034649885E-003 -8.433830419511E-001  2.729075280598E+000 -7.558806479284E+000
  2.133164763746E-001  3.513973181471E-003 -8.338923369378E-001  2.702811035706E+000 -7.473261458327E+000
  2.168500705817E-001  3.553276489620E-003 -8.243881779821E-001  2.676554667260E+000 -7.387931763035E+000
  2.204231527988E-001  3.592950135496E-003 -8.148716069424E-001  2.650309369038E+000 -7.302829633993E+000
  2.240360961807E-001  3.632999768520E-003 -8.053436672100E-001  2.624078317854E+000 -7.217967184457E+000
  2.276892795770E-001  3.673431128145E-003 -7.958054035944E-001  2.597864672846E+000 -7.133356396291E+000
  2.313830876220E-001  3.714250045674E-003 -7.862578622083E-001  2.571671574769E+000 -7.049009115928E+000
  2.351179108282E-001  3.755462446115E-003 -7.767020903539E-001  2.545502145290E+000 -6.964937050375E+000
  2.388941456809E-001  3.797074350078E-003 -7.671391364093E-001  2.519359486303E+000 -6.881151763249E+000
  2.427121947345E-001  3.839091875711E-003 -7.575700497152E-001  2.493246679237E+000 -6.797664670859E+000
  2.465724667110E-001  3.881521240686E-003 -7.479958804626E-001  2.467166784389E+000 -6.714487038327E+000
  2.504753766009E-001  3.924368764227E-003 -7.384176795811E-001  2.441122840250E+000 -6.631629975766E+000
  2.544213457654E-001  3.967640869177E-003 -7.288364986272E-001  2.415117862862E+000 -6.549104434502E+000
  2.584108020414E-001  4.011344084122E-003 -7.192533896742E-001  2.389154845161E+000 -6.466921203355E+000
  2.624441798480E-001  4.055485045557E-003 -7.096694052024E-001  2.363236756356E+000 -6.385090904978E+000
  2.665219202956E-001  4.100070500102E-003 -7.000855979900E-001  2.337366541300E+000 -6.303623992261E+000
  2.706444712976E-001  4.145107306769E-003 -6.905030210047E-001  2.311547119885E+000 -6.222530744799E+000
  2.748122876832E-001  4.190602439283E-003 -6.809227272965E-001  2.285781386447E+000 -6.141821265427E+000
  2.790258313137E-001  4.236562988450E-003 -6.713457698912E-001  2.260072209184E+000 -6.061505476842E+000
  2.832855712010E-001  4.282996164587E-003 -6.617732016842E-001  2.234422429590E+000 -5.981593118284E+000
  2.875919836279E-001  4.329909300005E-003 -6.522060753365E-001  2.208834861898E+000 -5.902093742318E+000
  2.919455522717E-001  4.377309851548E-003 -6.426454431701E-001  2.183312292549E+000 -5.823016711686E+000
  2.963467683296E-001  4.425205403192E-003 -6.330923570651E-001  2.157857479666E+000 -5.744371196263E+000
  3.007961306479E-001  4.473603668706E-003 -6.235478683581E-001  2.132473152552E+000 -5.666166170094E+000
  3.052941458522E-001  4.522512494374E-003 -6.140130277407E-001  2.107162011199E+000 -5.588410408538E+000
  3.098413284823E-001  4.571939861783E-003 -6.044888851595E-001  2.081926725822E+000 -5.511112485510E+000
  3.144382011281E-001  4.621893890671E-003 -5.949764897167E-001  2.056769936400E+000 -5.434280770834E+000
  3.190852945695E-001  4.672382841850E-003 -5.854768895721E-001  2.031694252251E+000 -5.357923427697E+000
  3.237831479192E-001  4.723415120192E-003 -5.759911318455E-001  2.006702251609E+000 -5.282048410226E+000
  3.285323087679E-001  4.774999277691E-003 -5.665202625204E-001  1.981796481233E+000 -5.206663461181E+000
  3.333333333333E-001  4.827144016591E-003 -5.570653263484E-001  1.956979456034E+000 -5.131776109769E+000
  3.381867866117E-001  4.879858192602E-003 -5.476273667547E-001  1.932253658714E+000 -5.057393669585E+000
  3.430932425333E-001  4.933150818173E-003 -5.382074257439E-001  1.907621539437E+000 -4.983523236684E+000
  3.480532841203E-001  4.987031065868E-003 -5.288065438076E-001  1.883085515515E+000 -4.910171687788E+000
  3.530675036492E-001  5.041508271801E-003 -5.194257598313E-001  1.858647971117E+000 -4.837345678631E+000
  3.581365028158E-001  5.096591939172E-003 -5.100661110036E-001  1.834311257002E+000 -4.765051642446E+000
  3.632608929041E-001  5.152291741875E-003 -5.007286327249E-001  1.810077690270E+000 -4.693295788598E+000
  3.684412949588E-001  5.208617528209E-003 -4.914143585174E-001  1.785949554140E+000 -4.622084101368E+000
  3.736783399619E-001  5.265579324662E-003 -4.821243199349E-001  1.761929097749E+000 -4.551422338891E+000
  3.789726690123E-001  5.323187339805E-003 -4.728595464738E-001  1.738018535976E+000 -4.481316032245E+000
  3.843249335105E-001  5.381451968273E-003 -4.636210654842E-001  1.714220049284E+000 -4.411770484716E+000
  3.897357953460E-001  5.440383794842E-003 -4.544099020809E-001  1.690535783597E+000 -4.342790771204E+000
  3.952059270903E-001  5.499993598618E-003 -4.452270790551E-001  1.666967850185E+000 -4.274381737822E+000
  4.007360121927E-001  5.560292357317E-003 -4.360736167862E-001  1.643518325589E+000 -4.206548001641E+000
  4.063267451812E-001  5.621291251662E-003 -4.269505331526E-001  1.620189251557E+000 -4.139293950629E+000
  4.119788318683E-001  5.683001669888E-003 -4.178588434439E-001  1.596982635012E+000 -4.072623743752E+000
  4.176929895600E-001  5.745435212354E-003 -4.087995602713E-001  1.573900448041E+000 -4.006541311260E+000
  4.234699472710E-001  5.808603696282E-003 -3.997736934784E-001  1.550944627907E+000 -3.941050355155E+000
  4.293104459435E-001  5.872519160606E-003 -3.907822500512E-001  1.528117077087E+000 -3.876154349836E+000
  4.352152386716E-001  5.937193870949E-003 -3.818262340274E-001  1.505419663332E+000 -3.811856542942E+000
  4.411850909306E-001  6.002640324729E-003 -3.729066464044E-001  1.482854219752E+000 -3.748159956369E+000
  4.472207808110E-001  6.068871256391E-003 -3.640244850471E-001  1.460422544918E+000 -3.685067387483E+000
  4.533230992589E-001  6.135899642772E-003 -3.551807445929E-001  1.438126402996E+000 -3.622581410523E+000
  4.594928503202E-001  6.203738708611E-003 -3.463764163572E-001  1.415967523896E+000 -3.560704378196E+000
  4.657308513924E-001  6.272401932198E-003 -3.376124882353E-001  1.393947603448E+000 -3.499438423461E+000
  4.720379334802E-001  6.341903051163E-003 -3.288899446037E-001  1.372068303591E+000 -3.438785461509E+000
  4.784149414579E-001  6.412256068427E-003 -3.202097662185E-001  1.350331252593E+000 -3.378747191936E+000
  4.848627343381E-001  6.483475258298E-003 -3.115729301123E-001  1.328738045282E+000 -3.319325101105E+000
  4.913821855461E-001  6.555575172733E-003 -3.029804094875E-001  1.307290243302E+000 -3.260520464706E+000
  4.979741832006E-001  6.628570647764E-003 -2.944331736074E-001  1.285989375385E+000 -3.202334350505E+000
  5.046396304008E-001  6.702476810086E-003 -2.859321876843E-001  1.264836937638E+000 -3.144767621282E+000
  5.113794455212E-001  6.777309083830E-003 -2.774784127636E-001  1.243834393851E+000 -3.087820937961E+000
  5.181945625116E-001  6.853083197508E-003 -2.690728056053E-001  1.222983175819E+000 -3.031494762925E+000
  5.250859312060E-001  6.929815191146E-003 -2.607163185606E-001  1.202284683673E+000 -2.975789363516E+000
  5.320545176366E-001  7.007521423604E-003 -2.524098994448E-001  1.181740286235E+000 -2.920704815716E+000
  5.391013043575E-001  7.086218580100E-003 -2.441544914060E-001  1.161351321371E+000 -2.866241008010E+000
  5.462272907741E-001  7.165923679926E-003 -2.359510327887E-001  1.141119096365E+000 -2.812397645421E+000
  5.534334934816E-001  7.246654084380E-003 -2.278004569920E-001  1.121044888300E+000 -2.759174253717E+000
  5.607209466109E-001  7.328427504912E-003 -2.197036923238E-001  1.101129944439E+000 -2.706570183783E+000
  5.680907021827E-001  7.411262011483E-003 -2.116616618477E-001  1.081375482624E+000 -2.654584616155E+000
  5.755438304707E-001  7.495176041166E-003 -2.036752832253E-001  1.061782691668E+000 -2.603216565713E+000
  5.830814203728E-001  7.580188406970E-003 -1.957454685517E-001  1.042352731754E+000 -2.552464886516E+000
  5.907045797917E-001  7.666318306912E-003 -1.878731241843E-001  1.023086734837E+000 -2.502328276791E+000
  5.984144360243E-001  7.753585333338E-003 -1.800591505653E-001  1.003985805039E+000 -2.452805284044E+000
  6.062121361613E-001  7.842009482502E-003 -1.723044420370E-001  9.850510190467E-001 -2.403894310313E+000
  6.140988474955E-001  7.931611164409E-003 -1.646098866493E-001  9.662834264962E-001 -2.355593617531E+000
  6.220757579409E-001  8.022411212936E-003 -1.569763659599E-001  9.476840503589E-001 -2.307901333009E+000
  6.301440764614E-001  8.114430896230E-003 -1.494047548268E-001  9.292538873111E-001 -2.260815455011E+000
  6.383050335109E-001  8.207691927403E-003 -1.418959211918E-001  9.109939080945E-001 -2.214333858430E+000
  6.465598814833E-001  8.302216475524E-003 -1.344507258569E-001  8.929050578619E-001 -2.168454300544E+000
  6.549098951744E-001  8.398027176926E-003 -1.270700222503E-001  8.749882565065E-001 -2.123174426838E+000
  6.633563722545E-001  8.495147146827E-003 -1.197546561853E-001  8.572443989721E-001 -2.078491776895E+000
  6.719006337539E-001  8.593599991288E-003 -1.125054656091E-001  8.396743555419E-001 -2.034403790327E+000
  6.805440245593E-001  8.693409819506E-003 -1.053232803423E-001  8.222789721040E-001 -1.990907812744E+000
  6.892879139233E-001  8.794601256469E-003 -9.820892180950E-002  8.050590703904E-001 -1.948001101748E+000
  6.981336959871E-001  8.897199455961E-003 -9.116320276042E-002  7.880154481865E-001 -1.905680832931E+000
  7.070827903152E-001  9.001230113956E-003 -8.418692698081E-002  7.711488795111E-001 -1.863944105872E+000
  7.161366424455E-001  9.106719482390E-003 -7.728088899421E-002  7.544601147610E-001 -1.822787950113E+000
  7.252967244510E-001  9.213694383338E-003 -7.044587375379E-002  7.379498808203E-001 -1.782209331104E+000
  7.345645355186E-001  9.322182223606E-003 -6.368265632454E-002  7.216188811311E-001 -1.742205156091E+000
  7.439416025400E-001  9.432211009745E-003 -5.699200155575E-002  7.054677957228E-001 -1.702772279949E+000
  7.534294807203E-001  9.543809363512E-003 -5.037466374389E-002  6.894972811978E-001 -1.663907510925E+000
  7.630297542000E-001  9.657006537783E-003 -4.383138628614E-002  6.737079706724E-001 -1.625607616292E+000
  7.727440366954E-001  9.771832432940E-003 -3.736290132450E-002  6.581004736685E-001 -1.587869327880E+000
  7.825739721536E-001  9.888317613741E-003 -3.096992938093E-002  6.426753759562E-001 -1.550689347484E+000
  7.925212354258E-001  1.000649332670E-002 -2.465317898375E-002  6.274332393432E-001 -1.514064352123E+000
  8.025875329584E-001  1.012639151798E-002 -1.841334628555E-002  6.123746014107E-001 -1.477990999127E+000
  8.127746035011E-001  1.024804485184E-002 -1.225111467308E-002  5.974999751933E-001 -1.442465931053E+000
  8.230842188350E-001  1.037148672960E-002 -6.167154369649E-003  5.828098488008E-001 -1.407485780391E+000
  8.335181845190E-001  1.049675130923E-002 -1.621220304311E-004  5.683046849810E-001 -1.373047174060E+000
  8.440783406568E-001  1.062387352550E-002  5.763339668659E-003  5.539849206225E-001 -1.339146737668E+000
  8.547665626839E-001  1.075288911077E-002  1.160860244781E-002  5.398509661949E-001 -1.305781099519E+000
  8.655847621758E-001  1.088383461638E-002  1.737305284520E-002  5.259032051269E-001 -1.272946894353E+000
  8.765348876780E-001  1.101674743475E-002  2.305609264306E-002  5.121419931217E-001 -1.240640766802E+000
  8.876189255584E-001  1.115166582209E-002  2.865713929698E-002  4.985676574080E-001 -1.208859374544E+000
  8.988389008829E-001  1.128862892191E-002  3.417562636760E-002  4.851804959272E-001 -1.177599391143E+000
  9.101968783143E-001  1.142767678917E-002  3.961100395345E-002  4.719807764578E-001 -1.146857508551E+000
  9.216949630368E-001  1.156885041525E-002  4.496273912389E-002  4.589687356753E-001 -1.116630439272E+000
  9.333353017046E-001  1.171219175365E-002  5.023031635085E-002  4.461445781511E-001 -1.086914918158E+000
  9.451200834176E-001  1.185774374655E-002  5.541323793814E-002  4.335084752890E-001 -1.057707703836E+000
  9.570515407237E-001  1.200555035216E-002  6.051102444679E-002  4.210605642029E-001 -1.029005579749E+000
  9.691319506484E-001  1.215565657299E-002  6.552321511496E-002  4.088009465359E-001 -1.000805354799E+000
  9.813636357544E-001  1.230810848498E-002  7.044936827089E-002  3.967296872248E-001 -9.731038635850E-001
  9.937489652293E-001  1.246295326757E-002  7.528906173709E-002  3.848468132114E-001 -9.458979662230E-001
  1.006290356005E+000  1.262023923477E-002  8.004189322414E-002  3.731523121040E-001 -9.191845477484E-001
  1.018990273907E+000  1.278001586715E-002  8.470748071213E-002  3.616461307941E-001 -8.929605170850E-001
  1.031851234841E+000  1.294233384499E-002  8.928546281792E-002  3.503281740306E-001 -8.672228055829E-001
  1.044875806003E+000  1.310724508236E-002  9.377549914610E-002  3.391983029570E-001 -8.419683651208E-001
  1.058066607138E+000  1.327480276248E-002  9.817727062171E-002  3.282563336176E-001 -8.171941657715E-001
  1.071426311823E+000  1.344506137405E-002  1.024904798025E-001  3.175020354363E-001 -7.928971930309E-001
  1.084957648792E+000  1.361807674895E-002  1.067148511684E-001  3.069351296762E-001 -7.690744446156E-001
  1.098663403298E+000  1.379390610110E-002  1.108501313864E-001  2.965552878858E-001 -7.457229268314E-001
  1.112546418516E+000  1.397260806657E-002  1.148960895478E-001  2.863621303386E-001 -7.228396505217E-001
  1.126609596985E+000  1.415424274514E-002  1.188525173764E-001  2.763552244749E-001 -7.004216266050E-001
  1.140855902095E+000  1.433887174317E-002  1.227192294042E-001  2.665340833536E-001 -6.784658612125E-001
  1.155288359613E+000  1.452655821788E-002  1.264960631134E-001  2.568981641222E-001 -6.569693504412E-001
  1.169910059257E+000  1.471736692327E-002  1.301828790416E-001  2.474468665155E-001 -6.359290747385E-001
  1.184724156317E+000  1.491136425740E-002  1.337795608475E-001  2.381795313921E-001 -6.153419929380E-001
  1.199733873325E+000  1.510861831145E-002  1.372860153364E-001  2.290954393190E-001 -5.952050359690E-001
  1.214942501771E+000  1.530919892035E-002  1.407021724404E-001  2.201938092149E-001 -5.755151002632E-001
  1.230353403874E+000  1.551317771520E-002  1.440279851548E-001  2.114737970650E-001 -5.562690408875E-001
  1.245970014403E+000  1.572062817747E-002  1.472634294245E-001  2.029344947154E-001 -5.374636644322E-001
  1.261795842559E+000  1.593162569510E-002  1.504085039821E-001  1.945749287634E-001 -5.190957216876E-001
  1.277834473907E+000  1.614624762054E-002  1.534632301329E-001  1.863940595523E-001 -5.011619001455E-001
  1.294089572372E+000  1.636457333079E-002  1.564276514868E-001  1.783907802856E-001 -4.836588163625E-001
  1.310564882294E+000  1.658668428962E-002  1.593018336351E-001  1.705639162717E-001 -4.665830082274E-001
  1.327264230548E+000  1.681266411190E-002  1.620858637701E-001  1.629122243134E-001 -4.499309271760E-001
  1.344191528724E+000  1.704259863026E-002  1.647798502474E-001  1.554343922544E-001 -4.336989303992E-001
  1.361350775387E+000  1.727657596408E-002  1.673839220895E-001  1.481290386959E-001 -4.178832730927E-001
  1.378746058390E+000  1.751468659100E-002  1.698982284299E-001  1.409947128961E-001 -4.024801008000E-001
  1.396381557275E+000  1.775702342093E-002  1.723229378977E-001  1.340298948656E-001 -3.874854419000E-001
  1.414261545744E+000  1.800368187279E-002  1.746582379431E-001  1.272329956720E-001 -3.728952002958E-001
  1.432390394201E+000  1.825475995395E-002  1.769043341028E-001  1.206023579637E-001 -3.587051483594E-001
  1.450772572390E+000  1.851035834267E-002  1.790614492087E-001  1.141362567271E-001 -3.449109201912E-001
  1.469412652102E+000  1.877058047342E-002  1.811298225381E-001  1.078329002870E-001 -3.315080052535E-001
  1.488315309978E+000  1.903553262542E-002  1.831097089095E-001  1.016904315608E-001 -3.184917424368E-001
  1.507485330398E+000  1.930532401444E-002  1.850013777259E-001  9.570692957640E-002 -3.058573146208E-001
  1.526927608467E+000  1.958006688797E-002  1.868051119667E-001  8.988041126299E-002 -2.935997437902E-001
  1.546647153093E+000  1.985987662391E-002  1.885212071343E-001  8.420883352122E-002 -2.817138867652E-001
  1.566649090169E+000  2.014487183303E-002  1.901499701569E-001  7.869009558058E-002 -2.701944316084E-001
  1.586938665861E+000  2.043517446518E-002  1.916917182533E-001  7.332204164830E-002 -2.590358947651E-001
  1.607521250000E+000  2.073090991960E-002  1.931467777657E-001  6.810246385379E-002 -2.482326189959E-001
  1.628402339588E+000  2.103220715932E-002  1.945154829639E-001  6.302910549053E-002 -2.377787721562E-001
  1.649587562420E+000  2.133919883002E-002  1.957981748302E-001  5.809966455582E-002 -2.276683468763E-001
  1.671082680832E+000  2.165202138333E-002  1.969951998312E-001  5.331179758680E-002 -2.178951611917E-001
  1.692893595565E+000  2.197081520497E-002  1.981069086836E-001  4.866312378891E-002 -2.084528601704E-001
  1.715026349769E+000  2.229572474776E-002  1.991336551248E-001  4.415122945122E-002 -1.993349185788E-001
  1.737487133138E+000  2.262689866987E-002  2.000757946957E-001  3.977367264039E-002 -1.905346446249E-001
  1.760282286187E+000  2.296448997842E-002  2.009336835473E-001  3.552798816268E-002 -1.820451848107E-001
  1.783418304674E+000  2.330865617868E-002  2.017076772812E-001  3.141169278109E-002 -1.738595299198E-001
  1.806901844175E+000  2.365955942924E-002  2.023981298360E-001  2.742229067177E-002 -1.659705221616E-001
  1.830739724818E+000  2.401736670327E-002  2.030053924321E-001  2.355727910139E-002 -1.583708634834E-001
  1.854938936184E+000  2.438224995616E-002  2.035298125861E-001  1.981415430427E-002 -1.510531250581E-001
  1.879506642368E+000  2.475438629994E-002  2.039717332112E-001  1.619041753514E-002 -1.440097579430E-001
  1.904450187236E+000  2.513395818467E-002  2.043314918145E-001  1.268358127071E-002 -1.372331048997E-001
  1.929777099847E+000  2.552115358717E-002  2.046094198077E-001  9.291175530241E-003 -1.307154133547E-001
  1.955495100083E+000  2.591616620741E-002  2.048058419447E-001  6.010754282411E-003 -1.244488494703E-001
  1.981612104475E+000  2.631919567292E-002  2.049210759029E-001  2.839901903006E-003 -1.184255132876E-001
  2.008136232230E+000  2.673044775156E-002  2.049554320207E-001 -2.237603547522E-004 -1.126374548899E-001
  2.035075811486E+000  2.715013457311E-002  2.049092132102E-001 -3.182567918180E-003 -1.070766915282E-001
  2.062439385788E+000  2.757847486001E-002  2.047827150570E-001 -6.038806524780E-003 -1.017352256367E-001
  2.090235720801E+000  2.801569416771E-002  2.045762261246E-001 -8.794705969286E-003 -9.660506365676E-002
  2.118473811262E+000  2.846202513514E-002  2.042900284774E-001 -1.145243401598E-002 -9.167823557732E-002
  2.147162888201E+000  2.891770774564E-002  2.039243984367E-001 -1.401409052598E-002 -8.694681508935E-002
  2.176312426413E+000  2.938298959899E-002  2.034796075834E-001 -1.648170185084E-002 -8.240294023992E-002
  2.205932152222E+000  2.985812619504E-002  2.029559240208E-001 -1.885721554496E-002 -7.803883446336E-002
  2.236032051522E+000  3.034338122938E-002  2.023536139085E-001 -2.114249545032E-002 -7.384682785640E-002
  2.266622378129E+000  3.083902690182E-002  2.016729432788E-001 -2.333931720736E-002 -6.981937855518E-002
  2.297713662445E+000  3.134534423818E-002  2.009141801443E-001 -2.544936424585E-002 -6.594909406414E-002
  2.329316720450E+000  3.186262342603E-002  2.000775969049E-001 -2.747422430923E-002 -6.222875237899E-002
  2.361442663038E+000  3.239116416519E-002  1.991634730589E-001 -2.941538656467E-002 -5.865132273982E-002
  2.394102905709E+000  3.293127603351E-002  1.981720982220E-001 -3.127423934956E-002 -5.520998584513E-002
  2.427309178642E+000  3.348327886897E-002  1.971037754566E-001 -3.305206860300E-002 -5.189815335343E-002
  2.461073537146E+000  3.404750316862E-002  1.959588249077E-001 -3.475005702776E-002 -4.870948649677E-002
  2.495408372530E+000  3.462429050548E-002  1.947375877436E-001 -3.636928402495E-002 -4.563791362953E-002
  2.530326423398E+000  3.521399396401E-002  1.934404303923E-001 -3.791072643924E-002 -4.267764653647E-002
  2.565840787378E+000  3.581697859546E-002  1.920677490644E-001 -3.937526014750E-002 -3.982319532678E-002
  2.601964933334E+000  3.643362189376E-002  1.906199745485E-001 -4.076366251845E-002 -3.706938174517E-002
  2.638712714049E+000  3.706431429322E-002  1.890975772612E-001 -4.207661576412E-002 -3.441135073777E-002
  2.676098379430E+000  3.770945968912E-002  1.875010725306E-001 -4.331471119748E-002 -3.184458011898E-002
  2.714136590232E+000  3.836947598236E-002  1.858310260897E-001 -4.447845440239E-002 -2.936488819631E-002
  2.752842432351E+000  3.904479564947E-002  1.840880597488E-001 -4.556827131436E-002 -2.696843922312E-002
  2.792231431696E+000  3.973586633921E-002  1.822728572154E-001 -4.658451520111E-002 -2.465174656413E-002
  2.832319569669E+000  4.044315149734E-002  1.803861700245E-001 -4.752747452299E-002 -2.241167347603E-002
  2.873123299289E+000  4.116713102086E-002  1.784288235383E-001 -4.839738164338E-002 -2.024543142461E-002
  2.914659561979E+000  4.190830194354E-002  1.764017229705E-001 -4.919442234879E-002 -1.815057588114E-002
  2.956945805065E+000  4.266717915414E-002  1.743058593869E-001 -4.991874612809E-002 -1.612499956419E-002
  3.000000000000E+000  4.344429614932E-002  1.721423156309E-001 -5.057047714957E-002 -1.416692311754E-002
  3.043840661365E+000  4.424020582308E-002  1.699122721169E-001 -5.114972586369E-002 -1.227488324150E-002
  3.088486866678E+000  4.505548129460E-002  1.676170124354E-001 -5.165660114905E-002 -1.044771832259E-002
  3.133958277047E+000  4.589071677685E-002  1.652579287080E-001 -5.209122290830E-002 -8.684551634930E-003
  3.180275158719E+000  4.674652848797E-002  1.628365266282E-001 -5.245373501111E-002 -6.984772216252E-003
  3.227458405560E+000  4.762355560797E-002  1.603544301261E-001 -5.274431847153E-002 -5.348013550826E-003
  3.275529562509E+000  4.852246128332E-002  1.578133855885E-001 -5.296320473863E-002 -3.774130221216E-003
  3.324510850077E+000  4.944393368200E-002  1.552152655704E-001 -5.311068897114E-002 -2.263172719739E-003
  3.374425189910E+000  5.038868710203E-002  1.525620719314E-001 -5.318714316041E-002 -8.153606386080E-004
  3.425296231502E+000  5.135746313639E-002  1.498559383327E-001 -5.319302896021E-002  5.689455156096E-004
  3.477148380094E+000  5.235103189784E-002  1.470991320322E-001 -5.312891007804E-002  1.889273612793E-003
  3.530006825834E+000  5.337019330676E-002  1.442940549180E-001 -5.299546407998E-002  3.145070002475E-003
  3.583897574256E+000  5.441577844603E-002  1.414432437247E-001 -5.279349346056E-002  4.335730117030E-003
  3.638847478148E+000  5.548865098670E-002  1.385493693805E-001 -5.252393583017E-002  5.460629246156E-003
  3.694884270887E+000  5.658970868864E-002  1.356152354404E-001 -5.218787307578E-002  6.519153141480E-003
  3.752036601308E+000  5.771988498079E-002  1.326437755661E-001 -5.178653935617E-002  7.510728101831E-003
  3.810334070199E+000  5.888015062562E-002  1.296380500207E-001 -5.132132780019E-002  8.434850185976E-003
  3.869807268505E+000  6.007151547295E-002  1.266012411568E-001 -5.079379578644E-002  9.291113200822E-003
  3.930487817331E+000  6.129503030858E-002  1.235366478815E-001 -5.020566869472E-002  1.007923511939E-002
  3.992408409843E+000  6.255178880352E-002  1.204476790976E-001 -4.955884203380E-002  1.079908259457E-002
  4.055602855172E+000  6.384292957002E-002  1.173378461260E-001 -4.885538186624E-002  1.145069325177E-002
  4.120106124432E+000  6.516963833101E-002  1.142107541278E-001 -4.809752346949E-002  1.203429546616E-002
  4.185954398964E+000  6.653315021009E-002  1.110700925571E-001 -4.728766819244E-002  1.255032535821E-002
  4.253185120935E+000  6.793475214960E-002  1.079196246858E-001 -4.642837848859E-002  1.299944077428E-002
  4.321837046422E+000  6.937578546490E-002  1.047631762546E-001 -4.552237112976E-002  1.338253205698E-002
  4.391950301120E+000  7.085764854355E-002  1.016046233162E-001 -4.457250862895E-002  1.370072945240E-002
  4.463566438835E+000  7.238179969882E-002  9.844787935009E-002 -4.358178892519E-002  1.395540704761E-002
  4.536728502895E+000  7.394976018725E-002  9.529688173599E-002 -4.255333340894E-002  1.414818318119E-002
  4.611481090679E+000  7.556311740127E-002  9.215557768825E-002 -4.149037339130E-002  1.428091732149E-002
  4.687870421430E+000  7.722352824817E-002  8.902790975900E-002 -4.039623514483E-002  1.435570346076E-002
  4.765944407533E+000  7.893272272784E-002  8.591780102920E-002 -3.927432366710E-002  1.437486012753E-002
  4.845752729492E+000  8.069250772248E-002  8.282914011233E-002 -3.812810534013E-002  1.434091717315E-002
  4.927346914797E+000  8.250477101257E-002  7.976576610181E-002 -3.696108967834E-002  1.425659954083E-002
  5.010780420931E+000  8.437148553436E-002  7.673145359655E-002 -3.577681037514E-002  1.412480827536E-002
  5.096108722763E+000  8.629471389541E-002  7.372989794097E-002 -3.457880587253E-002  1.394859907754E-002
  5.183389404586E+000  8.827661316581E-002  7.076470081582E-002 -3.337059968885E-002  1.373115874920E-002
  5.272682257105E+000  9.031943996425E-002  6.783935631325E-002 -3.215568074706E-002  1.347577991009E-002
  5.364049379651E+000  9.242555585946E-002  6.495723762528E-002 -3.093748394891E-002  1.318583439730E-002
  5.457555287978E+000  9.459743310926E-002  6.212158446757E-002 -2.971937123894E-002  1.286474577927E-002
  5.553267027968E+000  9.683766076100E-002  5.933549135140E-002 -2.850461339674E-002  1.251596143041E-002
  5.651254295630E+000  9.914895113938E-002  5.660189680539E-002 -2.729637278524E-002  1.214292461668E-002
  5.751589563796E+000  1.015341467494E-001  5.392357363513E-002 -2.609768726848E-002  1.174904703890E-002
  5.854348215936E+000  1.039962276248E-001  5.130312029395E-002 -2.491145549276E-002  1.133768226717E-002
  5.959608687557E+000  1.065383191537E-001  4.874295342127E-002 -2.374042370243E-002  1.091210047763E-002
  6.067452615683E+000  1.091637004188E-001  4.624530158752E-002 -2.258717423442E-002  1.047546487218E-002
  6.177964996951E+000  1.118758130872E-001  4.381220026572E-002 -2.145411580626E-002  1.003081012289E-002
  6.291234354880E+000  1.146782708938E-001  4.144548803100E-002 -2.034347567952E-002  9.581023136859E-003
  6.407352916949E+000  1.175748697626E-001  3.914680397045E-002 -1.925729374680E-002  9.128826385028E-003
  6.526416802128E+000  1.205695986129E-001  3.691758626722E-002 -1.819741855508E-002  8.676763981338E-003
  6.648526219580E+000  1.236666509049E-001  3.475907190549E-002 -1.716550524300E-002  8.227190637836E-003
  6.773785679311E+000  1.268704369821E-001  3.267229742706E-002 -1.616301533515E-002  7.782263558555E-003
  6.902304215570E+000  1.301855972713E-001  3.065810065645E-002 -1.519121830315E-002  7.343937271859E-003
  7.034195623922E+000  1.336170164087E-001  2.871712330002E-002 -1.425119477346E-002  6.913961339027E-003
  7.169578712934E+000  1.371698383673E-001  2.684981431593E-002 -1.334384123414E-002  6.493880817888E-003
  7.308577571516E+000  1.408494826628E-001  2.505643394616E-002 -1.246987607033E-002  6.085039305955E-003
  7.451321853057E+000  1.446616617293E-001  2.333705829995E-002 -1.162984673977E-002  5.688584339099E-003
  7.597947077547E+000  1.486123995567E-001  2.169158437894E-002 -1.082413788698E-002  5.305474880847E-003
  7.748594953021E+000  1.527080516973E-001  2.011973543948E-002 -1.005298018760E-002  4.936490604796E-003
  7.903413717736E+000  1.569553267535E-001  1.862106659569E-002 -9.316459713138E-003  4.582242649423E-003
  8.062558504629E+000  1.613613094717E-001  1.719497057828E-002 -8.614527611120E-003  4.243185511088E-003
  8.226191729726E+000  1.659334855793E-001  1.584068357857E-002 -7.947009906131E-003  3.919629737650E-003
  8.394483506327E+000  1.706797685137E-001  1.455729112365E-002 -7.313617242975E-003  3.611755091519E-003
  8.567612086926E+000  1.756085282071E-001  1.334373394741E-002 -6.713954413799E-003  3.319623866859E-003
  8.745764335025E+000  1.807286221064E-001  1.219881384136E-002 -6.147529535538E-003  3.043194070038E-003
  8.929136229160E+000  1.860494286260E-001  1.112119948957E-002 -5.613762771704E-003  2.782332204276E-003
  9.117933401693E+000  1.915808832504E-001  1.010943231133E-002 -5.111994522110E-003  2.536825437389E-003
  9.312371715124E+000  1.973335175235E-001  9.161932353454E-003 -4.641493034710E-003  2.306392973875E-003
  9.512677878945E+000  2.033185011886E-001  8.277004290290E-003 -4.201461423879E-003  2.090696497722E-003
  9.719090110332E+000  2.095476877688E-001  7.452843602850E-003 -3.791044108260E-003  1.889349598322E-003
  9.931858842267E+000  2.160336639044E-001  6.687543018017E-003 -3.409332707418E-003  1.701926137046E-003
  1.015124748302E+001  2.227898028021E-001  5.979099294348E-003 -3.055371459121E-003  1.527967554532E-003
  1.037753323129E+001  2.298303221843E-001  5.325420441769E-003 -2.728162237159E-003  1.366989157196E-003
  1.061100795175E+001  2.371703471699E-001  4.724333458333E-003 -2.426669262607E-003  1.218485454364E-003
  1.085197911611E+001  2.448259785618E-001  4.173592658051E-003 -2.149823608836E-003  1.081934643892E-003
  1.110077081537E+001  2.528143670735E-001  3.670888649633E-003 -1.896527602288E-003  9.568023634588E-004
  1.135772484956E+001  2.611537940784E-001  3.213858007218E-003 -1.665659216972E-003  8.425448364598E-004
  1.162320190175E+001  2.698637595360E-001  2.800093651191E-003 -1.456076551296E-003  7.386115458223E-004
  1.189758280382E+001  2.789650778206E-001  2.427155930799E-003 -1.266622461627E-003  6.444475663240E-004
  1.218126990242E+001  2.884799822596E-001  2.092584371245E-003 -1.096129408746E-003  5.594956769635E-004
  1.247468853413E+001  2.984322392826E-001  1.793910017355E-003 -9.434245519999E-004  4.831983605163E-004
  1.277828862002E+001  3.088472731875E-001  1.528668274780E-003 -8.073351025416E-004  4.149997788282E-004
  1.309254639077E+001  3.197523026463E-001  1.294412119307E-003 -6.866939227092E-004  3.543477909422E-004
  1.341796625462E+001  3.311764902095E-001  1.088725516367E-003 -5.803453344770E-004  3.006960581912E-004
  1.375508282195E+001  3.431511062169E-001  9.092368673901E-004 -4.871510771124E-004  2.535062572318E-004
  1.410446310162E+001  3.557097086969E-001  7.536322785680E-004 -4.059963337404E-004  2.122503998760E-004
  1.446670888596E+001  3.688883410292E-001  6.196684317453E-004 -3.357957293438E-004  1.764132385636E-004
  1.484245934302E+001  3.827257493700E-001  5.051848275975E-004 -2.754991895706E-004  1.454947192628E-004
  1.523239383723E+001  3.972636220891E-001  4.081151687453E-004 -2.240975411588E-004  1.190124301405E-004
  1.563723500136E+001  4.125468537596E-001  3.264976555259E-004 -1.806277312092E-004  9.650398488966E-005
  1.605775208607E+001  4.286238365683E-001  2.584839802070E-004 -1.441775441444E-004  7.752927432696E-005
  1.649476461582E+001  4.455467823929E-001  2.023468265590E-004 -1.138897019870E-004  6.167251872764E-005
  1.694914638379E+001  4.633720792263E-001  1.564857107122E-004 -8.896524540415E-005  4.854405613910E-005
  1.742182982203E+001  4.821606861220E-001  1.194310356374E-004 -6.866610942889E-005  3.778180824341E-005
  1.791381078784E+001  5.019785714107E-001  8.984627454168E-005 -5.231682836508E-005  2.905237474401E-005
  1.842615381215E+001  5.228971995942E-001  6.652824680671E-005 -3.930532839953E-005  2.205171917397E-005
  1.895999786176E+001  5.449940730840E-001  4.840550224898E-005 -2.908279303746E-005  1.650542283927E-005
  1.951656267356E+001  5.683533358366E-001  3.453488359449E-005 -2.116261463051E-005  1.216849865668E-005
  2.009715572669E+001  5.930664469535E-001  2.409639094090E-005 -1.511847384680E-005  8.824772229474E-006
  2.070317992707E+001  6.192329335039E-001  1.638652323250E-005 -1.058161669495E-005  6.285852915429E-006
  2.133614208874E+001  6.469612332096E-001  1.081031786537E-005 -7.237424354209E-006  4.389732168700E-006
  2.199766230782E+001  6.763696392388E-001  6.872347955516E-006 -4.821393269809E-006  2.999059382493E-006
  2.268948433818E+001  7.075873612439E-001  4.166965207286E-006 -3.114660504549E-006  1.999156168611E-006
  2.341348709294E+001  7.407557189842E-001  2.368092749110E-006 -1.939221110641E-006  1.295837902604E-006
  2.417169741362E+001  7.760294874639E-001  1.218875361470E-006 -1.152989468512E-006  8.131159768701E-007
  2.496630426925E+001  8.135784155747E-001  5.214835641247E-007 -6.448546506988E-007  4.908552367758E-007
  2.579967457140E+001  8.535889438281E-001  1.273433094719E-007 -3.298708588398E-007  2.824584285963E-007
  2.667437081864E+001  8.962661510291E-001 -7.197421458650E-008 -1.447082886864E-007  1.526433014238E-007
  2.759317081651E+001  9.418359647997E-001 -1.530157134122E-007 -4.346834548526E-008  7.536866964565E-008
  2.855908975674E+001  9.905476768748E-001 -1.677296298374E-007  6.058624727089E-009  3.195389573071E-008
  2.957540498378E+001  1.042676811269E+000 -1.496966587609E-007  2.564320592213E-008  9.422743152961E-009
  3.064568382919E+001  1.098528402000E+000 -1.192903660473E-007  2.935327796086E-008 -9.116283797972E-010
  3.177381495601E+001  1.158440747351E+000 -8.780405283065E-008  2.578295265079E-008 -4.617545560742E-009
  3.296404372807E+001  1.222789720048E+000 -6.062432913144E-008  1.980382469323E-008 -5.081003775077E-009
  3.422101220608E+001  1.291993727721E+000 -3.956505627908E-008  1.388689558101E-008 -4.226732991148E-009
  3.554980447538E+001  1.366519436102E+000 -2.449582960549E-008  9.056094072191E-009 -3.051057834859E-009
  3.695599813319E+001  1.446888389511E+000 -1.440680383037E-008  5.540506266777E-009 -1.997677212754E-009
  3.844572291106E+001  1.533684690030E+000 -8.047562870519E-009  3.192597870831E-009 -1.208659511418E-009
  4.002572758518E+001  1.627563929686E+000 -4.264191888942E-009  1.734824547961E-009 -6.814625783703E-010
  4.170345654134E+001  1.729263610453E+000 -2.138772557052E-009  8.884863507130E-010 -3.592761147151E-010
  4.348713762001E+001  1.839615336740E+000 -1.012521063442E-009  4.281008132649E-010 -1.772179928512E-010
  4.538588318162E+001  1.959559126947E+000 -4.508273724924E-010  1.935157655852E-010 -8.167864715135E-011
  4.740980671574E+001  2.090160267552E+000 -1.879931082883E-010  8.176163291336E-011 -3.507950525984E-011
  4.957015778746E+001  2.232629229408E+000 -7.305542672480E-011  3.214161722401E-011 -1.398510462640E-011
  5.187947869225E+001  2.388345286640E+000 -2.630696037822E-011  1.169301150581E-011 -5.150102459136E-012
  5.435178690397E+001  2.558884630889E+000 -8.721103358989E-012  3.911988959114E-012 -1.741541015158E-012
  5.700278828629E+001  2.746053966795E+000 -2.642028257698E-012  1.194922811132E-012 -5.370267228700E-013
  5.985012714155E+001  2.951930820846E+000 -7.252885937768E-013  3.304874891173E-013 -1.497941386423E-013
  6.291368055481E+001  3.178912111311E+000 -1.787038212381E-013  8.198479081729E-014 -3.744475099902E-014
  6.621590623276E+001  3.429772933797E+000 -3.909101599649E-014  1.804612627648E-014 -8.299445803252E-015
  6.978225524452E+001  3.707738044625E+000 -7.498120078192E-015  3.481376990256E-015 -1.611230025665E-015
  7.364166388185E+001  4.016569212832E+000 -1.243396624058E-015  5.803770566593E-016 -2.701642813136E-016
  7.782714245929E+001  4.360672516382E+000 -1.753921020486E-016  8.227057779335E-017 -3.850104906330E-017
  8.237648351994E+001  4.745230855210E+000 -2.065734011656E-017  9.734042640363E-018 -4.577779496749E-018
  8.733311794503E+001  5.176368549127E+000 -1.988379796434E-018  9.409538555946E-019 -4.445360106808E-019
  9.274715535088E+001  5.661357031559E+000 -1.525923371834E-019  7.249879295442E-020 -3.439589552437E-020
  9.867665554529E+001  6.208873552072E+000 -9.071920341525E-021  4.326298430868E-021 -2.060648783801E-021
  1.051891916055E+002  6.829328764649E+000 -4.040755097984E-022  1.933742818575E-022 -9.244520069393E-023
  1.123637836013E+002  7.535284543316E+000 -1.296603158243E-023  6.225442590212E-024 -2.986419632378E-024
  1.202933069206E+002  8.341990973528E+000 -2.862311549376E-025  1.378549126325E-025 -6.634426952415E-026
  1.290875131414E+002  9.268082166539E+000 -4.116438448137E-027  1.988339826049E-027 -9.598107161073E-028
  1.388768482001E+002  1.033648575811E+001 -3.614677192913E-029  1.750769781807E-029 -8.475350705392E-030
  1.498173177370E+002  1.157562284364E+001 -1.793384962186E-031  8.708738357762E-032 -4.227105669268E-032
  1.620967411853E+002  1.302100699722E+001 -4.578846597577E-034  2.228926998832E-034 -1.084609753150E-034
  1.759428668168E+002  1.471739812515E+001 -5.371436553856E-037  2.620762968559E-037 -1.278292242432E-037
  1.916340085825E+002  1.672173748087E+001 -2.520547566470E-040  1.232459006242E-040 -6.024741710836E-041
  2.095131417987E+002  1.910719757888E+001 -3.988199782306E-044  1.954071242612E-044 -9.572206397764E-045
  2.300068054477E+002  2.196884699990E+001 -1.720420225424E-048  8.445630418133E-049 -4.145286917240E-049
  2.536507797910E+002  2.543169216868E+001 -1.549130741891E-053  7.618509903321E-054 -3.746202128375E-054
  2.811254638474E+002  2.966227967912E+001 -2.073992399398E-059  1.021705969277E-059 -5.032639977771E-060
  3.133053780630E+002  3.488573552677E+001 -2.669151665431E-066  1.316991495791E-066 -6.497613095839E-067
  3.513296254502E+002  4.141128389041E+001 -1.870657391905E-074  9.243801986918E-075 -4.567478059699E-075
  3.967041014106E+002  4.967130404214E+001 -3.367670708417E-084  1.666440326019E-084 -8.245674821435E-085
  4.514529193349E+002  6.028257212519E+001 -5.670673975700E-096  2.809680519167E-096 -1.392069974150E-096
  5.183481233601E+002  7.414493328740E+001 -2.238278361865E-110  1.110344943696E-110 -5.507926090767E-111
  6.012676077950E+002  9.260523890243E+001 -2.987091575369E-128  1.483454895139E-128 -7.366990306837E-129
  7.057700503752E+002  1.177394213729E+002 -8.394920166713E-151  4.173358136886E-151 -2.074662671779E-151
  8.400513767914E+002  1.528577972397E+002 -8.285092025870E-180  4.122605249651E-180 -2.051356229435E-180
  1.016602135495E+003  2.034537342122E+002 -5.599103402806E-218  2.788437806189E-218 -1.388672982357E-218
  1.255220715580E+003  2.790860613466E+002 -1.310272910833E-269  6.530337329619E-270 -3.254671921405E-270
  1.588815776243E+003  3.973705897531E+002  0.000000000000E+000  0.000000000000E+000  0.000000000000E+000
  2.075392011604E+003  5.931596040112E+002  0.000000000000E+000  0.000000000000E+000  0.000000000000E+000
  2.825079847529E+003  9.419154890021E+002  0.000000000000E+000  0.000000000000E+000  0.000000000000E+000
  4.068408296184E+003  1.627629972033E+003  0.000000000000E+000  0.000000000000E+000  0.000000000000E+000
  6.357262947674E+003  3.178964796686E+003  0.000000000000E+000  0.000000000000E+000  0.000000000000E+000
  1.130231930164E+004  7.535323971013E+003  0.000000000000E+000  0.000000000000E+000  0.000000000000E+000
  2.543105175140E+004  2.543171841285E+004  0.000000000000E+000  0.000000000000E+000  0.000000000000E+000
  1.017262069958E+005  2.034537473226E+005  0.000000000000E+000  0.000000000000E+000  0.000000000000E+000
