# 1st line: number of mesh points
# rho and r_seitz are calculated from total density
# zeta and r_seitz only correct of rho > 1d-12

# abcissa weight rho drho ddrho zeta r_seitz
500
  9.830308526508E-006  1.966074589941E-005  3.934321119470E+003 -6.330752591935E+004  1.035895944519E+006  4.317666701962E-013  9.135882041497E-002
  3.932200719717E-005  3.932303800261E-005  3.932454523409E+003 -6.327698308077E+004  1.035387879696E+006  4.314512363862E-013  9.137327305423E-002
  8.847741541455E-005  5.898842277178E-005  3.929345368014E+003 -6.322610896878E+004  1.034541624314E+006  4.306353181430E-013  9.139736687309E-002
  1.573003992804E-004  7.865844718600E-005  3.924996407709E+003 -6.315494946694E+004  1.033357956578E+006  4.297800871360E-013  9.143111100629E-002
  2.457963722417E-004  9.833465899987E-005  3.919411493414E+003 -6.306356872255E+004  1.031837964424E+006  4.284780941337E-013  9.147451825171E-002
  3.539722959954E-004  1.180186070023E-004  3.912595567293E+003 -6.295204905708E+004  1.029983043964E+006  4.271324459083E-013  9.152760507960E-002
  4.818366816528E-004  1.377118412759E-004  3.904554656000E+003 -6.282049085141E+004  1.027794897502E+006  4.253915863517E-013  9.159039164450E-002
  6.293995911626E-004  1.574159134560E-004  3.895295862465E+003 -6.266901240588E+004  1.025275531108E+006  4.235425105738E-013  9.166290179979E-002
  7.966726389934E-004  1.771323769912E-004  3.884827356207E+003 -6.249774977555E+004  1.022427251767E+006  4.211135900801E-013  9.174516311499E-002
  9.836689940782E-004  1.968627874036E-004  3.873158362215E+003 -6.230685658091E+004  1.019252664100E+006  4.188600161858E-013  9.183720689571E-002
  1.190403382016E-003  2.166087025496E-004  3.860299148391E+003 -6.209650379433E+004  1.015754666669E+006  4.162500631660E-013  9.193906820634E-002
  1.416892087541E-003  2.363716828821E-004  3.846261011605E+003 -6.186687950277E+004  1.011936447869E+006  4.130991732499E-013  9.205078589555E-002
  1.663152957245E-003  2.561532917128E-004  3.831056262363E+003 -6.161818864697E+004  1.007801481412E+006  4.099906768252E-013  9.217240262448E-002
  1.929205402573E-003  2.759550954757E-004  3.814698208125E+003 -6.135065273783E+004  1.003353521422E+006  4.064439723030E-013  9.230396489780E-002
  2.215070403074E-003  2.957786639908E-004  3.797201135305E+003 -6.106450955026E+004  9.985965971345E+005  4.027480469265E-013  9.244552309767E-002
  2.520770509919E-003  3.156255707300E-004  3.778580289975E+003 -6.076001279518E+004  9.935350072260E+005  3.987755271895E-013  9.259713152043E-002
  2.846329849692E-003  3.354973930828E-004  3.758851857314E+003 -6.043743177021E+004  9.881733137685E+005  3.946985112968E-013  9.275884841639E-002
  3.191774128432E-003  3.553957126240E-004  3.738032939838E+003 -6.009705098970E+004  9.825163358337E+005  3.901449713699E-013  9.293073603250E-002
  3.557130635959E-003  3.753221153821E-004  3.716141534443E+003 -5.973916979469E+004  9.765691427489E+005  3.854681373181E-013  9.311286065803E-002
  3.942428250463E-003  3.952781921092E-004  3.693196508301E+003 -5.936410194358E+004  9.703370470217E+005  3.804751009270E-013  9.330529267337E-002
  4.347697443358E-003  4.152655385525E-004  3.669217573662E+003 -5.897217518415E+004  9.638255969440E+005  3.756493565360E-013  9.350810660190E-002
  4.772970284417E-003  4.352857557265E-004  3.644225261588E+003 -5.856373080771E+004  9.570405688896E+005  3.703016874340E-013  9.372138116512E-002
  5.218280447175E-003  4.553404501876E-004  3.618240894680E+003 -5.813912318629E+004  9.499879593198E+005  3.645403193540E-013  9.394519934091E-002
  5.683663214611E-003  4.754312343099E-004  3.591286558832E+003 -5.769871929337E+004  9.426739765091E+005  3.590457325850E-013  9.417964842522E-002
  6.169155485101E-003  4.955597265624E-004  3.563385074073E+003 -5.724289820941E+004  9.351050320088E+005  3.530515282732E-013  9.442482009705E-002
  6.674795778653E-003  5.157275517886E-004  3.534559964532E+003 -5.677205061264E+004  9.272877318612E+005  3.466674067661E-013  9.468081048693E-002
  7.200624243425E-003  5.359363414876E-004  3.504835427595E+003 -5.628657825633E+004  9.192288675819E+005  3.405899708381E-013  9.494772024887E-002
  7.746682662519E-003  5.561877340970E-004  3.474236302287E+003 -5.578689343320E+004  9.109354069244E+005  3.341655218009E-013  9.522565463605E-002
  8.313014461060E-003  5.764833752781E-004  3.442788036949E+003 -5.527341842802E+004  9.024144844453E+005  3.273114474091E-013  9.551472358003E-002
  8.899664713569E-003  5.968249182030E-004  3.410516656258E+003 -5.474658495941E+004  8.936733918854E+005  3.205416485872E-013  9.581504177386E-002
  9.506680151615E-003  6.172140238444E-004  3.377448727640E+003 -5.420683361157E+004  8.847195683836E+005  3.135145170002E-013  9.612672875906E-002
  1.013410917176E-002  6.376523612666E-004  3.343611327145E+003 -5.365461325725E+004  8.755605905417E+005  3.062149156538E-013  9.644990901653E-002
  1.078200184380E-002  6.581416079202E-004  3.309032004829E+003 -5.309038047254E+004  8.662041623567E+005  2.986269072146E-013  9.678471206158E-002
  1.145040991929E-002  6.786834499385E-004  3.273738749708E+003 -5.251459894494E+004  8.566581050382E+005  2.914976999678E-013  9.713127254314E-002
  1.213938684040E-002  6.992795824361E-004  3.237759954340E+003 -5.192773887527E+004  8.469303467283E+005  2.838519251279E-013  9.748973034725E-002
  1.284898774901E-002  7.199317098113E-004  3.201124379093E+003 -5.133027637475E+004  8.370289121430E+005  2.760199224195E-013  9.786023070499E-002
  1.357926949620E-002  7.406415460502E-004  3.163861116157E+003 -5.072269285810E+004  8.269619121504E+005  2.678441490524E-013  9.824292430494E-002
  1.433029065191E-002  7.614108150341E-004  3.125999553365E+003 -5.010547443377E+004  8.167375333065E+005  2.598868389102E-013  9.863796741032E-002
  1.510211151509E-002  7.822412508494E-004  3.087569337871E+003 -4.947911129219E+004  8.063640273635E+005  2.517807735701E-013  9.904552198095E-002
  1.589479412397E-002  8.031345981016E-004  3.048600339754E+003 -4.884409709320E+004  7.958497007707E+005  2.436625713074E-013  9.946575580008E-002
  1.670840226680E-002  8.240926122311E-004  3.009122615601E+003 -4.820092835359E+004  7.852029041833E+005  2.350716785805E-013  9.989884260636E-002
  1.754300149280E-002  8.451170598329E-004  2.969166372132E+003 -4.755010383569E+004  7.744320219994E+005  2.265951520774E-013  1.003449622311E-001
  1.839865912351E-002  8.662097189796E-004  2.928761929918E+003 -4.689212393819E+004  7.635454619394E+005  2.184641626761E-013  1.008043007408E-001
  1.927544426443E-002  8.873723795480E-004  2.887939687255E+003 -4.622749008995E+004  7.525516446874E+005  2.094274957847E-013  1.012770505852E-001
  2.017342781695E-002  9.086068435487E-004  2.846730084251E+003 -4.555670414795E+004  7.414589936102E+005  2.009576427987E-013  1.017634107516E-001
  2.109268249069E-002  9.299149254598E-004  2.805163567178E+003 -4.488026780020E+004  7.302759245707E+005  1.918581490474E-013  1.022635869239E-001
  2.203328281612E-002  9.512984525641E-004  2.763270553147E+003 -4.419868197467E+004  7.190108358527E+005  1.830001964917E-013  1.027777916490E-001
  2.299530515754E-002  9.727592652906E-004  2.721081395157E+003 -4.351244625510E+004  7.076720982122E+005  1.743898074841E-013  1.033062445088E-001
  2.397882772639E-002  9.942992175591E-004  2.678626347578E+003 -4.282205830452E+004  6.962680450711E+005  1.653548730916E-013  1.038491722987E-001
  2.498393059493E-002  1.015920177130E-003  2.635935532110E+003 -4.212801329756E+004  6.848069628692E+005  1.568192153868E-013  1.044068092129E-001
  2.601069571024E-002  1.037624025957E-003  2.593038904282E+003 -4.143080336222E+004  6.732970815881E+005  1.477512128681E-013  1.049793970364E-001
  2.705920690860E-002  1.059412660547E-003  2.549966220517E+003 -4.073091703200E+004  6.617465654627E+005  1.389226976774E-013  1.055671853443E-001
  2.812954993023E-002  1.081287992318E-003  2.506747005848E+003 -4.002883870920E+004  6.501635038932E+005  1.296169822684E-013  1.061704317083E-001
  2.922181243436E-002  1.103251947969E-003  2.463410522285E+003 -3.932504814023E+004  6.385559025717E+005  1.210980709398E-013  1.067894019107E-001
  3.033608401473E-002  1.125306469854E-003  2.419985737923E+003 -3.862001990358E+004  6.269316748354E+005  1.120902452246E-013  1.074243701661E-001
  3.147245621542E-002  1.147453516351E-003  2.376501296801E+003 -3.791422291116E+004  6.152986332597E+005  1.033298697582E-013  1.080756193516E-001
  3.263102254705E-002  1.169695062249E-003  2.332985489565E+003 -3.720811992389E+004  6.036644815030E+005  9.482895937236E-014  1.087434412443E-001
  3.381187850339E-002  1.192033099133E-003  2.289466224985E+003 -3.650216708193E+004  5.920368064127E+005  8.580640039110E-014  1.094281367684E-001
  3.501512157837E-002  1.214469635775E-003  2.245971002340E+003 -3.579681345041E+004  5.804230704053E+005  7.673707532574E-014  1.101300162504E-001
  3.624085128345E-002  1.237006698530E-003  2.202526884729E+003 -3.509250058105E+004  5.688306041289E+005  6.813384519074E-014  1.108493996835E-001
  3.748916916538E-002  1.259646331739E-003  2.159160473328E+003 -3.438966209041E+004  5.572665994182E+005  5.960349028736E-014  1.115866170014E-001
  3.876017882444E-002  1.282390598136E-003  2.115897882633E+003 -3.368872325511E+004  5.457381025499E+005  5.115080004536E-014  1.123420083618E-001
  4.005398593302E-002  1.305241579266E-003  2.072764716707E+003 -3.299010062468E+004  5.342520078075E+005  4.322016261786E-014  1.131159244394E-001
  4.137069825459E-002  1.328201375897E-003  2.029786046471E+003 -3.229420165228E+004  5.228150513617E+005  3.494978540307E-014  1.139087267297E-001
  4.271042566323E-002  1.351272108452E-003  1.986986388058E+003 -3.160142434384E+004  5.114338054739E+005  2.671973675063E-014  1.147207878626E-001
  4.407328016341E-002  1.374455917436E-003  1.944389682251E+003 -3.091215692601E+004  5.001146730281E+005  1.853472474511E-014  1.155524919276E-001
  4.545937591035E-002  1.397754963880E-003  1.902019275031E+003 -3.022677753303E+004  4.888638823963E+005  1.057958273131E-014  1.164042348093E-001
  4.686882923075E-002  1.421171429779E-003  1.859897899243E+003 -2.954565391309E+004  4.776874826433E+005  2.750638999891E-015  1.172764245344E-001
  4.830175864396E-002  1.444707518548E-003  1.818047657413E+003 -2.886914315417E+004  4.665913390719E+005 -4.314733868943E-015  1.181694816315E-001
  4.975828488365E-002  1.468365455478E-003  1.776490005710E+003 -2.819759142977E+004  4.555811291149E+005 -1.190310767201E-014  1.190838395011E-001
  5.123853091993E-002  1.492147488203E-003  1.735245739083E+003 -2.753133376448E+004  4.446623385733E+005 -1.880317103867E-014  1.200199447996E-001
  5.274262198188E-002  1.516055887169E-003  1.694334977564E+003 -2.687069381978E+004  4.338402582043E+005 -2.610120221757E-014  1.209782578348E-001
  5.427068558066E-002  1.540092946119E-003  1.653777153760E+003 -2.621598369985E+004  4.231199806591E+005 -3.292825465924E-014  1.219592529750E-001
  5.582285153302E-002  1.564260982573E-003  1.613591001528E+003 -2.556750377773E+004  4.125063977712E+005 -3.959615710489E-014  1.229634190709E-001
  5.739925198530E-002  1.588562338332E-003  1.573794545839E+003 -2.492554254154E+004  4.020041981940E+005 -4.615970330826E-014  1.239912598913E-001
  5.900002143803E-002  1.612999379973E-003  1.534405093832E+003 -2.429037646102E+004  3.916178653877E+005 -5.186426109053E-014  1.250432945722E-001
  6.062529677088E-002  1.637574499364E-003  1.495439227049E+003 -2.366226987408E+004  3.813516759529E+005 -5.815711483552E-014  1.261200580805E-001
  6.227521726827E-002  1.662290114181E-003  1.456912794861E+003 -2.304147489334E+004  3.712096983076E+005 -6.390878055464E-014  1.272221016914E-001
  6.394992464542E-002  1.687148668440E-003  1.418840909058E+003 -2.242823133257E+004  3.611957917071E+005 -6.954985193365E-014  1.283499934806E-001
  6.564956307496E-002  1.712152633027E-003  1.381237939613E+003 -2.182276665271E+004  3.513136055997E+005 -7.424175421482E-014  1.295043188310E-001
  6.737427921404E-002  1.737304506249E-003  1.344117511597E+003 -2.122529592736E+004  3.415665793163E+005 -7.908325898038E-014  1.306856809543E-001
  6.912422223211E-002  1.762606814387E-003  1.307492503241E+003 -2.063602182744E+004  3.319579420878E+005 -8.451567102030E-014  1.318947014276E-001
  7.089954383907E-002  1.788062112257E-003  1.271375045115E+003 -2.005513462473E+004  3.224907133844E+005 -8.861559507167E-014  1.331320207447E-001
  7.270039831418E-002  1.813672983787E-003  1.235776520429E+003 -1.948281221395E+004  3.131677035726E+005 -9.190427962204E-014  1.343982988827E-001
  7.452694253540E-002  1.839442042599E-003  1.200707566420E+003 -1.891922015309E+004  3.039915148794E+005 -9.629281699922E-014  1.356942158837E-001
  7.637933600943E-002  1.865371932600E-003  1.166178076807E+003 -1.836451172148E+004  2.949645426611E+005 -9.972888129371E-014  1.370204724507E-001
  7.825774090225E-002  1.891465328589E-003  1.132197205299E+003 -1.781882799535E+004  2.860889769653E+005 -1.030233027926E-013  1.383777905588E-001
  8.016232207035E-002  1.917724936867E-003  1.098773370125E+003 -1.728229794028E+004  2.773668043797E+005 -1.054329225554E-013  1.397669140808E-001
  8.209324709253E-002  1.944153495867E-003  1.065914259565E+003 -1.675503852018E+004  2.687998101583E+005 -1.079365237324E-013  1.411886094259E-001
  8.405068630235E-002  1.970753776782E-003  1.033626838449E+003 -1.623715482221E+004  2.603895806169E+005 -1.095483264934E-013  1.426436661931E-001
  8.603481282122E-002  1.997528584221E-003  1.001917355597E+003 -1.572874019727E+004  2.521375057866E+005 -1.122211147242E-013  1.441328978363E-001
  8.804580259214E-002  2.024480756857E-003  9.707913521833E+002 -1.522987641528E+004  2.440447823180E+005 -1.138869330012E-013  1.456571423420E-001
  9.008383441408E-002  2.051613168108E-003  9.402536709646E+002 -1.474063383498E+004  2.361124166229E+005 -1.151675513468E-013  1.472172629179E-001
  9.214908997710E-002  2.078928726810E-003  9.103084663715E+002 -1.426107158738E+004  2.283412282461E+005 -1.156465260065E-013  1.488141486912E-001
  9.424175389809E-002  2.106430377918E-003  8.809592154080E+002 -1.379123777250E+004  2.207318534536E+005 -1.163376038453E-013  1.504487154154E-001
  9.636201375725E-002  2.134121103210E-003  8.522087293325E+002 -1.333116966861E+004  2.132847490280E+005 -1.165271480235E-013  1.521219061836E-001
  9.851006013526E-002  2.162003922007E-003  8.240591660848E+002 -1.288089395342E+004  2.060001962599E+005 -1.164378663403E-013  1.538346921470E-001
  1.006860866512E-001  2.190081891910E-003  7.965120434199E+002 -1.244042693664E+004  1.988783051221E+005 -1.152551580589E-013  1.555880732358E-001
  1.028902900012E-001  2.218358109541E-003  7.695682527140E+002 -1.200977480304E+004  1.919190186165E+005 -1.142676671855E-013  1.573830788794E-001
  1.051228699979E-001  2.246835711311E-003  7.432280734032E+002 -1.158893386564E+004  1.851221172816E+005 -1.131930600102E-013  1.592207687246E-001
  1.073840296104E-001  2.275517874190E-003  7.174911880163E+002 -1.117789082807E+004  1.784872238486E+005 -1.113114764799E-013  1.611022333457E-001
  1.096739750056E-001  2.304407816497E-003  6.923566977647E+002 -1.077662305564E+004  1.720138080331E+005 -1.095231995374E-013  1.630285949455E-001
  1.119929155896E-001  2.333508798707E-003  6.678231386474E+002 -1.038509885435E+004  1.657011914524E+005 -1.071629001815E-013  1.650010080396E-001
  1.143410640503E-001  2.362824124271E-003  6.438884980335E+002 -1.000327775708E+004  1.595485526548E+005 -1.043486897167E-013  1.670206601214E-001
  1.167186364011E-001  2.392357140448E-003  6.205502316820E+002 -9.631110816448E+003  1.535549322486E+005 -1.011282104468E-013  1.690887723005E-001
  1.191258520249E-001  2.422111239159E-003  5.978052811582E+002 -9.268540903487E+003  1.477192381208E+005 -9.755910425916E-014  1.712065999076E-001
  1.215629337189E-001  2.452089857854E-003  5.756500916073E+002 -8.915503011528E+003  1.420402507307E+005 -9.380915369437E-014  1.733754330597E-001
  1.240301077413E-001  2.482296480400E-003  5.540806298463E+002 -8.571924564614E+003  1.365166284688E+005 -9.007447485329E-014  1.755965971751E-001
  1.265276038575E-001  2.512734637975E-003  5.330924027328E+002 -8.237725729738E+003  1.311469130685E+005 -8.530366378423E-014  1.778714534313E-001
  1.290556553882E-001  2.543407909995E-003  5.126804757726E+002 -7.912819732250E+003  1.259295350588E+005 -8.127133369412E-014  1.802013991515E-001
  1.316144992580E-001  2.574319925047E-003  4.928394919263E+002 -7.597113173777E+003  1.208628192463E+005 -7.606580915862E-014  1.825878681112E-001
  1.342043760450E-001  2.605474361847E-003  4.735636905776E+002 -7.290506351980E+003  1.159449902162E+005 -7.081965487466E-014  1.850323307486E-001
  1.368255300316E-001  2.636874950214E-003  4.548469266227E+002 -6.992893581531E+003  1.111741778408E+005 -6.467333852048E-014  1.875362942648E-001
  1.394782092560E-001  2.668525472060E-003  4.366826896459E+002 -6.704163515664E+003  1.065484227839E+005 -5.929288681467E-014  1.901013025970E-001
  1.421626655646E-001  2.700429762411E-003  4.190641231428E+002 -6.424199467685E+003  1.020656819922E+005 -5.324016223470E-014  1.927289362452E-001
  1.448791546661E-001  2.732591710434E-003  4.019840437560E+002 -6.152879731841E+003  9.772383416223E+004 -4.645224950050E-014  1.954208119316E-001
  1.476279361856E-001  2.765015260497E-003  3.854349604866E+002 -5.890077902958E+003  9.352068517275E+004 -4.026166523506E-014  1.981785820697E-001
  1.504092737207E-001  2.797704413242E-003  3.694090938483E+002 -5.635663194279E+003  8.945397347428E+004 -3.300653272669E-014  2.010039340162E-001
  1.532234348983E-001  2.830663226680E-003  3.538983949304E+002 -5.389500752945E+003  8.552137542502E+004 -2.618117913796E-014  2.038985890786E-001
  1.560706914324E-001  2.863895817319E-003  3.388945643360E+002 -5.151451972593E+003  8.172051056509E+004 -1.861823752149E-014  2.068643012447E-001
  1.589513191834E-001  2.897406361298E-003  3.243890709648E+002 -4.921374802541E+003  7.804894682018E+004 -1.156532688865E-014  2.099028556011E-001
  1.618655982178E-001  2.931199095559E-003  3.103731706102E+002 -4.699124053081E+003  7.450420562652E+004 -4.578635030620E-015  2.130160664009E-001
  1.648138128702E-001  2.965278319033E-003  2.968379243405E+002 -4.484551696402E+003  7.108376696934E+004  4.021426166245E-015  2.162057747388E-001
  1.677962518056E-001  2.999648393860E-003  2.837742166371E+002 -4.277507162680E+003  6.778507432738E+004  1.231919623061E-014  2.194738457875E-001
  1.708132080832E-001  3.034313746623E-003  2.711727732613E+002 -4.077837630923E+003  6.460553951655E+004  1.938991212646E-014  2.228221655442E-001
  1.738649792215E-001  3.069278869616E-003  2.590241788262E+002 -3.885388314152E+003  6.154254742605E+004  2.743152160466E-014  2.262526370338E-001
  1.769518672648E-001  3.104548322136E-003  2.473188940470E+002 -3.700002738538E+003  5.859346064085E+004  3.562497704583E-014  2.297671759077E-001
  1.800741788507E-001  3.140126731803E-003  2.360472726485E+002 -3.521523016142E+003  5.575562394489E+004  4.328626391479E-014  2.333677053739E-001
  1.832322252791E-001  3.176018795904E-003  2.251995779073E+002 -3.349790110908E+003  5.302636869956E+004  5.168166885526E-014  2.370561503901E-001
  1.864263225826E-001  3.212229282769E-003  2.147659988080E+002 -3.184644097616E+003  5.040301709275E+004  5.961828301250E-014  2.408344310447E-001
  1.896567915983E-001  3.248763033179E-003  2.047366657952E+002 -3.025924413495E+003  4.788288625398E+004  6.760573363275E-014  2.447044550469E-001
  1.929239580409E-001  3.285624961791E-003  1.951016661038E+002 -2.873470102241E+003  4.546329223171E+004  7.509618704935E-014  2.486681092419E-001
  1.962281525771E-001  3.322820058613E-003  1.858510586505E+002 -2.727120050200E+003  4.314155382922E+004  8.288662234765E-014  2.527272500631E-001
  1.995697109023E-001  3.360353390492E-003  1.769748884726E+002 -2.586713214504E+003  4.091499629604E+004  9.017544795706E-014  2.568836928305E-001
  2.029489738173E-001  3.398230102644E-003  1.684632007006E+002 -2.452088842970E+003  3.878095487220E+004  9.743099458988E-014  2.611391997988E-001
  2.063662873085E-001  3.436455420218E-003  1.603060540525E+002 -2.323086685610E+003  3.673677818313E+004  1.049595542866E-013  2.654954668608E-001
  2.098220026275E-001  3.475034649885E-003  1.524935338392E+002 -2.199547197589E+003  3.477983148335E+004  1.114551011540E-013  2.699541088077E-001
  2.133164763746E-001  3.513973181471E-003  1.450157644723E+002 -2.081311733538E+003  3.290749974754E+004  1.185742410004E-013  2.745166430512E-001
  2.168500705817E-001  3.553276489620E-003  1.378629214659E+002 -1.968222733120E+003  3.111719060803E+004  1.248293948592E-013  2.791844717164E-001
  2.204231527988E-001  3.592950135496E-003  1.310252429265E+002 -1.860123897779E+003  2.940633713813E+004  1.297168534838E-013  2.839588620200E-001
  2.240360961807E-001  3.632999768520E-003  1.244930405252E+002 -1.756860358620E+003  2.777240048099E+004  1.353816536340E-013  2.888409248594E-001
  2.276892795770E-001  3.673431128145E-003  1.182567099496E+002 -1.658278835416E+003  2.621287232424E+004  1.403580254721E-013  2.938315915516E-001
  2.313830876220E-001  3.714250045674E-003  1.123067408313E+002 -1.564227786706E+003  2.472527722099E+004  1.447572752432E-013  2.989315886828E-001
  2.351179108282E-001  3.755462446115E-003  1.066337261494E+002 -1.474557551036E+003  2.330717475787E+004  1.491268006900E-013  3.041414110502E-001
  2.388941456809E-001  3.797074350078E-003  1.012283711082E+002 -1.389120479351E+003  2.195616157161E+004  1.532292553149E-013  3.094612927149E-001
  2.427121947345E-001  3.839091875711E-003  9.608150149214E+001 -1.307771058614E+003  2.066987321544E+004  1.558170429267E-013  3.148911762188E-001
  2.465724667110E-001  3.881521240686E-003  9.118407149858E+001 -1.230366026721E+003  1.944598587732E+004  1.592766508475E-013  3.204306800707E-001
  2.504753766009E-001  3.924368764227E-003  8.652717105250E+001 -1.156764478801E+003  1.828221795216E+004  1.611152694124E-013  3.260790646608E-001
  2.544213457654E-001  3.967640869177E-003  8.210203260780E+001 -1.086827965026E+003  1.717633147036E+004  1.627024692081E-013  3.318351968312E-001
  2.584108020414E-001  4.011344084122E-003  7.790003744013E+001 -1.020420580036E+003  1.612613338544E+004  1.639993870194E-013  3.376975134054E-001
  2.624441798480E-001  4.055485045557E-003  7.391272143802E+001 -9.574090441422E+002  1.512947672368E+004  1.642907353144E-013  3.436639840698E-001
  2.665219202956E-001  4.100070500102E-003  7.013178039942E+001 -8.976627764535E+002  1.418426159894E+004  1.637256397098E-013  3.497320740956E-001
  2.706444712976E-001  4.145107306769E-003  6.654907484201E+001 -8.410539600965E+002  1.328843609610E+004  1.625035428959E-013  3.558987074945E-001
  2.748122876832E-001  4.190602439283E-003  6.315663433620E+001 -7.874575997189E+002  1.243999702659E+004  1.611069380601E-013  3.621602313194E-001
  2.790258313137E-001  4.236562988450E-003  5.994666137078E+001 -7.367515714635E+002  1.163699055992E+004  1.591846605474E-013  3.685123819348E-001
  2.832855712010E-001  4.282996164587E-003  5.691153476154E+001 -6.888166656226E+002  1.087751273499E+004  1.568745160754E-013  3.749502542035E-001
  2.875919836279E-001  4.329909300005E-003  5.404381261423E+001 -6.435366221866E+002  1.015970985542E+004  1.536946447566E-013  3.814682746514E-001
  2.919455522717E-001  4.377309851548E-003  5.133623485358E+001 -6.007981595108E+002  9.481778772943E+003  1.499667937066E-013  3.880601797773E-001
  2.963467683296E-001  4.425205403192E-003  4.878172533080E+001 -5.604909963336E+002  8.841967063309E+003  1.461673670827E-013  3.947190007642E-001
  3.007961306479E-001  4.473603668706E-003  4.637339352241E+001 -5.225078673838E+002  8.238573099013E+003  1.413473597575E-013  4.014370559112E-001
  3.052941458522E-001  4.522512494374E-003  4.410453583381E+001 -4.867445328240E+002  7.669946023415E+003  1.358914193933E-013  4.082059521368E-001
  3.098413284823E-001  4.571939861783E-003  4.196863652119E+001 -4.530997817791E+002  7.134485630776E+003  1.307021236513E-013  4.150165968861E-001
  3.144382011281E-001  4.621893890671E-003  3.995936824618E+001 -4.214754302062E+002  6.630642156812E+003  1.246492323650E-013  4.218592217108E-001
  3.190852945695E-001  4.672382841850E-003  3.807059227728E+001 -3.917763133625E+002  6.156915984409E+003  1.185152660409E-013  4.287234186549E-001
  3.237831479192E-001  4.723415120192E-003  3.629635835305E+001 -3.639102731336E+002  5.711857269162E+003  1.128564698368E-013  4.355981903838E-001
  3.285323087679E-001  4.774999277691E-003  3.463090422175E+001 -3.377881404837E+002  5.294065489377E+003  1.064862983358E-013  4.424720147159E-001
  3.333333333333E-001  4.827144016591E-003  3.306865487255E+001 -3.133237132919E+002  4.902188925206E+003  9.980663018578E-014  4.493329238700E-001
  3.381867866117E-001  4.879858192602E-003  3.160422147339E+001 -2.904337298375E+002  4.534924071518E+003  9.352730878851E-014  4.561685983201E-001
  3.430932425333E-001  4.933150818173E-003  3.023240003068E+001 -2.690378381972E+002  4.191014989105E+003  8.725373783862E-014  4.629664746689E-001
  3.480532841203E-001  4.987031065868E-003  2.894816978615E+001 -2.490585618172E+002  3.869252598756E+003  8.106099287737E-014  4.697138664246E-001
  3.530675036492E-001  5.041508271801E-003  2.774669136590E+001 -2.304212615178E+002  3.568473922679E+003  7.458387346481E-014  4.763980960148E-001
  3.581365028158E-001  5.096591939172E-003  2.662330469695E+001 -2.130540941883E+002  3.287561277675E+003  6.832320120478E-014  4.830066358230E-001
  3.632608929041E-001  5.152291741875E-003  2.557352670616E+001 -1.968879684254E+002  3.025441424389E+003  6.300091777907E-014  4.895272555186E-001
  3.684412949588E-001  5.208617528209E-003  2.459304881653E+001 -1.818564973651E+002  2.781084676871E+003  5.735064981191E-014  4.959481725043E-001
  3.736783399619E-001  5.265579324662E-003  2.367773425544E+001 -1.678959489519E+002  2.553503976584E+003  5.221548425557E-014  5.022582019554E-001
  3.789726690123E-001  5.323187339805E-003  2.282361518957E+001 -1.549451938868E+002  2.341753934884E+003  4.755399264572E-014  5.084469027078E-001
  3.843249335105E-001  5.381451968273E-003  2.202688970047E+001 -1.429456514864E+002  2.144929847880E+003  4.362890372557E-014  5.145047151864E-001
  3.897357953460E-001  5.440383794842E-003  2.128391861499E+001 -1.318412336840E+002  1.962166687470E+003  3.972698218077E-014  5.204230876657E-001
  3.952059270903E-001  5.499993598618E-003  2.059122220414E+001 -1.215782873931E+002  1.792638072204E+003  3.571481693612E-014  5.261945874303E-001
  4.007360121927E-001  5.560292357317E-003  1.994547676378E+001 -1.121055354485E+002  1.635555221517E+003  3.321961710635E-014  5.318129938393E-001
  4.063267451812E-001  5.621291251662E-003  1.934351109017E+001 -1.033740163348E+002  1.490165896703E+003  3.067194893389E-014  5.372733708813E-001
  4.119788318683E-001  5.683001669888E-003  1.878230286294E+001 -9.533702290197E+001  1.355753331900E+003  2.771079551545E-014  5.425721175004E-001
  4.176929895600E-001  5.745435212354E-003  1.825897494791E+001 -8.795004026107E+001  1.231635158174E+003  2.568370935058E-014  5.477069947455E-001
  4.234699472710E-001  5.808603696282E-003  1.777079163140E+001 -8.117068304694E+001  1.117162323665E+003  2.359040738273E-014  5.526771295936E-001
  4.293104459435E-001  5.872519160606E-003  1.731515479762E+001 -7.495863222393E+001  1.011718012606E+003  2.164643039547E-014  5.574829960837E-001
  4.352152386716E-001  5.937193870949E-003  1.688960006006E+001 -6.927557160478E+001  9.147165658609E+002  1.998317297543E-014  5.621263751279E-001
  4.411850909306E-001  6.002640324729E-003  1.649179285755E+001 -6.408512424336E+001  8.256024055026E+002  1.874181253218E-014  5.666102949960E-001
  4.472207808110E-001  6.068871256391E-003  1.611952452483E+001 -5.935278885411E+001  7.438489657688E+002  1.641966353678E-014  5.709389549851E-001
  4.533230992589E-001  6.135899642772E-003  1.577070834766E+001 -5.504587640240E+001  6.689576326125E+002  1.503696808235E-014  5.751176351507E-001
  4.594928503202E-001  6.203738708611E-003  1.544337561129E+001 -5.113344700169E+001  6.004566938917E+002  1.207750642292E-014  5.791525951970E-001
  4.657308513924E-001  6.272401932198E-003  1.513567165122E+001 -4.758624724514E+001  5.379003021073E+002  1.091469145678E-014  5.830509657016E-001
  4.720379334802E-001  6.341903051163E-003  1.484585191438E+001 -4.437664809074E+001  4.808674514457E+002  8.076605327267E-015  5.868206347828E-001
  4.784149414579E-001  6.412256068427E-003  1.457227803865E+001 -4.147858341086E+001  4.289609707397E+002  5.363588364586E-015  5.904701331477E-001
  4.848627343381E-001  6.483475258298E-003  1.431341395779E+001 -3.886748930908E+001  3.818065338207E+002  1.365147776137E-015  5.940085201869E-001
  4.913821855461E-001  6.555575172733E-003  1.406782203885E+001 -3.652024429896E+001  3.390516885951E+002 -2.525418411598E-015  5.974452734450E-001
  4.979741832006E-001  6.628570647764E-003  1.383415925837E+001 -3.441511043144E+001  3.003649060445E+002 -6.805394583793E-015  6.007901834197E-001
  5.046396304008E-001  6.702476810086E-003  1.361117342316E+001 -3.253167545019E+001  2.654346502171E+002 -1.174565267635E-014  6.040532552447E-001
  5.113794455212E-001  6.777309083830E-003  1.339769944142E+001 -3.085079604620E+001  2.339684701508E+002 -1.690480503864E-014  6.072446184177E-001
  5.181945625116E-001  6.853083197508E-003  1.319265564900E+001 -2.935454227594E+001  2.056921145468E+002 -2.309202984314E-014  6.103744453619E-001
  5.250859312060E-001  6.929815191146E-003  1.299504019552E+001 -2.802614320004E+001  1.803486698928E+002 -2.966281199213E-014  6.134528792674E-001
  5.320545176366E-001  7.007521423604E-003  1.280392749454E+001 -2.684993379280E+001  1.576977226224E+002 -3.641801865415E-014  6.164899713588E-001
  5.391013043575E-001  7.086218580100E-003  1.261846474165E+001 -2.581130316584E+001  1.375145457895E+002 -4.378083929892E-014  6.194956274801E-001
  5.462272907741E-001  7.165923679926E-003  1.243786850373E+001 -2.489664414321E+001  1.195893106312E+002 -5.155745285705E-014  6.224795636835E-001
  5.534334934816E-001  7.246654084380E-003  1.226142138252E+001 -2.409330421876E+001  1.037263232958E+002 -6.033987418988E-014  6.254512703446E-001
  5.607209466109E-001  7.328427504912E-003  1.208846875511E+001 -2.338953792112E+001  8.974328691933E+001 -6.921174950332E-014  6.284199842131E-001
  5.680907021827E-001  7.411262011483E-003  1.191841559374E+001 -2.277446060558E+001  7.747058914577E+001 -7.809855064413E-014  6.313946677292E-001
  5.755438304707E-001  7.495176041166E-003  1.175072336671E+001 -2.223800368744E+001  6.675061510328E+001 -8.790535440884E-014  6.343839948889E-001
  5.830814203728E-001  7.580188406970E-003  1.158490702221E+001 -2.177087132585E+001  5.743708577251E+001 -9.698357516090E-014  6.373963429317E-001
  5.907045797917E-001  7.666318306912E-003  1.142053205633E+001 -2.136449856280E+001  4.939442161019E+001 -1.068564181291E-013  6.404397891244E-001
  5.984144360243E-001  7.753585333338E-003  1.125721166630E+001 -2.101101091740E+001  4.249713122486E+001 -1.164543571124E-013  6.435221119467E-001
  6.062121361613E-001  7.842009482502E-003  1.109460398980E+001 -2.070318543137E+001  3.662922483990E+001 -1.260866104201E-013  6.466507960171E-001
  6.140988474955E-001  7.931611164409E-003  1.093240943073E+001 -2.043441315796E+001  3.168365222244E+001 -1.360002736816E-013  6.498330401474E-001
  6.220757579409E-001  8.022411212936E-003  1.077036807182E+001 -2.019866308282E+001  2.756176470540E+001 -1.453857977266E-013  6.530757679682E-001
  6.301440764614E-001  8.114430896230E-003  1.060825717411E+001 -1.999044746217E+001  2.417280088284E+001 -1.549753392929E-013  6.563856406205E-001
  6.383050335109E-001  8.207691927403E-003  1.044588876305E+001 -1.980478856050E+001  2.143339551748E+001 -1.639312874208E-013  6.597690710678E-001
  6.465598814833E-001  8.302216475524E-003  1.028310730095E+001 -1.963718676738E+001  1.926711116114E+001 -1.715359268265E-013  6.632322396360E-001
  6.549098951744E-001  8.398027176926E-003  1.011978744516E+001 -1.948359007052E+001  1.760399195665E+001 -1.793947451669E-013  6.667811104434E-001
  6.633563722545E-001  8.495147146827E-003  9.955831891332E+000 -1.934036485984E+001  1.638013906069E+001 -1.868988759133E-013  6.704214484301E-001
  6.719006337539E-001  8.593599991288E-003  9.791169300814E+000 -1.920426803543E+001  1.553730710266E+001 -1.931262546328E-013  6.741588367439E-001
  6.805440245593E-001  8.693409819506E-003  9.625752311222E+000 -1.907242039072E+001  1.502252107403E+001 -1.989364167039E-013  6.779986942793E-001
  6.892879139233E-001  8.794601256469E-003  9.459555629049E+000 -1.894228124033E+001  1.478771302579E+001 -2.035582737097E-013  6.819462932047E-001
  6.981336959871E-001  8.897199455961E-003  9.292574203052E+000 -1.881162426097E+001  1.478937793826E+001 -2.073116609278E-013  6.860067763453E-001
  7.070827903152E-001  9.001230113956E-003  9.124821477074E+000 -1.867851451286E+001  1.498824811746E+001 -2.103442319167E-013  6.901851743186E-001
  7.161366424455E-001  9.106719482390E-003  8.956327720864E+000 -1.854128660789E+001  1.534898546558E+001 -2.120205424032E-013  6.944864223427E-001
  7.252967244510E-001  9.213694383338E-003  8.787138437395E+000 -1.839852399031E+001  1.583989096905E+001 -2.127672833186E-013  6.989153766632E-001
  7.345645355186E-001  9.322182223606E-003  8.617312845078E+000 -1.824903929517E+001  1.643263074670E+001 -2.123222839272E-013  7.034768305586E-001
  7.439416025400E-001  9.432211009745E-003  8.446922433257E+000 -1.809185574940E+001  1.710197800183E+001 -2.108220769836E-013  7.081755299018E-001
  7.534294807203E-001  9.543809363512E-003  8.276049589296E+000 -1.792618958016E+001  1.782557022601E+001 -2.072332348829E-013  7.130161882703E-001
  7.630297542000E-001  9.657006537783E-003  8.104786295535E+000 -1.775143339510E+001  1.858368100809E+001 -2.029549420928E-013  7.180035016039E-001
  7.727440366954E-001  9.771832432940E-003  7.933232894364E+000 -1.756714049920E+001  1.935900581019E+001 -1.971557141860E-013  7.231421624224E-001
  7.825739721536E-001  9.888317613741E-003  7.761496919649E+000 -1.737301011325E+001  2.013646108183E+001 -1.898458523577E-013  7.284368736207E-001
  7.925212354258E-001  1.000649332670E-002  7.589691992721E+000 -1.716887345903E+001  2.090299609502E+001 -1.816217191286E-013  7.338923618646E-001
  8.025875329584E-001  1.012639151798E-002  7.417936781113E+000 -1.695468067692E+001  2.164741689574E+001 -1.718181308197E-013  7.395133906159E-001
  8.127746035011E-001  1.024804485184E-002  7.246354018279E+000 -1.673048854217E+001  2.236022178112E+001 -1.602589772496E-013  7.453047728194E-001
  8.230842188350E-001  1.037148672960E-002  7.075069582455E+000 -1.649644894640E+001  2.303344772721E+001 -1.474424444566E-013  7.512713832857E-001
  8.335181845190E-001  1.049675130923E-002  6.904211632899E+000 -1.625279811193E+001  2.366052720776E+001 -1.334671008704E-013  7.574181708084E-001
  8.440783406568E-001  1.062387352550E-002  6.733909801712E+000 -1.599984650696E+001  2.423615486171E+001 -1.183770135261E-013  7.637501700533E-001
  8.547665626839E-001  1.075288911077E-002  6.564294439469E+000 -1.573796943040E+001  2.475616348428E+001 -1.018842704576E-013  7.702725132598E-001
  8.655847621758E-001  1.088383461638E-002  6.395495912917E+000 -1.546759823629E+001  2.521740883485E+001 -8.485299995903E-014  7.769904417960E-001
  8.765348876780E-001  1.101674743475E-002  6.227643952985E+000 -1.518921216809E+001  2.561766277274E+001 -6.560459720345E-014  7.839093176082E-001
  8.876189255584E-001  1.115166582209E-002  6.060867051409E+000 -1.490333077442E+001  2.595551425126E+001 -4.594127081393E-014  7.910346346075E-001
  8.988389008829E-001  1.128862892191E-002  5.895291904274E+000 -1.461050687849E+001  2.623027771851E+001 -2.485872483164E-014  7.983720300349E-001
  9.101968783143E-001  1.142767678917E-002  5.731042900794E+000 -1.431132007445E+001  2.644190849276E+001 -3.486976941053E-015  8.059272958489E-001
  9.216949630368E-001  1.156885041525E-002  5.568241655695E+000 -1.400637072475E+001  2.659092469858E+001  1.890168373472E-014  8.137063901764E-001
  9.333353017046E-001  1.171219175365E-002  5.407006583582E+000 -1.369627443357E+001  2.667833536882E+001  4.196954132115E-014  8.217154488723E-001
  9.451200834176E-001  1.185774374655E-002  5.247452513679E+000 -1.338165697226E+001  2.670557433568E+001  6.482618639395E-014  8.299607972298E-001
  9.570515407237E-001  1.200555035216E-002  5.089690343386E+000 -1.306314963348E+001  2.667443955231E+001  8.891049834205E-014  8.384489618859E-001
  9.691319506484E-001  1.215565657299E-002  4.933826729109E+000 -1.274138499202E+001  2.658703750397E+001  1.124213422069E-013  8.471866829664E-001
  9.813636357544E-001  1.230810848498E-002  4.779963812819E+000 -1.241699305058E+001  2.644573238530E+001  1.369440273927E-013  8.561809265158E-001
  9.937489652293E-001  1.246295326757E-002  4.628198982871E+000 -1.209059775010E+001  2.625309973662E+001  1.596656599955E-013  8.654388972581E-001
  1.006290356005E+000  1.262023923477E-002  4.478624667589E+000 -1.176281382483E+001  2.601188424905E+001  1.838379985312E-013  8.749680517341E-001
  1.018990273907E+000  1.278001586715E-002  4.331328160174E+000 -1.143424398317E+001  2.572496146337E+001  2.069046704236E-013  8.847761118663E-001
  1.031851234841E+000  1.294233384499E-002  4.186391473497E+000 -1.110547639602E+001  2.539530310321E+001  2.287068331995E-013  8.948710789964E-001
  1.044875806003E+000  1.310724508236E-002  4.043891223386E+000 -1.077708247531E+001  2.502594579735E+001  2.508227099265E-013  9.052612484509E-001
  1.058066607138E+000  1.327480276248E-002  3.903898538996E+000 -1.044961492572E+001  2.461996295999E+001  2.707376508087E-013  9.159552246834E-001
  1.071426311823E+000  1.344506137405E-002  3.766478998916E+000 -1.012360605381E+001  2.418043961115E+001  2.901658407641E-013  9.269619370505E-001
  1.084957648792E+000  1.361807674895E-002  3.631692591654E+000 -9.799566318829E+000  2.371044993199E+001  3.071713992828E-013  9.382906562773E-001
  1.098663403298E+000  1.379390610110E-002  3.499593699167E+000 -9.477983110542E+000  2.321303736174E+001  3.235882740866E-013  9.499510116714E-001
  1.112546418516E+000  1.397260806657E-002  3.370231102145E+000 -9.159319739863E+000  2.269119705462E+001  3.378536069324E-013  9.619530091473E-001
  1.126609596985E+000  1.415424274514E-002  3.243648005740E+000 -8.844014628519E+000  2.214786052546E+001  3.499430327730E-013  9.743070501253E-001
  1.140855902095E+000  1.433887174317E-002  3.119882084469E+000 -8.532480684690E+000  2.158588232333E+001  3.599108994201E-013  9.870239513742E-001
  1.155288359613E+000  1.452655821788E-002  2.998965545057E+000 -8.225104851945E+000  2.100802858158E+001  3.674624992139E-013  1.000114965867E+000
  1.169910059257E+000  1.471736692327E-002  2.880925205956E+000 -7.922247819355E+000  2.041696730213E+001  3.730384550128E-013  1.013591804729E+000
  1.184724156317E+000  1.491136425740E-002  2.765782592354E+000 -7.624243881059E+000  1.981526023988E+001  3.753218097816E-013  1.027466660346E+000
  1.199733873325E+000  1.510861831145E-002  2.653554045457E+000 -7.331400934049E+000  1.920535626114E+001  3.751293347814E-013  1.041752230742E+000
  1.214942501771E+000  1.530919892035E-002  2.544250844886E+000 -7.044000603332E+000  1.858958605756E+001  3.716960433663E-013  1.056461745278E+000
  1.230353403874E+000  1.551317771520E-002  2.437879343029E+000 -6.762298484026E+000  1.797015810358E+001  3.650528395035E-013  1.071608991802E+000
  1.245970014403E+000  1.572062817747E-002  2.334441110216E+000 -6.486524490357E+000  1.734915575218E+001  3.564027085596E-013  1.087208345328E+000
  1.261795842559E+000  1.593162569510E-002  2.233933089630E+000 -6.216883301871E+000  1.672853536970E+001  3.432153023586E-013  1.103274798358E+000
  1.277834473907E+000  1.614624762054E-002  2.136347760843E+000 -5.953554897565E+000  1.611012541599E+001  3.269843701938E-013  1.119823992958E+000
  1.294089572372E+000  1.636457333079E-002  2.041673310959E+000 -5.696695168965E+000  1.549562638182E+001  3.079975223128E-013  1.136872254713E+000
  1.310564882294E+000  1.658668428962E-002  1.949893812315E+000 -5.446436603561E+000  1.488661150008E+001  2.850296988570E-013  1.154436628679E+000
  1.327264230548E+000  1.681266411190E-002  1.860989405748E+000 -5.202889030321E+000  1.428452815223E+001  2.592126009474E-013  1.172534917485E+000
  1.344191528724E+000  1.704259863026E-002  1.774936488479E+000 -4.966140419361E+000  1.369069989587E+001  2.300589520288E-013  1.191185721710E+000
  1.361350775387E+000  1.727657596408E-002  1.691707905663E+000 -4.736257728174E+000  1.310632904334E+001  1.971445516575E-013  1.210408482714E+000
  1.378746058390E+000  1.751468659100E-002  1.611273144723E+000 -4.513287787166E+000  1.253249972550E+001  1.618542388909E-013  1.230223528076E+000
  1.396381557275E+000  1.775702342093E-002  1.533598531602E+000 -4.297258217565E+000  1.197018137824E+001  1.232134453036E-013  1.250652119820E+000
  1.414261545744E+000  1.800368187279E-002  1.458647428109E+000 -4.088178375116E+000  1.142023259335E+001  8.189778773648E-014  1.271716505632E+000
  1.432390394201E+000  1.825475995395E-002  1.386380429573E+000 -3.886040313309E+000  1.088340527841E+001  3.787816673157E-014  1.293439973257E+000
  1.450772572390E+000  1.851035834267E-002  1.316755562069E+000 -3.690819760210E+000  1.036034907402E+001 -7.925614086700E-015  1.315846908315E+000
  1.469412652102E+000  1.877058047342E-002  1.249728478502E+000 -3.502477103318E+000  9.851615979787E+000 -5.712228032843E-014  1.338962855772E+000
  1.488315309978E+000  1.903553262542E-002  1.185252652894E+000 -3.320958377210E+000  9.357665143493E+000 -1.069708379075E-013  1.362814585308E+000
  1.507485330398E+000  1.930532401444E-002  1.123279572263E+000 -3.146196249058E+000  8.878867771283E+000 -1.590297634473E-013  1.387430160891E+000
  1.526927608467E+000  1.958006688797E-002  1.063758925498E+000 -2.978110997475E+000  8.415512119210E+000 -2.115537662691E-013  1.412839014821E+000
  1.546647153093E+000  1.985987662391E-002  1.006638788731E+000 -2.816611480448E+000  7.967808529714E+000 -2.648065534496E-013  1.439072026597E+000
  1.566649090169E+000  2.014487183303E-002  9.518658066913E-001 -2.661596088506E+000  7.535894479272E+000 -3.188842090962E-013  1.466161606946E+000
  1.586938665861E+000  2.043517446518E-002  8.993853696265E-001 -2.512953679557E+000  7.119839606284E+000 -3.726109310876E-013  1.494141787392E+000
  1.607521250000E+000  2.073090991960E-002  8.491417853735E-001 -2.370564492214E+000  6.719650690915E+000 -4.249914447393E-013  1.523048315783E+000
  1.628402339588E+000  2.103220715932E-002  8.010784462413E-001 -2.234301034726E+000  6.335276561307E+000 -4.766146186557E-013  1.552918758222E+000
  1.649587562420E+000  2.133919883002E-002  7.551379903889E-001 -2.104028946980E+000  5.966612903096E+000 -5.265612130900E-013  1.583792607890E+000
  1.671082680832E+000  2.165202138333E-002  7.112624574354E-001 -1.979607833352E+000  5.613506951724E+000 -5.739498857097E-013  1.615711401288E+000
  1.692893595565E+000  2.197081520497E-002  6.693934380757E-001 -1.860892064502E+000  5.275762049455E+000 -6.190540874326E-013  1.648718842474E+000
  1.715026349769E+000  2.229572474776E-002  6.294722175159E-001 -1.747731546513E+000  4.953142051360E+000 -6.605192590753E-013  1.682860935934E+000
  1.737487133138E+000  2.262689866987E-002  5.914399125842E-001 -1.639972456070E+000  4.645375566841E+000 -6.974560830653E-013  1.718186128763E+000
  1.760282286187E+000  2.296448997842E-002  5.552376024047E-001 -1.537457940650E+000  4.352160025438E+000 -7.296342681605E-013  1.754745462919E+000
  1.783418304674E+000  2.330865617868E-002  5.208064525619E-001 -1.440028782981E+000  4.073165557776E+000 -7.566604842399E-013  1.792592738370E+000
  1.806901844175E+000  2.365955942924E-002  4.880878327130E-001 -1.347524029267E+000  3.808038684513E+000 -7.783810485809E-013  1.831784688026E+000
  1.830739724818E+000  2.401736670327E-002  4.570234276382E-001 -1.259781580934E+000  3.556405808031E+000 -7.934529686852E-013  1.872381165473E+000
  1.854938936184E+000  2.438224995616E-002  4.275553417463E-001 -1.176638749855E+000  3.317876503417E+000 -8.013344518161E-013  1.914445346572E+000
  1.879506642368E+000  2.475438629994E-002  3.996261970818E-001 -1.097932777259E+000  3.092046606944E+000 -8.021919000843E-013  1.958043946130E+000
  1.904450187236E+000  2.513395818467E-002  3.731792249007E-001 -1.023501316671E+000  2.878501101785E+000 -7.950793708038E-013  2.003247450978E+000
  1.929777099847E+000  2.552115358717E-002  3.481583509067E-001 -9.531828814607E-001  2.676816802171E+000 -7.794334448313E-013  2.050130370874E+000
  1.955495100083E+000  2.591616620741E-002  3.245082742580E-001 -8.868172576805E-001  2.486564838436E+000 -7.545560699213E-013  2.098771508883E+000
  1.981612104475E+000  2.631919567292E-002  3.021745404704E-001 -8.242458830597E-001  2.307312946609E+000 -7.217792499927E-013  2.149254252961E+000
  2.008136232230E+000  2.673044775156E-002  2.811036083598E-001 -7.653121931071E-001  2.138627567233E+000 -6.792179074967E-013  2.201666890746E+000
  2.035075811486E+000  2.715013457311E-002  2.612429111783E-001 -7.098619354004E-001  1.980075758998E+000 -6.272664689562E-013  2.256102949703E+000
  2.062439385788E+000  2.757847486001E-002  2.425409121079E-001 -6.577434532156E-001  1.831226933554E+000 -5.654888311940E-013  2.312661565038E+000
  2.090235720801E+000  2.801569416771E-002  2.249471542849E-001 -6.088079397256E-001  1.691654418556E+000 -4.948439395037E-013  2.371447878062E+000
  2.118473811262E+000  2.846202513514E-002  2.084123055353E-001 -5.629096640465E-001  1.560936856489E+000 -4.144445842293E-013  2.432573467966E+000
  2.147162888201E+000  2.891770774564E-002  1.928881980040E-001 -5.199061704522E-001  1.438659447274E+000 -3.253457552941E-013  2.496156820309E+000
  2.176312426413E+000  2.938298959899E-002  1.783278628662E-001 -4.796584521010E-001  1.324415042946E+000 -2.264613160930E-013  2.562323835902E+000
  2.205932152222E+000  2.985812619504E-002  1.646855603083E-001 -4.420311006289E-001  1.217805102924E+000 -1.196611205634E-013  2.631208384174E+000
  2.236032051522E+000  3.034338122938E-002  1.519168049687E-001 -4.068924329653E-001  1.118440518465E+000 -5.481074122381E-015  2.702952905587E+000
  2.266622378129E+000  3.083902690182E-002  1.399783870268E-001 -3.741145967130E-001  1.025942314955E+000  1.158974202512E-013  2.777709068204E+000
  2.297713662445E+000  3.134534423818E-002  1.288283891257E-001 -3.435736554177E-001  9.399422405959E-001  2.433463840587E-013  2.855638484097E+000
  2.329316720450E+000  3.186262342603E-002  1.184261993146E-001 -3.151496550177E-001  8.600832499298E-001  3.763985899801E-013  2.936913491973E+000
  2.361442663038E+000  3.239116416519E-002  1.087325201913E-001 -2.887266727329E-001  7.860198904285E-001  5.135926035780E-013  3.021718013134E+000
  2.394102905709E+000  3.293127603351E-002  9.970937442403E-002 -2.641928496089E-001  7.174186001393E-001  6.533220807590E-013  3.110248488778E+000
  2.427309178642E+000  3.348327886897E-002  9.132010682609E-002 -2.414404078852E-001  6.539579240622E-001  7.942638319037E-013  3.202714907582E+000
  2.461073537146E+000  3.404750316862E-002  8.352938315554E-002 -2.203656543078E-001  5.953286566016E-001  9.353827647991E-013  3.299341933640E+000
  2.495408372530E+000  3.462429050548E-002  7.630318580689E-002 -2.008689704552E-001  5.412339170677E-001  1.074528795902E-012  3.400370146040E+000
  2.530326423398E+000  3.521399396401E-002  6.960880655897E-002 -1.828547910930E-001  4.913891648127E-001  1.210165439657E-012  3.506057402802E+000
  2.565840787378E+000  3.581697859546E-002  6.341483654008E-002 -1.662315715221E-001  4.455221601848E-001  1.340512628508E-012  3.616680343481E+000
  2.601964933334E+000  3.643362189376E-002  5.769115356819E-002 -1.509117448300E-001  4.033728770738E-001  1.463525268618E-012  3.732536046551E+000
  2.638712714049E+000  3.706431429322E-002  5.240890702196E-002 -1.368116699072E-001  3.646933724138E-001  1.576873686011E-012  3.853943859778E+000
  2.676098379430E+000  3.770945968912E-002  4.754050039579E-002 -1.238515710428E-001  3.292476176045E-001  1.678949441258E-012  3.981247424098E+000
  2.714136590232E+000  3.836947598236E-002  4.305957169067E-002 -1.119554698638E-001  2.968112964199E-001  1.766970006179E-012  4.114816914252E+000
  2.752842432351E+000  3.904479564947E-002  3.894097179096E-002 -1.010511103466E-001  2.671715735976E-001  1.839366842399E-012  4.255051522448E+000
  2.792231431696E+000  3.973586633921E-002  3.516074097664E-002 -9.106987758342E-002  2.401268379422E-001  1.894242592353E-012  4.402382214845E+000
  2.832319569669E+000  4.044315149734E-002  3.169608371936E-002 -8.194671095587E-002  2.154864234396E-001  1.928462738196E-012  4.557274794671E+000
  2.873123299289E+000  4.116713102086E-002  2.852534191066E-002 -7.362001233360E-002  1.930703115683E-001  1.940677722242E-012  4.720233310379E+000
  2.914659561979E+000  4.190830194354E-002  2.562796667001E-002 -6.603154988709E-002  1.727088177026E-001  1.929127648007E-012  4.891803852555E+000
  2.956945805065E+000  4.266717915414E-002  2.298448888036E-002 -5.912635807930E-002  1.542422642457E-001  1.891294420806E-012  5.072578789356E+000
  3.000000000000E+000  4.344429614932E-002  2.057648859843E-002 -5.285263437818E-002  1.375206428903E-001  1.826491625490E-012  5.263201497332E+000
  3.043840661365E+000  4.424020582308E-002  1.838656348666E-002 -4.716163321204E-002  1.224032681973E-001  1.732311628844E-012  5.464371652571E+000
  3.088486866678E+000  4.505548129460E-002  1.639829641282E-002 -4.200755767277E-002  1.087584244977E-001  1.607853733559E-012  5.676851156531E+000
  3.133958277047E+000  4.589071677685E-002  1.459622236255E-002 -3.734744945583E-002  9.646300795598E-002  1.453444612072E-012  5.901470781835E+000
  3.180275158719E+000  4.674652848797E-002  1.296579480813E-002 -3.314107751163E-002  8.540216549783E-002  1.265875822566E-012  6.139137636012E+000
  3.227458405560E+000  4.762355560797E-002  1.149335167500E-002 -2.935082586912E-002  7.546893217556E-002  1.048907328097E-012  6.390843555916E+000
  3.275529562509E+000  4.852246128332E-002  1.016608104463E-002 -2.594158107893E-002  6.656386844244E-002  7.996113913262E-013  6.657674562858E+000
  3.324510850077E+000  4.944393368200E-002  8.971986728648E-003 -2.288061970938E-002  5.859469871171E-002  5.191417100657E-013  6.940821528634E+000
  3.374425189910E+000  5.038868710203E-002  7.899853845225E-003 -2.013749631428E-002  5.147595249458E-002  2.090490256510E-013  7.241592226343E+000
  3.425296231502E+000  5.135746313639E-002  6.939214523096E-003 -1.768393227530E-002  4.512860933754E-002 -1.288065483524E-013  7.561424967661E+000
  3.477148380094E+000  5.235103189784E-002  6.080313853090E-003 -1.549370590428E-002  3.947974871076E-002 -4.929298977052E-013  7.901904060986E+000
  3.530006825834E+000  5.337019330676E-002  5.314076199975E-003 -1.354254417160E-002  3.446220593412E-002 -8.795091657083E-013  8.264777363516E+000
  3.583897574256E+000  5.441577844603E-002  4.632071980023E-003 -1.180801640486E-002  3.001423516295E-002 -1.285012398904E-012  8.651976245964E+000
  3.638847478148E+000  5.548865098670E-002  4.026485001417E-003 -1.026943027864E-002  2.607918038933E-002 -1.706295273468E-012  9.065638342762E+000
  3.694884270887E+000  5.658970868864E-002  3.490080455769E-003 -8.907730389870E-003  2.260515534659E-002 -2.138904501659E-012  9.508133524883E+000
  3.752036601308E+000  5.771988498079E-002  3.016173639655E-003 -7.705399685011E-003  1.954473313109E-002 -2.575838415087E-012  9.982093608939E+000
  3.810334070199E+000  5.888015062562E-002  2.598599475317E-003 -6.646363975254E-003  1.685464627731E-002 -3.011617679358E-012  1.049044640749E+001
  3.869807268505E+000  6.007151547295E-002  2.231682889761E-003 -5.715899743554E-003  1.449549793847E-002 -3.441956555238E-012  1.103645483471E+001
  3.930487817331E+000  6.129503030858E-002  1.910210101416E-003 -4.900545414220E-003  1.243148473482E-002 -3.855078334200E-012  1.162376191229E+001
  3.992408409843E+000  6.255178880352E-002  1.629400853657E-003 -4.188016221410E-003  1.063013173702E-002 -4.245713254938E-012  1.225644267777E+001
  4.055602855172E+000  6.384292957002E-002  1.384881624843E-003 -3.567122778246E-003  9.062039952066E-003 -4.602812051474E-012  1.293906418661E+001
  4.120106124432E+000  6.516963833101E-002  1.172659835362E-003 -3.027693413811E-003  7.700646576116E-003 -4.919711587319E-012  1.367675502782E+001
  4.185954398964E+000  6.653315021009E-002  9.890990636101E-004 -2.560500311675E-003  6.521998173425E-003 -5.184466555340E-012  1.447528604918E+001
  4.253185120935E+000  6.793475214960E-002  8.308952750361E-004 -2.157189451289E-003  5.504536834979E-003 -5.383983659912E-012  1.534116432320E+001
  4.321837046422E+000  6.937578546490E-002  6.950540614258E-004 -1.810214323390E-003  4.628899266757E-003 -5.510438406281E-012  1.628174279209E+001
  4.391950301120E+000  7.085764854355E-002  5.788688816589E-004 -1.512773362823E-003  3.877728657265E-003 -5.548570371714E-012  1.730534852615E+001
  4.463566438835E+000  7.238179969882E-002  4.799002902159E-004 -1.258751017499E-003  3.235499079517E-003 -5.487428764766E-012  1.842143313509E+001
  4.536728502895E+000  7.394976018725E-002  3.959561358432E-004 -1.042662350982E-003  2.688352095797E-003 -5.311125535112E-012  1.964074961292E+001
  4.611481090679E+000  7.556311740127E-002  3.250727099488E-004 -8.596010586441E-004  2.223945156031E-003 -5.008977615960E-012  2.097556080451E+001
  4.687870421430E+000  7.722352824817E-002  2.654968224758E-004 -7.051907637240E-004  1.831311314116E-003 -4.562279336549E-012  2.243988579666E+001
  4.765944407533E+000  7.893272272784E-002  2.156687821003E-004 -5.755394499377E-004  1.500729732105E-003 -3.962849939245E-012  2.404979190732E+001
  4.845752729492E+000  8.069250772248E-002  1.742062575033E-004 -4.671968815049E-004  1.223606400686E-003 -3.190408580241E-012  2.582374163409E+001
  4.927346914797E+000  8.250477101257E-002  1.398889970489E-004 -3.771148593088E-004  9.923644761682E-004 -2.239975887925E-012  2.778300600271E+001
  5.010780420931E+000  8.437148553436E-002  1.116443852831E-004 -3.026101631029E-004  8.003436192030E-004 -1.088930218437E-012  2.995215831948E+001
  5.096108722763E+000  8.629471389541E-002  8.853381609140E-005 -2.413300337686E-004  6.417077181201E-004  2.720185553899E-013  3.235966548889E+001
  5.183389404586E+000  8.827661316581E-002  6.973986391680E-005 -1.912200560786E-004  5.113603890922E-004  1.850698942068E-012  3.503859794305E+001
  5.272682257105E+000  9.031943996425E-002  5.455423598509E-005 -1.504943106645E-004  4.048676650224E-004  3.659643475792E-012  3.802748399678E+001
  5.364049379651E+000  9.242555585946E-002  4.236648982694E-005 -1.176076732900E-004  3.183873133709E-004  5.695683903276E-012  4.137134026800E+001
  5.457555287978E+000  9.459743310926E-002  3.265350138954E-005 -9.123014947556E-005  2.486042582185E-004  7.958091254051E-012  4.512291687641E+001
  5.553267027968E+000  9.683766076100E-002  2.496966957154E-005 -7.022314241664E-005  1.926716216535E-004  1.043909837267E-011  4.934420464025E+001
  5.651254295630E+000  9.914895113938E-002  1.893784300971E-005 -5.361756143159E-005  1.481569419865E-004  1.310921600286E-011  5.410826157895E+001
  5.751589563796E+000  1.015341467494E-001  1.424095434727E-005 -4.059368642462E-005  1.129931693489E-004  1.593933045509E-011  5.950142774880E+001
  5.854348215936E+000  1.039962276248E-001  1.061434601570E-005 -3.046271068416E-005  8.543408105282E-005  1.887535508553E-011  6.562601063472E+001
  5.959608687557E+000  1.065383191537E-001  7.838769798981E-006 -2.264988952639E-005  6.401379811756E-005  2.181516972365E-011  7.260353746032E+001
  6.067452615683E+000  1.091637004188E-001  5.734040193608E-006 -1.667922571960E-005  4.751011930916E-005  2.465876730509E-011  8.057868468213E+001
  6.177964996951E+000  1.118758130872E-001  4.153318935611E-006 -1.215962429922E-005  3.491141900912E-005  2.721157160210E-011  8.972400637268E+001
  6.291234354880E+000  1.146782708938E-001  2.978005169981E-006 -8.772449435168E-006  2.538687970513E-005  2.929276896257E-011  1.002455883537E+002
  6.407352916949E+000  1.175748697626E-001  2.113202739997E-006 -6.260414674209E-006  1.825984876532E-005  3.055319074807E-011  1.123897477643E+002
  6.526416802128E+000  1.205695986129E-001  1.483733134666E-006 -4.417735467114E-006  1.298412265804E-005  3.059486383711E-011  1.264508694354E+002
  6.648526219580E+000  1.236666509049E-001  1.030659912206E-006 -3.081469778070E-006  9.122970473156E-006  2.893487756379E-011  1.427804095822E+002
  6.773785679311E+000  1.268704369821E-001  7.082880660978E-007 -2.123969166949E-006  6.330713298742E-006  2.489367195857E-011  1.617969920461E+002
  6.902304215570E+000  1.301855972713E-001  4.815999484252E-007 -1.446359441956E-006  4.336677696434E-006  1.771090064935E-011  1.839973667264E+002
  7.034195623922E+000  1.336170164087E-001  3.240881166405E-007 -9.729671826187E-007  2.931341276638E-006  6.484721232056E-012  2.099678087470E+002
  7.169578712934E+000  1.371698383673E-001  2.159448956959E-007 -6.466064633194E-007  1.954487286061E-006 -9.755131896186E-012  2.403953727462E+002
  7.308577571516E+000  1.408494826628E-001  1.425685823171E-007 -4.246392278007E-007  1.285184198305E-006 -3.198359844538E-011  2.760784287316E+002
  7.451321853057E+000  1.446616617293E-001  9.334705961307E-008 -2.757231530840E-007  8.334064197579E-007 -6.070043418411E-011  3.179363646361E+002
  7.597947077547E+000  1.486123995567E-001  6.068109965712E-008 -1.771625834196E-007  5.331140750676E-007 -9.622929689110E-011  3.670196111569E+002
  7.748594953021E+000  1.527080516973E-001  3.921173837336E-008 -1.127812052073E-007  3.366138848456E-007 -1.378779968528E-010  4.245234837192E+002
  7.903413717736E+000  1.569553267535E-001  2.521871366403E-008 -7.123948023989E-008  2.100296240020E-007 -1.834811013122E-010  4.918123626353E+002
  8.062558504629E+000  1.613613094717E-001  1.615994746805E-008 -4.472529079845E-008  1.297195542752E-007 -2.305117234525E-010  5.704625032866E+002
  8.226191729726E+000  1.659334855793E-001  1.032529737996E-008 -2.795255205666E-008  7.948935546822E-008 -2.740991710275E-010  6.623276645787E+002
  8.394483506327E+000  1.706797685137E-001  6.581172785823E-009 -1.740945277162E-008  4.846206413325E-008 -3.111560355276E-010  7.696134586714E+002
  8.567612086926E+000  1.756085282071E-001  4.185978679514E-009 -1.080521493775E-008  2.948087137992E-008 -3.414963192437E-010  8.949004934841E+002
  8.745764335025E+000  1.807286221064E-001  2.659604299490E-009 -6.671540770804E-009  1.793576805191E-008 -3.716024207315E-010  1.040961680674E+003
  8.929136229160E+000  1.860494286260E-001  1.693218482150E-009 -4.081986492377E-009  1.092037204417E-008 -4.253979749258E-010  1.210048427074E+003
  9.117933401693E+000  1.915808832504E-001  1.088396185848E-009 -2.459149028702E-009  6.640274193280E-009 -5.524997235877E-010  1.402097068155E+003
  9.312371715124E+000  1.973335175235E-001  7.170320036880E-010 -1.445603397986E-009  4.008409741095E-009 -8.197166314683E-010  1.611366157419E+003
  9.512677878945E+000  2.033185011886E-001  4.955716220165E-010 -8.198679908230E-010  2.375913219691E-009 -1.309423045348E-009  1.822517085827E+003
  9.719090110332E+000  2.095476877688E-001  3.688082421882E-010 -4.432391535574E-010  1.358371980019E-009 -2.017219698352E-009  2.011130313791E+003
  9.931858842267E+000  2.160336639044E-001  2.998640645504E-010 -2.271133152612E-010  7.272036870067E-010 -2.829964534893E-009  2.154760192862E+003
  1.015124748302E+001  2.227898028021E-001  2.640378241639E-010 -1.134360247030E-010  3.440062333342E-010 -3.524321675050E-009  2.248114205291E+003
  1.037753323129E+001  2.298303221843E-001  2.449887843739E-010 -6.324856871831E-011  1.222242459846E-010 -3.995407969981E-009  2.304933238081E+003
  1.061100795175E+001  2.371703471699E-001  2.322913898684E-010 -5.003352919563E-011  5.482267713490E-012 -4.244479619045E-009  2.346187486185E+003
  1.085197911611E+001  2.448259785618E-001  2.197795826524E-010 -5.579219267070E-011 -4.435809872090E-011 -4.314837215342E-009  2.389890319630E+003
  1.110077081537E+001  2.528143670735E-001  2.043494035304E-010 -6.862286762037E-011 -5.373161030438E-011 -4.271137460984E-009  2.448589371902E+003
  1.135772484956E+001  2.611537940784E-001  1.850413500559E-010 -8.110755362167E-011 -4.103325204448E-011 -4.147779740513E-009  2.530953437657E+003
  1.162320190175E+001  2.698637595360E-001  1.623115461937E-010 -8.914070609087E-011 -1.881872415837E-011 -3.966825748259E-009  2.643974607705E+003
  1.189758280382E+001  2.789650778206E-001  1.374472300131E-010 -9.101825303431E-011  4.731470426614E-012 -3.733743210569E-009  2.794656409511E+003
  1.218126990242E+001  2.884799822596E-001  1.121045220373E-010 -8.670118101887E-011  2.473452053671E-011 -3.447358833208E-009  2.991112224551E+003
  1.247468853413E+001  2.984322392826E-001  8.795607077701E-011 -7.721386172977E-011  3.875591831233E-011 -3.096369769020E-009  3.243036312671E+003
  1.277828862002E+001  3.088472731875E-001  6.643953385637E-011 -6.415734014677E-011  4.611716420225E-011 -2.666521831741E-009  3.560941939617E+003
  1.309254639077E+001  3.197523026463E-001  4.859830683582E-011 -4.932615872051E-011  4.732566309185E-011 -2.139535879344E-009  3.952149568197E+003
  1.341796625462E+001  3.311764902095E-001  3.500495388998E-011 -3.442085457596E-011  4.360666860767E-011 -1.530891216118E-009  4.408903381256E+003
  1.375508282195E+001  3.431511062169E-001  2.575601863021E-011 -2.084965872023E-011  3.652480585074E-011 -9.456759308586E-010  4.883683471534E+003
  1.410446310162E+001  3.557097086969E-001  2.052468717515E-011 -9.612736901808E-012  2.768817756271E-011 -6.285452335036E-010  5.267625637521E+003
  1.446670888596E+001  3.688883410292E-001  1.865559863066E-011 -1.260609094734E-012  1.853171735096E-011 -7.995508889227E-010  5.437976858287E+003
  1.484245934302E+001  3.827257493700E-001  1.928454482397E-011  4.084492693884E-012  1.017746408540E-011 -1.329083549013E-009  5.378204198152E+003
  1.523239383723E+001  3.972636220891E-001  2.146546168017E-011  6.658852702246E-012  3.367495252694E-012 -1.891866937344E-009  5.189517812860E+003
  1.563723500136E+001  4.125468537596E-001  2.428840401630E-011  6.956267939725E-012 -1.538897160619E-012 -2.311207949607E-009  4.980130907770E+003
  1.605775208607E+001  4.286238365683E-001  2.697520004824E-011  5.614074321013E-012 -4.517055060246E-012 -2.570763194314E-009  4.808971392284E+003
  1.649476461582E+001  4.455467823929E-001  2.894390961020E-011  3.303401685512E-012 -5.794942554989E-012 -2.711328446519E-009  4.697369105995E+003
  1.694914638379E+001  4.633720792263E-001  2.983844067751E-011  6.376401119275E-013 -5.755945335632E-012 -2.774320535983E-009  4.649951006305E+003
  1.742182982203E+001  4.821606861220E-001  2.952490428493E-011 -1.891746057194E-012 -4.843885496921E-012 -2.787544117233E-009  4.666352959863E+003
  1.791381078784E+001  5.019785714107E-001  2.806069913681E-011 -3.948499295358E-012 -3.483866489540E-012 -2.769966592630E-009  4.746144127870E+003
  1.842615381215E+001  5.228971995942E-001  2.564528040555E-011 -5.355685194231E-012 -2.027178418155E-012 -2.733050397652E-009  4.890702747219E+003
  1.895999786176E+001  5.449940730840E-001  2.256275173536E-011 -6.076518861849E-012 -7.227318105033E-013 -2.684168132402E-009  5.103989003012E+003
  1.951656267356E+001  5.683533358366E-001  1.912584624203E-011 -6.180192595618E-012  2.875048814545E-013 -2.628012399172E-009  5.393038635414E+003
  2.009715572669E+001  5.930664469535E-001  1.562887002571E-011 -5.801549402202E-012  9.550126055840E-013 -2.567703787392E-009  5.768522068198E+003
  2.070317992707E+001  6.192329335039E-001  1.231432445527E-011 -5.102374797958E-012  1.300642894194E-012 -2.505204978525E-009  6.245543260125E+003
  2.133614208874E+001  6.469612332096E-001  9.354840798345E-012 -4.239907319279E-012  1.387198846668E-012 -2.441876043382E-009  6.844813475521E+003
  2.199766230782E+001  6.763696392388E-001  6.849327199970E-012 -3.345520077190E-012  1.294396903521E-012 -2.378611320525E-009  7.594358834479E+003
  2.268948433818E+001  7.075873612439E-001  4.830261755862E-012 -2.514011752981E-012  1.099760290323E-012 -2.316014319613E-009  8.531987218694E+003
  2.341348709294E+001  7.407557189842E-001  3.278064973125E-012 -1.802011052631E-012  8.667919651918E-013 -2.254502908026E-009  9.708852409420E+003
  2.417169741362E+001  7.760294874639E-001  2.138412998634E-012 -1.232859975061E-012  6.399720110067E-013 -2.194378057877E-009  1.119463375411E+004
  2.496630426925E+001  8.135784155747E-001  1.339018685805E-012 -8.050193076819E-013  4.449949923791E-013 -2.135821329975E-009  1.308513494214E+004
  2.579967457140E+001  8.535889438281E-001  8.035010100959E-013 -5.013678456361E-013  2.922227173147E-013  0.000000000000E+000  0.000000000000E+000
  2.667437081864E+001  8.962661510291E-001  4.611706940693E-013 -2.974912254579E-013  1.814479250154E-013  0.000000000000E+000  0.000000000000E+000
  2.759317081651E+001  9.418359647997E-001  2.526188092401E-013 -1.679112443419E-013  1.065353065423E-013  0.000000000000E+000  0.000000000000E+000
  2.855908975674E+001  9.905476768748E-001  1.317431455334E-013 -8.997390605847E-014  5.910066894514E-014  0.000000000000E+000  0.000000000000E+000
  2.957540498378E+001  1.042676811269E+000  6.522995261057E-014 -4.566209762894E-014  3.093144132091E-014  0.000000000000E+000  0.000000000000E+000
  3.064568382919E+001  1.098528402000E+000  3.056890838586E-014 -2.188749812001E-014  1.524069506192E-014  0.000000000000E+000  0.000000000000E+000
  3.177381495601E+001  1.158440747351E+000  1.351236968151E-014 -9.877776784992E-015  7.051046350635E-015  0.000000000000E+000  0.000000000000E+000
  3.296404372807E+001  1.222789720048E+000  5.612301904537E-015 -4.181977339892E-015  3.053241865754E-015  0.000000000000E+000  0.000000000000E+000
  3.422101220608E+001  1.291993727721E+000  2.181051883670E-015 -1.654256085649E-015  1.232847726658E-015  0.000000000000E+000  0.000000000000E+000
  3.554980447538E+001  1.366519436102E+000  7.893409509507E-016 -6.086249312973E-016  4.622121639950E-016  0.000000000000E+000  0.000000000000E+000
  3.695599813319E+001  1.446888389511E+000  2.646515805812E-016 -2.072139180779E-016  1.601209376633E-016  0.000000000000E+000  0.000000000000E+000
  3.844572291106E+001  1.533684690030E+000  8.173132395756E-017 -6.491625955673E-017  5.097432496854E-017  0.000000000000E+000  0.000000000000E+000
  4.002572758518E+001  1.627563929686E+000  2.310080971102E-017 -1.859589332673E-017  1.482110812677E-017  0.000000000000E+000  0.000000000000E+000
  4.170345654134E+001  1.729263610453E+000  5.933436867592E-018 -4.836851044396E-018  3.908805335682E-018  0.000000000000E+000  0.000000000000E+000
  4.348713762001E+001  1.839615336740E+000  1.374042152523E-018 -1.133435983625E-018  9.278865907455E-019  0.000000000000E+000  0.000000000000E+000
  4.538588318162E+001  1.959559126947E+000  2.832773444586E-019 -2.361105977925E-019  1.954561395576E-019  0.000000000000E+000  0.000000000000E+000
  4.740980671574E+001  2.090160267552E+000  5.194455740703E-020 -4.589975887739E-020  3.874349938555E-020  0.000000000000E+000  0.000000000000E+000
  4.957015778746E+001  2.232629229408E+000  8.599027925325E-021 -6.859743997655E-021  4.635091942689E-021  0.000000000000E+000  0.000000000000E+000
  5.187947869225E+001  2.388345286640E+000  9.919663322693E-022 -8.360184515840E-022  1.411296161129E-021  0.000000000000E+000  0.000000000000E+000
  5.435178690397E+001  2.558884630889E+000  1.994908024716E-022 -1.500334812212E-022 -4.345685111904E-023  0.000000000000E+000  0.000000000000E+000
  5.700278828629E+001  2.746053966795E+000  0.000000000000E+000 -3.595897157658E-023  3.209979078840E-023  0.000000000000E+000  0.000000000000E+000
  5.985012714155E+001  2.951930820846E+000  3.122768254982E-024  0.000000000000E+000  0.000000000000E+000  0.000000000000E+000  0.000000000000E+000
  6.291368055481E+001  3.178912111311E+000  0.000000000000E+000  0.000000000000E+000  0.000000000000E+000  0.000000000000E+000  0.000000000000E+000
  6.621590623276E+001  3.429772933797E+000  0.000000000000E+000  0.000000000000E+000  0.000000000000E+000  0.000000000000E+000  0.000000000000E+000
  6.978225524452E+001  3.707738044625E+000  0.000000000000E+000  0.000000000000E+000  0.000000000000E+000  0.000000000000E+000  0.000000000000E+000
  7.364166388185E+001  4.016569212832E+000  0.000000000000E+000  0.000000000000E+000  0.000000000000E+000  0.000000000000E+000  0.000000000000E+000
  7.782714245929E+001  4.360672516382E+000  0.000000000000E+000  0.000000000000E+000  0.000000000000E+000  0.000000000000E+000  0.000000000000E+000
  8.237648351994E+001  4.745230855210E+000  0.000000000000E+000  0.000000000000E+000  0.000000000000E+000  0.000000000000E+000  0.000000000000E+000
  8.733311794503E+001  5.176368549127E+000  0.000000000000E+000  0.000000000000E+000  0.000000000000E+000  0.000000000000E+000  0.000000000000E+000
  9.274715535088E+001  5.661357031559E+000  0.000000000000E+000  0.000000000000E+000  0.000000000000E+000  0.000000000000E+000  0.000000000000E+000
  9.867665554529E+001  6.208873552072E+000  0.000000000000E+000  0.000000000000E+000  0.000000000000E+000  0.000000000000E+000  0.000000000000E+000
  1.051891916055E+002  6.829328764649E+000  0.000000000000E+000  0.000000000000E+000  0.000000000000E+000  0.000000000000E+000  0.000000000000E+000
  1.123637836013E+002  7.535284543316E+000  0.000000000000E+000  0.000000000000E+000  0.000000000000E+000  0.000000000000E+000  0.000000000000E+000
  1.202933069206E+002  8.341990973528E+000  0.000000000000E+000  0.000000000000E+000  0.000000000000E+000  0.000000000000E+000  0.000000000000E+000
  1.290875131414E+002  9.268082166539E+000  0.000000000000E+000  0.000000000000E+000  0.000000000000E+000  0.000000000000E+000  0.000000000000E+000
  1.388768482001E+002  1.033648575811E+001  0.000000000000E+000  0.000000000000E+000  0.000000000000E+000  0.000000000000E+000  0.000000000000E+000
  1.498173177370E+002  1.157562284364E+001  0.000000000000E+000  0.000000000000E+000  0.000000000000E+000  0.000000000000E+000  0.000000000000E+000
  1.620967411853E+002  1.302100699722E+001  0.000000000000E+000  0.000000000000E+000  0.000000000000E+000  0.000000000000E+000  0.000000000000E+000
  1.759428668168E+002  1.471739812515E+001  0.000000000000E+000  0.000000000000E+000  0.000000000000E+000  0.000000000000E+000  0.000000000000E+000
  1.916340085825E+002  1.672173748087E+001  0.000000000000E+000  0.000000000000E+000  0.000000000000E+000  0.000000000000E+000  0.000000000000E+000
  2.095131417987E+002  1.910719757888E+001  0.000000000000E+000  0.000000000000E+000  0.000000000000E+000  0.000000000000E+000  0.000000000000E+000
  2.300068054477E+002  2.196884699990E+001  0.000000000000E+000  0.000000000000E+000  0.000000000000E+000  0.000000000000E+000  0.000000000000E+000
  2.536507797910E+002  2.543169216868E+001  0.000000000000E+000  0.000000000000E+000  0.000000000000E+000  0.000000000000E+000  0.000000000000E+000
  2.811254638474E+002  2.966227967912E+001  0.000000000000E+000  0.000000000000E+000  0.000000000000E+000  0.000000000000E+000  0.000000000000E+000
  3.133053780630E+002  3.488573552677E+001  0.000000000000E+000  0.000000000000E+000  0.000000000000E+000  0.000000000000E+000  0.000000000000E+000
  3.513296254502E+002  4.141128389041E+001  0.000000000000E+000  0.000000000000E+000  0.000000000000E+000  0.000000000000E+000  0.000000000000E+000
  3.967041014106E+002  4.967130404214E+001  0.000000000000E+000  0.000000000000E+000  0.000000000000E+000  0.000000000000E+000  0.000000000000E+000
  4.514529193349E+002  6.028257212519E+001  0.000000000000E+000  0.000000000000E+000  0.000000000000E+000  0.000000000000E+000  0.000000000000E+000
  5.183481233601E+002  7.414493328740E+001  0.000000000000E+000  0.000000000000E+000  0.000000000000E+000  0.000000000000E+000  0.000000000000E+000
  6.012676077950E+002  9.260523890243E+001  0.000000000000E+000  0.000000000000E+000  0.000000000000E+000  0.000000000000E+000  0.000000000000E+000
  7.057700503752E+002  1.177394213729E+002  0.000000000000E+000  0.000000000000E+000  0.000000000000E+000  0.000000000000E+000  0.000000000000E+000
  8.400513767914E+002  1.528577972397E+002  0.000000000000E+000  0.000000000000E+000  0.000000000000E+000  0.000000000000E+000  0.000000000000E+000
  1.016602135495E+003  2.034537342122E+002  0.000000000000E+000  0.000000000000E+000  0.000000000000E+000  0.000000000000E+000  0.000000000000E+000
  1.255220715580E+003  2.790860613466E+002  0.000000000000E+000  0.000000000000E+000  0.000000000000E+000  0.000000000000E+000  0.000000000000E+000
  1.588815776243E+003  3.973705897531E+002  0.000000000000E+000  0.000000000000E+000  0.000000000000E+000  0.000000000000E+000  0.000000000000E+000
  2.075392011604E+003  5.931596040112E+002  0.000000000000E+000  0.000000000000E+000  0.000000000000E+000  0.000000000000E+000  0.000000000000E+000
  2.825079847529E+003  9.419154890021E+002  0.000000000000E+000  0.000000000000E+000  0.000000000000E+000  0.000000000000E+000  0.000000000000E+000
  4.068408296184E+003  1.627629972033E+003  0.000000000000E+000  0.000000000000E+000  0.000000000000E+000  0.000000000000E+000  0.000000000000E+000
  6.357262947674E+003  3.178964796686E+003  0.000000000000E+000  0.000000000000E+000  0.000000000000E+000  0.000000000000E+000  0.000000000000E+000
  1.130231930164E+004  7.535323971013E+003  0.000000000000E+000  0.000000000000E+000  0.000000000000E+000  0.000000000000E+000  0.000000000000E+000
  2.543105175140E+004  2.543171841285E+004  0.000000000000E+000  0.000000000000E+000  0.000000000000E+000  0.000000000000E+000  0.000000000000E+000
  1.017262069958E+005  2.034537473226E+005  0.000000000000E+000  0.000000000000E+000  0.000000000000E+000  0.000000000000E+000  0.000000000000E+000
