# 1st line: number of mesh points
# abcissa weight wavefunction wavefunction_1st wavefunction_2nd
500
# Principal QN=   2 , l=   0 , Occupation=   2.0000
  9.830308526508E-006  1.966074589941E-005 -1.012130216098E+001  8.168343695300E+001 -5.676526540856E+002
  3.932200719717E-005  3.932303800261E-005 -1.011889342451E+001  8.166669771122E+001 -5.675306418117E+002
  8.847741541455E-005  5.898842277178E-005 -1.011487975022E+001  8.163880550785E+001 -5.673273403812E+002
  1.573003992804E-004  7.865844718600E-005 -1.010926246740E+001  8.159977013882E+001 -5.670428283028E+002
  2.457963722417E-004  9.833465899987E-005 -1.010204343628E+001  8.154960531154E+001 -5.666772154278E+002
  3.539722959954E-004  1.180186070023E-004 -1.009322504716E+001  8.148832863792E+001 -5.662306428888E+002
  4.818366816528E-004  1.377118412759E-004 -1.008281021938E+001  8.141596162556E+001 -5.657032830218E+002
  6.293995911626E-004  1.574159134560E-004 -1.007080240004E+001  8.133252966686E+001 -5.650953392706E+002
  7.966726389934E-004  1.771323769912E-004 -1.005720556246E+001  8.123806202625E+001 -5.644070460736E+002
  9.836689940782E-004  1.968627874036E-004 -1.004202420448E+001  8.113259182537E+001 -5.636386687344E+002
  1.190403382016E-003  2.166087025496E-004 -1.002526334643E+001  8.101615602645E+001 -5.627905032741E+002
  1.416892087541E-003  2.363716828821E-004 -1.000692852896E+001  8.088879541363E+001 -5.618628762676E+002
  1.663152957245E-003  2.561532917128E-004 -9.987025810594E+000  8.075055457244E+001 -5.608561446623E+002
  1.929205402573E-003  2.759550954757E-004 -9.965561765070E+000  8.060148186729E+001 -5.597706955804E+002
  2.215070403074E-003  2.957786639908E-004 -9.942543478451E+000  8.044162941714E+001 -5.586069461042E+002
  2.520770509919E-003  3.156255707300E-004 -9.917978546016E+000  8.027105306924E+001 -5.573653430455E+002
  2.846329849692E-003  3.354973930828E-004 -9.891875068927E+000  8.008981237103E+001 -5.560463626971E+002
  3.191774128432E-003  3.553957126240E-004 -9.864241650670E+000  7.989797054013E+001 -5.546505105702E+002
  3.557130635959E-003  3.753221153821E-004 -9.835087393286E+000  7.969559443254E+001 -5.531783211133E+002
  3.942428250463E-003  3.952781921092E-004 -9.804421893372E+000  7.948275450903E+001 -5.516303574172E+002
  4.347697443358E-003  4.152655385525E-004 -9.772255237881E+000  7.925952479967E+001 -5.500072109030E+002
  4.772970284417E-003  4.352857557265E-004 -9.738597999696E+000  7.902598286664E+001 -5.483095009946E+002
  5.218280447175E-003  4.553404501876E-004 -9.703461232999E+000  7.878220976525E+001 -5.465378747765E+002
  5.683663214611E-003  4.754312343099E-004 -9.666856468432E+000  7.852829000320E+001 -5.446930066357E+002
  6.169155485101E-003  4.955597265624E-004 -9.628795708044E+000  7.826431149819E+001 -5.427755978889E+002
  6.674795778653E-003  5.157275517886E-004 -9.589291420045E+000  7.799036553375E+001 -5.407863763950E+002
  7.200624243425E-003  5.359363414876E-004 -9.548356533348E+000  7.770654671350E+001 -5.387260961531E+002
  7.746682662519E-003  5.561877340970E-004 -9.506004431920E+000  7.741295291369E+001 -5.365955368857E+002
  8.313014461060E-003  5.764833752781E-004 -9.462248948933E+000  7.710968523413E+001 -5.343955036090E+002
  8.899664713569E-003  5.968249182030E-004 -9.417104360721E+000  7.679684794763E+001 -5.321268261884E+002
  9.506680151615E-003  6.172140238444E-004 -9.370585380553E+000  7.647454844777E+001 -5.297903588805E+002
  1.013410917176E-002  6.376523612666E-004 -9.322707152209E+000  7.614289719515E+001 -5.273869798632E+002
  1.078200184380E-002  6.581416079202E-004 -9.273485243384E+000  7.580200766226E+001 -5.249175907511E+002
  1.145040991929E-002  6.786834499385E-004 -9.222935638902E+000  7.545199627672E+001 -5.223831160993E+002
  1.213938684040E-002  6.992795824361E-004 -9.171074733761E+000  7.509298236324E+001 -5.197845028952E+002
  1.284898774901E-002  7.199317098113E-004 -9.117919325994E+000  7.472508808407E+001 -5.171227200369E+002
  1.357926949620E-002  7.406415460502E-004 -9.063486609372E+000  7.434843837812E+001 -5.143987578017E+002
  1.433029065191E-002  7.614108150341E-004 -9.007794165933E+000  7.396316089877E+001 -5.116136273016E+002
  1.510211151509E-002  7.822412508494E-004 -8.950859958351E+000  7.356938595041E+001 -5.087683599290E+002
  1.589479412397E-002  8.031345981016E-004 -8.892702322144E+000  7.316724642359E+001 -5.058640067908E+002
  1.670840226680E-002  8.240926122311E-004 -8.833339957735E+000  7.275687772913E+001 -5.029016381331E+002
  1.754300149280E-002  8.451170598329E-004 -8.772791922351E+000  7.233841773094E+001 -4.998823427548E+002
  1.839865912351E-002  8.662097189796E-004 -8.711077621781E+000  7.191200667771E+001 -4.968072274130E+002
  1.927544426443E-002  8.873723795480E-004 -8.648216801999E+000  7.147778713350E+001 -4.936774162177E+002
  2.017342781695E-002  9.086068435487E-004 -8.584229540632E+000  7.103590390730E+001 -4.904940500186E+002
  2.109268249069E-002  9.299149254598E-004 -8.519136238313E+000  7.058650398153E+001 -4.872582857834E+002
  2.203328281612E-002  9.512984525641E-004 -8.452957609887E+000  7.012973643961E+001 -4.839712959675E+002
  2.299530515754E-002  9.727592652906E-004 -8.385714675508E+000  6.966575239251E+001 -4.806342678764E+002
  2.397882772639E-002  9.942992175591E-004 -8.317428751605E+000  6.919470490451E+001 -4.772484030211E+002
  2.498393059493E-002  1.015920177130E-003 -8.248121441735E+000  6.871674891803E+001 -4.738149164659E+002
  2.601069571024E-002  1.037624025957E-003 -8.177814627329E+000  6.823204117772E+001 -4.703350361706E+002
  2.705920690860E-002  1.059412660547E-003 -8.106530458324E+000  6.774074015372E+001 -4.668100023259E+002
  2.812954993023E-002  1.081287992318E-003 -8.034291343703E+000  6.724300596430E+001 -4.632410666841E+002
  2.922181243436E-002  1.103251947969E-003 -7.961119941931E+000  6.673900029773E+001 -4.596294918835E+002
  3.033608401473E-002  1.125306469854E-003 -7.887039151300E+000  6.622888633362E+001 -4.559765507694E+002
  3.147245621542E-002  1.147453516351E-003 -7.812072100196E+000  6.571282866363E+001 -4.522835257097E+002
  3.263102254705E-002  1.169695062249E-003 -7.736242137270E+000  6.519099321170E+001 -4.485517079076E+002
  3.381187850339E-002  1.192033099133E-003 -7.659572821545E+000  6.466354715375E+001 -4.447823967100E+002
  3.501512157837E-002  1.214469635775E-003 -7.582087912448E+000  6.413065883698E+001 -4.409768989136E+002
  3.624085128345E-002  1.237006698530E-003 -7.503811359770E+000  6.359249769885E+001 -4.371365280685E+002
  3.748916916538E-002  1.259646331739E-003 -7.424767293574E+000  6.304923418559E+001 -4.332626037797E+002
  3.876017882444E-002  1.282390598136E-003 -7.344980014043E+000  6.250103967058E+001 -4.293564510068E+002
  4.005398593302E-002  1.305241579266E-003 -7.264473981275E+000  6.194808637240E+001 -4.254193993630E+002
  4.137069825459E-002  1.328201375897E-003 -7.183273805038E+000  6.139054727276E+001 -4.214527824133E+002
  4.271042566323E-002  1.351272108452E-003 -7.101404234482E+000  6.082859603423E+001 -4.174579369728E+002
  4.407328016341E-002  1.374455917436E-003 -7.018890147816E+000  6.026240691798E+001 -4.134362024046E+002
  4.545937591035E-002  1.397754963880E-003 -6.935756541962E+000  5.969215470142E+001 -4.093889199195E+002
  4.686882923075E-002  1.421171429779E-003 -6.852028522175E+000  5.911801459591E+001 -4.053174318764E+002
  4.830175864396E-002  1.444707518548E-003 -6.767731291654E+000  5.854016216449E+001 -4.012230810844E+002
  4.975828488365E-002  1.468365455478E-003 -6.682890141137E+000  5.795877323980E+001 -3.971072101073E+002
  5.123853091993E-002  1.492147488203E-003 -6.597530438487E+000  5.737402384213E+001 -3.929711605709E+002
  5.274262198188E-002  1.516055887169E-003 -6.511677618278E+000  5.678609009768E+001 -3.888162724731E+002
  5.427068558066E-002  1.540092946119E-003 -6.425357171384E+000  5.619514815717E+001 -3.846438834979E+002
  5.582285153302E-002  1.564260982573E-003 -6.338594634580E+000  5.560137411470E+001 -3.804553283335E+002
  5.739925198530E-002  1.588562338332E-003 -6.251415580150E+000  5.500494392704E+001 -3.762519379950E+002
  5.900002143803E-002  1.612999379973E-003 -6.163845605522E+000  5.440603333329E+001 -3.720350391518E+002
  6.062529677088E-002  1.637574499364E-003 -6.075910322928E+000  5.380481777510E+001 -3.678059534611E+002
  6.227521726827E-002  1.662290114181E-003 -5.987635349086E+000  5.320147231736E+001 -3.635659969069E+002
  6.394992464542E-002  1.687148668440E-003 -5.899046294931E+000  5.259617156947E+001 -3.593164791457E+002
  6.564956307496E-002  1.712152633027E-003 -5.810168755376E+000  5.198908960727E+001 -3.550587028586E+002
  6.737427921404E-002  1.737304506249E-003 -5.721028299130E+000  5.138039989561E+001 -3.507939631115E+002
  6.912422223211E-002  1.762606814387E-003 -5.631650458554E+000  5.077027521168E+001 -3.465235467225E+002
  7.089954383907E-002  1.788062112257E-003 -5.542060719590E+000  5.015888756908E+001 -3.422487316379E+002
  7.270039831418E-002  1.813672983787E-003 -5.452284511741E+000  4.954640814273E+001 -3.379707863164E+002
  7.452694253540E-002  1.839442042599E-003 -5.362347198123E+000  4.893300719467E+001 -3.336909691227E+002
  7.637933600943E-002  1.865371932600E-003 -5.272274065590E+000  4.831885400068E+001 -3.294105277307E+002
  7.825774090225E-002  1.891465328589E-003 -5.182090314932E+000  4.770411677802E+001 -3.251306985367E+002
  8.016232207035E-002  1.917724936867E-003 -5.091821051166E+000  4.708896261399E+001 -3.208527060824E+002
  8.209324709253E-002  1.944153495867E-003 -5.001491273899E+000  4.647355739569E+001 -3.165777624892E+002
  8.405068630235E-002  1.970753776782E-003 -4.911125867798E+000  4.585806574082E+001 -3.123070669037E+002
  8.603481282122E-002  1.997528584221E-003 -4.820749593151E+000  4.524265092955E+001 -3.080418049543E+002
  8.804580259214E-002  2.024480756857E-003 -4.730387076527E+000  4.462747483768E+001 -3.037831482198E+002
  9.008383441408E-002  2.051613168108E-003 -4.640062801546E+000  4.401269787098E+001 -2.995322537112E+002
  9.214908997710E-002  2.078928726810E-003 -4.549801099764E+000  4.339847890070E+001 -2.952902633646E+002
  9.424175389809E-002  2.106430377918E-003 -4.459626141663E+000  4.278497520054E+001 -2.910583035484E+002
  9.636201375725E-002  2.134121103210E-003 -4.369561927772E+000  4.217234238481E+001 -2.868374845836E+002
  9.851006013526E-002  2.162003922007E-003 -4.279632279904E+000  4.156073434806E+001 -2.826289002771E+002
  1.006860866512E-001  2.190081891910E-003 -4.189860832525E+000  4.095030320606E+001 -2.784336274700E+002
  1.028902900012E-001  2.218358109541E-003 -4.100271024256E+000  4.034119923826E+001 -2.742527255995E+002
  1.051228699979E-001  2.246835711311E-003 -4.010886089509E+000  3.973357083171E+001 -2.700872362760E+002
  1.073840296104E-001  2.275517874190E-003 -3.921729050266E+000  3.912756442651E+001 -2.659381828743E+002
  1.096739750056E-001  2.304407816497E-003 -3.832822707998E+000  3.852332446277E+001 -2.618065701411E+002
  1.119929155896E-001  2.333508798707E-003 -3.744189635734E+000  3.792099332917E+001 -2.576933838171E+002
  1.143410640503E-001  2.362824124271E-003 -3.655852170284E+000  3.732071131314E+001 -2.535995902750E+002
  1.167186364011E-001  2.392357140448E-003 -3.567832404610E+000  3.672261655257E+001 -2.495261361735E+002
  1.191258520249E-001  2.422111239159E-003 -3.480152180361E+000  3.612684498932E+001 -2.454739481276E+002
  1.215629337189E-001  2.452089857854E-003 -3.392833080561E+000  3.553353032431E+001 -2.414439323952E+002
  1.240301077413E-001  2.482296480400E-003 -3.305896422473E+000  3.494280397429E+001 -2.374369745799E+002
  1.265276038575E-001  2.512734637975E-003 -3.219363250616E+000  3.435479503044E+001 -2.334539393509E+002
  1.290556553882E-001  2.543407909995E-003 -3.133254329962E+000  3.376963021861E+001 -2.294956701799E+002
  1.316144992580E-001  2.574319925047E-003 -3.047590139298E+000  3.318743386138E+001 -2.255629890948E+002
  1.342043760450E-001  2.605474361847E-003 -2.962390864767E+000  3.260832784188E+001 -2.216566964504E+002
  1.368255300316E-001  2.636874950214E-003 -2.877676393582E+000  3.203243156938E+001 -2.177775707170E+002
  1.394782092560E-001  2.668525472060E-003 -2.793466307923E+000  3.145986194674E+001 -2.139263682856E+002
  1.421626655646E-001  2.700429762411E-003 -2.709779879011E+000  3.089073333962E+001 -2.101038232913E+002
  1.448791546661E-001  2.732591710434E-003 -2.626636061365E+000  3.032515754757E+001 -2.063106474538E+002
  1.476279361856E-001  2.765015260497E-003 -2.544053487247E+000  2.976324377693E+001 -2.025475299354E+002
  1.504092737207E-001  2.797704413242E-003 -2.462050461289E+000  2.920509861555E+001 -1.988151372171E+002
  1.532234348983E-001  2.830663226680E-003 -2.380644955306E+000  2.865082600944E+001 -1.951141129918E+002
  1.560706914324E-001  2.863895817319E-003 -2.299854603304E+000  2.810052724117E+001 -1.914450780754E+002
  1.589513191834E-001  2.897406361298E-003 -2.219696696670E+000  2.755430091021E+001 -1.878086303354E+002
  1.618655982178E-001  2.931199095559E-003 -2.140188179557E+000  2.701224291504E+001 -1.842053446371E+002
  1.648138128702E-001  2.965278319033E-003 -2.061345644458E+000  2.647444643723E+001 -1.806357728073E+002
  1.677962518056E-001  2.999648393860E-003 -1.983185327973E+000  2.594100192722E+001 -1.771004436152E+002
  1.708132080832E-001  3.034313746623E-003 -1.905723106767E+000  2.541199709209E+001 -1.735998627709E+002
  1.738649792215E-001  3.069278869616E-003 -1.828974493719E+000  2.488751688502E+001 -1.701345129413E+002
  1.769518672648E-001  3.104548322136E-003 -1.752954634268E+000  2.436764349670E+001 -1.667048537824E+002
  1.800741788507E-001  3.140126731803E-003 -1.677678302948E+000  2.385245634848E+001 -1.633113219889E+002
  1.832322252791E-001  3.176018795904E-003 -1.603159900111E+000  2.334203208735E+001 -1.599543313610E+002
  1.864263225826E-001  3.212229282769E-003 -1.529413448853E+000  2.283644458269E+001 -1.566342728869E+002
  1.896567915983E-001  3.248763033179E-003 -1.456452592119E+000  2.233576492480E+001 -1.533515148426E+002
  1.929239580409E-001  3.285624961791E-003 -1.384290590009E+000  2.184006142520E+001 -1.501064029067E+002
  1.962281525771E-001  3.322820058613E-003 -1.312940317264E+000  2.134939961860E+001 -1.468992602927E+002
  1.995697109023E-001  3.360353390492E-003 -1.242414260948E+000  2.086384226667E+001 -1.437303878951E+002
  2.029489738173E-001  3.398230102644E-003 -1.172724518314E+000  2.038344936342E+001 -1.406000644527E+002
  2.063662873085E-001  3.436455420218E-003 -1.103882794860E+000  1.990827814229E+001 -1.375085467255E+002
  2.098220026275E-001  3.475034649885E-003 -1.035900402565E+000  1.943838308483E+001 -1.344560696875E+002
  2.133164763746E-001  3.513973181471E-003 -9.687882583107E-001  1.897381593106E+001 -1.314428467330E+002
  2.168500705817E-001  3.553276489620E-003 -9.025568824878E-001  1.851462569133E+001 -1.284690698981E+002
  2.204231527988E-001  3.592950135496E-003 -8.372163977769E-001  1.806085865976E+001 -1.255349100948E+002
  2.240360961807E-001  3.632999768520E-003 -7.727765281116E-001  1.761255842920E+001 -1.226405173598E+002
  2.276892795770E-001  3.673431128145E-003 -7.092465978162E-001  1.716976590767E+001 -1.197860211149E+002
  2.313830876220E-001  3.714250045674E-003 -6.466355309170E-001  1.673251933625E+001 -1.169715304412E+002
  2.351179108282E-001  3.755462446115E-003 -5.849518506263E-001  1.630085430831E+001 -1.141971343650E+002
  2.388941456809E-001  3.797074350078E-003 -5.242036789944E-001  1.587480379023E+001 -1.114629021553E+002
  2.427121947345E-001  3.839091875711E-003 -4.643987367295E-001  1.545439814335E+001 -1.087688836334E+002
  2.465724667110E-001  3.881521240686E-003 -4.055443431817E-001  1.503966514723E+001 -1.061151094921E+002
  2.504753766009E-001  3.924368764227E-003 -3.476474164882E-001  1.463063002422E+001 -1.035015916269E+002
  2.544213457654E-001  3.967640869177E-003 -2.907144738784E-001  1.422731546511E+001 -1.009283234761E+002
  2.584108020414E-001  4.011344084122E-003 -2.347516321347E-001  1.382974165611E+001 -9.839528037021E+001
  2.624441798480E-001  4.055485045557E-003 -1.797646082067E-001  1.343792630676E+001 -9.590241989155E+001
  2.665219202956E-001  4.100070500102E-003 -1.257587199764E-001  1.305188467909E+001 -9.344968224100E+001
  2.706444712976E-001  4.145107306769E-003 -7.273888717049E-002  1.267162961765E+001 -9.103699061350E+001
  2.748122876832E-001  4.190602439283E-003 -2.070963241800E-002  1.229717158064E+001 -8.866425158078E+001
  2.790258313137E-001  4.236562988450E-003  3.032491755103E-002  1.192851867190E+001 -8.633135548103E+001
  2.832855712010E-001  4.282996164587E-003  8.036103056790E-002  1.156567667379E+001 -8.403817681492E+001
  2.875919836279E-001  4.329909300005E-003  1.293953675520E-001  1.120864908096E+001 -8.178457464762E+001
  2.919455522717E-001  4.377309851548E-003  1.774249809053E-001  1.085743713484E+001 -7.957039301603E+001
  2.963467683296E-001  4.425205403192E-003  2.244473127767E-001  1.051203985888E+001 -7.739546134082E+001
  3.007961306479E-001  4.473603668706E-003  2.704601932008E-001  1.017245409454E+001 -7.525959484276E+001
  3.052941458522E-001  4.522512494374E-003  3.154618381126E-001  9.838674537822E+000 -7.316259496271E+001
  3.098413284823E-001  4.571939861783E-003  3.594508472423E-001  9.510693776487E+000 -7.110424978475E+001
  3.144382011281E-001  4.621893890671E-003  4.024262018919E-001  9.188502327741E+000 -6.908433446197E+001
  3.190852945695E-001  4.672382841850E-003  4.443872625985E-001  8.872088676459E+000 -6.710261164424E+001
  3.237831479192E-001  4.723415120192E-003  4.853337666848E-001  8.561439313839E+000 -6.515883190761E+001
  3.285323087679E-001  4.774999277691E-003  5.252658257018E-001  8.256538776447E+000 -6.325273418460E+001
  3.333333333333E-001  4.827144016591E-003  5.641839227649E-001  7.957369685622E+000 -6.138404619498E+001
  3.381867866117E-001  4.879858192602E-003  6.020889097871E-001  7.663912787177E+000 -5.955248487648E+001
  3.430932425333E-001  4.933150818173E-003  6.389820046113E-001  7.376146991358E+000 -5.775775681488E+001
  3.480532841203E-001  4.987031065868E-003  6.748647880446E-001  7.094049413014E+000 -5.599955867303E+001
  3.530675036492E-001  5.041508271801E-003  7.097392007970E-001  6.817595411931E+000 -5.427757761819E+001
  3.581365028158E-001  5.096591939172E-003  7.436075403265E-001  6.546758633288E+000 -5.259149174727E+001
  3.632608929041E-001  5.152291741875E-003  7.764724575931E-001  6.281511048197E+000 -5.094097050952E+001
  3.684412949588E-001  5.208617528209E-003  8.083369537244E-001  6.021822994278E+000 -4.932567512606E+001
  3.736783399619E-001  5.265579324662E-003  8.392043765933E-001  5.767663216227E+000 -4.774525900593E+001
  3.789726690123E-001  5.323187339805E-003  8.690784173109E-001  5.518998906353E+000 -4.619936815809E+001
  3.843249335105E-001  5.381451968273E-003  8.979631066365E-001  5.275795745027E+000 -4.468764159903E+001
  3.897357953460E-001  5.440383794842E-003  9.258628113051E-001  5.038017941020E+000 -4.320971175552E+001
  3.952059270903E-001  5.499993598618E-003  9.527822302748E-001  4.805628271689E+000 -4.176520486203E+001
  4.007360121927E-001  5.560292357317E-003  9.787263908952E-001  4.578588122982E+000 -4.035374135260E+001
  4.063267451812E-001  5.621291251662E-003  1.003700644998E+000  4.356857529227E+000 -3.897493624659E+001
  4.119788318683E-001  5.683001669888E-003  1.027710664911E+000  4.140395212676E+000 -3.762839952807E+001
  4.176929895600E-001  5.745435212354E-003  1.050762439395E+000  3.929158622777E+000 -3.631373651852E+001
  4.234699472710E-001  5.808603696282E-003  1.072862269506E+000  3.723103975149E+000 -3.503054824237E+001
  4.293104459435E-001  5.872519160606E-003  1.094016764386E+000  3.522186290229E+000 -3.377843178537E+001
  4.352152386716E-001  5.937193870949E-003  1.114232836971E+000  3.326359431581E+000 -3.255698064512E+001
  4.411850909306E-001  6.002640324729E-003  1.133517699635E+000  3.135576143831E+000 -3.136578507390E+001
  4.472207808110E-001  6.068871256391E-003  1.151878859752E+000  2.949788090225E+000 -3.020443241321E+001
  4.533230992589E-001  6.135899642772E-003  1.169324115190E+000  2.768945889776E+000 -2.907250742012E+001
  4.594928503202E-001  6.203738708611E-003  1.185861549724E+000  2.592999154008E+000 -2.796959258492E+001
  4.657308513924E-001  6.272401932198E-003  1.201499528383E+000  2.421896523261E+000 -2.689526844018E+001
  4.720379334802E-001  6.341903051163E-003  1.216246692712E+000  2.255585702560E+000 -2.584911386087E+001
  4.784149414579E-001  6.412256068427E-003  1.230111955965E+000  2.094013497042E+000 -2.483070635550E+001
  4.848627343381E-001  6.483475258298E-003  1.243104498222E+000  1.937125846922E+000 -2.383962234817E+001
  4.913821855461E-001  6.555575172733E-003  1.255233761422E+000  1.784867862006E+000 -2.287543745139E+001
  4.979741832006E-001  6.628570647764E-003  1.266509444321E+000  1.637183855742E+000 -2.193772672971E+001
  5.046396304008E-001  6.702476810086E-003  1.276941497374E+000  1.494017378807E+000 -2.102606495404E+001
  5.113794455212E-001  6.777309083830E-003  1.286540117531E+000  1.355311252241E+000 -2.014002684658E+001
  5.181945625116E-001  6.853083197508E-003  1.295315742950E+000  1.221007600116E+000 -1.927918731662E+001
  5.250859312060E-001  6.929815191146E-003  1.303279047632E+000  1.091047881764E+000 -1.844312168687E+001
  5.320545176366E-001  7.007521423604E-003  1.310440935963E+000  9.653729235503E-001 -1.763140591074E+001
  5.391013043575E-001  7.086218580100E-003  1.316812537178E+000  8.439229502184E-001 -1.684361678033E+001
  5.462272907741E-001  7.165923679926E-003  1.322405199728E+000  7.266376158063E-001 -1.607933212543E+001
  5.534334934816E-001  7.246654084380E-003  1.327230485562E+000  6.134560341499E-001 -1.533813100355E+001
  5.607209466109E-001  7.328427504912E-003  1.331300164319E+000  5.043168089854E-001 -1.461959388108E+001
  5.680907021827E-001  7.411262011483E-003  1.334626207418E+000  3.991580636665E-001 -1.392330280584E+001
  5.755438304707E-001  7.495176041166E-003  1.337220782066E+000  2.979174705110E-001 -1.324884157107E+001
  5.830814203728E-001  7.580188406970E-003  1.339096245156E+000  2.005322797951E-001 -1.259579587108E+001
  5.907045797917E-001  7.666318306912E-003  1.340265137077E+000  1.069393484128E-001 -1.196375344883E+001
  5.984144360243E-001  7.753585333338E-003  1.340740175419E+000  1.707516822002E-002 -1.135230423549E+001
  6.062121361613E-001  7.842009482502E-003  1.340534248578E+000 -6.912410591729E-002 -1.076104048246E+001
  6.140988474955E-001  7.931611164409E-003  1.339660409261E+000 -1.517226283496E-001 -1.018955688577E+001
  6.220757579409E-001  8.022411212936E-003  1.338131867882E+000 -2.307848351241E-001 -9.637450703426E+000
  6.301440764614E-001  8.114430896230E-003  1.335961985859E+000 -3.063754166966E-001 -9.104321865790E+000
  6.383050335109E-001  8.207691927403E-003  1.333164268802E+000 -3.785592908539E-001 -8.589773079273E+000
  6.465598814833E-001  8.302216475524E-003  1.329752359596E+000 -4.474015758235E-001 -8.093409923709E+000
  6.549098951744E-001  8.398027176926E-003  1.325740031378E+000 -5.129675635488E-001 -7.614840943638E+000
  6.633563722545E-001  8.495147146827E-003  1.321141180401E+000 -5.753226931076E-001 -7.153677733817E+000
  6.719006337539E-001  8.593599991288E-003  1.315969818802E+000 -6.345325242528E-001 -6.709535019261E+000
  6.805440245593E-001  8.693409819506E-003  1.310240067249E+000 -6.906627110518E-001 -6.282030730120E+000
  6.892879139233E-001  8.794601256469E-003  1.303966147492E+000 -7.437789756066E-001 -5.870786071710E+000
  6.981336959871E-001  8.897199455961E-003  1.297162374804E+000 -7.939470818315E-001 -5.475425589993E+000
  7.070827903152E-001  9.001230113956E-003  1.289843150316E+000 -8.412328092708E-001 -5.095577232841E+000
  7.161366424455E-001  9.106719482390E-003  1.282022953251E+000 -8.857019269376E-001 -4.730872407371E+000
  7.252967244510E-001  9.213694383338E-003  1.273716333053E+000 -9.274201671564E-001 -4.380946033674E+000
  7.345645355186E-001  9.322182223606E-003  1.264937901418E+000 -9.664531993930E-001 -4.045436595238E+000
  7.439416025400E-001  9.432211009745E-003  1.255702324228E+000 -1.002866604058E+000 -3.723986186362E+000
  7.534294807203E-001  9.543809363512E-003  1.246024313387E+000 -1.036725846271E+000 -3.416240556856E+000
  7.630297542000E-001  9.657006537783E-003  1.235918618572E+000 -1.068096249571E+000 -3.121849154312E+000
  7.727440366954E-001  9.771832432940E-003  1.225400018891E+000 -1.097042969567E+000 -2.840465164219E+000
  7.825739721536E-001  9.888317613741E-003  1.214483314456E+000 -1.123630967519E+000 -2.571745548199E+000
  7.925212354258E-001  1.000649332670E-002  1.203183317883E+000 -1.147924983850E+000 -2.315351080608E+000
  8.025875329584E-001  1.012639151798E-002  1.191514845714E+000 -1.169989511564E+000 -2.070946383751E+000
  8.127746035011E-001  1.024804485184E-002  1.179492709769E+000 -1.189888769605E+000 -1.838199961955E+000
  8.230842188350E-001  1.037148672960E-002  1.167131708439E+000 -1.207686676115E+000 -1.616784234689E+000
  8.335181845190E-001  1.049675130923E-002  1.154446617919E+000 -1.223446821634E+000 -1.406375568976E+000
  8.440783406568E-001  1.062387352550E-002  1.141452183394E+000 -1.237232442217E+000 -1.206654311240E+000
  8.547665626839E-001  1.075288911077E-002  1.128163110183E+000 -1.249106392491E+000 -1.017304818807E+000
  8.655847621758E-001  1.088383461638E-002  1.114594054844E+000 -1.259131118663E+000 -8.380154911732E-001
  8.765348876780E-001  1.101674743475E-002  1.100759616259E+000 -1.267368631483E+000 -6.684788012158E-001
  8.876189255584E-001  1.115166582209E-002  1.086674326698E+000 -1.273880479185E+000 -5.083913264473E-001
  8.988389008829E-001  1.128862892191E-002  1.072352642874E+000 -1.278727720423E+000 -3.574537804243E-001
  9.101968783143E-001  1.142767678917E-002  1.057808937004E+000 -1.281970897219E+000 -2.153710443990E-001
  9.216949630368E-001  1.156885041525E-002  1.043057487874E+000 -1.283670007947E+000 -8.185219927900E-002
  9.333353017046E-001  1.171219175365E-002  1.028112471933E+000 -1.283884480389E+000  4.338944205271E-002
  9.451200834176E-001  1.185774374655E-002  1.012987954417E+000 -1.282673144871E+000  1.606363020267E-001
  9.570515407237E-001  1.200555035216E-002  9.976978805176E-001 -1.280094207527E+000  2.701665052706E-001
  9.691319506484E-001  1.215565657299E-002  9.822560666023E-001 -1.276205223718E+000  3.722538450925E-001
  9.813636357544E-001  1.230810848498E-002  9.666761915111E-001 -1.271063071642E+000  4.671677495855E-001
  9.937489652293E-001  1.246295326757E-002  9.509717879258E-001 -1.264723926169E+000  5.551732473928E-001
  1.006290356005E+000  1.262023923477E-002  9.351562338355E-001 -1.257243232941E+000  6.365309331917E-001
  1.018990273907E+000  1.278001586715E-002  9.192427441070E-001 -1.248675682794E+000  7.114969329673E-001
  1.031851234841E+000  1.294233384499E-002  9.032443621739E-001 -1.239075186512E+000  7.803228691665E-001
  1.044875806003E+000  1.310724508236E-002  8.871739518581E-001 -1.228494850000E+000  8.432558258359E-001
  1.058066607138E+000  1.327480276248E-002  8.710441893363E-001 -1.216986949881E+000  9.005383138627E-001
  1.071426311823E+000  1.344506137405E-002  8.548675552663E-001 -1.204602909605E+000  9.524082364511E-001
  1.084957648792E+000  1.361807674895E-002  8.386563270854E-001 -1.191393276080E+000  9.990988549791E-001
  1.098663403298E+000  1.379390610110E-002  8.224225714957E-001 -1.177407696914E+000  1.040838755393E+000
  1.112546418516E+000  1.397260806657E-002  8.061781371490E-001 -1.162694898284E+000  1.077851815310E+000
  1.126609596985E+000  1.415424274514E-002  7.899346475460E-001 -1.147302663512E+000  1.110357172001E+000
  1.140855902095E+000  1.433887174317E-002  7.737034941619E-001 -1.131277812380E+000  1.138569191447E+000
  1.155288359613E+000  1.452655821788E-002  7.574958298130E-001 -1.114666181250E+000  1.162697438663E+000
  1.169910059257E+000  1.471736692327E-002  7.413225622763E-001 -1.097512604034E+000  1.182946649479E+000
  1.184724156317E+000  1.491136425740E-002  7.251943481762E-001 -1.079860894068E+000  1.199516704008E+000
  1.199733873325E+000  1.510861831145E-002  7.091215871484E-001 -1.061753826943E+000  1.212602601979E+000
  1.214942501771E+000  1.530919892035E-002  6.931144162968E-001 -1.043233124344E+000  1.222394440177E+000
  1.230353403874E+000  1.551317771520E-002  6.771827049506E-001 -1.024339438938E+000  1.229077392190E+000
  1.245970014403E+000  1.572062817747E-002  6.613360497367E-001 -1.005112340380E+000  1.232831690672E+000
  1.261795842559E+000  1.593162569510E-002  6.455837699751E-001 -9.855903024549E-001  1.233832612353E+000
  1.277834473907E+000  1.614624762054E-002  6.299349034091E-001 -9.658106914317E-001  1.232250465989E+000
  1.294089572372E+000  1.636457333079E-002  6.143982022781E-001 -9.458097556459E-001  1.228250583466E+000
  1.310564882294E+000  1.658668428962E-002  5.989821297427E-001 -9.256226163681E-001  1.221993314262E+000
  1.327264230548E+000  1.681266411190E-002  5.836948566691E-001 -9.052832599889E-001  1.213634023458E+000
  1.344191528724E+000  1.704259863026E-002  5.685442587802E-001 -8.848245315577E-001  1.203323093485E+000
  1.361350775387E+000  1.727657596408E-002  5.535379141782E-001 -8.642781297066E-001  1.191205929793E+000
  1.378746058390E+000  1.751468659100E-002  5.386831012459E-001 -8.436746029878E-001  1.177422970597E+000
  1.396381557275E+000  1.775702342093E-002  5.239867969285E-001 -8.230433476498E-001  1.162109700872E+000
  1.414261545744E+000  1.800368187279E-002  5.094556753998E-001 -8.024126068726E-001  1.145396670726E+000
  1.432390394201E+000  1.825475995395E-002  4.950961071154E-001 -7.818094714791E-001  1.127409518293E+000
  1.450772572390E+000  1.851035834267E-002  4.809141582524E-001 -7.612598821357E-001  1.108268997263E+000
  1.469412652102E+000  1.877058047342E-002  4.669155905366E-001 -7.407886330487E-001  1.088091009130E+000
  1.488315309978E+000  1.903553262542E-002  4.531058614537E-001 -7.204193771603E-001  1.066986640268E+000
  1.507485330398E+000  1.930532401444E-002  4.394901248450E-001 -7.001746328437E-001  1.045062203877E+000
  1.526927608467E+000  1.958006688797E-002  4.260732318798E-001 -6.800757920879E-001  1.022419286864E+000
  1.546647153093E+000  1.985987662391E-002  4.128597324024E-001 -6.601431301628E-001  9.991548016655E-001
  1.566649090169E+000  2.014487183303E-002  3.998538766463E-001 -6.403958167456E-001  9.753610430403E-001
  1.586938665861E+000  2.043517446518E-002  3.870596173076E-001 -6.208519284874E-001  9.511257498057E-001
  1.607521250000E+000  2.073090991960E-002  3.744806119691E-001 -6.015284629907E-001  9.265321714831E-001
  1.628402339588E+000  2.103220715932E-002  3.621202258661E-001 -5.824413541648E-001  9.016591398020E-001
  1.649587562420E+000  2.133919883002E-002  3.499815349808E-001 -5.636054889206E-001  8.765811449778E-001
  1.671082680832E+000  2.165202138333E-002  3.380673294558E-001 -5.450347251604E-001  8.513684166671E-001
  1.692893595565E+000  2.197081520497E-002  3.263801173105E-001 -5.267419110129E-001  8.260870094745E-001
  1.715026349769E+000  2.229572474776E-002  3.149221284487E-001 -5.087389052581E-001  8.007988928669E-001
  1.737487133138E+000  2.262689866987E-002  3.036953189406E-001 -4.910365988841E-001  7.755620453279E-001
  1.760282286187E+000  2.296448997842E-002  2.927013755642E-001 -4.736449377087E-001  7.504305525612E-001
  1.783418304674E+000  2.330865617868E-002  2.819417205883E-001 -4.565729459982E-001  7.254547095353E-001
  1.806901844175E+000  2.365955942924E-002  2.714175167806E-001 -4.398287510089E-001  7.006811261345E-001
  1.830739724818E+000  2.401736670327E-002  2.611296726222E-001 -4.234196083735E-001  6.761528361674E-001
  1.854938936184E+000  2.438224995616E-002  2.510788477103E-001 -4.073519282507E-001  6.519094094594E-001
  1.879506642368E+000  2.475438629994E-002  2.412654583301E-001 -3.916313021538E-001  6.279870667434E-001
  1.904450187236E+000  2.513395818467E-002  2.316896831772E-001 -3.762625303689E-001  6.044187970387E-001
  1.929777099847E+000  2.552115358717E-002  2.223514692108E-001 -3.612496498745E-001  5.812344771997E-001
  1.955495100083E+000  2.591616620741E-002  2.132505376191E-001 -3.465959626676E-001  5.584609932975E-001
  1.981612104475E+000  2.631919567292E-002  2.043863898779E-001 -3.323040644053E-001  5.361223634857E-001
  2.008136232230E+000  2.673044775156E-002  1.957583138844E-001 -3.183758732644E-001  5.142398619926E-001
  2.035075811486E+000  2.715013457311E-002  1.873653901465E-001 -3.048126589268E-001  4.928321438721E-001
  2.062439385788E+000  2.757847486001E-002  1.792064980134E-001 -2.916150715944E-001  4.719153701395E-001
  2.090235720801E+000  2.801569416771E-002  1.712803219274E-001 -2.787831709398E-001  4.515033329145E-001
  2.118473811262E+000  2.846202513514E-002  1.635853576844E-001 -2.663164549021E-001  4.316075801907E-001
  2.147162888201E+000  2.891770774564E-002  1.561199186868E-001 -2.542138882371E-001  4.122375398537E-001
  2.176312426413E+000  2.938298959899E-002  1.488821421764E-001 -2.424739307351E-001  3.934006425696E-001
  2.205932152222E+000  2.985812619504E-002  1.418699954354E-001 -2.310945650236E-001  3.751024431761E-001
  2.236032051522E+000  3.034338122938E-002  1.350812819451E-001 -2.200733238760E-001  3.573467402107E-001
  2.266622378129E+000  3.083902690182E-002  1.285136474934E-001 -2.094073169521E-001  3.401356932290E-001
  2.297713662445E+000  3.134534423818E-002  1.221645862251E-001 -1.990932569017E-001  3.234699375720E-001
  2.329316720450E+000  3.186262342603E-002  1.160314466280E-001 -1.891274847696E-001  3.073486962640E-001
  2.361442663038E+000  3.239116416519E-002  1.101114374533E-001 -1.795059946458E-001  2.917698887384E-001
  2.394102905709E+000  3.293127603351E-002  1.044016335676E-001 -1.702244575121E-001  2.767302361100E-001
  2.427309178642E+000  3.348327886897E-002  9.889898173660E-002 -1.612782442448E-001  2.622253627375E-001
  2.461073537146E+000  3.404750316862E-002  9.360030634461E-002 -1.526624477388E-001  2.482498938461E-001
  2.495408372530E+000  3.462429050548E-002  8.850231505150E-002 -1.443719041300E-001  2.347975490050E-001
  2.530326423398E+000  3.521399396401E-002  8.360160439464E-002 -1.364012130975E-001  2.218612312887E-001
  2.565840787378E+000  3.581697859546E-002  7.889466534290E-002 -1.287447572390E-001  2.094331119778E-001
  2.601964933334E+000  3.643362189376E-002  7.437788881166E-002 -1.213967205189E-001  1.975047106918E-001
  2.638712714049E+000  3.706431429322E-002  7.004757114968E-002 -1.143511057981E-001  1.860669708755E-001
  2.676098379430E+000  3.770945968912E-002  6.589991960953E-002 -1.076017514631E-001  1.751103305986E-001
  2.714136590232E+000  3.836947598236E-002  6.193105781438E-002 -1.011423471790E-001  1.646247886589E-001
  2.752842432351E+000  3.904479564947E-002  5.813703123498E-002 -9.496644880015E-002  1.545999660163E-001
  2.792231431696E+000  3.973586633921E-002  5.451381269093E-002 -8.906749247670E-002  1.450251626166E-001
  2.832319569669E+000  4.044315149734E-002  5.105730789091E-002 -8.343880800540E-002  1.358894096982E-001
  2.873123299289E+000  4.116713102086E-002  4.776336102624E-002 -7.807363147564E-002  1.271815177044E-001
  2.914659561979E+000  4.190830194354E-002  4.462776043206E-002 -7.296511726848E-002  1.188901199567E-001
  2.956945805065E+000  4.266717915414E-002  4.164624432954E-002 -6.810634947006E-002  1.110037122682E-001
  3.000000000000E+000  4.344429614932E-002  3.881450666164E-002 -6.349035276404E-002  1.035106887052E-001
  3.043840661365E+000  4.424020582308E-002  3.612820303362E-002 -5.911010286974E-002  9.639937372517E-002
  3.088486866678E+000  4.505548129460E-002  3.358295676755E-002 -5.495853659385E-002  8.965805093861E-002
  3.133958277047E+000  4.589071677685E-002  3.117436507842E-002 -5.102856156347E-002  8.327498876052E-002
  3.180275158719E+000  4.674652848797E-002  2.889800537659E-002 -4.731306570690E-002  7.723846322620E-002
  3.227458405560E+000  4.762355560797E-002  2.674944169910E-002 -4.380492654639E-002  7.153677825730E-002
  3.275529562509E+000  4.852246128332E-002  2.472423126908E-002 -4.049702036321E-002  6.615828366710E-002
  3.324510850077E+000  4.944393368200E-002  2.281793117932E-002 -3.738223129113E-002  6.109139119523E-002
  3.374425189910E+000  5.038868710203E-002  2.102610519274E-002 -3.445346038824E-002  5.632458885811E-002
  3.425296231502E+000  5.135746313639E-002  1.934433064872E-002 -3.170363473042E-002  5.184645389410E-002
  3.477148380094E+000  5.235103189784E-002  1.776820546059E-002 -2.912571656232E-002  4.764566457078E-002
  3.530006825834E+000  5.337019330676E-002  1.629335518578E-002 -2.671271253273E-002  4.371101110696E-002
  3.583897574256E+000  5.441577844603E-002  1.491544014630E-002 -2.445768303268E-002  4.003140594300E-002
  3.638847478148E+000  5.548865098670E-002  1.363016257333E-002 -2.235375164425E-002  3.659589357182E-002
  3.694884270887E+000  5.658970868864E-002  1.243327374641E-002 -2.039411469869E-002  3.339366011829E-002
  3.752036601308E+000  5.771988498079E-002  1.132058109381E-002 -1.857205093166E-002  3.041404282779E-002
  3.810334070199E+000  5.888015062562E-002  1.028795521806E-002 -1.688093121356E-002  2.764653959646E-002
  3.869807268505E+000  6.007151547295E-002  9.331336807217E-003 -1.531422832250E-002  2.508081864536E-002
  3.930487817331E+000  6.129503030858E-002  8.446743390580E-003 -1.386552671821E-002  2.270672841033E-002
  3.992408409843E+000  6.255178880352E-002  7.630275895307E-003 -1.252853226584E-002  2.051430768816E-002
  4.055602855172E+000  6.384292957002E-002  6.878124959173E-003 -1.129708185027E-002  1.849379604944E-002
  4.120106124432E+000  6.516963833101E-002  6.186576953917E-003 -1.016515281461E-002  1.663564449882E-002
  4.185954398964E+000  6.653315021009E-002  5.552019673531E-003 -9.126872149914E-003  1.493052633547E-002
  4.253185120935E+000  6.793475214960E-002  4.970947642441E-003 -8.176525358678E-003  1.336934814076E-002
  4.321837046422E+000  6.937578546490E-002  4.439966999857E-003 -7.308564911132E-003  1.194326079696E-002
  4.391950301120E+000  7.085764854355E-002  3.955799918645E-003 -6.517618211433E-003  1.064367042082E-002
  4.463566438835E+000  7.238179969882E-002  3.515288519909E-003 -5.798494990788E-003  9.462249078978E-003
  4.536728502895E+000  7.394976018725E-002  3.115398248037E-003 -5.146194046000E-003  8.390945139923E-003
  4.611481090679E+000  7.556311740127E-002  2.753220675261E-003 -4.555909245172E-003  7.421993108020E-003
  4.687870421430E+000  7.722352824817E-002  2.425975709782E-003 -4.023034727265E-003  6.547922781123E-003
  4.765944407533E+000  7.893272272784E-002  2.131013187092E-003 -3.543169228849E-003  5.761567572966E-003
  4.845752729492E+000  8.069250772248E-002  1.865813830326E-003 -3.112119479588E-003  5.056071845783E-003
  4.927346914797E+000  8.250477101257E-002  1.627989572110E-003 -2.725902617682E-003  4.424897106935E-003
  5.010780420931E+000  8.437148553436E-002  1.415283237407E-003 -2.380747587456E-003  3.861826935623E-003
  5.096108722763E+000  8.629471389541E-002  1.225567594152E-003 -2.073095493412E-003  3.360970521649E-003
  5.183389404586E+000  8.827661316581E-002  1.056843785922E-003 -1.799598898035E-003  2.916764717381E-003
  5.272682257105E+000  9.031943996425E-002  9.072391683226E-004 -1.557120064281E-003  2.523974525961E-003
  5.364049379651E+000  9.242555585946E-002  7.750045781019E-004 -1.342728157756E-003  2.177691972947E-003
  5.457555287978E+000  9.459743310926E-002  6.585110710845E-004 -1.153695437684E-003  1.873333334405E-003
  5.553267027968E+000  9.683766076100E-002  5.562461716193E-004 -9.874924797618E-004  1.606634721220E-003
  5.651254295630E+000  9.914895113938E-002  4.668096823514E-004 -8.417824874367E-004  1.373646046650E-003
  5.751589563796E+000  1.015341467494E-001  3.889091084970E-004 -7.144147608855E-004  1.170723430990E-003
  5.854348215936E+000  1.039962276248E-001  3.213547553577E-004 -6.034174045878E-004  9.945201232642E-004
  5.959608687557E+000  1.065383191537E-001  2.630545614220E-004 -5.069893647383E-004  8.419760442573E-004
  6.067452615683E+000  1.091637004188E-001  2.130087319547E-004 -4.234918964994E-004  7.103060775847E-004
  6.177964996951E+000  1.118758130872E-001  1.703042393954E-004 -3.514395680957E-004  5.969872551743E-004
  6.291234354880E+000  1.146782708938E-001  1.341092571059E-004 -2.894909137916E-004  4.997450001740E-004
  6.407352916949E+000  1.175748697626E-001  1.036675919884E-004 -2.364388507514E-004  4.165386034561E-004
  6.526416802128E+000  1.205695986129E-001  7.829317922264E-005 -1.912009755618E-004  3.455461193098E-004
  6.648526219580E+000  1.236666509049E-001  5.736469887473E-005 -1.528098547565E-004  2.851488713982E-004
  6.773785679311E+000  1.268704369821E-001  4.032036944124E-005 -1.204034200342E-004  2.339157615083E-004
  6.902304215570E+000  1.301855972713E-001  2.665296761161E-005 -9.321557307030E-005  1.905875710540E-004
  7.034195623922E+000  1.336170164087E-001  1.590511675681E-005 -7.056709699750E-005  1.540614388022E-004
  7.169578712934E+000  1.371698383673E-001  7.664879036501E-006 -5.185696195077E-005  1.233756880983E-004
  7.308577571516E+000  1.408494826628E-001  1.561677729678E-006 -3.655410075350E-005  9.769516324233E-005
  7.451321853057E+000  1.446616617293E-001 -2.737432363154E-006 -2.418971812947E-005  7.629721801862E-005
  7.597947077547E+000  1.486123995567E-001 -5.531137603060E-006 -1.435018307456E-005  5.855848014223E-005
  7.748594953021E+000  1.527080516973E-001 -7.086881449088E-006 -6.670539552907E-006  4.394249408939E-005
  7.903413717736E+000  1.569553267535E-001 -7.643532582902E-006 -8.286558703585E-007  3.198832199605E-005
  8.062558504629E+000  1.613613094717E-001 -7.413722421751E-006  3.459981686806E-006  2.230015864799E-005
  8.226191729726E+000  1.659334855793E-001 -6.585876731361E-006  6.446839678940E-006  1.453799268198E-005
  8.394483506327E+000  1.706797685137E-001 -5.325972567689E-006  8.354295014723E-006  8.409322609471E-006
  8.567612086926E+000  1.756085282071E-001 -3.779057081515E-006  9.379013595600E-006  3.661913786958E-006
  8.745764335025E+000  1.807286221064E-001 -2.070568625567E-006  9.694795263007E-006  7.756158747659E-008
  8.929136229160E+000  1.860494286260E-001 -3.075029640041E-007  9.454939027896E-006 -2.533192678847E-006
  9.117933401693E+000  1.915808832504E-001  1.420531898382E-006  8.794189259843E-006 -4.335462611719E-006
  9.312371715124E+000  1.973335175235E-001  3.040329715038E-006  7.830327907540E-006 -5.473616879867E-006
  9.512677878945E+000  2.033185011886E-001  4.494128897676E-006  6.665479810512E-006 -6.074170936414E-006
  9.719090110332E+000  2.095476877688E-001  5.738648586855E-006  5.387197726171E-006 -6.248068724485E-006
  9.931858842267E+000  2.160336639044E-001  6.744087773423E-006  4.069390910805E-006 -6.092455432453E-006
  1.015124748302E+001  2.227898028021E-001  7.493064154779E-006  2.773156123836E-006 -5.692041491783E-006
  1.037753323129E+001  2.298303221843E-001  7.979477124293E-006  1.547563027694E-006 -5.120153855201E-006
  1.061100795175E+001  2.371703471699E-001  8.207287584734E-006  4.304374687149E-007 -4.439563476291E-006
  1.085197911611E+001  2.448259785618E-001  8.189215775476E-006 -5.508235439585E-007 -3.703168274733E-006
  1.110077081537E+001  2.528143670735E-001  7.945366614410E-006 -1.378381732499E-006 -2.954599251482E-006
  1.135772484956E+001  2.611537940784E-001  7.501799779494E-006 -2.043019500617E-006 -2.228804425750E-006
  1.162320190175E+001  2.698637595360E-001  6.889068507941E-006 -2.543131453869E-006 -1.552651556369E-006
  1.189758280382E+001  2.789650778206E-001  6.140756525301E-006 -2.883652564521E-006 -9.455768527584E-007
  1.218126990242E+001  2.884799822596E-001  5.292046340910E-006 -3.074938398285E-006 -4.202937233131E-007
  1.247468853413E+001  2.984322392826E-001  4.378354144392E-006 -3.131619565621E-006  1.643635550802E-008
  1.277828862002E+001  3.088472731875E-001  3.434066584592E-006 -3.071457418061E-006  3.629790319799E-007
  1.309254639077E+001  3.197523026463E-001  2.491412784027E-006 -2.914230797490E-006  6.219646926484E-007
  1.341796625462E+001  3.311764902095E-001  1.579501122045E-006 -2.680684300042E-006  7.994106868988E-007
  1.375508282195E+001  3.431511062169E-001  7.235447982577E-007 -2.391567096380E-006  9.038537326312E-007
  1.410446310162E+001  3.557097086969E-001 -5.570674722521E-008 -2.066788036546E-006  9.455190453415E-007
  1.446670888596E+001  3.688883410292E-001 -7.423214559330E-007 -1.724707848359E-006  9.355514850049E-007
  1.484245934302E+001  3.827257493700E-001 -1.325322794462E-006 -1.381583090177E-006  8.853308600948E-007
  1.523239383723E+001  3.972636220891E-001 -1.798620606073E-006 -1.051169581301E-006  8.058888777719E-007
  1.563723500136E+001  4.125468537596E-001 -2.160751207237E-006 -7.444857788171E-007  7.074395612636E-007
  1.605775208607E+001  4.286238365683E-001 -2.414450790047E-006 -4.697294712262E-007  5.990287755085E-007
  1.649476461582E+001  4.455467823929E-001 -2.566092469808E-006 -2.323346586155E-007  4.883023062199E-007
  1.694914638379E+001  4.633720792263E-001 -2.625022003024E-006 -3.514996839705E-008  3.813861762943E-007
  1.742182982203E+001  4.821606861220E-001 -2.602830042276E-006  1.212842862177E-007  2.828679324920E-007
  1.791381078784E+001  5.019785714107E-001 -2.512599648802E-006  2.383860611948E-007  1.958637732916E-007
  1.842615381215E+001  5.228971995942E-001 -2.368166626435E-006  3.191353988452E-007  1.221537856825E-007
  1.895999786176E+001  5.449940730840E-001 -2.183427166629E-006  3.676585926666E-007  6.236627359181E-008
  1.951656267356E+001  5.683533358366E-001 -1.971722511100E-006  3.888173808382E-007  1.619214959427E-008
  2.009715572669E+001  5.930664469535E-001 -1.745324154490E-006  3.878248036587E-007 -1.738850749702E-008
  2.070317992707E+001  6.192329335039E-001 -1.515035915143E-006  3.699053403624E-007 -3.988355295776E-008
  2.133614208874E+001  6.469612332096E-001 -1.289921448561E-006  3.400122593669E-007 -5.308258531417E-008
  2.199766230782E+001  6.763696392388E-001 -1.077157949954E-006  3.026101090735E-007 -5.887730705061E-008
  2.268948433818E+001  7.075873612439E-001 -8.820093789850E-007  2.615252813195E-007 -5.911489925948E-008
  2.341348709294E+001  7.407557189842E-001 -7.079060043554E-007  2.198629148306E-007 -5.548756474437E-008
  2.417169741362E+001  7.760294874639E-001 -5.566118136512E-007  1.799843522142E-007 -4.945837071211E-008
  2.496630426925E+001  8.135784155747E-001 -4.284576815790E-007  1.435361477508E-007 -4.222095318056E-008
  2.579967457140E+001  8.535889438281E-001 -3.226163376007E-007  1.115194032198E-007 -3.468865202389E-008
  2.667437081864E+001  8.962661510291E-001 -2.373951842918E-007  8.438706565482E-008 -2.750729795167E-008
  2.759317081651E+001  9.418359647997E-001 -1.705248019075E-007  6.215675008684E-008 -2.108518806215E-008
  2.855908975674E+001  9.905476768748E-001 -1.194242935492E-007  4.452756262617E-008 -1.563373165751E-008
  2.957540498378E+001  1.042676811269E+000 -8.142910484869E-008  3.099112638972E-008 -1.121274327945E-008
  3.064568382919E+001  1.098528402000E+000 -5.397211531160E-008  2.092932192941E-008 -7.775287354646E-009
  3.177381495601E+001  1.158440747351E+000 -3.471411333952E-008  1.369386980082E-008 -5.208192873078E-009
  3.296404372807E+001  1.222789720048E+000 -2.162470528220E-008  8.665517213172E-009 -3.365698465669E-009
  3.422101220608E+001  1.291993727721E+000 -1.301880937691E-008  5.292974103670E-009 -2.095002886566E-009
  3.554980447538E+001  1.366519436102E+000 -7.556811486944E-009  3.113658458054E-009 -1.253648533255E-009
  3.695599813319E+001  1.446888389511E+000 -4.218041338451E-009  1.759615369099E-009 -7.195569996697E-010
  3.844572291106E+001  1.533684690030E+000 -2.257480222736E-009  9.526204275734E-010 -3.951121599145E-010
  4.002572758518E+001  1.627563929686E+000 -1.154721458356E-009  4.925094959327E-010 -2.069433108902E-010
  4.170345654134E+001  1.729263610453E+000 -5.624930663260E-010  2.423156017905E-010 -1.030382867875E-010
  4.348713762001E+001  1.839615336740E+000 -2.599075374142E-010  1.130118875640E-010 -4.858670959757E-011
  4.538588318162E+001  1.959559126947E+000 -1.134134493851E-010  4.974510856978E-011 -2.160524758657E-011
  4.740980671574E+001  2.090160267552E+000 -4.650703550452E-011  2.056585994449E-011 -9.016709917041E-012
  4.957015778746E+001  2.232629229408E+000 -1.782374277183E-011  7.942387626956E-012 -3.512802925810E-012
  5.187947869225E+001  2.388345286640E+000 -6.345162240659E-012  2.847855550483E-012 -1.269869888323E-012
  5.435178690397E+001  2.558884630889E+000 -2.083857518919E-012  9.416315987317E-013 -4.230797860746E-013
  5.700278828629E+001  2.746053966795E+000 -6.265088749971E-013  2.849093501359E-013 -1.289230778569E-013
  5.985012714155E+001  2.951930820846E+000 -1.709438476515E-013  7.820610318281E-014 -3.562449956883E-014
  6.291368055481E+001  3.178912111311E+000 -4.191766416619E-014  1.928610090989E-014 -8.840049613542E-015
  6.621590623276E+001  3.429772933797E+000 -9.135881095815E-015  4.225913852300E-015 -1.948344147845E-015
  6.978225524452E+001  3.707738044625E+000 -1.747668045436E-015  8.125008399285E-016 -3.766597876855E-016
  7.364166388185E+001  4.016569212832E+000 -2.892774980046E-016  1.351307996453E-016 -6.296764485595E-017
  7.782714245929E+001  4.360672516382E+000 -4.075951584341E-017  1.912631179584E-017 -8.955702346572E-018
  8.237648351994E+001  4.745230855210E+000 -4.798215474612E-018  2.261200376833E-018 -1.063628007134E-018
  8.733311794503E+001  5.176368549127E+000 -4.618762323549E-019  2.185459835778E-019 -1.032431420750E-019
  9.274715535088E+001  5.661357031559E+000 -3.546347868924E-020  1.684468913147E-020 -7.989912000929E-021
  9.867665554529E+001  6.208873552072E+000 -2.110291177864E-021  1.006005286405E-021 -4.790045715442E-022
  1.051891916055E+002  6.829328764649E+000 -9.411235149596E-023  4.501914705952E-023 -2.151310251684E-023
  1.123637836013E+002  7.535284543316E+000 -3.024514043874E-024  1.451509663386E-024 -6.959911587887E-025
  1.202933069206E+002  8.341990973528E+000 -6.688565541573E-026  3.219852352780E-026 -1.548868305514E-026
  1.290875131414E+002  9.268082166539E+000 -9.638072740121E-028  4.653293756037E-028 -2.245200596531E-028
  1.388768482001E+002  1.033648575811E+001 -8.481237966106E-030  4.106093904533E-030 -1.986851243804E-030
  1.498173177370E+002  1.157562284364E+001 -4.217338731044E-032  2.047116989811E-032 -9.932314688044E-033
  1.620967411853E+002  1.302100699722E+001 -1.079287737883E-034  5.251870984028E-035 -2.554619827659E-035
  1.759428668168E+002  1.471739812515E+001 -1.269161624487E-037  6.190234528600E-038 -3.018283948001E-038
  1.916340085825E+002  1.672173748087E+001 -5.970149361962E-041  2.918313369810E-041 -1.426149299870E-041
  2.095131417987E+002  1.910719757888E+001 -9.469779660527E-045  4.638618042771E-045 -2.271662477285E-045
  2.300068054477E+002  2.196884699990E+001 -4.095154723613E-049  2.009872947871E-049 -9.862578378056E-050
  2.536507797910E+002  2.543169216868E+001 -3.696484567155E-054  1.817549314219E-054 -8.935555969382E-055
  2.811254638474E+002  2.966227967912E+001 -4.960873141242E-060  2.443462520960E-060 -1.203382020391E-060
  3.133053780630E+002  3.488573552677E+001 -6.399601702471E-067  3.157211193194E-067 -1.557452484443E-067
  3.513296254502E+002  4.141128389041E+001 -4.495472959484E-075  2.221179128026E-075 -1.097389332408E-075
  3.967041014106E+002  4.967130404214E+001 -8.111096470461E-085  4.013294472768E-085 -1.985630412456E-085
  4.514529193349E+002  6.028257212519E+001 -1.368724273025E-096  6.781218298170E-097 -3.359549869483E-097
  5.183481233601E+002  7.414493328740E+001 -5.413583977555E-111  2.685376121141E-111 -1.332022486672E-111
  6.012676077950E+002  9.260523890243E+001 -7.238740345092E-129  3.594768993362E-129 -1.785125711090E-129
  7.057700503752E+002  1.177394213729E+002 -2.038099241971E-151  1.013167575073E-151 -5.036512524907E-152
  8.400513767914E+002  1.528577972397E+002 -2.014873531452E-180  1.002565635238E-180 -4.988531405568E-181
  1.016602135495E+003  2.034537342122E+002 -1.363814070389E-218  6.791897933123E-219 -3.382389826080E-219
  1.255220715580E+003  2.790860613466E+002 -3.196146123818E-270  1.592928115946E-270 -7.938957259869E-271
  1.588815776243E+003  3.973705897531E+002  0.000000000000E+000  0.000000000000E+000  0.000000000000E+000
  2.075392011604E+003  5.931596040112E+002  0.000000000000E+000  0.000000000000E+000  0.000000000000E+000
  2.825079847529E+003  9.419154890021E+002  0.000000000000E+000  0.000000000000E+000  0.000000000000E+000
  4.068408296184E+003  1.627629972033E+003  0.000000000000E+000  0.000000000000E+000  0.000000000000E+000
  6.357262947674E+003  3.178964796686E+003  0.000000000000E+000  0.000000000000E+000  0.000000000000E+000
  1.130231930164E+004  7.535323971013E+003  0.000000000000E+000  0.000000000000E+000  0.000000000000E+000
  2.543105175140E+004  2.543171841285E+004  0.000000000000E+000  0.000000000000E+000  0.000000000000E+000
  1.017262069958E+005  2.034537473226E+005  0.000000000000E+000  0.000000000000E+000  0.000000000000E+000
