500
   9.830308526508E-06   1.966074589941E-05   2.475711550741E+00  -2.625956282283E+00   3.091157885689E+00
   3.932200719717E-05   3.932303800261E-05   2.475634108174E+00  -2.625865121321E+00   3.090985937652E+00
   8.847741541455E-05   5.898842277178E-05   2.475505036436E+00  -2.625713189689E+00   3.090699373604E+00
   1.573003992804E-04   7.865844718600E-05   2.475324334339E+00  -2.625500492341E+00   3.090298217568E+00
   2.457963722417E-04   9.833465899987E-05   2.475092000218E+00  -2.625227036213E+00   3.089782503180E+00
   3.539722959954E-04   1.180186070023E-04   2.474808031936E+00  -2.624892830226E+00   3.089152273688E+00
   4.818366816528E-04   1.377118412759E-04   2.474472426877E+00  -2.624497885281E+00   3.088407581957E+00
   6.293995911626E-04   1.574159134560E-04   2.474085181955E+00  -2.624042214262E+00   3.087548490474E+00
   7.966726389934E-04   1.771323769912E-04   2.473646293607E+00  -2.623525832035E+00   3.086575071347E+00
   9.836689940782E-04   1.968627874036E-04   2.473155757798E+00  -2.622948755451E+00   3.085487406317E+00
   1.190403382016E-03   2.166087025496E-04   2.472613570019E+00  -2.622311003341E+00   3.084285586759E+00
   1.416892087541E-03   2.363716828821E-04   2.472019725291E+00  -2.621612596522E+00   3.082969713689E+00
   1.663152957245E-03   2.561532917128E-04   2.471374218161E+00  -2.620853557792E+00   3.081539897769E+00
   1.929205402573E-03   2.759550954757E-04   2.470677042706E+00  -2.620033911937E+00   3.079996259318E+00
   2.215070403074E-03   2.957786639908E-04   2.469928192535E+00  -2.619153685722E+00   3.078338928319E+00
   2.520770509919E-03   3.156255707300E-04   2.469127660785E+00  -2.618212907900E+00   3.076568044424E+00
   2.846329849692E-03   3.354973930828E-04   2.468275440127E+00  -2.617211609209E+00   3.074683756968E+00
   3.191774128432E-03   3.553957126240E-04   2.467371522764E+00  -2.616149822369E+00   3.072686224976E+00
   3.557130635959E-03   3.753221153821E-04   2.466415900434E+00  -2.615027582087E+00   3.070575617174E+00
   3.942428250463E-03   3.952781921092E-04   2.465408564410E+00  -2.613844925058E+00   3.068352111997E+00
   4.347697443358E-03   4.152655385525E-04   2.464349505501E+00  -2.612601889960E+00   3.066015897608E+00
   4.772970284417E-03   4.352857557265E-04   2.463238714054E+00  -2.611298517459E+00   3.063567171902E+00
   5.218280447175E-03   4.553404501876E-04   2.462076179956E+00  -2.609934850205E+00   3.061006142520E+00
   5.683663214611E-03   4.754312343099E-04   2.460861892634E+00  -2.608510932840E+00   3.058333026867E+00
   6.169155485101E-03   4.955597265624E-04   2.459595841058E+00  -2.607026811987E+00   3.055548052118E+00
   6.674795778653E-03   5.157275517886E-04   2.458278013741E+00  -2.605482536261E+00   3.052651455240E+00
   7.200624243425E-03   5.359363414876E-04   2.456908398743E+00  -2.603878156262E+00   3.049643482997E+00
   7.746682662519E-03   5.561877340970E-04   2.455486983669E+00  -2.602213724579E+00   3.046524391974E+00
   8.313014461060E-03   5.764833752781E-04   2.454013755676E+00  -2.600489295789E+00   3.043294448586E+00
   8.899664713569E-03   5.968249182030E-04   2.452488701470E+00  -2.598704926454E+00   3.039953929095E+00
   9.506680151615E-03   6.172140238444E-04   2.450911807311E+00  -2.596860675127E+00   3.036503119629E+00
   1.013410917176E-02   6.376523612666E-04   2.449283059015E+00  -2.594956602347E+00   3.032942316193E+00
   1.078200184380E-02   6.581416079202E-04   2.447602441952E+00  -2.592992770642E+00   3.029271824690E+00
   1.145040991929E-02   6.786834499385E-04   2.445869941056E+00  -2.590969244524E+00   3.025491960937E+00
   1.213938684040E-02   6.992795824361E-04   2.444085540820E+00  -2.588886090496E+00   3.021603050681E+00
   1.284898774901E-02   7.199317098113E-04   2.442249225301E+00  -2.586743377045E+00   3.017605429617E+00
   1.357926949620E-02   7.406415460502E-04   2.440360978125E+00  -2.584541174645E+00   3.013499443407E+00
   1.433029065191E-02   7.614108150341E-04   2.438420782485E+00  -2.582279555756E+00   3.009285447697E+00
   1.510211151509E-02   7.822412508494E-04   2.436428621146E+00  -2.579958594820E+00   3.004963808134E+00
   1.589479412397E-02   8.031345981016E-04   2.434384476451E+00  -2.577578368266E+00   3.000534900387E+00
   1.670840226680E-02   8.240926122311E-04   2.432288330315E+00  -2.575138954504E+00   2.995999110162E+00
   1.754300149280E-02   8.451170598329E-04   2.430140164238E+00  -2.572640433928E+00   2.991356833226E+00
   1.839865912351E-02   8.662097189796E-04   2.427939959301E+00  -2.570082888908E+00   2.986608475419E+00
   1.927544426443E-02   8.873723795480E-04   2.425687696171E+00  -2.567466403798E+00   2.981754452677E+00
   2.017342781695E-02   9.086068435487E-04   2.423383355108E+00  -2.564791064926E+00   2.976795191049E+00
   2.109268249069E-02   9.299149254598E-04   2.421026915960E+00  -2.562056960597E+00   2.971731126717E+00
   2.203328281612E-02   9.512984525641E-04   2.418618358175E+00  -2.559264181089E+00   2.966562706012E+00
   2.299530515754E-02   9.727592652906E-04   2.416157660799E+00  -2.556412818652E+00   2.961290385435E+00
   2.397882772639E-02   9.942992175591E-04   2.413644802482E+00  -2.553502967504E+00   2.955914631675E+00
   2.498393059493E-02   1.015920177130E-03   2.411079761480E+00  -2.550534723830E+00   2.950435921625E+00
   2.601069571024E-02   1.037624025957E-03   2.408462515663E+00  -2.547508185779E+00   2.944854742401E+00
   2.705920690860E-02   1.059412660547E-03   2.405793042511E+00  -2.544423453459E+00   2.939171591361E+00
   2.812954993023E-02   1.081287992318E-03   2.403071319126E+00  -2.541280628936E+00   2.933386976122E+00
   2.922181243436E-02   1.103251947969E-03   2.400297322231E+00  -2.538079816229E+00   2.927501414574E+00
   3.033608401473E-02   1.125306469854E-03   2.397471028178E+00  -2.534821121307E+00   2.921515434899E+00
   3.147245621542E-02   1.147453516351E-03   2.394592412949E+00  -2.531504652083E+00   2.915429575589E+00
   3.263102254705E-02   1.169695062249E-03   2.391661452161E+00  -2.528130518411E+00   2.909244385456E+00
   3.381187850339E-02   1.192033099133E-03   2.388678121074E+00  -2.524698832083E+00   2.902960423654E+00
   3.501512157837E-02   1.214469635775E-03   2.385642394591E+00  -2.521209706819E+00   2.896578259688E+00
   3.624085128345E-02   1.237006698530E-03   2.382554247266E+00  -2.517663258264E+00   2.890098473430E+00
   3.748916916538E-02   1.259646331739E-03   2.379413653307E+00  -2.514059603984E+00   2.883521655131E+00
   3.876017882444E-02   1.282390598136E-03   2.376220586583E+00  -2.510398863457E+00   2.876848405438E+00
   4.005398593302E-02   1.305241579266E-03   2.372975020629E+00  -2.506681158068E+00   2.870079335398E+00
   4.137069825459E-02   1.328201375897E-03   2.369676928650E+00  -2.502906611099E+00   2.863215066476E+00
   4.271042566323E-02   1.351272108452E-03   2.366326283527E+00  -2.499075347726E+00   2.856256230560E+00
   4.407328016341E-02   1.374455917436E-03   2.362923057824E+00  -2.495187495007E+00   2.849203469971E+00
   4.545937591035E-02   1.397754963880E-03   2.359467223791E+00  -2.491243181877E+00   2.842057437472E+00
   4.686882923075E-02   1.421171429779E-03   2.355958753374E+00  -2.487242539136E+00   2.834818796275E+00
   4.830175864396E-02   1.444707518548E-03   2.352397618219E+00  -2.483185699441E+00   2.827488220045E+00
   4.975828488365E-02   1.468365455478E-03   2.348783789677E+00  -2.479072797297E+00   2.820066392904E+00
   5.123853091993E-02   1.492147488203E-03   2.345117238812E+00  -2.474903969046E+00   2.812554009436E+00
   5.274262198188E-02   1.516055887169E-03   2.341397936410E+00  -2.470679352855E+00   2.804951774687E+00
   5.427068558066E-02   1.540092946119E-03   2.337625852981E+00  -2.466399088705E+00   2.797260404167E+00
   5.582285153302E-02   1.564260982573E-03   2.333800958771E+00  -2.462063318382E+00   2.789480623845E+00
   5.739925198530E-02   1.588562338332E-03   2.329923223763E+00  -2.457672185457E+00   2.781613170151E+00
   5.900002143803E-02   1.612999379973E-03   2.325992617693E+00  -2.453225835283E+00   2.773658789968E+00
   6.062529677088E-02   1.637574499364E-03   2.322009110051E+00  -2.448724414970E+00   2.765618240627E+00
   6.227521726827E-02   1.662290114181E-03   2.317972670090E+00  -2.444168073381E+00   2.757492289898E+00
   6.394992464542E-02   1.687148668440E-03   2.313883266838E+00  -2.439556961108E+00   2.749281715980E+00
   6.564956307496E-02   1.712152633027E-03   2.309740869100E+00  -2.434891230463E+00   2.740987307492E+00
   6.737427921404E-02   1.737304506249E-03   2.305545445472E+00  -2.430171035456E+00   2.732609863454E+00
   6.912422223211E-02   1.762606814387E-03   2.301296964350E+00  -2.425396531781E+00   2.724150193274E+00
   7.089954383907E-02   1.788062112257E-03   2.296995393933E+00  -2.420567876796E+00   2.715609116727E+00
   7.270039831418E-02   1.813672983787E-03   2.292640702238E+00  -2.415685229508E+00   2.706987463939E+00
   7.452694253540E-02   1.839442042599E-03   2.288232857109E+00  -2.410748750548E+00   2.698286075359E+00
   7.637933600943E-02   1.865371932600E-03   2.283771826226E+00  -2.405758602153E+00   2.689505801732E+00
   7.825774090225E-02   1.891465328589E-03   2.279257577114E+00  -2.400714948147E+00   2.680647504078E+00
   8.016232207035E-02   1.917724936867E-03   2.274690077154E+00  -2.395617953916E+00   2.671712053653E+00
   8.209324709253E-02   1.944153495867E-03   2.270069293597E+00  -2.390467786385E+00   2.662700331918E+00
   8.405068630235E-02   1.970753776782E-03   2.265395193571E+00  -2.385264613996E+00   2.653613230504E+00
   8.603481282122E-02   1.997528584221E-03   2.260667744093E+00  -2.380008606683E+00   2.644451651169E+00
   8.804580259214E-02   2.024480756857E-03   2.255886912084E+00  -2.374699935845E+00   2.635216505758E+00
   9.008383441408E-02   2.051613168108E-03   2.251052664377E+00  -2.369338774321E+00   2.625908716151E+00
   9.214908997710E-02   2.078928726810E-03   2.246164967735E+00  -2.363925296360E+00   2.616529214223E+00
   9.424175389809E-02   2.106430377918E-03   2.241223788855E+00  -2.358459677597E+00   2.607078941779E+00
   9.636201375725E-02   2.134121103210E-03   2.236229094393E+00  -2.352942095017E+00   2.597558850509E+00
   9.851006013526E-02   2.162003922007E-03   2.231180850965E+00  -2.347372726931E+00   2.587969901918E+00
   1.006860866512E-01   2.190081891910E-03   2.226079025173E+00  -2.341751752940E+00   2.578313067269E+00
   1.028902900012E-01   2.218358109541E-03   2.220923583612E+00  -2.336079353904E+00   2.568589327509E+00
   1.051228699979E-01   2.246835711311E-03   2.215714492886E+00  -2.330355711906E+00   2.558799673201E+00
   1.073840296104E-01   2.275517874190E-03   2.210451719628E+00  -2.324581010222E+00   2.548945104447E+00
   1.096739750056E-01   2.304407816497E-03   2.205135230508E+00  -2.318755433280E+00   2.539026630804E+00
   1.119929155896E-01   2.333508798707E-03   2.199764992259E+00  -2.312879166624E+00   2.529045271203E+00
   1.143410640503E-01   2.362824124271E-03   2.194340971687E+00  -2.306952396878E+00   2.519002053858E+00
   1.167186364011E-01   2.392357140448E-03   2.188863135689E+00  -2.300975311703E+00   2.508898016170E+00
   1.191258520249E-01   2.422111239159E-03   2.183331451276E+00  -2.294948099759E+00   2.498734204630E+00
   1.215629337189E-01   2.452089857854E-03   2.177745885588E+00  -2.288870950662E+00   2.488511674713E+00
   1.240301077413E-01   2.482296480400E-03   2.172106405911E+00  -2.282744054939E+00   2.478231490770E+00
   1.265276038575E-01   2.512734637975E-03   2.166412979704E+00  -2.276567603987E+00   2.467894725913E+00
   1.290556553882E-01   2.543407909995E-03   2.160665574612E+00  -2.270341790023E+00   2.457502461895E+00
   1.316144992580E-01   2.574319925047E-03   2.154864158492E+00  -2.264066806041E+00   2.447055788985E+00
   1.342043760450E-01   2.605474361847E-03   2.149008699435E+00  -2.257742845762E+00   2.436555805834E+00
   1.368255300316E-01   2.636874950214E-03   2.143099165785E+00  -2.251370103581E+00   2.426003619344E+00
   1.394782092560E-01   2.668525472060E-03   2.137135526166E+00  -2.244948774522E+00   2.415400344520E+00
   1.421626655646E-01   2.700429762411E-03   2.131117749503E+00  -2.238479054181E+00   2.404747104321E+00
   1.448791546661E-01   2.732591710434E-03   2.125045805053E+00  -2.231961138672E+00   2.394045029507E+00
   1.476279361856E-01   2.765015260497E-03   2.118919662423E+00  -2.225395224575E+00   2.383295258479E+00
   1.504092737207E-01   2.797704413242E-03   2.112739291603E+00  -2.218781508877E+00   2.372498937103E+00
   1.532234348983E-01   2.830663226680E-03   2.106504662988E+00  -2.212120188913E+00   2.361657218543E+00
   1.560706914324E-01   2.863895817319E-03   2.100215747413E+00  -2.205411462309E+00   2.350771263076E+00
   1.589513191834E-01   2.897406361298E-03   2.093872516177E+00  -2.198655526920E+00   2.339842237902E+00
   1.618655982178E-01   2.931199095559E-03   2.087474941077E+00  -2.191852580768E+00   2.328871316947E+00
   1.648138128702E-01   2.965278319033E-03   2.081022994439E+00  -2.185002821977E+00   2.317859680665E+00
   1.677962518056E-01   2.999648393860E-03   2.074516649146E+00  -2.178106448706E+00   2.306808515819E+00
   1.708132080832E-01   3.034313746623E-03   2.067955878680E+00  -2.171163659090E+00   2.295719015268E+00
   1.738649792215E-01   3.069278869616E-03   2.061340657151E+00  -2.164174651162E+00   2.284592377737E+00
   1.769518672648E-01   3.104548322136E-03   2.054670959333E+00  -2.157139622790E+00   2.273429807585E+00
   1.800741788507E-01   3.140126731803E-03   2.047946760705E+00  -2.150058771602E+00   2.262232514559E+00
   1.832322252791E-01   3.176018795904E-03   2.041168037486E+00  -2.142932294918E+00   2.251001713547E+00
   1.864263225826E-01   3.212229282769E-03   2.034334766679E+00  -2.135760389672E+00   2.239738624313E+00
   1.896567915983E-01   3.248763033179E-03   2.027446926106E+00  -2.128543252336E+00   2.228444471232E+00
   1.929239580409E-01   3.285624961791E-03   2.020504494458E+00  -2.121281078847E+00   2.217120483014E+00
   1.962281525771E-01   3.322820058613E-03   2.013507451335E+00  -2.113974064528E+00   2.205767892414E+00
   1.995697109023E-01   3.360353390492E-03   2.006455777291E+00  -2.106622404004E+00   2.194387935939E+00
   2.029489738173E-01   3.398230102644E-03   1.999349453884E+00  -2.099226291126E+00   2.182981853542E+00
   2.063662873085E-01   3.436455420218E-03   1.992188463725E+00  -2.091785918887E+00   2.171550888312E+00
   2.098220026275E-01   3.475034649885E-03   1.984972790526E+00  -2.084301479336E+00   2.160096286143E+00
   2.133164763746E-01   3.513973181471E-03   1.977702419156E+00  -2.076773163499E+00   2.148619295408E+00
   2.168500705817E-01   3.553276489620E-03   1.970377335691E+00  -2.069201161283E+00   2.137121166611E+00
   2.204231527988E-01   3.592950135496E-03   1.962997527476E+00  -2.061585661399E+00   2.125603152032E+00
   2.240360961807E-01   3.632999768520E-03   1.955562983177E+00  -2.053926851266E+00   2.114066505372E+00
   2.276892795770E-01   3.673431128145E-03   1.948073692846E+00  -2.046224916924E+00   2.102512481367E+00
   2.313830876220E-01   3.714250045674E-03   1.940529647981E+00  -2.038480042942E+00   2.090942335413E+00
   2.351179108282E-01   3.755462446115E-03   1.932930841589E+00  -2.030692412327E+00   2.079357323167E+00
   2.388941456809E-01   3.797074350078E-03   1.925277268258E+00  -2.022862206429E+00   2.067758700140E+00
   2.427121947345E-01   3.839091875711E-03   1.917568924219E+00  -2.014989604848E+00   2.056147721282E+00
   2.465724667110E-01   3.881521240686E-03   1.909805807425E+00  -2.007074785339E+00   2.044525640554E+00
   2.504753766009E-01   3.924368764227E-03   1.901987917618E+00  -1.999117923717E+00   2.032893710490E+00
   2.544213457654E-01   3.967640869177E-03   1.894115256410E+00  -1.991119193758E+00   2.021253181742E+00
   2.584108020414E-01   4.011344084122E-03   1.886187827360E+00  -1.983078767104E+00   2.009605302626E+00
   2.624441798480E-01   4.055485045557E-03   1.878205636058E+00  -1.974996813161E+00   1.997951318643E+00
   2.665219202956E-01   4.100070500102E-03   1.870168690208E+00  -1.966873499008E+00   1.986292471996E+00
   2.706444712976E-01   4.145107306769E-03   1.862076999715E+00  -1.958708989291E+00   1.974630001097E+00
   2.748122876832E-01   4.190602439283E-03   1.853930576779E+00  -1.950503446124E+00   1.962965140055E+00
   2.790258313137E-01   4.236562988450E-03   1.845729435986E+00  -1.942257028996E+00   1.951299118157E+00
   2.832855712010E-01   4.282996164587E-03   1.837473594407E+00  -1.933969894665E+00   1.939633159340E+00
   2.875919836279E-01   4.329909300005E-03   1.829163071696E+00  -1.925642197061E+00   1.927968481645E+00
   2.919455522717E-01   4.377309851548E-03   1.820797890198E+00  -1.917274087184E+00   1.916306296663E+00
   2.963467683296E-01   4.425205403192E-03   1.812378075054E+00  -1.908865713009E+00   1.904647808967E+00
   3.007961306479E-01   4.473603668706E-03   1.803903654309E+00  -1.900417219385E+00   1.892994215534E+00
   3.052941458522E-01   4.522512494374E-03   1.795374659037E+00  -1.891928747935E+00   1.881346705156E+00
   3.098413284823E-01   4.571939861783E-03   1.786791123447E+00  -1.883400436961E+00   1.869706457834E+00
   3.144382011281E-01   4.621893890671E-03   1.778153085019E+00  -1.874832421348E+00   1.858074644165E+00
   3.190852945695E-01   4.672382841850E-03   1.769460584620E+00  -1.866224832463E+00   1.846452424716E+00
   3.237831479192E-01   4.723415120192E-03   1.760713666645E+00  -1.857577798069E+00   1.834840949388E+00
   3.285323087679E-01   4.774999277691E-03   1.751912379145E+00  -1.848891442223E+00   1.823241356762E+00
   3.333333333333E-01   4.827144016591E-03   1.743056773975E+00  -1.840165885193E+00   1.811654773441E+00
   3.381867866117E-01   4.879858192602E-03   1.734146906933E+00  -1.831401243363E+00   1.800082313377E+00
   3.430932425333E-01   4.933150818173E-03   1.725182837915E+00  -1.822597629146E+00   1.788525077186E+00
   3.480532841203E-01   4.987031065868E-03   1.716164631069E+00  -1.813755150903E+00   1.776984151454E+00
   3.530675036492E-01   5.041508271801E-03   1.707092354953E+00  -1.804873912856E+00   1.765460608031E+00
   3.581365028158E-01   5.096591939172E-03   1.697966082706E+00  -1.795954015010E+00   1.753955503314E+00
   3.632608929041E-01   5.152291741875E-03   1.688785892212E+00  -1.786995553077E+00   1.742469877519E+00
   3.684412949588E-01   5.208617528209E-03   1.679551866287E+00  -1.777998618402E+00   1.731004753946E+00
   3.736783399619E-01   5.265579324662E-03   1.670264092852E+00  -1.768963297895E+00   1.719561138227E+00
   3.789726690123E-01   5.323187339805E-03   1.660922665128E+00  -1.759889673961E+00   1.708140017574E+00
   3.843249335105E-01   5.381451968273E-03   1.651527681829E+00  -1.750777824444E+00   1.696742360011E+00
   3.897357953460E-01   5.440383794842E-03   1.642079247362E+00  -1.741627822567E+00   1.685369113595E+00
   3.952059270903E-01   5.499993598618E-03   1.632577472039E+00  -1.732439736883E+00   1.674021205638E+00
   4.007360121927E-01   5.560292357317E-03   1.623022472287E+00  -1.723213631225E+00   1.662699541910E+00
   4.063267451812E-01   5.621291251662E-03   1.613414370872E+00  -1.713949564667E+00   1.651405005842E+00
   4.119788318683E-01   5.683001669888E-03   1.603753297128E+00  -1.704647591492E+00   1.640138457719E+00
   4.176929895600E-01   5.745435212354E-03   1.594039387191E+00  -1.695307761160E+00   1.628900733865E+00
   4.234699472710E-01   5.808603696282E-03   1.584272784241E+00  -1.685930118288E+00   1.617692645825E+00
   4.293104459435E-01   5.872519160606E-03   1.574453638758E+00  -1.676514702640E+00   1.606514979539E+00
   4.352152386716E-01   5.937193870949E-03   1.564582108776E+00  -1.667061549113E+00   1.595368494515E+00
   4.411850909306E-01   6.002640324729E-03   1.554658360151E+00  -1.657570687749E+00   1.584253922990E+00
   4.472207808110E-01   6.068871256391E-03   1.544682566836E+00  -1.648042143738E+00   1.573171969100E+00
   4.533230992589E-01   6.135899642772E-03   1.534654911164E+00  -1.638475937445E+00   1.562123308033E+00
   4.594928503202E-01   6.203738708611E-03   1.524575584141E+00  -1.628872084435E+00   1.551108585195E+00
   4.657308513924E-01   6.272401932198E-03   1.514444785746E+00  -1.619230595518E+00   1.540128415363E+00
   4.720379334802E-01   6.341903051163E-03   1.504262725241E+00  -1.609551476795E+00   1.529183381847E+00
   4.784149414579E-01   6.412256068427E-03   1.494029621490E+00  -1.599834729728E+00   1.518274035646E+00
   4.848627343381E-01   6.483475258298E-03   1.483745703286E+00  -1.590080351209E+00   1.507400894610E+00
   4.913821855461E-01   6.555575172733E-03   1.473411209692E+00  -1.580288333653E+00   1.496564442610E+00
   4.979741832006E-01   6.628570647764E-03   1.463026390385E+00  -1.570458665093E+00   1.485765128700E+00
   5.046396304008E-01   6.702476810086E-03   1.452591506020E+00  -1.560591329302E+00   1.475003366298E+00
   5.113794455212E-01   6.777309083830E-03   1.442106828589E+00  -1.550686305916E+00   1.464279532366E+00
   5.181945625116E-01   6.853083197508E-03   1.431572641809E+00  -1.540743570583E+00   1.453593966598E+00
   5.250859312060E-01   6.929815191146E-03   1.420989241505E+00  -1.530763095125E+00   1.442946970625E+00
   5.320545176366E-01   7.007521423604E-03   1.410356936012E+00  -1.520744847710E+00   1.432338807224E+00
   5.391013043575E-01   7.086218580100E-03   1.399676046585E+00  -1.510688793053E+00   1.421769699540E+00
   5.462272907741E-01   7.165923679926E-03   1.388946907823E+00  -1.500594892626E+00   1.411239830328E+00
   5.534334934816E-01   7.246654084380E-03   1.378169868100E+00  -1.490463104893E+00   1.400749341206E+00
   5.607209466109E-01   7.328427504912E-03   1.367345290010E+00  -1.480293385559E+00   1.390298331926E+00
   5.680907021827E-01   7.411262011483E-03   1.356473550825E+00  -1.470085687843E+00   1.379886859669E+00
   5.755438304707E-01   7.495176041166E-03   1.345555042964E+00  -1.459839962775E+00   1.369514938352E+00
   5.830814203728E-01   7.580188406970E-03   1.334590174467E+00  -1.449556159507E+00   1.359182537974E+00
   5.907045797917E-01   7.666318306912E-03   1.323579369495E+00  -1.439234225659E+00   1.348889583968E+00
   5.984144360243E-01   7.753585333338E-03   1.312523068832E+00  -1.428874107675E+00   1.338635956599E+00
   6.062121361613E-01   7.842009482502E-03   1.301421730396E+00  -1.418475751216E+00   1.328421490378E+00
   6.140988474955E-01   7.931611164409E-03   1.290275829776E+00  -1.408039101571E+00   1.318245973516E+00
   6.220757579409E-01   8.022411212936E-03   1.279085860768E+00  -1.397564104097E+00   1.308109147410E+00
   6.301440764614E-01   8.114430896230E-03   1.267852335933E+00  -1.387050704689E+00   1.298010706166E+00
   6.383050335109E-01   8.207691927403E-03   1.256575787158E+00  -1.376498850274E+00   1.287950296157E+00
   6.465598814833E-01   8.302216475524E-03   1.245256766239E+00  -1.365908489334E+00   1.277927515633E+00
   6.549098951744E-01   8.398027176926E-03   1.233895845471E+00  -1.355279572466E+00   1.267941914367E+00
   6.633563722545E-01   8.495147146827E-03   1.222493618253E+00  -1.344612052965E+00   1.257992993348E+00
   6.719006337539E-01   8.593599991288E-03   1.211050699702E+00  -1.333905887444E+00   1.248080204532E+00
   6.805440245593E-01   8.693409819506E-03   1.199567727284E+00  -1.323161036485E+00   1.238202950639E+00
   6.892879139233E-01   8.794601256469E-03   1.188045361455E+00  -1.312377465324E+00   1.228360585006E+00
   6.981336959871E-01   8.897199455961E-03   1.176484286312E+00  -1.301555144570E+00   1.218552411503E+00
   7.070827903152E-01   9.001230113956E-03   1.164885210261E+00  -1.290694050965E+00   1.208777684512E+00
   7.161366424455E-01   9.106719482390E-03   1.153248866689E+00  -1.279794168170E+00   1.199035608963E+00
   7.252967244510E-01   9.213694383338E-03   1.141576014660E+00  -1.268855487600E+00   1.189325340448E+00
   7.345645355186E-01   9.322182223606E-03   1.129867439608E+00  -1.257878009289E+00   1.179645985404E+00
   7.439416025400E-01   9.432211009745E-03   1.118123954049E+00  -1.246861742797E+00   1.169996601366E+00
   7.534294807203E-01   9.543809363512E-03   1.106346398306E+00  -1.235806708160E+00   1.160376197310E+00
   7.630297542000E-01   9.657006537783E-03   1.094535641232E+00  -1.224712936873E+00   1.150783734066E+00
   7.727440366954E-01   9.771832432940E-03   1.082692580960E+00  -1.213580472923E+00   1.141218124823E+00
   7.825739721536E-01   9.888317613741E-03   1.070818145647E+00  -1.202409373856E+00   1.131678235727E+00
   7.925212354258E-01   1.000649332670E-02   1.058913294233E+00  -1.191199711894E+00   1.122162886564E+00
   8.025875329584E-01   1.012639151798E-02   1.046979017210E+00  -1.179951575092E+00   1.112670851543E+00
   8.127746035011E-01   1.024804485184E-02   1.035016337393E+00  -1.168665068538E+00   1.103200860182E+00
   8.230842188350E-01   1.037148672960E-02   1.023026310701E+00  -1.157340315597E+00   1.093751598294E+00
   8.335181845190E-01   1.049675130923E-02   1.011010026940E+00  -1.145977459202E+00   1.084321709084E+00
   8.440783406568E-01   1.062387352550E-02   9.989686105983E-01  -1.134576663191E+00   1.074909794355E+00
   8.547665626839E-01   1.075288911077E-02   9.869032216356E-01  -1.123138113684E+00   1.065514415827E+00
   8.655847621758E-01   1.088383461638E-02   9.748150562810E-01  -1.111662020513E+00   1.056134096586E+00
   8.765348876780E-01   1.101674743475E-02   9.627053478308E-01  -1.100148618688E+00   1.046767322635E+00
   8.876189255584E-01   1.115166582209E-02   9.505753674464E-01  -1.088598169921E+00   1.037412544593E+00
   8.988389008829E-01   1.128862892191E-02   9.384264249506E-01  -1.077010964181E+00   1.028068179508E+00
   9.101968783143E-01   1.142767678917E-02   9.262598696222E-01  -1.065387321306E+00   1.018732612811E+00
   9.216949630368E-01   1.156885041525E-02   9.140770909853E-01  -1.053727592654E+00   1.009404200401E+00
   9.333353017046E-01   1.171219175365E-02   9.018795195940E-01  -1.042032162800E+00   1.000081270871E+00
   9.451200834176E-01   1.185774374655E-02   8.896686278084E-01  -1.030301451273E+00   9.907621278827E-01
   9.570515407237E-01   1.200555035216E-02   8.774459305614E-01  -1.018535914340E+00   9.814450526742E-01
   9.691319506484E-01   1.215565657299E-02   8.652129861148E-01  -1.006736046832E+00   9.721283067284E-01
   9.813636357544E-01   1.230810848498E-02   8.529713968004E-01  -9.949023840021E-01   9.628101345849E-01
   9.937489652293E-01   1.246295326757E-02   8.407228097465E-01  -9.830355034333E-01   9.534887668077E-01
   1.006290356005E+00   1.262023923477E-02   8.284689175853E-01  -9.711360269765E-01   9.441624231085E-01
   1.018990273907E+00   1.278001586715E-02   8.162114591400E-01  -9.592046227264E-01   9.348293156266E-01
   1.031851234841E+00   1.294233384499E-02   8.039522200884E-01  -9.472420070304E-01   9.254876523688E-01
   1.044875806003E+00   1.310724508236E-02   7.916930335996E-01  -9.352489465283E-01   9.161356408092E-01
   1.058066607138E+00   1.327480276248E-02   7.794357809431E-01  -9.232262602205E-01   9.067714916503E-01
   1.071426311823E+00   1.344506137405E-02   7.671823920632E-01  -9.111748215622E-01   8.973934227472E-01
   1.084957648792E+00   1.361807674895E-02   7.549348461205E-01  -8.990955605797E-01   8.879996631924E-01
   1.098663403298E+00   1.379390610110E-02   7.426951719919E-01  -8.869894660061E-01   8.785884575646E-01
   1.112546418516E+00   1.397260806657E-02   7.304654487299E-01  -8.748575874318E-01   8.691580703375E-01
   1.126609596985E+00   1.415424274514E-02   7.182478059746E-01  -8.627010374667E-01   8.597067904502E-01
   1.140855902095E+00   1.433887174317E-02   7.060444243158E-01  -8.505209939099E-01   8.502329360352E-01
   1.155288359613E+00   1.452655821788E-02   6.938575356003E-01  -8.383187019201E-01   8.407348593038E-01
   1.169910059257E+00   1.471736692327E-02   6.816894231816E-01  -8.260954761844E-01   8.312109515849E-01
   1.184724156317E+00   1.491136425740E-02   6.695424221052E-01  -8.138527030782E-01   8.216596485134E-01
   1.199733873325E+00   1.510861831145E-02   6.574189192278E-01  -8.015918428106E-01   8.120794353656E-01
   1.214942501771E+00   1.530919892035E-02   6.453213532629E-01  -7.893144315499E-01   8.024688525355E-01
   1.230353403874E+00   1.551317771520E-02   6.332522147501E-01  -7.770220835211E-01   7.928265011459E-01
   1.245970014403E+00   1.572062817747E-02   6.212140459412E-01  -7.647164930696E-01   7.831510487900E-01
   1.261795842559E+00   1.593162569510E-02   6.092094405994E-01  -7.523994366833E-01   7.734412353937E-01
   1.277834473907E+00   1.614624762054E-02   5.972410437047E-01  -7.400727749638E-01   7.636958791925E-01
   1.294089572372E+00   1.636457333079E-02   5.853115510620E-01  -7.277384545403E-01   7.539138828124E-01
   1.310564882294E+00   1.658668428962E-02   5.734237088031E-01  -7.153985099162E-01   7.440942394459E-01
   1.327264230548E+00   1.681266411190E-02   5.615803127807E-01  -7.030550652386E-01   7.342360391116E-01
   1.344191528724E+00   1.704259863026E-02   5.497842078441E-01  -6.907103359822E-01   7.243384749854E-01
   1.361350775387E+00   1.727657596408E-02   5.380382869950E-01  -6.783666305357E-01   7.144008497896E-01
   1.378746058390E+00   1.751468659100E-02   5.263454904130E-01  -6.660263516818E-01   7.044225822271E-01
   1.396381557275E+00   1.775702342093E-02   5.147088043477E-01  -6.536919979574E-01   6.944032134433E-01
   1.414261545744E+00   1.800368187279E-02   5.031312598697E-01  -6.413661648843E-01   6.843424135010E-01
   1.432390394201E+00   1.825475995395E-02   4.916159314738E-01  -6.290515460569E-01   6.742399878490E-01
   1.450772572390E+00   1.851035834267E-02   4.801659355289E-01  -6.167509340750E-01   6.640958837666E-01
   1.469412652102E+00   1.877058047342E-02   4.687844285674E-01  -6.044672213082E-01   6.539101967622E-01
   1.488315309978E+00   1.903553262542E-02   4.574746054083E-01  -5.922034004786E-01   6.436831769060E-01
   1.507485330398E+00   1.930532401444E-02   4.462396971070E-01  -5.799625650483E-01   6.334152350727E-01
   1.526927608467E+00   1.958006688797E-02   4.350829687261E-01  -5.677479093969E-01   6.231069490709E-01
   1.546647153093E+00   1.985987662391E-02   4.240077169202E-01  -5.555627287741E-01   6.127590696326E-01
   1.566649090169E+00   2.014487183303E-02   4.130172673296E-01  -5.434104190142E-01   6.023725262372E-01
   1.586938665861E+00   2.043517446518E-02   4.021149717765E-01  -5.312944759954E-01   5.919484327405E-01
   1.607521250000E+00   2.073090991960E-02   3.913042052578E-01  -5.192184948289E-01   5.814880927813E-01
   1.628402339588E+00   2.103220715932E-02   3.805883627295E-01  -5.071861687637E-01   5.709930049322E-01
   1.649587562420E+00   2.133919883002E-02   3.699708556778E-01  -4.952012877891E-01   5.604648675654E-01
   1.671082680832E+00   2.165202138333E-02   3.594551084713E-01  -4.832677369211E-01   5.499055833986E-01
   1.692893595565E+00   2.197081520497E-02   3.490445544908E-01  -4.713894941557E-01   5.393172636878E-01
   1.715026349769E+00   2.229572474776E-02   3.387426320333E-01  -4.595706280742E-01   5.287022320313E-01
   1.737487133138E+00   2.262689866987E-02   3.285527799851E-01  -4.478152950839E-01   5.180630277490E-01
   1.760282286187E+00   2.296448997842E-02   3.184784332633E-01  -4.361277362807E-01   5.074024087999E-01
   1.783418304674E+00   2.330865617868E-02   3.085230180231E-01  -4.245122739167E-01   4.967233541992E-01
   1.806901844175E+00   2.365955942924E-02   2.986899466281E-01  -4.129733074594E-01   4.860290658988E-01
   1.830739724818E+00   2.401736670327E-02   2.889826123864E-01  -4.015153092291E-01   4.753229700886E-01
   1.854938936184E+00   2.438224995616E-02   2.794043840493E-01  -3.901428196000E-01   4.646087178833E-01
   1.879506642368E+00   2.475438629994E-02   2.699586000767E-01  -3.788604417531E-01   4.538901853519E-01
   1.904450187236E+00   2.513395818467E-02   2.606485626705E-01  -3.676728359705E-01   4.431714728528E-01
   1.929777099847E+00   2.552115358717E-02   2.514775315800E-01  -3.565847134588E-01   4.324569036340E-01
   1.955495100083E+00   2.591616620741E-02   2.424487176838E-01  -3.456008296950E-01   4.217510216596E-01
   1.981612104475E+00   2.631919567292E-02   2.335652763548E-01  -3.347259772842E-01   4.110585886257E-01
   2.008136232230E+00   2.673044775156E-02   2.248303006158E-01  -3.239649783269E-01   4.003845801280E-01
   2.035075811486E+00   2.715013457311E-02   2.162468140946E-01  -3.133226762876E-01   3.897341809442E-01
   2.062439385788E+00   2.757847486001E-02   2.078177637895E-01  -3.028039273655E-01   3.791127793999E-01
   2.090235720801E+00   2.801569416771E-02   1.995460126577E-01  -2.924135913660E-01   3.685259607825E-01
   2.118473811262E+00   2.846202513514E-02   1.914343320405E-01  -2.821565220750E-01   3.579794997757E-01
   2.147162888201E+00   2.891770774564E-02   1.834853939414E-01  -2.720375571407E-01   3.474793518861E-01
   2.176312426413E+00   2.938298959899E-02   1.757017631747E-01  -2.620615074714E-01   3.370316438377E-01
   2.205932152222E+00   2.985812619504E-02   1.680858894061E-01  -2.522331461590E-01   3.266426629138E-01
   2.236032051522E+00   3.034338122938E-02   1.606400991053E-01  -2.425571969416E-01   3.163188452297E-01
   2.266622378129E+00   3.083902690182E-02   1.533665874356E-01  -2.330383222228E-01   3.060667629228E-01
   2.297713662445E+00   3.134534423818E-02   1.462674101082E-01  -2.236811106688E-01   2.958931102528E-01
   2.329316720450E+00   3.186262342603E-02   1.393444752281E-01  -2.144900644057E-01   2.858046886096E-01
   2.361442663038E+00   3.239116416519E-02   1.325995351632E-01  -2.054695858482E-01   2.758083904316E-01
   2.394102905709E+00   3.293127603351E-02   1.260341784712E-01  -1.966239641896E-01   2.659111820440E-01
   2.427309178642E+00   3.348327886897E-02   1.196498219170E-01  -1.879573615918E-01   2.561200854326E-01
   2.461073537146E+00   3.404750316862E-02   1.134477026227E-01  -1.794737991151E-01   2.464421589774E-01
   2.495408372530E+00   3.462429050548E-02   1.074288703862E-01  -1.711771424354E-01   2.368844771747E-01
   2.530326423398E+00   3.521399396401E-02   1.015941802141E-01  -1.630710873975E-01   2.274541093883E-01
   2.565840787378E+00   3.581697859546E-02   9.594428511156E-02  -1.551591454614E-01   2.181580976753E-01
   2.601964933334E+00   3.643362189376E-02   9.047962917752E-02  -1.474446291012E-01   2.090034337443E-01
   2.638712714049E+00   3.706431429322E-02   8.520044105189E-02  -1.399306372218E-01   1.999970351090E-01
   2.676098379430E+00   3.770945968912E-02   8.010672776704E-02  -1.326200406627E-01   1.911457205135E-01
   2.714136590232E+00   3.836947598236E-02   7.519826905445E-02  -1.255154678655E-01   1.824561847131E-01
   2.752842432351E+00   3.904479564947E-02   7.047461216023E-02  -1.186192907814E-01   1.739349727054E-01
   2.792231431696E+00   3.973586633921E-02   6.593506722401E-02  -1.119336111061E-01   1.655884535158E-01
   2.832319569669E+00   4.044315149734E-02   6.157870327628E-02  -1.054602469267E-01   1.574227936529E-01
   2.873123299289E+00   4.116713102086E-02   5.740434491006E-02  -9.920071987562E-02   1.494439303581E-01
   2.914659561979E+00   4.190830194354E-02   5.341056968256E-02  -9.315624288500E-02   1.416575447851E-01
   2.956945805065E+00   4.266717915414E-02   4.959570630233E-02  -8.732770864186E-02   1.340690352544E-01
   3.000000000000E+00   4.344429614932E-02   4.595783365652E-02  -8.171567884467E-02   1.266834907359E-01
   3.043840661365E+00   4.424020582308E-02   4.249478073159E-02  -7.632037436550E-02   1.195056647254E-01
   3.088486866678E+00   4.505548129460E-02   3.920412747882E-02  -7.114166642238E-02   1.125399496844E-01
   3.133958277047E+00   4.589071677685E-02   3.608320667369E-02  -6.617906886797E-02   1.057903522257E-01
   3.180275158719E+00   4.674652848797E-02   3.312910681494E-02  -6.143173169972E-02   9.926046922798E-02
   3.227458405560E+00   4.762355560797E-02   3.033867610546E-02  -5.689843589641E-02   9.295346507490E-02
   3.275529562509E+00   4.852246128332E-02   2.770852755253E-02  -5.257758968308E-02   8.687205021300E-02
   3.324510850077E+00   4.944393368200E-02   2.523504521993E-02  -4.846722632392E-02   8.101846122946E-02
   3.374425189910E+00   5.038868710203E-02   2.291439165824E-02  -4.456500353776E-02   7.539444265085E-02
   3.425296231502E+00   5.135746313639E-02   2.074251653305E-02  -4.086820462554E-02   7.000123066412E-02
   3.477148380094E+00   5.235103189784E-02   1.871516646311E-02  -3.737374139212E-02   6.483953895890E-02
   3.530006825834E+00   5.337019330676E-02   1.682789607229E-02  -3.407815893640E-02   5.990954688622E-02
   3.583897574256E+00   5.441577844603E-02   1.507608024975E-02  -3.097764237423E-02   5.521089012219E-02
   3.638847478148E+00   5.548865098670E-02   1.345492760332E-02  -2.806802554715E-02   5.074265401629E-02
   3.694884270887E+00   5.658970868864E-02   1.195949507980E-02  -2.534480175745E-02   4.650336979301E-02
   3.752036601308E+00   5.771988498079E-02   1.058470371524E-02  -2.280313655588E-02   4.249101376111E-02
   3.810334070199E+00   5.888015062562E-02   9.325355465772E-03  -2.043788259265E-02   3.870300966874E-02
   3.869807268505E+00   6.007151547295E-02   8.176151057277E-03  -1.824359652534E-02   3.513623432271E-02
   3.930487817331E+00   6.129503030858E-02   7.131708779278E-03  -1.621455795887E-02   3.178702656844E-02
   3.992408409843E+00   6.255178880352E-02   6.186584134982E-03  -1.434479037288E-02   2.865119970196E-02
   4.055602855172E+00   6.384292957002E-02   5.335290246031E-03  -1.262808397131E-02   2.572405735750E-02
   4.120106124432E+00   6.516963833101E-02   4.572318896909E-03  -1.105802036668E-02   2.300041288434E-02
   4.185954398964E+00   6.653315021009E-02   3.892162090585E-03  -9.627998989272E-03   2.047461219329E-02
   4.253185120935E+00   6.793475214960E-02   3.289333973843E-03  -8.331265088016E-03   1.814056001857E-02
   4.321837046422E+00   6.937578546490E-02   2.758392978250E-03  -7.160939166349E-03   1.599174950357E-02
   4.391950301120E+00   7.085764854355E-02   2.293964010903E-03  -6.110047672778E-03   1.402129498059E-02
   4.463566438835E+00   7.238179969882E-02   1.890760518370E-03  -5.171554742608E-03   1.222196777442E-02
   4.536728502895E+00   7.394976018725E-02   1.543606237781E-03  -4.338394764728E-03   1.058623481943E-02
   4.611481090679E+00   7.556311740127E-02   1.247456441112E-03  -3.603505525866E-03   9.106299838356E-03
   4.687870421430E+00   7.722352824817E-02   9.974184726680E-04  -2.959861664770E-03   7.774146790858E-03
   4.765944407533E+00   7.893272272784E-02   7.887713758316E-04  -2.400508150738E-03   6.581585260109E-03
   4.845752729492E+00   8.069250772248E-02   6.169844036263E-04  -1.918593485363E-03   5.520297407735E-03
   4.927346914797E+00   8.250477101257E-02   4.777342088089E-04  -1.507402313697E-03   4.581886092101E-03
   5.010780420931E+00   8.437148553436E-02   3.669205132848E-04  -1.160387121758E-03   3.757923712597E-03
   5.096108722763E+00   8.629471389541E-02   2.806800638996E-04  -8.711986919074E-04   3.040001314434E-03
   5.183389404586E+00   8.827661316581E-02   2.153986922664E-04  -6.337149865375E-04   2.419777465076E-03
   5.272682257105E+00   9.031943996425E-02   1.677213104053E-04  -4.420681341429E-04   1.889026395765E-03
   5.364049379651E+00   9.242555585946E-02   1.345596917080E-04  -2.906692006213E-04   1.439684890350E-03
   5.457555287978E+00   9.459743310926E-02   1.130979081133E-04  -1.742304428082E-04   1.063897399522E-03
   5.553267027968E+00   9.683766076100E-02   1.007953193803E-04  -8.778476107965E-05   7.540588623813E-04
   5.651254295630E+00   9.914895113938E-02   9.538703884813E-05  -2.670209346997E-05   5.028547293569E-04
   5.751589563796E+00   1.015341467494E-01   9.488183186458E-05   1.329747480661E-05   3.032977015536E-04
   5.854348215936E+00   1.039962276248E-01   9.755743786097E-05   3.613407537300E-05   1.487607317224E-04
   5.959608687557E+00   1.065383191537E-01   1.019533444351E-04   4.536204051169E-05   3.300587147339E-05
   6.067452615683E+00   1.091637004188E-01   1.068610812573E-04   4.416760526353E-05  -4.979140205127E-05
   6.177964996951E+00   1.118758130872E-01   1.113121425253E-04   3.537037389104E-05  -1.050226893104E-04
   6.291234354880E+00   1.146782708938E-01   1.145636883146E-04   2.142854053230E-05  -1.376322446825E-04
   6.407352916949E+00   1.175748697626E-01   1.160822166807E-04   4.447794600207E-06  -1.521077958505E-04
   6.526416802128E+00   1.205695986129E-01   1.155254388246E-04  -1.380621976288E-05  -1.524766960580E-04
   6.648526219580E+00   1.236666509049E-01   1.127226280360E-04  -3.189208288537E-05  -1.423074136800E-04
   6.773785679311E+00   1.268704369821E-01   1.076537483933E-04  -4.867367159601E-05  -1.247162744376E-04
   6.902304215570E+00   1.301855972713E-01   1.004277002317E-04  -6.329843770341E-05  -1.023792804976E-04
   7.034195623922E+00   1.336170164087E-01   9.126004504793E-05  -7.517326242586E-05  -7.754873961230E-05
   7.169578712934E+00   1.371698383673E-01   8.045059172010E-05  -8.393830697575E-05  -5.207434853532E-05
   7.308577571516E+00   1.408494826628E-01   6.836123762285E-05  -8.943932340734E-05  -2.742829046534E-05
   7.451321853057E+00   1.446616617293E-01   5.539446150112E-05  -9.169892535585E-05  -4.733828583147E-06
   7.597947077547E+00   1.486123995567E-01   4.197285903135E-05  -9.088734392918E-05   1.520319080211E-05
   7.748594953021E+00   1.527080516973E-01   2.852009626909E-05  -8.729320841769E-05   3.186056911009E-05
   7.903413717736E+00   1.569553267535E-01   1.544363030520E-05  -8.129489352633E-05   4.496440755502E-05
   8.062558504629E+00   1.613613094717E-01   3.119510373657E-06  -7.333296365496E-05   5.445289580666E-05
   8.226191729726E+00   1.659334855793E-01  -8.120473363220E-06  -6.388421984119E-05   6.043996386326E-05
   8.394483506327E+00   1.706797685137E-01  -1.799908145170E-05  -5.343781622018E-05   6.317951691358E-05
   8.567612086926E+00   1.756085282071E-01  -2.630120892926E-05  -4.247386058087E-05   6.303094743962E-05
   8.745764335025E+00   1.807286221064E-01  -3.287868349299E-05  -3.144484862561E-05   6.042657455784E-05
   8.929136229160E+00   1.860494286260E-01  -3.765227590783E-05  -2.076020520025E-05   5.584159820394E-05
   9.117933401693E+00   1.915808832504E-01  -4.061099905773E-05  -1.077411989525E-05   4.976707648736E-05
   9.312371715124E+00   1.973335175235E-01  -4.180885103941E-05  -1.776771365409E-06   4.268634031281E-05
   9.512677878945E+00   2.033185011886E-01  -4.135923439493E-05   6.011062733666E-06   3.505515278170E-05
   9.719090110332E+00   2.095476877688E-01  -3.942735505624E-05   1.244011196137E-05   2.728580515986E-05
   9.931858842267E+00   2.160336639044E-01  -3.622096784392E-05   1.743163365215E-05   1.973522007518E-05
   1.015124748302E+01   2.227898028021E-01  -3.197988750245E-05   2.097363655880E-05   1.269701025505E-05
   1.037753323129E+01   2.298303221843E-01  -2.696472254800E-05   2.311467734326E-05   6.397321965789E-06
   1.061100795175E+01   2.371703471699E-01  -2.144531129689E-05   2.395566768482E-05   9.941809042307E-07
   1.085197911611E+01   2.448259785618E-01  -1.568934350016E-05   2.364018159391E-05  -3.420040961704E-06
   1.110077081537E+01   2.528143670735E-01  -9.951635868808E-06   2.234378549979E-05  -6.813502105265E-06
   1.135772484956E+01   2.611537940784E-01  -4.464495086696E-06   2.026292586977E-05  -9.207639400971E-06
   1.162320190175E+01   2.698637595360E-01   5.704517573846E-07   1.760389942498E-05  -1.066835563098E-05
   1.189758280382E+01   2.789650778206E-01   4.988650462746E-06   1.457239934906E-05  -1.129623102293E-05
   1.218126990242E+01   2.884799822596E-01   8.667013786050E-06   1.136407823913E-05  -1.121633436775E-05
   1.247468853413E+01   2.984322392826E-01   1.152619051444E-05   8.156497045767E-06  -1.056817572708E-05
   1.277828862002E+01   3.088472731875E-01   1.353068778368E-05   5.102742113810E-06  -9.496286396379E-06
   1.309254639077E+01   3.197523026463E-01   1.468693060220E-05   2.326893889579E-06  -8.141835684045E-06
   1.341796625462E+01   3.311764902095E-01   1.503944438633E-05  -7.857405608767E-08  -6.635602379083E-06
   1.375508282195E+01   3.431511062169E-01   1.466543855857E-05  -2.053492716708E-06  -5.092516631615E-06
   1.410446310162E+01   3.557097086969E-01   1.366814640280E-05  -3.568919656282E-06  -3.607881152104E-06
   1.446670888596E+01   3.688883410292E-01   1.216933350730E-05  -4.624502672537E-06  -2.255275264242E-06
   1.484245934302E+01   3.827257493700E-01   1.030142034936E-05  -5.244576116212E-06  -1.086047476840E-06
   1.523239383723E+01   3.972636220891E-01   8.199671331467E-06  -5.473334120861E-06  -1.302174485066E-07
   1.563723500136E+01   4.125468537596E-01   5.994881961746E-06  -5.369454785146E-06   6.014588015141E-07
   1.605775208607E+01   4.286238365683E-01   3.806948821050E-06  -5.000554157653E-06   1.114552384211E-06
   1.649476461582E+01   4.455467823929E-01   1.739636323689E-06  -4.437828930995E-06   1.427468344970E-06
   1.694914638379E+01   4.633720792263E-01  -1.232352705839E-07  -3.751204081065E-06   1.567709701508E-06
   1.742182982203E+01   4.821606861220E-01  -1.720058362488E-06  -3.005240012785E-06   1.568190110231E-06
   1.791381078784E+01   5.019785714107E-01  -3.012148322117E-06  -2.255978269340E-06   1.463845337421E-06
   1.842615381215E+01   5.228971995942E-01  -3.982985708646E-06  -1.548821753732E-06   1.288738300542E-06
   1.895999786176E+01   5.449940730840E-01  -4.636174718821E-06  -9.174614612473E-07   1.073788298970E-06
   1.951656267356E+01   5.683533358366E-01  -4.992378624500E-06  -3.837836340929E-07   8.451880905436E-07
   2.009715572669E+01   5.930664469535E-01  -5.085545920024E-06   4.137493841616E-08   6.235085165331E-07
   2.070317992707E+01   6.192329335039E-01  -4.958766683371E-06   3.568052364971E-07   4.234346216941E-07
   2.133614208874E+01   6.469612332096E-01  -4.660095990410E-06   5.690493753139E-07   2.540337290232E-07
   2.199766230782E+01   6.763696392388E-01  -4.238651439366E-06   6.902891654306E-07   1.194273076635E-07
   2.268948433818E+01   7.075873612439E-01  -3.741238781845E-06   7.362086869637E-07   1.972564985402E-08
   2.341348709294E+01   7.407557189842E-01  -3.209689298030E-06   7.240111445658E-07  -4.791338167674E-08
   2.417169741362E+01   7.760294874639E-01  -2.679012402490E-06   6.707288559033E-07  -8.822516353003E-08
   2.496630426925E+01   8.135784155747E-01  -2.176385249713E-06   5.919163176253E-07  -1.068776494545E-07
   2.579967457140E+01   8.535889438281E-01  -1.720925867770E-06   5.007656228234E-07  -1.096779703611E-07
   2.667437081864E+01   8.962661510291E-01  -1.324134551013E-06   4.076364988834E-07  -1.019833073501E-07
   2.759317081651E+01   9.418359647997E-01  -9.908450085239E-07   3.199544033592E-07  -8.832355917810E-08
   2.855908975674E+01   9.905476768748E-01  -7.205048267543E-07   2.424025783555E-07  -7.221900752796E-08
   2.957540498378E+01   1.042676811269E+00  -5.086042707086E-07   1.773191811381E-07  -5.615891764734E-08
   3.064568382919E+01   1.098528402000E+00  -3.480909095866E-07   1.252083404009E-07  -4.169751677870E-08
   3.177381495601E+01   1.158440747351E+00  -2.306405253794E-07   8.528248337873E-08  -2.962168654711E-08
   3.296404372807E+01   1.222789720048E+00  -1.476964016773E-07   5.596966161398E-08  -2.014871394941E-08
   3.422101220608E+01   1.291993727721E+00  -9.123307566772E-08   3.534038284510E-08  -1.312071165426E-08
   3.554980447538E+01   1.366519436102E+00  -5.424109694226E-08   2.143009256554E-08  -8.172757160956E-09
   3.695599813319E+01   1.446888389511E+00  -3.096165736024E-08   1.245287011785E-08  -4.862441962833E-09
   3.844572291106E+01   1.533684690030E+00  -1.692134468627E-08   6.916906730695E-09  -2.757788378149E-09
   4.002572758518E+01   1.627563929686E+00  -8.826987135305E-09   3.661795714378E-09  -1.487371793099E-09
   4.170345654134E+01   1.729263610453E+00  -4.379762396802E-09   1.841558555970E-09  -7.605881801604E-10
   4.348713762001E+01   1.839615336740E+00  -2.059046504718E-09   8.765314568918E-10  -3.674962849084E-10
   4.538588318162E+01   1.959559126947E+00  -9.132279128524E-10   3.932009154853E-10  -1.671099908742E-10
   4.740980671574E+01   2.090160267552E+00  -3.802663305671E-10   1.654518300724E-10  -7.119079588281E-11
   4.957015778746E+01   2.232629229408E+00  -1.478565099104E-10   6.495717152110E-11  -2.826655689445E-11
   5.187947869225E+01   2.388345286640E+00  -5.335828107458E-11   2.365270614741E-11  -1.039933745523E-11
   5.435178690397E+01   2.558884630889E+00  -1.775067078576E-11   7.934248010677E-12  -3.521621814859E-12
   5.700278828629E+01   2.746053966795E+00  -5.401995915797E-12   2.433342849183E-12  -1.089496643634E-12
   5.985012714155E+01   2.951930820846E+00  -1.490987001568E-12   6.764725258403E-13  -3.053279541706E-13
   6.291368055481E+01   3.178912111311E+00  -3.696089671935E-13   1.688245625665E-13  -7.676863376452E-14
   6.621590623276E+01   3.429772933797E+00  -8.138971684957E-14   3.740994468568E-14  -1.712895087960E-14
   6.978225524452E+01   3.707738044625E+00  -1.572229031891E-14   7.269110050282E-15  -3.349705505066E-15
   7.364166388185E+01   4.016569212832E+00  -2.626561106157E-15   1.221064282008E-15  -5.660455049347E-16
   7.782714245929E+01   4.360672516382E+00  -3.733438659792E-16   1.744600305037E-16  -8.132407399737E-17
   8.237648351994E+01   4.745230855210E+00  -4.431695447427E-17   2.080915061600E-17  -9.750479181051E-18
   8.733311794503E+01   5.176368549127E+00  -4.299716472494E-18   2.028119464151E-18  -9.549156091346E-19
   9.274715535088E+01   5.661357031559E+00  -3.326162510216E-19   1.575604795758E-19  -7.452155306244E-20
   9.867665554529E+01   6.208873552072E+00  -1.993358971943E-20   9.480440252898E-21  -4.502980785438E-21
   1.051891916055E+02   6.829328764649E+00  -8.949778792175E-22   4.272586821806E-22  -2.037430135278E-22
   1.123637836013E+02   7.535284543316E+00  -2.894630760408E-23   1.386789388482E-23  -6.637648611186E-24
   1.202933069206E+02   8.341990973528E+00  -6.440194624624E-25   3.095738511677E-25  -1.486891127200E-25
   1.290875131414E+02   9.268082166539E+00  -9.333571000724E-27   4.500655344187E-27  -2.168741714727E-27
   1.388768482001E+02   1.033648575811E+01  -8.258056499742E-29   3.993816595186E-29  -1.930409798864E-29
   1.498173177370E+02   1.157562284364E+01  -4.127556831023E-31   2.001750433298E-31  -9.703274378638E-32
   1.620967411853E+02   1.302100699722E+01  -1.061470812340E-33   5.161309856243E-34  -2.508637766996E-34
   1.759428668168E+02   1.471739812515E+01  -1.253975635831E-36   6.112349354960E-37  -2.978399940944E-37
   1.916340085825E+02   1.672173748087E+01  -5.924453902652E-40   2.894477864228E-40  -1.413751828787E-40
   2.095131417987E+02   1.910719757888E+01  -9.435995589733E-44   4.620098929246E-44  -2.261607957593E-44
   2.300068054477E+02   2.196884699990E+01  -4.096382549293E-48   2.009774710354E-48  -9.858592327669E-49
   2.536507797910E+02   2.543169216868E+01  -3.711099450628E-53   1.824219571808E-53  -8.965769708034E-54
   2.811254638474E+02   2.966227967912E+01  -4.997580193215E-59   2.460983352277E-59  -1.211731319143E-59
   3.133053780630E+02   3.488573552677E+01  -6.467702522533E-66   3.190232026869E-66  -1.573453492797E-66
   3.513296254502E+02   4.141128389041E+01  -4.556991387714E-74   2.251255213766E-74  -1.112088788902E-74
   3.967041014106E+02   4.967130404214E+01  -8.245195852590E-84   4.079196165915E-84  -2.018011437941E-84
   4.514529193349E+02   6.028257212519E+01  -1.394990358257E-95   6.910769238846E-96  -3.423440997160E-96
   5.183481233601E+02   7.414493328740E+01 -5.530843308914E-110  2.743368328378E-110 -1.360701469088E-110
   6.012676077950E+02   9.260523890243E+01 -7.412080374221E-128  3.680678329026E-128 -1.827701626388E-128
   7.057700503752E+02   1.177394213729E+02 -2.091193956128E-150  1.039526811876E-150 -5.167371329628E-151
   8.400513767914E+02   1.528577972397E+02 -2.071245216765E-179  1.030590961601E-179 -5.127857691124E-180
   1.016602135495E+03   2.034537342122E+02 -1.404358535901E-217  6.993700924705E-218 -3.482832681444E-218
   1.255220715580E+03   2.790860613466E+02 -3.296205428043E-269  1.642779618521E-269 -8.187325597018E-270
   1.588815776243E+03   3.973705897531E+02   0.000000000000E+00   0.000000000000E+00   0.000000000000E+00
   2.075392011604E+03   5.931596040112E+02   0.000000000000E+00   0.000000000000E+00   0.000000000000E+00
   2.825079847529E+03   9.419154890021E+02   0.000000000000E+00   0.000000000000E+00   0.000000000000E+00
   4.068408296184E+03   1.627629972033E+03   0.000000000000E+00   0.000000000000E+00   0.000000000000E+00
   6.357262947674E+03   3.178964796686E+03   0.000000000000E+00   0.000000000000E+00   0.000000000000E+00
   1.130231930164E+04   7.535323971013E+03   0.000000000000E+00   0.000000000000E+00   0.000000000000E+00
   2.543105175140E+04   2.543171841285E+04   0.000000000000E+00   0.000000000000E+00   0.000000000000E+00
   1.017262069958E+05   2.034537473226E+05   0.000000000000E+00   0.000000000000E+00   0.000000000000E+00
