# 1st line: number of mesh points
# abcissa weight wavefunction wavefunction_1st wavefunction_2nd
500
# Principal QN=   1 , l=   1 , Occupation=   4.0000
  9.830308526508E-006  1.966074589941E-005  1.476556334570E-004  1.501988208382E+001 -1.150396868887E+002
  3.932200719717E-005  3.932303800261E-005  5.905674445238E-004  1.501648967907E+001 -1.150185944073E+002
  8.847741541455E-005  5.898842277178E-005  1.328570181768E-003  1.501083675705E+001 -1.149834442719E+002
  1.573003992804E-004  7.865844718600E-005  2.361388481087E-003  1.500292494651E+001 -1.149342424873E+002
  2.457963722417E-004  9.833465899987E-005  3.688636948151E-003  1.499275652753E+001 -1.148709974697E+002
  3.539722959954E-004  1.180186070023E-004  5.309820273909E-003  1.498033443137E+001 -1.147937200559E+002
  4.818366816528E-004  1.377118412759E-004  7.224333383177E-003  1.496566224019E+001 -1.147024235157E+002
  6.293995911626E-004  1.574159134560E-004  9.431461616418E-003  1.494874418684E+001 -1.145971235656E+002
  7.966726389934E-004  1.771323769912E-004  1.193038094479E-002  1.492958515449E+001 -1.144778383869E+002
  9.836689940782E-004  1.968627874036E-004  1.472015821860E-002  1.490819067624E+001 -1.143445886445E+002
  1.190403382016E-003  2.166087025496E-004  1.779975144920E-002  1.488456693466E+001 -1.141973975098E+002
  1.416892087541E-003  2.363716828821E-004  2.116801012466E-002  1.485872076130E+001 -1.140362906843E+002
  1.663152957245E-003  2.561532917128E-004  2.482367555911E-002  1.483065963608E+001 -1.138612964272E+002
  1.929205402573E-003  2.759550954757E-004  2.876538127617E-002  1.480039168663E+001 -1.136724455842E+002
  2.215070403074E-003  2.957786639908E-004  3.299165342646E-002  1.476792568755E+001 -1.134697716185E+002
  2.520770509919E-003  3.156255707300E-004  3.750091123956E-002  1.473327105958E+001 -1.132533106447E+002
  2.846329849692E-003  3.354973930828E-004  4.229146751046E-002  1.469643786870E+001 -1.130231014637E+002
  3.191774128432E-003  3.553957126240E-004  4.736152912079E-002  1.465743682511E+001 -1.127791856002E+002
  3.557130635959E-003  3.753221153821E-004  5.270919759520E-002  1.461627928214E+001 -1.125216073418E+002
  3.942428250463E-003  3.952781921092E-004  5.833246969281E-002  1.457297723498E+001 -1.122504137794E+002
  4.347697443358E-003  4.152655385525E-004  6.422923803429E-002  1.452754331944E+001 -1.119656548502E+002
  4.772970284417E-003  4.352857557265E-004  7.039729176467E-002  1.447999081039E+001 -1.116673833810E+002
  5.218280447175E-003  4.553404501876E-004  7.683431725214E-002  1.443033362027E+001 -1.113556551332E+002
  5.683663214611E-003  4.754312343099E-004  8.353789882316E-002  1.437858629731E+001 -1.110305288497E+002
  6.169155485101E-003  4.955597265624E-004  9.050551953412E-002  1.432476402371E+001 -1.106920663018E+002
  6.674795778653E-003  5.157275517886E-004  9.773456197978E-002  1.426888261358E+001 -1.103403323377E+002
  7.200624243425E-003  5.359363414876E-004  1.052223091388E-001  1.421095851082E+001 -1.099753949313E+002
  7.746682662519E-003  5.561877340970E-004  1.129659452569E-001  1.415100878671E+001 -1.095973252324E+002
  8.313014461060E-003  5.764833752781E-004  1.209625567668E-001  1.408905113746E+001 -1.092061976166E+002
  8.899664713569E-003  5.968249182030E-004  1.292091332475E-001  1.402510388144E+001 -1.088020897355E+002
  9.506680151615E-003  6.172140238444E-004  1.377025684202E-001  1.395918595631E+001 -1.083850825678E+002
  1.013410917176E-002  6.376523612666E-004  1.464396611834E-001  1.389131691588E+001 -1.079552604699E+002
  1.078200184380E-002  6.581416079202E-004  1.554171166869E-001  1.382151692683E+001 -1.075127112260E+002
  1.145040991929E-002  6.786834499385E-004  1.646315474439E-001  1.374980676511E+001 -1.070575260983E+002
  1.213938684040E-002  6.992795824361E-004  1.740794744827E-001  1.367620781220E+001 -1.065897998770E+002
  1.284898774901E-002  7.199317098113E-004  1.837573285379E-001  1.360074205110E+001 -1.061096309285E+002
  1.357926949620E-002  7.406415460502E-004  1.936614512806E-001  1.352343206199E+001 -1.056171212441E+002
  1.433029065191E-002  7.614108150341E-004  2.037880965885E-001  1.344430101777E+001 -1.051123764862E+002
  1.510211151509E-002  7.822412508494E-004  2.141334318562E-001  1.336337267923E+001 -1.045955060349E+002
  1.589479412397E-002  8.031345981016E-004  2.246935393447E-001  1.328067138996E+001 -1.040666230315E+002
  1.670840226680E-002  8.240926122311E-004  2.354644175719E-001  1.319622207100E+001 -1.035258444218E+002
  1.754300149280E-002  8.451170598329E-004  2.464419827427E-001  1.311005021515E+001 -1.029732909969E+002
  1.839865912351E-002  8.662097189796E-004  2.576220702196E-001  1.302218188103E+001 -1.024090874318E+002
  1.927544426443E-002  8.873723795480E-004  2.690004360335E-001  1.293264368677E+001 -1.018333623230E+002
  2.017342781695E-002  9.086068435487E-004  2.805727584352E-001  1.284146280343E+001 -1.012462482225E+002
  2.109268249069E-002  9.299149254598E-004  2.923346394866E-001  1.274866694802E+001 -1.006478816700E+002
  2.203328281612E-002  9.512984525641E-004  3.042816066926E-001  1.265428437627E+001 -1.000384032222E+002
  2.299530515754E-002  9.727592652906E-004  3.164091146732E-001  1.255834387498E+001 -9.941795747966E+001
  2.397882772639E-002  9.942992175591E-004  3.287125468756E-001  1.246087475405E+001 -9.878669311000E+001
  2.498393059493E-002  1.015920177130E-003  3.411872173258E-001  1.236190683815E+001 -9.814476286830E+001
  2.601069571024E-002  1.037624025957E-003  3.538283724208E-001  1.226147045799E+001 -9.749232361411E+001
  2.705920690860E-002  1.059412660547E-003  3.666311927597E-001  1.215959644129E+001 -9.682953632483E+001
  2.812954993023E-002  1.081287992318E-003  3.795907950138E-001  1.205631610329E+001 -9.615656610551E+001
  2.922181243436E-002  1.103251947969E-003  3.927022338360E-001  1.195166123691E+001 -9.547358219468E+001
  3.033608401473E-002  1.125306469854E-003  4.059605038091E-001  1.184566410254E+001 -9.478075796633E+001
  3.147245621542E-002  1.147453516351E-003  4.193605414310E-001  1.173835741739E+001 -9.407827092754E+001
  3.263102254705E-002  1.169695062249E-003  4.328972271390E-001  1.162977434448E+001 -9.336630271202E+001
  3.381187850339E-002  1.192033099133E-003  4.465653873701E-001  1.151994848123E+001 -9.264503906906E+001
  3.501512157837E-002  1.214469635775E-003  4.603597966587E-001  1.140891384760E+001 -9.191466984801E+001
  3.624085128345E-002  1.237006698530E-003  4.742751797694E-001  1.129670487390E+001 -9.117538897797E+001
  3.748916916538E-002  1.259646331739E-003  4.883062138664E-001  1.118335638810E+001 -9.042739444272E+001
  3.876017882444E-002  1.282390598136E-003  5.024475307162E-001  1.106890360282E+001 -8.967088825075E+001
  4.005398593302E-002  1.305241579266E-003  5.166937189248E-001  1.095338210181E+001 -8.890607640011E+001
  4.137069825459E-002  1.328201375897E-003  5.310393262079E-001  1.083682782618E+001 -8.813316883828E+001
  4.271042566323E-002  1.351272108452E-003  5.454788616931E-001  1.071927706000E+001 -8.735237941668E+001
  4.407328016341E-002  1.374455917436E-003  5.600067982529E-001  1.060076641572E+001 -8.656392583990E+001
  4.545937591035E-002  1.397754963880E-003  5.746175748689E-001  1.048133281902E+001 -8.576802960955E+001
  4.686882923075E-002  1.421171429779E-003  5.893055990236E-001  1.036101349333E+001 -8.496491596259E+001
  4.830175864396E-002  1.444707518548E-003  6.040652491219E-001  1.023984594395E+001 -8.415481380417E+001
  4.975828488365E-002  1.468365455478E-003  6.188908769377E-001  1.011786794179E+001 -8.333795563486E+001
  5.123853091993E-002  1.492147488203E-003  6.337768100877E-001  9.995117506650E+000 -8.251457747229E+001
  5.274262198188E-002  1.516055887169E-003  6.487173545280E-001  9.871632890237E+000 -8.168491876710E+001
  5.427068558066E-002  1.540092946119E-003  6.637067970750E-001  9.747452558697E+000 -8.084922231323E+001
  5.582285153302E-002  1.564260982573E-003  6.787394079463E-001  9.622615174853E+000 -8.000773415251E+001
  5.739925198530E-002  1.588562338332E-003  6.938094433234E-001  9.497159580054E+000 -7.916070347356E+001
  5.900002143803E-002  1.612999379973E-003  7.089111479311E-001  9.371124775690E+000 -7.830838250505E+001
  6.062529677088E-002  1.637574499364E-003  7.240387576353E-001  9.244549904365E+000 -7.745102640319E+001
  6.227521726827E-002  1.662290114181E-003  7.391865020548E-001  9.117474230744E+000 -7.658889313372E+001
  6.394992464542E-002  1.687148668440E-003  7.543486071881E-001  8.989937122095E+000 -7.572224334820E+001
  6.564956307496E-002  1.712152633027E-003  7.695192980504E-001  8.861978028516E+000 -7.485134025479E+001
  6.737427921404E-002  1.737304506249E-003  7.846928013216E-001  8.733636462892E+000 -7.397644948363E+001
  6.912422223211E-002  1.762606814387E-003  7.998633480026E-001  8.604951980571E+000 -7.309783894667E+001
  7.089954383907E-002  1.788062112257E-003  8.150251760766E-001  8.475964158788E+000 -7.221577869233E+001
  7.270039831418E-002  1.813672983787E-003  8.301725331761E-001  8.346712575846E+000 -7.133054075486E+001
  7.452694253540E-002  1.839442042599E-003  8.452996792509E-001  8.217236790081E+000 -7.044239899862E+001
  7.637933600943E-002  1.865371932600E-003  8.604008892373E-001  8.087576318616E+000 -6.955162895738E+001
  7.825774090225E-002  1.891465328589E-003  8.754704557242E-001  7.957770615935E+000 -6.865850766877E+001
  8.016232207035E-002  1.917724936867E-003  8.905026916164E-001  7.827859052289E+000 -6.776331350400E+001
  8.209324709253E-002  1.944153495867E-003  9.054919327906E-001  7.697880891962E+000 -6.686632599308E+001
  8.405068630235E-002  1.970753776782E-003  9.204325407431E-001  7.567875271404E+000 -6.596782564562E+001
  8.603481282122E-002  1.997528584221E-003  9.353189052274E-001  7.437881177272E+000 -6.506809376745E+001
  8.804580259214E-002  2.024480756857E-003  9.501454468782E-001  7.307937424388E+000 -6.416741227323E+001
  9.008383441408E-002  2.051613168108E-003  9.649066198196E-001  7.178082633638E+000 -6.326606349524E+001
  9.214908997710E-002  2.078928726810E-003  9.795969142571E-001  7.048355209850E+000 -6.236432998861E+001
  9.424175389809E-002  2.106430377918E-003  9.942108590481E-001  6.918793319652E+000 -6.146249433318E+001
  9.636201375725E-002  2.134121103210E-003  1.008743024251E+000  6.789434869362E+000 -6.056083893218E+001
  9.851006013526E-002  2.162003922007E-003  1.023188023648E+000  6.660317482909E+000 -5.965964580811E+001
  1.006860866512E-001  2.190081891910E-003  1.037540517243E+000  6.531478479840E+000 -5.875919639594E+001
  1.028902900012E-001  2.218358109541E-003  1.051795213730E+000  6.402954853411E+000 -5.785977133395E+001
  1.051228699979E-001  2.246835711311E-003  1.065946872926E+000  6.274783248815E+000 -5.696165025253E+001
  1.073840296104E-001  2.275517874190E-003  1.079990308171E+000  6.146999941555E+000 -5.606511156111E+001
  1.096739750056E-001  2.304407816497E-003  1.093920388697E+000  6.019640816002E+000 -5.517043223370E+001
  1.119929155896E-001  2.333508798707E-003  1.107732041949E+000  5.892741344165E+000 -5.427788759311E+001
  1.143410640503E-001  2.362824124271E-003  1.121420255870E+000  5.766336564697E+000 -5.338775109437E+001
  1.167186364011E-001  2.392357140448E-003  1.134980081141E+000  5.640461062169E+000 -5.250029410754E+001
  1.191258520249E-001  2.422111239159E-003  1.148406633374E+000  5.515148946644E+000 -5.161578570031E+001
  1.215629337189E-001  2.452089857854E-003  1.161695095260E+000  5.390433833572E+000 -5.073449242068E+001
  1.240301077413E-001  2.482296480400E-003  1.174840718662E+000  5.266348824051E+000 -4.985667808005E+001
  1.265276038575E-001  2.512734637975E-003  1.187838826657E+000  5.142926485459E+000 -4.898260353712E+001
  1.290556553882E-001  2.543407909995E-003  1.200684815525E+000  5.020198832516E+000 -4.811252648295E+001
  1.316144992580E-001  2.574319925047E-003  1.213374156680E+000  4.898197308779E+000 -4.724670122738E+001
  1.342043760450E-001  2.605474361847E-003  1.225902398540E+000  4.776952768612E+000 -4.638537848746E+001
  1.368255300316E-001  2.636874950214E-003  1.238265168337E+000  4.656495459663E+000 -4.552880517795E+001
  1.394782092560E-001  2.668525472060E-003  1.250458173870E+000  4.536855005867E+000 -4.467722420445E+001
  1.421626655646E-001  2.700429762411E-003  1.262477205183E+000  4.418060391005E+000 -4.383087425945E+001
  1.448791546661E-001  2.732591710434E-003  1.274318136185E+000  4.300139942855E+000 -4.298998962170E+001
  1.476279361856E-001  2.765015260497E-003  1.285976926200E+000  4.183121317950E+000 -4.215479995920E+001
  1.504092737207E-001  2.797704413242E-003  1.297449621444E+000  4.067031486981E+000 -4.132553013626E+001
  1.532234348983E-001  2.830663226680E-003  1.308732356440E+000  3.951896720860E+000 -4.050240002498E+001
  1.560706914324E-001  2.863895817319E-003  1.319821355347E+000  3.837742577478E+000 -3.968562432143E+001
  1.589513191834E-001  2.897406361298E-003  1.330712933232E+000  3.724593889174E+000 -3.887541236699E+001
  1.618655982178E-001  2.931199095559E-003  1.341403497252E+000  3.612474750944E+000 -3.807196797518E+001
  1.648138128702E-001  2.965278319033E-003  1.351889547773E+000  3.501408509411E+000 -3.727548926429E+001
  1.677962518056E-001  2.999648393860E-003  1.362167679406E+000  3.391417752574E+000 -3.648616849620E+001
  1.708132080832E-001  3.034313746623E-003  1.372234581965E+000  3.282524300363E+000 -3.570419192167E+001
  1.738649792215E-001  3.069278869616E-003  1.382087041354E+000  3.174749196008E+000 -3.492973963259E+001
  1.769518672648E-001  3.104548322136E-003  1.391721940368E+000  3.068112698258E+000 -3.416298542122E+001
  1.800741788507E-001  3.140126731803E-003  1.401136259422E+000  2.962634274443E+000 -3.340409664710E+001
  1.832322252791E-001  3.176018795904E-003  1.410327077196E+000  2.858332594415E+000 -3.265323411158E+001
  1.864263225826E-001  3.212229282769E-003  1.419291571208E+000  2.755225525370E+000 -3.191055194054E+001
  1.896567915983E-001  3.248763033179E-003  1.428027018302E+000  2.653330127564E+000 -3.117619747543E+001
  1.929239580409E-001  3.285624961791E-003  1.436530795062E+000  2.552662650942E+000 -3.045031117292E+001
  1.962281525771E-001  3.322820058613E-003  1.444800378146E+000  2.453238532672E+000 -2.973302651343E+001
  1.995697109023E-001  3.360353390492E-003  1.452833344545E+000  2.355072395613E+000 -2.902446991883E+001
  2.029489738173E-001  3.398230102644E-003  1.460627371766E+000  2.258178047701E+000 -2.832476067942E+001
  2.063662873085E-001  3.436455420218E-003  1.468180237934E+000  2.162568482271E+000 -2.763401089045E+001
  2.098220026275E-001  3.475034649885E-003  1.475489821831E+000  2.068255879313E+000 -2.695232539851E+001
  2.133164763746E-001  3.513973181471E-003  1.482554102849E+000  1.975251607659E+000 -2.627980175761E+001
  2.168500705817E-001  3.553276489620E-003  1.489371160882E+000  1.883566228094E+000 -2.561653019554E+001
  2.204231527988E-001  3.592950135496E-003  1.495939176140E+000  1.793209497408E+000 -2.496259359031E+001
  2.240360961807E-001  3.632999768520E-003  1.502256428904E+000  1.704190373350E+000 -2.431806745691E+001
  2.276892795770E-001  3.673431128145E-003  1.508321299203E+000  1.616517020507E+000 -2.368301994448E+001
  2.313830876220E-001  3.714250045674E-003  1.514132266442E+000  1.530196817076E+000 -2.305751184403E+001
  2.351179108282E-001  3.755462446115E-003  1.519687908949E+000  1.445236362528E+000 -2.244159660651E+001
  2.388941456809E-001  3.797074350078E-003  1.524986903482E+000  1.361641486142E+000 -2.183532037162E+001
  2.427121947345E-001  3.839091875711E-003  1.530028024664E+000  1.279417256400E+000 -2.123872200702E+001
  2.465724667110E-001  3.881521240686E-003  1.534810144375E+000  1.198567991214E+000 -2.065183315813E+001
  2.504753766009E-001  3.924368764227E-003  1.539332231081E+000  1.119097268976E+000 -2.007467830842E+001
  2.544213457654E-001  3.967640869177E-003  1.543593349127E+000  1.041007940395E+000 -1.950727485006E+001
  2.584108020414E-001  4.011344084122E-003  1.547592657975E+000  9.643021411030E-001 -1.894963316491E+001
  2.624441798480E-001  4.055485045557E-003  1.551329411401E+000  8.889813050070E-001 -1.840175671568E+001
  2.665219202956E-001  4.100070500102E-003  1.554802956662E+000  8.150461783442E-001 -1.786364214717E+001
  2.706444712976E-001  4.145107306769E-003  1.558012733615E+000  7.424968344208E-001 -1.733527939736E+001
  2.748122876832E-001  4.190602439283E-003  1.560958273810E+000  6.713326889962E-001 -1.681665181808E+001
  2.790258313137E-001  4.236562988450E-003  1.563639199558E+000  6.015525162773E-001 -1.630773630533E+001
  2.832855712010E-001  4.282996164587E-003  1.566055222967E+000  5.331544654864E-001 -1.580850343856E+001
  2.875919836279E-001  4.329909300005E-003  1.568206144965E+000  4.661360779639E-001 -1.531891762908E+001
  2.919455522717E-001  4.377309851548E-003  1.570091854296E+000  4.004943047646E-001 -1.483893727691E+001
  2.963467683296E-001  4.425205403192E-003  1.571712326513E+000  3.362255247052E-001 -1.436851493612E+001
  3.007961306479E-001  4.473603668706E-003  1.573067622954E+000  2.733255628208E-001 -1.390759748793E+001
  3.052941458522E-001  4.522512494374E-003  1.574157889717E+000  2.117897091825E-001 -1.345612632152E+001
  3.098413284823E-001  4.571939861783E-003  1.574983356628E+000  1.516127380324E-001 -1.301403752202E+001
  3.144382011281E-001  4.621893890671E-003  1.575544336216E+000  9.278892718676E-002 -1.258126206518E+001
  3.190852945695E-001  4.672382841850E-003  1.575841222695E+000  3.531207765894E-002 -1.215772601843E+001
  3.237831479192E-001  4.723415120192E-003  1.575874490947E+000 -2.082446654768E-002 -1.174335074787E+001
  3.285323087679E-001  4.774999277691E-003  1.575644695526E+000 -7.562779852663E-002 -1.133805313052E+001
  3.333333333333E-001  4.827144016591E-003  1.575152469681E+000 -1.291054284869E-001 -1.094174577158E+001
  3.381867866117E-001  4.879858192602E-003  1.574398524386E+000 -1.812652637541E-001 -1.055433722605E+001
  3.430932425333E-001  4.933150818173E-003  1.573383647413E+000 -2.321155888069E-001 -1.017573222414E+001
  3.480532841203E-001  4.987031065868E-003  1.572108702415E+000 -2.816650453994E-001 -9.805831900100E+000
  3.530675036492E-001  5.041508271801E-003  1.570574628051E+000 -3.299226128232E-001 -9.444534023711E+000
  3.581365028158E-001  5.096591939172E-003  1.568782437134E+000 -3.768975883596E-001 -9.091733234003E+000
  3.632608929041E-001  5.152291741875E-003  1.566733215829E+000 -4.225995679742E-001 -8.747321274569E+000
  3.684412949588E-001  5.208617528209E-003  1.564428122873E+000 -4.670384273044E-001 -8.411187229900E+000
  3.736783399619E-001  5.265579324662E-003  1.561868388850E+000 -5.102243029904E-001 -8.083217762140E+000
  3.789726690123E-001  5.323187339805E-003  1.559055315499E+000 -5.521675743984E-001 -7.763297347663E+000
  3.843249335105E-001  5.381451968273E-003  1.555990275077E+000 -5.928788457846E-001 -7.451308512877E+000
  3.897357953460E-001  5.440383794842E-003  1.552674709758E+000 -6.323689289466E-001 -7.147132068646E+000
  3.952059270903E-001  5.499993598618E-003  1.549110131090E+000 -6.706488264076E-001 -6.850647342724E+000
  4.007360121927E-001  5.560292357317E-003  1.545298119493E+000 -7.077297151764E-001 -6.561732409616E+000
  4.063267451812E-001  5.621291251662E-003  1.541240323816E+000 -7.436229311261E-001 -6.280264317255E+000
  4.119788318683E-001  5.683001669888E-003  1.536938460932E+000 -7.783399540292E-001 -6.006119309917E+000
  4.176929895600E-001  5.745435212354E-003  1.532394315400E+000 -8.118923932887E-001 -5.739173046805E+000
  4.234699472710E-001  5.808603696282E-003  1.527609739161E+000 -8.442919743971E-001 -5.479300815712E+000
  4.293104459435E-001  5.872519160606E-003  1.522586651295E+000 -8.755505261586E-001 -5.226377741240E+000
  4.352152386716E-001  5.937193870949E-003  1.517327037827E+000 -9.056799687008E-001 -4.980278987016E+000
  4.411850909306E-001  6.002640324729E-003  1.511832951569E+000 -9.346923023041E-001 -4.740879951398E+000
  4.472207808110E-001  6.068871256391E-003  1.506106512025E+000 -9.625995970713E-001 -4.508056456172E+000
  4.533230992589E-001  6.135899642772E-003  1.500149905330E+000 -9.894139834567E-001 -4.281684927759E+000
  4.594928503202E-001  6.203738708611E-003  1.493965384229E+000 -1.015147643672E+000 -4.061642570488E+000
  4.657308513924E-001  6.272401932198E-003  1.487555268103E+000 -1.039812803979E+000 -3.847807531500E+000
  4.720379334802E-001  6.341903051163E-003  1.480921943029E+000 -1.063421727884E+000 -3.640059056905E+000
  4.784149414579E-001  6.412256068427E-003  1.474067861863E+000 -1.085986710232E+000 -3.438277638800E+000
  4.848627343381E-001  6.483475258298E-003  1.466995544367E+000 -1.107520072203E+000 -3.242345152833E+000
  4.913821855461E-001  6.555575172733E-003  1.459707577350E+000 -1.128034157215E+000 -3.052144986012E+000
  4.979741832006E-001  6.628570647764E-003  1.452206614829E+000 -1.147541327717E+000 -2.867562154484E+000
  5.046396304008E-001  6.702476810086E-003  1.444495378212E+000 -1.166053962867E+000 -2.688483411062E+000
  5.113794455212E-001  6.777309083830E-003  1.436576656482E+000 -1.183584457075E+000 -2.514797342316E+000
  5.181945625116E-001  6.853083197508E-003  1.428453306392E+000 -1.200145219400E+000 -2.346394455066E+000
  5.250859312060E-001  6.929815191146E-003  1.420128252656E+000 -1.215748673766E+000 -2.183167252185E+000
  5.320545176366E-001  7.007521423604E-003  1.411604488129E+000 -1.230407259981E+000 -2.025010297627E+000
  5.391013043575E-001  7.086218580100E-003  1.402885073978E+000 -1.244133435516E+000 -1.871820270670E+000
  5.462272907741E-001  7.165923679926E-003  1.393973139826E+000 -1.256939678019E+000 -1.723496009385E+000
  5.534334934816E-001  7.246654084380E-003  1.384871883879E+000 -1.268838488517E+000 -1.579938543395E+000
  5.607209466109E-001  7.328427504912E-003  1.375584573001E+000 -1.279842395264E+000 -1.441051116033E+000
  5.680907021827E-001  7.411262011483E-003  1.366114542766E+000 -1.289963958192E+000 -1.306739196044E+000
  5.755438304707E-001  7.495176041166E-003  1.356465197445E+000 -1.299215773904E+000 -1.176910479028E+000
  5.830814203728E-001  7.580188406970E-003  1.346640009950E+000 -1.307610481174E+000 -1.051474878863E+000
  5.907045797917E-001  7.666318306912E-003  1.336642521700E+000 -1.315160766871E+000 -9.303445093798E-001
  5.984144360243E-001  7.753585333338E-003  1.326476342427E+000 -1.321879372276E+000 -8.134336566204E-001
  6.062121361613E-001  7.842009482502E-003  1.316145149902E+000 -1.327779099701E+000 -7.006587420346E-001
  6.140988474955E-001  7.931611164409E-003  1.305652689563E+000 -1.332872819367E+000 -5.919382770203E-001
  6.220757579409E-001  8.022411212936E-003  1.295002774068E+000 -1.337173476468E+000 -4.871928092470E-001
  6.301440764614E-001  8.114430896230E-003  1.284199282733E+000 -1.340694098336E+000 -3.863448612381E-001
  6.383050335109E-001  8.207691927403E-003  1.273246160869E+000 -1.343447801673E+000 -2.893188617233E-001
  6.465598814833E-001  8.302216475524E-003  1.262147419007E+000 -1.345447799734E+000 -1.960410703041E-001
  6.549098951744E-001  8.398027176926E-003  1.250907131995E+000 -1.346707409424E+000 -1.064394960046E-001
  6.633563722545E-001  8.495147146827E-003  1.239529437980E+000 -1.347240058228E+000 -2.044381030800E-002
  6.719006337539E-001  8.593599991288E-003  1.228018537250E+000 -1.347059290882E+000  6.201474469661E-002
  6.805440245593E-001  8.693409819506E-003  1.216378690941E+000 -1.346178775744E+000  1.410034524120E-001
  6.892879139233E-001  8.794601256469E-003  1.204614219608E+000 -1.344612310775E+000  2.165882214100E-001
  6.981336959871E-001  8.897199455961E-003  1.192729501641E+000 -1.342373829056E+000  2.888336880092E-001
  7.070827903152E-001  9.001230113956E-003  1.180728971540E+000 -1.339477403796E+000  3.578033210626E-001
  7.161366424455E-001  9.106719482390E-003  1.168617118036E+000 -1.335937252734E+000  4.235595282563E-001
  7.252967244510E-001  9.213694383338E-003  1.156398482054E+000 -1.331767741901E+000  4.861637632153E-001
  7.345645355186E-001  9.322182223606E-003  1.144077654524E+000 -1.326983388663E+000  5.456766327146E-001
  7.439416025400E-001  9.432211009745E-003  1.131659274034E+000 -1.321598863988E+000  6.021580032942E-001
  7.534294807203E-001  9.543809363512E-003  1.119148024325E+000 -1.315628993905E+000  6.556671065857E-001
  7.630297542000E-001  9.657006537783E-003  1.106548631628E+000 -1.309088760067E+000  7.062626426695E-001
  7.727440366954E-001  9.771832432940E-003  1.093865861852E+000 -1.301993299422E+000  7.540028807953E-001
  7.825739721536E-001  9.888317613741E-003  1.081104517608E+000 -1.294357902906E+000  7.989457568210E-001
  7.925212354258E-001  1.000649332670E-002  1.068269435094E+000 -1.286198013156E+000  8.411489667439E-001
  8.025875329584E-001  1.012639151798E-002  1.055365480826E+000 -1.277529221203E+000  8.806700557293E-001
  8.127746035011E-001  1.024804485184E-002  1.042397548233E+000 -1.268367262115E+000  9.175665020696E-001
  8.230842188350E-001  1.037148672960E-002  1.029370554108E+000 -1.258728009592E+000  9.518957955407E-001
  8.335181845190E-001  1.049675130923E-002  1.016289434940E+000 -1.248627469479E+000  9.837155096648E-001
  8.440783406568E-001  1.062387352550E-002  1.003159143115E+000 -1.238081772216E+000  1.013083367422E+000
  8.547665626839E-001  1.075288911077E-002  9.899846430060E-001 -1.227107164211E+000  1.040057300006E+000
  8.655847621758E-001  1.088383461638E-002  9.767709069557E-001 -1.215719998158E+000  1.064695498255E+000
  8.765348876780E-001  1.101674743475E-002  9.635229111664E-001 -1.203936722306E+000  1.087056456456E+000
  8.876189255584E-001  1.115166582209E-002  9.502456315011E-001 -1.191773868715E+000  1.107199008244E+000
  8.988389008829E-001  1.128862892191E-002  9.369440392113E-001 -1.179248040513E+000  1.125182354406E+000
  9.101968783143E-001  1.142767678917E-002  9.236230966021E-001 -1.166375898216E+000  1.141066082424E+000
  9.216949630368E-001  1.156885041525E-002  9.102877526466E-001 -1.153174145124E+000  1.154910177667E+000
  9.333353017046E-001  1.171219175365E-002  8.969429385626E-001 -1.139659511875E+000  1.166775026191E+000
  9.451200834176E-001  1.185774374655E-002  8.835935633649E-001 -1.125848740190E+000  1.176721409163E+000
  9.570515407237E-001  1.200555035216E-002  8.702445094076E-001 -1.111758565892E+000  1.184810488995E+000
  9.691319506484E-001  1.215565657299E-002  8.569006279296E-001 -1.097405701247E+000  1.191103787306E+000
  9.813636357544E-001  1.230810848498E-002  8.435667346185E-001 -1.082806816726E+000  1.195663154924E+000
  9.937489652293E-001  1.246295326757E-002  8.302476052067E-001 -1.067978522243E+000  1.198550734151E+000
  1.006290356005E+000  1.262023923477E-002  8.169479711148E-001 -1.052937347976E+000  1.199828913615E+000
  1.018990273907E+000  1.278001586715E-002  8.036725151581E-001 -1.037699724840E+000  1.199560276047E+000
  1.031851234841E+000  1.294233384499E-002  7.904258673278E-001 -1.022281964720E+000  1.197807539391E+000
  1.044875806003E+000  1.310724508236E-002  7.772126006653E-001 -1.006700240546E+000  1.194633491700E+000
  1.058066607138E+000  1.327480276248E-002  7.640372272400E-001 -9.909705663146E-001  1.190100920305E+000
  1.071426311823E+000  1.344506137405E-002  7.509041942472E-001 -9.751087771563E-001  1.184272535802E+000
  1.084957648792E+000  1.361807674895E-002  7.378178802383E-001 -9.591305095424E-001  1.177210891416E+000
  1.098663403298E+000  1.379390610110E-002  7.247825914950E-001 -9.430511817392E-001  1.168978298353E+000
  1.112546418516E+000  1.397260806657E-002  7.118025585625E-001 -9.268859746041E-001  1.159636737770E+000
  1.126609596985E+000  1.415424274514E-002  6.988819329493E-001 -9.106498128255E-001  1.149247770013E+000
  1.140855902095E+000  1.433887174317E-002  6.860247840077E-001 -8.943573467012E-001  1.137872441803E+000
  1.155288359613E+000  1.452655821788E-002  6.732350960020E-001 -8.780229345510E-001  1.125571192042E+000
  1.169910059257E+000  1.471736692327E-002  6.605167653739E-001 -8.616606258551E-001  1.112403756946E+000
  1.184724156317E+000  1.491136425740E-002  6.478735982127E-001 -8.452841452036E-001  1.098429075185E+000
  1.199733873325E+000  1.510861831145E-002  6.353093079370E-001 -8.289068771417E-001  1.083705193732E+000
  1.214942501771E+000  1.530919892035E-002  6.228275131913E-001 -8.125418519857E-001  1.068289175100E+000
  1.230353403874E+000  1.551317771520E-002  6.104317359637E-001 -7.962017326822E-001  1.052237006630E+000
  1.245970014403E+000  1.572062817747E-002  5.981253999252E-001 -7.798988027750E-001  1.035603512483E+000
  1.261795842559E+000  1.593162569510E-002  5.859118289927E-001 -7.636449555360E-001  1.018442268960E+000
  1.277834473907E+000  1.614624762054E-002  5.737942461163E-001 -7.474516843113E-001  1.000805523733E+000
  1.294089572372E+000  1.636457333079E-002  5.617757722869E-001 -7.313300741225E-001  9.827441195651E-001
  1.310564882294E+000  1.658668428962E-002  5.498594257640E-001 -7.152907945583E-001  9.643074230159E-001
  1.327264230548E+000  1.681266411190E-002  5.380481215176E-001 -6.993440939796E-001  9.455432586249E-001
  1.344191528724E+000  1.704259863026E-002  5.263446708784E-001 -6.834997950530E-001  9.264978489934E-001
  1.361350775387E+000  1.727657596408E-002  5.147517813912E-001 -6.677672916213E-001  9.072157611451E-001
  1.378746058390E+000  1.751468659100E-002  5.032720568603E-001 -6.521555469049E-001  8.877398594885E-001
  1.396381557275E+000  1.775702342093E-002  4.919079975808E-001 -6.366730930242E-001  8.681112656513E-001
  1.414261545744E+000  1.800368187279E-002  4.806620007420E-001 -6.213280318204E-001  8.483693253943E-001
  1.432390394201E+000  1.825475995395E-002  4.695363609940E-001 -6.061280369443E-001  8.285515827579E-001
  1.450772572390E+000  1.851035834267E-002  4.585332711627E-001 -5.910803571736E-001  8.086937615311E-001
  1.469412652102E+000  1.877058047342E-002  4.476548231023E-001 -5.761918209114E-001  7.888297540717E-001
  1.488315309978E+000  1.903553262542E-002  4.369030086678E-001 -5.614688418094E-001  7.689916174498E-001
  1.507485330398E+000  1.930532401444E-002  4.262797207969E-001 -5.469174254526E-001  7.492095768221E-001
  1.526927608467E+000  1.958006688797E-002  4.157867546823E-001 -5.325431770350E-001  7.295120358918E-001
  1.546647153093E+000  1.985987662391E-002  4.054258090222E-001 -5.183513099493E-001  7.099255942484E-001
  1.566649090169E+000  2.014487183303E-002  3.951984873306E-001 -5.043466552082E-001  6.904750713306E-001
  1.586938665861E+000  2.043517446518E-002  3.851062992940E-001 -4.905336716097E-001  6.711835367046E-001
  1.607521250000E+000  2.073090991960E-002  3.751506621582E-001 -4.769164565553E-001  6.520723463027E-001
  1.628402339588E+000  2.103220715932E-002  3.653329021302E-001 -4.634987574253E-001  6.331611842241E-001
  1.649587562420E+000  2.133919883002E-002  3.556542557799E-001 -4.502839834158E-001  6.144681096615E-001
  1.671082680832E+000  2.165202138333E-002  3.461158714294E-001 -4.372752177368E-001  5.960096084822E-001
  1.692893595565E+000  2.197081520497E-002  3.367188105152E-001 -4.244752300746E-001  5.778006489656E-001
  1.715026349769E+000  2.229572474776E-002  3.274640489116E-001 -4.118864892188E-001  5.598547411722E-001
  1.737487133138E+000  2.262689866987E-002  3.183524782041E-001 -3.995111757574E-001  5.421839994041E-001
  1.760282286187E+000  2.296448997842E-002  3.093849069038E-001 -3.873511947461E-001  5.247992072034E-001
  1.783418304674E+000  2.330865617868E-002  3.005620615934E-001 -3.754081882598E-001  5.077098843271E-001
  1.806901844175E+000  2.365955942924E-002  2.918845879972E-001 -3.636835477408E-001  4.909243551379E-001
  1.830739724818E+000  2.401736670327E-002  2.833530519720E-001 -3.521784260611E-001  4.744498178548E-001
  1.854938936184E+000  2.438224995616E-002  2.749679404125E-001 -3.408937492246E-001  4.582924141155E-001
  1.879506642368E+000  2.475438629994E-002  2.667296620709E-001 -3.298302276384E-001  4.424572983220E-001
  1.904450187236E+000  2.513395818467E-002  2.586385482890E-001 -3.189883668941E-001  4.269487062583E-001
  1.929777099847E+000  2.552115358717E-002  2.506948536462E-001 -3.083684780042E-001  4.117700224972E-001
  1.955495100083E+000  2.591616620741E-002  2.428987565241E-001 -2.979706870490E-001  3.969238461420E-001
  1.981612104475E+000  2.631919567292E-002  2.352503595950E-001 -2.877949441984E-001  3.824120544848E-001
  2.008136232230E+000  2.673044775156E-002  2.277496902398E-001 -2.778410320821E-001  3.682358642007E-001
  2.035075811486E+000  2.715013457311E-002  2.203967009034E-001 -2.681085734903E-001  3.543958897381E-001
  2.062439385788E+000  2.757847486001E-002  2.131912693986E-001 -2.585970383980E-001  3.408921986102E-001
  2.090235720801E+000  2.801569416771E-002  2.061331991693E-001 -2.493057503139E-001  3.277243633402E-001
  2.118473811262E+000  2.846202513514E-002  1.992222195248E-001 -2.402338919667E-001  3.148915098576E-001
  2.147162888201E+000  2.891770774564E-002  1.924579858610E-001 -2.313805103471E-001  3.023923621959E-001
  2.176312426413E+000  2.938298959899E-002  1.858400798807E-001 -2.227445211372E-001  2.902252833882E-001
  2.205932152222E+000  2.985812619504E-002  1.793680098305E-001 -2.143247125620E-001  2.783883125080E-001
  2.236032051522E+000  3.034338122938E-002  1.730412107703E-001 -2.061197487114E-001  2.668791978518E-001
  2.266622378129E+000  3.083902690182E-002  1.668590448897E-001 -1.981281723816E-001  2.556954263050E-001
  2.297713662445E+000  3.134534423818E-002  1.608208018899E-001 -1.903484074969E-001  2.448342489797E-001
  2.329316720450E+000  3.186262342603E-002  1.549256994468E-001 -1.827787611740E-001  2.342927032551E-001
  2.361442663038E+000  3.239116416519E-002  1.491728837700E-001 -1.754174254976E-001  2.240676313919E-001
  2.394102905709E+000  3.293127603351E-002  1.435614302742E-001 -1.682624790782E-001  2.141556959269E-001
  2.427309178642E+000  3.348327886897E-002  1.380903443750E-001 -1.613118884661E-001  2.045533920880E-001
  2.461073537146E+000  3.404750316862E-002  1.327585624248E-001 -1.545635094950E-001  1.952570574984E-001
  2.495408372530E+000  3.462429050548E-002  1.275649527964E-001 -1.480150886312E-001  1.862628794609E-001
  2.530326423398E+000  3.521399396401E-002  1.225083171273E-001 -1.416642644002E-001  1.775669001340E-001
  2.565840787378E+000  3.581697859546E-002  1.175873917286E-001 -1.355085689617E-001  1.691650199250E-001
  2.601964933334E+000  3.643362189376E-002  1.128008491673E-001 -1.295454299000E-001  1.610529994332E-001
  2.638712714049E+000  3.706431429322E-002  1.081473000219E-001 -1.237721722916E-001  1.532264602811E-001
  2.676098379430E+000  3.770945968912E-002  1.036252948136E-001 -1.181860211066E-001  1.456808851698E-001
  2.714136590232E+000  3.836947598236E-002  9.923332610947E-002 -1.127841039929E-001  1.384116174861E-001
  2.752842432351E+000  3.904479564947E-002  9.496983079378E-002 -1.075634544841E-001  1.314138607801E-001
  2.792231431696E+000  3.973586633921E-002  9.083319249882E-002 -1.025210156655E-001  1.246826784127E-001
  2.832319569669E+000  4.044315149734E-002  8.682174418521E-002 -9.765364432045E-002  1.182129936531E-001
  2.873123299289E+000  4.116713102086E-002  8.293377085845E-002 -9.295811557072E-002  1.119995904788E-001
  2.914659561979E+000  4.190830194354E-002  7.916751240596E-002 -8.843112801560E-002  1.060371153055E-001
  2.956945805065E+000  4.266717915414E-002  7.552116653667E-002 -8.406930936151E-002  1.003200798368E-001
  3.000000000000E+000  4.344429614932E-002  7.199289180268E-002 -7.986922252537E-002  9.484286519350E-002
  3.043840661365E+000  4.424020582308E-002  6.858081068097E-002 -7.582737218361E-002  8.959972744092E-002
  3.088486866678E+000  4.505548129460E-002  6.528301269118E-002 -7.194021172911E-002  8.458480459802E-002
  3.133958277047E+000  4.589071677685E-002  6.209755752463E-002 -6.820415058860E-002  7.979212516879E-002
  3.180275158719E+000  4.674652848797E-002  5.902247815831E-002 -6.461556184430E-002  7.521561819959E-002
  3.227458405560E+000  4.762355560797E-002  5.605578392785E-002 -6.117079009571E-002  7.084912482566E-002
  3.275529562509E+000  4.852246128332E-002  5.319546353292E-002 -5.786615949048E-002  6.668641123280E-002
  3.324510850077E+000  4.944393368200E-002  5.043948794929E-002 -5.469798184761E-002  6.272118292434E-002
  3.374425189910E+000  5.038868710203E-002  4.778581322303E-002 -5.166256479214E-002  5.894710015041E-002
  3.425296231502E+000  5.135746313639E-002  4.523238312332E-002 -4.875621981731E-002  5.535779432686E-002
  3.477148380094E+000  5.235103189784E-002  4.277713163303E-002 -4.597527018943E-002  5.194688524517E-002
  3.530006825834E+000  5.337019330676E-002  4.041798525828E-002 -4.331605861054E-002  4.870799885342E-002
  3.583897574256E+000  5.441577844603E-002  3.815286514145E-002 -4.077495455672E-002  4.563478537157E-002
  3.638847478148E+000  5.548865098670E-002  3.597968896549E-002 -3.834836121306E-002  4.272093749321E-002
  3.694884270887E+000  5.658970868864E-002  3.389637264114E-002 -3.603272193236E-002  3.996020841982E-002
  3.752036601308E+000  5.771988498079E-002  3.190083177292E-002 -3.382452615129E-002  3.734642947342E-002
  3.810334070199E+000  5.888015062562E-002  2.999098290385E-002 -3.172031470649E-002  3.487352703899E-002
  3.869807268505E+000  6.007151547295E-002  2.816474454387E-002 -2.971668450303E-002  3.253553859874E-002
  3.930487817331E+000  6.129503030858E-002  2.642003799088E-002 -2.781029249859E-002  3.032662763683E-002
  3.992408409843E+000  6.255178880352E-002  2.475478795860E-002 -2.599785897883E-002  2.824109721413E-002
  4.055602855172E+000  6.384292957002E-002  2.316692302932E-002 -2.427617011213E-002  2.627340203854E-002
  4.120106124432E+000  6.516963833101E-002  2.165437595409E-002 -2.264207978498E-002  2.441815888598E-002
  4.185954398964E+000  6.653315021009E-002  2.021508382686E-002 -2.109251073266E-002  2.267015525983E-002
  4.253185120935E+000  6.793475214960E-002  1.884698816214E-002 -1.962445499296E-002  2.102435621234E-002
  4.321837046422E+000  6.937578546490E-002  1.754803490912E-002 -1.823497372322E-002  1.947590928784E-002
  4.391950301120E+000  7.085764854355E-002  1.631617443685E-002 -1.692119643312E-002  1.802014758561E-002
  4.463566438835E+000  7.238179969882E-002  1.514936152716E-002 -1.568031969605E-002  1.665259097741E-002
  4.536728502895E+000  7.394976018725E-002  1.404555541225E-002 -1.450960541155E-002  1.536894555054E-002
  4.611481090679E+000  7.556311740127E-002  1.300271989399E-002 -1.340637869912E-002  1.416510138175E-002
  4.687870421430E+000  7.722352824817E-002  1.201882358095E-002 -1.236802550939E-002  1.303712877791E-002
  4.765944407533E+000  7.893272272784E-002  1.109184027717E-002 -1.139199004268E-002  1.198127314677E-002
  4.845752729492E+000  8.069250772248E-002  1.021974955397E-002 -1.047577206699E-002  1.099394868396E-002
  4.927346914797E+000  8.250477101257E-002  9.400537532474E-003 -9.616924226394E-003  1.007173107989E-002
  5.010780420931E+000  8.437148553436E-002  8.632197899980E-003 -8.813049428826E-003  9.211349462834E-003
  5.096108722763E+000  8.629471389541E-002  7.912733178331E-003 -8.061798396759E-003  8.409677800630E-003
  5.183389404586E+000  8.827661316581E-002  7.240156256423E-003 -7.360867457717E-003  7.663725984487E-003
  5.272682257105E+000  9.031943996425E-002  6.612492192922E-003 -6.707996642489E-003  6.970630813142E-003
  5.364049379651E+000  9.242555585946E-002  6.027780288502E-003 -6.100968148440E-003  6.327647085146E-003
  5.457555287978E+000  9.459743310926E-002  5.484076420102E-003 -5.537605213365E-003  5.732138991390E-003
  5.553267027968E+000  9.683766076100E-002  4.979455622814E-003 -5.015771432317E-003  5.181571979787E-003
  5.651254295630E+000  9.914895113938E-002  4.512014898252E-003 -4.533370536103E-003  4.673505240037E-003
  5.751589563796E+000  1.015341467494E-001  4.079876221780E-003 -4.088346636100E-003  4.205584929317E-003
  5.854348215936E+000  1.039962276248E-001  3.681189715010E-003 -3.678684925989E-003  3.775538230574E-003
  5.959608687557E+000  1.065383191537E-001  3.314136944609E-003 -3.302412817512E-003  3.381168304734E-003
  6.067452615683E+000  1.091637004188E-001  2.976934303902E-003 -2.957601474570E-003  3.020350167503E-003
  6.177964996951E+000  1.118758130872E-001  2.667836430070E-003 -2.642367698476E-003  2.691027491572E-003
  6.291234354880E+000  1.146782708938E-001  2.385139607163E-003 -2.354876107112E-003  2.391210306723E-003
  6.407352916949E+000  1.175748697626E-001  2.127185103564E-003 -2.093341542473E-003  2.118973544479E-003
  6.526416802128E+000  1.205695986129E-001  1.892362392222E-003 -1.856031634767E-003  1.872456351191E-003
  6.648526219580E+000  1.236666509049E-001  1.679112202768E-003 -1.641269447082E-003  1.649862074398E-003
  6.773785679311E+000  1.268704369821E-001  1.485929356667E-003 -1.447436122662E-003  1.449458812386E-003
  6.902304215570E+000  1.301855972713E-001  1.311365339646E-003 -1.272973457074E-003  1.269580406317E-003
  7.034195623922E+000  1.336170164087E-001  1.154030569922E-003 -1.116386319983E-003  1.108627748269E-003
  7.169578712934E+000  1.371698383673E-001  1.012596325867E-003 -9.762448557003E-004  9.650702768970E-004
  7.308577571516E+000  1.408494826628E-001  8.857963028181E-004 -8.511863979810E-004  8.374475350495E-004
  7.451321853057E+000  1.446616617293E-001  7.724277754347E-004 -7.399170424858E-004  7.243706701684E-004
  7.597947077547E+000  1.486123995567E-001  6.713523492515E-004 -6.412128296085E-004  6.245237682038E-004
  7.748594953021E+000  1.527080516973E-001  5.814962926523E-004 -5.539205006820E-004  5.366649245751E-004
  7.903413717736E+000  1.569553267535E-001  5.018504482305E-004 -4.769578016011E-004  4.596269707496E-004
  8.062558504629E+000  1.613613094717E-001  4.314697301848E-004 -4.093133192859E-004  3.923177916530E-004
  8.226191729726E+000  1.659334855793E-001  3.694722218557E-004 -3.500458478133E-004  3.337201867132E-004
  8.394483506327E+000  1.706797685137E-001  3.150378945352E-004 -2.982832921490E-004  2.828912452083E-004
  8.567612086926E+000  1.756085282071E-001  2.674069751258E-004 -2.532211279033E-004  2.389612241347E-004
  8.745764335025E+000  1.807286221064E-001  2.258779959075E-004 -2.141204451408E-004  2.011319334776E-004
  8.929136229160E+000  1.860494286260E-001  1.898055644761E-004 -1.803056127582E-004  1.686746490685E-004
  9.117933401693E+000  1.915808832504E-001  1.585978957284E-004 -1.511616071149E-004  1.409275867514E-004
  9.312371715124E+000  1.973335175235E-001  1.317141504991E-004 -1.261310543088E-004  1.172929830575E-004
  9.512677878945E+000  2.033185011886E-001  1.086616270621E-004 -1.047110396378E-004  9.723383677468E-005
  9.719090110332E+000  2.095476877688E-001  8.899285216664E-005 -8.644974033705E-005  8.027037259364E-005
  9.931858842267E+000  2.160336639044E-001  7.230261759630E-005 -7.094293862737E-005  6.597629237673E-005
  1.015124748302E+001  2.227898028021E-001  5.822500646609E-005 -5.783047150703E-005  5.397488158968E-005
  1.037753323129E+001  2.298303221843E-001  4.643045067780E-005 -4.679267166632E-005  4.393503818607E-005
  1.061100795175E+001  2.371703471699E-001  3.662285724008E-005 -3.754685052833E-005  3.556728893758E-005
  1.085197911611E+001  2.448259785618E-001  2.853683665666E-005 -2.984386989604E-005  2.861985410257E-005
  1.110077081537E+001  2.528143670735E-001  2.193506144330E-005 -2.346484320707E-005  2.287481571098E-005
  1.135772484956E+001  2.611537940784E-001  1.660577721936E-005 -1.821800118103E-005  1.814443792751E-005
  1.162320190175E+001  2.698637595360E-001  1.236048291601E-005 -1.393574991934E-005  1.426768026726E-005
  1.189758280382E+001  2.789650778206E-001  9.031790638155E-006 -1.047194251741E-005  1.110693621006E-005
  1.218126990242E+001  2.884799822596E-001  6.471469803368E-006 -7.699378206906E-006  8.545021313557E-006
  1.247468853413E+001  2.984322392826E-001  4.548674544981E-006 -5.507536182253E-006  6.482426563992E-006
  1.277828862002E+001  3.088472731875E-001  3.148348186858E-006 -3.800544786510E-006  4.834844699513E-006
  1.309254639077E+001  3.197523026463E-001  2.169794035353E-006 -2.495380818548E-006  3.530969831633E-006
  1.341796625462E+001  3.311764902095E-001  1.525397931838E-006 -1.520288531487E-006  2.510564068983E-006
  1.375508282195E+001  3.431511062169E-001  1.139485081924E-006 -8.134035436267E-007  1.722779161989E-006
  1.410446310162E+001  3.557097086969E-001  9.472917102406E-007 -3.215634664326E-007  1.124716537482E-006
  1.446670888596E+001  3.688883410292E-001  8.940311329253E-007  7.153778001408E-010  6.802055317530E-007
  1.484245934302E+001  3.827257493700E-001  9.340339068459E-007  1.921172066093E-007  3.587771676681E-007
  1.523239383723E+001  3.972636220891E-001  1.029942777832E-006  2.852845022940E-007  1.348094247095E-007
  1.563723500136E+001  4.125468537596E-001  1.151945141335E-006  3.074762349118E-007 -1.318044684937E-008
  1.605775208607E+001  4.286238365683E-001  1.277028537420E-006  2.811472791265E-007 -1.031205108360E-007
  1.649476461582E+001  4.455467823929E-001  1.388248176699E-006  2.244676598421E-007 -1.498682827549E-007
  1.694914638379E+001  4.633720792263E-001  1.473999445848E-006  1.517976063772E-007 -1.656151362585E-007
  1.742182982203E+001  4.821606861220E-001  1.527292549204E-006  7.413130526971E-008 -1.602292572859E-007
  1.791381078784E+001  5.019785714107E-001  1.545030660141E-006 -4.811060369798E-010 -1.415526413056E-007
  1.842615381215E+001  5.228971995942E-001  1.527296921756E-006 -6.652718156852E-008 -1.156646557174E-007
  1.895999786176E+001  5.449940730840E-001  1.476659089003E-006 -1.206386226437E-007 -8.712167902612E-008
  1.951656267356E+001  5.683533358366E-001  1.397503297429E-006 -1.612107213683E-007 -5.917942654341E-008
  2.009715572669E+001  5.930664469535E-001  1.295410164077E-006 -1.880374894815E-007 -3.400191255633E-008
  2.070317992707E+001  6.192329335039E-001  1.176587013911E-006 -2.019670764594E-007 -1.285869720477E-008
  2.133614208874E+001  6.469612332096E-001  1.047369392008E-006 -2.045832628885E-007  3.689784008588E-009
  2.199766230782E+001  6.763696392388E-001  9.138031669878E-007 -1.979192137126E-007  1.562034418569E-008
  2.268948433818E+001  7.075873612439E-001  7.813155533937E-007 -1.842092876073E-007  2.329094466669E-008
  2.341348709294E+001  7.407557189842E-001  6.544794807647E-007 -1.656835812783E-007  2.730293586839E-008
  2.417169741362E+001  7.760294874639E-001  5.368712126360E-007 -1.444081604168E-007  2.838394910585E-008
  2.496630426925E+001  8.135784155747E-001  4.310163462332E-007 -1.221717681285E-007  2.729307490563E-008
  2.579967457140E+001  8.535889438281E-001  3.384147297666E-007 -1.004174267859E-007  2.474898319352E-008
  2.667437081864E+001  8.962661510291E-001  2.596308557954E-007 -8.021500584988E-008  2.138049079431E-008
  2.759317081651E+001  9.418359647997E-001  1.944333258920E-007 -6.226876317046E-008  1.769790920598E-008
  2.855908975674E+001  9.905476768748E-001  1.419653468383E-007 -4.695230156798E-008  1.408245445990E-008
  2.957540498378E+001  1.042676811269E+000  1.009280927071E-007 -3.436248384277E-008  1.079019571809E-008
  3.064568382919E+001  1.098528402000E+000  6.976016561469E-008 -2.438370874464E-008  7.966550780575E-009
  3.177381495601E+001  1.158440747351E+000  4.679914621367E-008 -1.675456697439E-008  5.667250084139E-009
  3.296404372807E+001  1.222789720048E+000  3.041500996548E-008 -1.113017392259E-008  3.881979762382E-009
  3.422101220608E+001  1.291993727721E+000  1.910953334151E-008 -7.135234277962E-009  2.557522230927E-009
  3.554980447538E+001  1.366519436102E+000  1.158019405746E-008 -4.404893391262E-009  1.618041467901E-009
  3.695599813319E+001  1.446888389511E+000  6.750960998987E-009 -2.612409053794E-009  9.810861179877E-010
  3.844572291106E+001  1.533684690030E+000  3.775345033949E-009 -1.484391803597E-009  5.687783444563E-010
  4.002572758518E+001  1.627563929686E+000  2.018874830520E-009 -8.056271044901E-010  3.144082944697E-010
  4.170345654134E+001  1.729263610453E+000  1.028706353484E-009 -4.162110754949E-010  1.651863513152E-010
  4.348713762001E+001  1.839615336740E+000  4.975068395179E-010 -2.039038085479E-010  8.218698084669E-011
  4.538588318162E+001  1.959559126947E+000  2.273714840973E-010 -9.432117689844E-011  3.856458007492E-011
  4.740980671574E+001  2.090160267552E+000  9.772115088888E-011 -4.099994907810E-011  1.698659142626E-011
  4.957015778746E+001  2.232629229408E+000  3.928230719236E-011 -1.665772584262E-011  6.986708206528E-012
  5.187947869225E+001  2.388345286640E+000  1.467985761165E-011 -6.287696012091E-012  2.667561325710E-012
  5.435178690397E+001  2.558884630889E+000  5.065298852811E-012 -2.190152953304E-012  9.391415694802E-013
  5.700278828629E+001  2.746053966795E+000  1.601489903486E-012 -6.986525375033E-013  3.025870271343E-013
  5.985012714155E+001  2.951930820846E+000  4.599796680709E-013 -2.023617827035E-013  8.846584330458E-014
  6.291368055481E+001  3.178912111311E+000  1.188574288577E-013 -5.270714947978E-014  2.324469549551E-014
  6.621590623276E+001  3.429772933797E+000  2.732806884007E-014 -1.221011481855E-014  5.429390724534E-015
  6.978225524452E+001  3.707738044625E+000  5.521573801887E-015 -2.484665502015E-015  1.113433618596E-015
  7.364166388185E+001  4.016569212832E+000  9.665254092117E-016 -4.378752011784E-016  1.976587169131E-016
  7.782714245929E+001  4.360672516382E+000  1.442138465436E-016 -6.575426214835E-017  2.988665173767E-017
  8.237648351994E+001  4.745230855210E+000  1.800361129543E-017 -8.258732758818E-018  3.778207404786E-018
  8.733311794503E+001  5.176368549127E+000  1.840648981617E-018 -8.492329390805E-019  3.908957701105E-019
  9.274715535088E+001  5.661357031559E+000  1.503488029268E-019 -6.974782222467E-020  3.229085463848E-020
  9.867665554529E+001  6.208873552072E+000  9.534328987131E-021 -4.446059085853E-021  2.069669884445E-021
  1.051891916055E+002  6.829328764649E+000  4.539746722735E-022 -2.127438348070E-022  9.954749383736E-023
  1.123637836013E+002  7.535284543316E+000  1.560785316904E-023 -7.348527842721E-024  3.455407261253E-024
  1.202933069206E+002  8.341990973528E+000  3.700421275924E-025 -1.749995485953E-025  8.266967640456E-026
  1.290875131414E+002  9.268082166539E+000  5.729756159611E-027 -2.721147234607E-027  1.291108682967E-027
  1.388768482001E+002  1.033648575811E+001  5.431333685279E-029 -2.589753753479E-029  1.233864130908E-029
  1.498173177370E+002  1.157562284364E+001  2.917060126731E-031 -1.396186462472E-031  6.678088435284E-032
  1.620967411853E+002  1.302100699722E+001  8.086428697899E-034 -3.884315800594E-034  1.864788482616E-034
  1.759428668168E+002  1.471739812515E+001  1.033256200260E-036 -4.980151944433E-037  2.399245150107E-037
  1.916340085825E+002  1.672173748087E+001  5.299393048595E-040 -2.562463654557E-040  1.238572120518E-040
  2.095131417987E+002  1.910719757888E+001  9.199071606692E-044 -4.461651845960E-044  2.163261090976E-044
  2.300068054477E+002  2.196884699990E+001  4.371240691784E-048 -2.126190799627E-048  1.033919062036E-048
  2.536507797910E+002  2.543169216868E+001  4.355086302854E-053 -2.124067407992E-053  1.035733437010E-053
  2.811254638474E+002  2.966227967912E+001  6.483144123112E-059 -3.170017410128E-059  1.549757738604E-059
  3.133053780630E+002  3.488573552677E+001  9.327864911762E-066 -4.571883475927E-066  2.240522687712E-066
  3.513296254502E+002  4.141128389041E+001  7.353001509629E-074 -3.612009507944E-074  1.774136156678E-074
  3.967041014106E+002  4.967130404214E+001  1.499040203198E-083 -7.379126721204E-084  3.632125327329E-084
  4.514529193349E+002  6.028257212519E+001  2.880500607426E-095 -1.420708074687E-095  7.006713008551E-096
  5.183481233601E+002  7.414493328740E+001  1.308877173389E-109 -6.467257512454E-110  3.195367552152E-110
  6.012676077950E+002  9.260523890243E+001  2.031220596943E-127 -1.005317543747E-127  4.975471633208E-128
  7.057700503752E+002  1.177394213729E+002  6.716296645170E-150 -3.329221494396E-150  1.650230387446E-150
  8.400513767914E+002  1.528577972397E+002  7.906632751558E-179 -3.924766994606E-179  1.948177529032E-179
  1.016602135495E+003  2.034537342122E+002  6.479218315344E-217 -3.220314225556E-217  1.600547952466E-217
  1.255220715580E+003  2.790860613466E+002  1.875529199728E-268 -9.332489637099E-269  4.643739117596E-269
  1.588815776243E+003  3.973705897531E+002  0.000000000000E+000  0.000000000000E+000  0.000000000000E+000
  2.075392011604E+003  5.931596040112E+002  0.000000000000E+000  0.000000000000E+000  0.000000000000E+000
  2.825079847529E+003  9.419154890021E+002  0.000000000000E+000  0.000000000000E+000  0.000000000000E+000
  4.068408296184E+003  1.627629972033E+003  0.000000000000E+000  0.000000000000E+000  0.000000000000E+000
  6.357262947674E+003  3.178964796686E+003  0.000000000000E+000  0.000000000000E+000  0.000000000000E+000
  1.130231930164E+004  7.535323971013E+003  0.000000000000E+000  0.000000000000E+000  0.000000000000E+000
  2.543105175140E+004  2.543171841285E+004  0.000000000000E+000  0.000000000000E+000  0.000000000000E+000
  1.017262069958E+005  2.034537473226E+005  0.000000000000E+000  0.000000000000E+000  0.000000000000E+000
