# 1st line: number of mesh points
# rho and r_seitz are calculated from total density
# zeta and r_seitz only correct of rho > 1d-12

# abcissa weight rho drho ddrho zeta r_seitz
500
  9.830308526508E-006  1.966074589941E-005  1.630586390993E+003 -1.972886954510E+004  2.439979163043E+005  1.854381245657E-012  1.225347155985E-001
  3.932200719717E-005  3.932303800261E-005  1.630004659214E+003 -1.972167497479E+004  2.439068646534E+005  1.853229650618E-012  1.225492909883E-001
  8.847741541455E-005  5.898842277178E-005  1.629035526839E+003 -1.970968936172E+004  2.437551812740E+005  1.850982343363E-012  1.225735881750E-001
  1.573003992804E-004  7.865844718600E-005  1.627679624325E+003 -1.969292070640E+004  2.435429701489E+005  1.848054122152E-012  1.226076144675E-001
  2.457963722417E-004  9.833465899987E-005  1.625937833448E+003 -1.967138019831E+004  2.432703767038E+005  1.844230431237E-012  1.226513801038E-001
  3.539722959954E-004  1.180186070023E-004  1.623811286453E+003 -1.964508220468E+004  2.429375876566E+005  1.839924454429E-012  1.227048982579E-001
  4.818366816528E-004  1.377118412759E-004  1.621301364945E+003 -1.961404425602E+004  2.425448308252E+005  1.834638819445E-012  1.227681850471E-001
  6.293995911626E-004  1.574159134560E-004  1.618409698549E+003 -1.957828702859E+004  2.420923748922E+005  1.828222879037E-012  1.228412595416E-001
  7.966726389934E-004  1.771323769912E-004  1.615138163323E+003 -1.953783432366E+004  2.415805291274E+005  1.821508557823E-012  1.229241437762E-001
  9.836689940782E-004  1.968627874036E-004  1.611488879940E+003 -1.949271304361E+004  2.410096430695E+005  1.813499234684E-012  1.230168627628E-001
  1.190403382016E-003  2.166087025496E-004  1.607464211620E+003 -1.944295316508E+004  2.403801061657E+005  1.805309380267E-012  1.231194445058E-001
  1.416892087541E-003  2.363716828821E-004  1.603066761847E+003 -1.938858770889E+004  2.396923473707E+005  1.795510596277E-012  1.232319200188E-001
  1.663152957245E-003  2.561532917128E-004  1.598299371836E+003 -1.932965270708E+004  2.389468347055E+005  1.785644432110E-012  1.233543233425E-001
  1.929205402573E-003  2.759550954757E-004  1.593165117782E+003 -1.926618716686E+004  2.381440747765E+005  1.774772312935E-012  1.234866915659E-001
  2.215070403074E-003  2.957786639908E-004  1.587667307885E+003 -1.919823303175E+004  2.372846122552E+005  1.762658450833E-012  1.236290648477E-001
  2.520770509919E-003  3.156255707300E-004  1.581809479148E+003 -1.912583513969E+004  2.363690293197E+005  1.750643190427E-012  1.237814864408E-001
  2.846329849692E-003  3.354973930828E-004  1.575595393960E+003 -1.904904117842E+004  2.353979450582E+005  1.737127836651E-012  1.239440027183E-001
  3.191774128432E-003  3.553957126240E-004  1.569029036467E+003 -1.896790163805E+004  2.343720148356E+005  1.723022925763E-012  1.241166632011E-001
  3.557130635959E-003  3.753221153821E-004  1.562114608730E+003 -1.888246976090E+004  2.332919296239E+005  1.708597995483E-012  1.242995205878E-001
  3.942428250463E-003  3.952781921092E-004  1.554856526684E+003 -1.879280148867E+004  2.321584152971E+005  1.692956871217E-012  1.244926307868E-001
  4.347697443358E-003  4.152655385525E-004  1.547259415890E+003 -1.869895540705E+004  2.309722318920E+005  1.676360910123E-012  1.246960529496E-001
  4.772970284417E-003  4.352857557265E-004  1.539328107101E+003 -1.860099268776E+004  2.297341728348E+005  1.659887626301E-012  1.249098495072E-001
  5.218280447175E-003  4.553404501876E-004  1.531067631627E+003 -1.849897702817E+004  2.284450641359E+005  1.642037671911E-012  1.251340862076E-001
  5.683663214611E-003  4.754312343099E-004  1.522483216530E+003 -1.839297458852E+004  2.271057635526E+005  1.623816897456E-012  1.253688321560E-001
  6.169155485101E-003  4.955597265624E-004  1.513580279626E+003 -1.828305392685E+004  2.257171597215E+005  1.604525547868E-012  1.256141598573E-001
  6.674795778653E-003  5.157275517886E-004  1.504364424329E+003 -1.816928593166E+004  2.242801712618E+005  1.585108888941E-012  1.258701452597E-001
  7.200624243425E-003  5.359363414876E-004  1.494841434317E+003 -1.805174375251E+004  2.227957458496E+005  1.564785824385E-012  1.261368678023E-001
  7.746682662519E-003  5.561877340970E-004  1.485017268042E+003 -1.793050272847E+004  2.212648592661E+005  1.544209116643E-012  1.264144104633E-001
  8.313014461060E-003  5.764833752781E-004  1.474898053093E+003 -1.780564031467E+004  2.196885144190E+005  1.522044383301E-012  1.267028598116E-001
  8.899664713569E-003  5.968249182030E-004  1.464490080400E+003 -1.767723600693E+004  2.180677403396E+005  1.500024339322E-012  1.270023060600E-001
  9.506680151615E-003  6.172140238444E-004  1.453799798307E+003 -1.754537126464E+004  2.164035911568E+005  1.477115817614E-012  1.273128431220E-001
  1.013410917176E-002  6.376523612666E-004  1.442833806513E+003 -1.741012943187E+004  2.146971450485E+005  1.453909327720E-012  1.276345686696E-001
  1.078200184380E-002  6.581416079202E-004  1.431598849877E+003 -1.727159565700E+004  2.129495031722E+005  1.430060225228E-012  1.279675841948E-001
  1.145040991929E-002  6.786834499385E-004  1.420101812116E+003 -1.712985681069E+004  2.111617885766E+005  1.405452838672E-012  1.283119950733E-001
  1.213938684040E-002  6.992795824361E-004  1.408349709385E+003 -1.698500140263E+004  2.093351450945E+005  1.380451601560E-012  1.286679106307E-001
  1.284898774901E-002  7.199317098113E-004  1.396349683757E+003 -1.683711949684E+004  2.074707362194E+005  1.354700269463E-012  1.290354442119E-001
  1.357926949620E-002  7.406415460502E-004  1.384108996602E+003 -1.668630262584E+004  2.055697439666E+005  1.328651350074E-012  1.294147132527E-001
  1.433029065191E-002  7.614108150341E-004  1.371635021885E+003 -1.653264370372E+004  2.036333677200E+005  1.301944626988E-012  1.298058393549E-001
  1.510211151509E-002  7.822412508494E-004  1.358935239375E+003 -1.637623693820E+004  2.016628230671E+005  1.274792192451E-012  1.302089483642E-001
  1.589479412397E-002  8.031345981016E-004  1.346017227791E+003 -1.621717774184E+004  1.996593406226E+005  1.247245204573E-012  1.306241704505E-001
  1.670840226680E-002  8.240926122311E-004  1.332888657874E+003 -1.605556264242E+004  1.976241648420E+005  1.219698111928E-012  1.310516401924E-001
  1.754300149280E-002  8.451170598329E-004  1.319557285407E+003 -1.589148919270E+004  1.955585528279E+005  1.191269164712E-012  1.314914966643E-001
  1.839865912351E-002  8.662097189796E-004  1.306030944191E+003 -1.572505587958E+004  1.934637731286E+005  1.162433430607E-012  1.319438835267E-001
  1.927544426443E-002  8.873723795480E-004  1.292317538968E+003 -1.555636203283E+004  1.913411045324E+005  1.133685981611E-012  1.324089491198E-001
  2.017342781695E-002  9.086068435487E-004  1.278425038327E+003 -1.538550773347E+004  1.891918348575E+005  1.103320533723E-012  1.328868465617E-001
  2.109268249069E-002  9.299149254598E-004  1.264361467573E+003 -1.521259372187E+004  1.870172597400E+005  1.074231289939E-012  1.333777338484E-001
  2.203328281612E-002  9.512984525641E-004  1.250134901589E+003 -1.503772130578E+004  1.848186814211E+005  1.044078188860E-012  1.338817739593E-001
  2.299530515754E-002  9.727592652906E-004  1.235753457683E+003 -1.486099226832E+004  1.825974075342E+005  1.013725882834E-012  1.343991349650E-001
  2.397882772639E-002  9.942992175591E-004  1.221225288442E+003 -1.468250877602E+004  1.803547498957E+005  9.834285000955E-013  1.349299901401E-001
  2.498393059493E-002  1.015920177130E-003  1.206558574591E+003 -1.450237328711E+004  1.780920232976E+005  9.529820606561E-013  1.354745180795E-001
  2.601069571024E-002  1.037624025957E-003  1.191761517868E+003 -1.432068846006E+004  1.758105443061E+005  9.214101555462E-013  1.360329028192E-001
  2.705920690860E-002  1.059412660547E-003  1.176842333924E+003 -1.413755706256E+004  1.735116300671E+005  8.901992895782E-013  1.366053339608E-001
  2.812954993023E-002  1.081287992318E-003  1.161809245255E+003 -1.395308188100E+004  1.711965971178E+005  8.587603274114E-013  1.371920068014E-001
  2.922181243436E-002  1.103251947969E-003  1.146670474179E+003 -1.376736563057E+004  1.688667602098E+005  8.279613046573E-013  1.377931224669E-001
  3.033608401473E-002  1.125306469854E-003  1.131434235853E+003 -1.358051086604E+004  1.665234311409E+005  7.958038799104E-013  1.384088880514E-001
  3.147245621542E-002  1.147453516351E-003  1.116108731353E+003 -1.339261989345E+004  1.641679176004E+005  7.637462957605E-013  1.390395167599E-001
  3.263102254705E-002  1.169695062249E-003  1.100702140813E+003 -1.320379468262E+004  1.618015220265E+005  7.322959132711E-013  1.396852280575E-001
  3.381187850339E-002  1.192033099133E-003  1.085222616640E+003 -1.301413678074E+004  1.594255404793E+005  7.004186840120E-013  1.403462478227E-001
  3.501512157837E-002  1.214469635775E-003  1.069678276798E+003 -1.282374722706E+004  1.570412615291E+005  6.685096115156E-013  1.410228085065E-001
  3.624085128345E-002  1.237006698530E-003  1.054077198192E+003 -1.263272646876E+004  1.546499651627E+005  6.363408142287E-013  1.417151492973E-001
  3.748916916538E-002  1.259646331739E-003  1.038427410130E+003 -1.244117427817E+004  1.522529217070E+005  6.047664819397E-013  1.424235162910E-001
  3.876017882444E-002  1.282390598136E-003  1.022736887895E+003 -1.224918967138E+004  1.498513907732E+005  5.730268022903E-013  1.431481626670E-001
  4.005398593302E-002  1.305241579266E-003  1.007013546419E+003 -1.205687082825E+004  1.474466202218E+005  5.413881791690E-013  1.438893488708E-001
  4.137069825459E-002  1.328201375897E-003  9.912652340692E+002 -1.186431501413E+004  1.450398451485E+005  5.096188649149E-013  1.446473428026E-001
  4.271042566323E-002  1.351272108452E-003  9.754997265614E+002 -1.167161850307E+004  1.426322868948E+005  4.785220774283E-013  1.454224200121E-001
  4.407328016341E-002  1.374455917436E-003  9.597247209882E+002 -1.147887650289E+004  1.402251520811E+005  4.468226591521E-013  1.462148639006E-001
  4.545937591035E-002  1.397754963880E-003  9.439478299874E+002 -1.128618308201E+004  1.378196316661E+005  4.159915675591E-013  1.470249659295E-001
  4.686882923075E-002  1.421171429779E-003  9.281765760462E+002 -1.109363109812E+004  1.354169000317E+005  3.850286503676E-013  1.478530258365E-001
  4.830175864396E-002  1.444707518548E-003  9.124183859475E+002 -1.090131212889E+004  1.330181140954E+005  3.541739636122E-013  1.486993518586E-001
  4.975828488365E-002  1.468365455478E-003  8.966805853676E+002 -1.070931640467E+004  1.306244124501E+005  3.240658512723E-013  1.495642609636E-001
  5.123853091993E-002  1.492147488203E-003  8.809703936263E+002 -1.051773274325E+004  1.282369145331E+005  2.944213813976E-013  1.504480790884E-001
  5.274262198188E-002  1.516055887169E-003  8.652949185976E+002 -1.032664848681E+004  1.258567198251E+005  2.647409259959E-013  1.513511413868E-001
  5.427068558066E-002  1.540092946119E-003  8.496611517841E+002 -1.013614944109E+004  1.234849070787E+005  2.350910989133E-013  1.522737924845E-001
  5.582285153302E-002  1.564260982573E-003  8.340759635599E+002 -9.946319816825E+003  1.211225335785E+005  2.062941943049E-013  1.532163867438E-001
  5.739925198530E-002  1.588562338332E-003  8.185460985866E+002 -9.757242173462E+003  1.187706344333E+005  1.778470338493E-013  1.541792885371E-001
  5.900002143803E-002  1.612999379973E-003  8.030781714066E+002 -9.568997365328E+003  1.164302219003E+005  1.499161170529E-013  1.551628725291E-001
  6.062529677088E-002  1.637574499364E-003  7.876786622164E+002 -9.381664490154E+003  1.141022847421E+005  1.220322777605E-013  1.561675239699E-001
  6.227521726827E-002  1.662290114181E-003  7.723539128253E+002 -9.195320840087E+003  1.117877876176E+005  9.552972601825E-014  1.571936389967E-001
  6.394992464542E-002  1.687148668440E-003  7.571101228007E+002 -9.010041855198E+003  1.094876705067E+005  6.854754659459E-014  1.582416249474E-001
  6.564956307496E-002  1.712152633027E-003  7.419533458042E+002 -8.825901079524E+003  1.072028481694E+005  4.213725910159E-014  1.593119006829E-001
  6.737427921404E-002  1.737304506249E-003  7.268894861215E+002 -8.642970119676E+003  1.049342096394E+005  1.743880280013E-014  1.604048969224E-001
  6.912422223211E-002  1.762606814387E-003  7.119242953870E+002 -8.461318606045E+003  1.026826177534E+005 -7.824785703276E-015  1.615210565890E-001
  7.089954383907E-002  1.788062112257E-003  6.970633695071E+002 -8.281014156620E+003  1.004489087149E+005 -3.172177868490E-014  1.626608351667E-001
  7.270039831418E-002  1.813672983787E-003  6.823121457831E+002 -8.102122343443E+003  9.823389169413E+004 -5.490128420076E-014  1.638247010709E-001
  7.452694253540E-002  1.839442042599E-003  6.676759002348E+002 -7.924706661723E+003  9.603834846326E+004 -7.781452770799E-014  1.650131360300E-001
  7.637933600943E-002  1.865371932600E-003  6.531597451277E+002 -7.748828501608E+003  9.386303306780E+004 -1.004307228893E-013  1.662266354808E-001
  7.825774090225E-002  1.891465328589E-003  6.387686267031E+002 -7.574547122637E+003  9.170867153345E+004 -1.218260214533E-013  1.674657089770E-001
  8.016232207035E-002  1.917724936867E-003  6.245073231129E+002 -7.401919630864E+003  8.957596160901E+004 -1.421751466708E-013  1.687308806112E-001
  8.209324709253E-002  1.944153495867E-003  6.103804425597E+002 -7.231000958666E+003  8.746557254501E+004 -1.614836934999E-013  1.700226894519E-001
  8.405068630235E-002  1.970753776782E-003  5.963924216414E+002 -7.061843847221E+003  8.537814490790E+004 -1.806164445295E-013  1.713416899939E-001
  8.603481282122E-002  1.997528584221E-003  5.825475239010E+002 -6.894498831664E+003  8.331429042995E+004 -1.998383257170E-013  1.726884526249E-001
  8.804580259214E-002  2.024480756857E-003  5.688498385810E+002 -6.729014228888E+003  8.127459189426E+004 -2.163418067247E-013  1.740635641069E-001
  9.008383441408E-002  2.051613168108E-003  5.553032795822E+002 -6.565436128000E+003  7.925960305495E+004 -2.327771854449E-013  1.754676280740E-001
  9.214908997710E-002  2.078928726810E-003  5.419115846248E+002 -6.403808383397E+003  7.726984859197E+004 -2.481798375242E-013  1.769012655461E-001
  9.424175389809E-002  2.106430377918E-003  5.286783146116E+002 -6.244172610451E+003  7.530582410038E+004 -2.627785400993E-013  1.783651154602E-001
  9.636201375725E-002  2.134121103210E-003  5.156068531921E+002 -6.086568183762E+003  7.336799611349E+004 -2.759448919807E-013  1.798598352180E-001
  9.851006013526E-002  2.162003922007E-003  5.027004065243E+002 -5.931032237978E+003  7.145680215967E+004 -2.881179911088E-013  1.813861012528E-001
  1.006860866512E-001  2.190081891910E-003  4.899620032340E+002 -5.777599671116E+003  6.957265085198E+004 -3.004233637884E-013  1.829446096126E-001
  1.028902900012E-001  2.218358109541E-003  4.773944945680E+002 -5.626303150382E+003  6.771592201043E+004 -3.110111485445E-013  1.845360765639E-001
  1.051228699979E-001  2.246835711311E-003  4.650005547391E+002 -5.477173120417E+003  6.588696681608E+004 -3.208287630622E-013  1.861612392128E-001
  1.073840296104E-001  2.275517874190E-003  4.527826814604E+002 -5.330237813964E+003  6.408610799633E+004 -3.290465977047E-013  1.878208561472E-001
  1.096739750056E-001  2.304407816497E-003  4.407431966662E+002 -5.185523264878E+003  6.231364004089E+004 -3.370031678465E-013  1.895157080975E-001
  1.119929155896E-001  2.333508798707E-003  4.288842474145E+002 -5.043053323449E+003  6.056982944754E+004 -3.435382450520E-013  1.912465986185E-001
  1.143410640503E-001  2.362824124271E-003  4.172078069705E+002 -4.902849673986E+003  5.885491499711E+004 -3.483842334651E-013  1.930143547912E-001
  1.167186364011E-001  2.392357140448E-003  4.057156760649E+002 -4.764931854602E+003  5.716910805668E+004 -3.526481566114E-013  1.948198279462E-001
  1.191258520249E-001  2.422111239159E-003  3.944094843241E+002 -4.629317279147E+003  5.551259291041E+004 -3.559834389551E-013  1.966638944077E-001
  1.215629337189E-001  2.452089857854E-003  3.832906918687E+002 -4.496021261230E+003  5.388552711696E+004 -3.575601645979E-013  1.985474562589E-001
  1.240301077413E-001  2.482296480400E-003  3.723605910750E+002 -4.365057040267E+003  5.228804189273E+004 -3.594307048482E-013  2.004714421291E-001
  1.265276038575E-001  2.512734637975E-003  3.616203084959E+002 -4.236435809493E+003  5.072024251994E+004 -3.594955700231E-013  2.024368080025E-001
  1.290556553882E-001  2.543407909995E-003  3.510708069358E+002 -4.110166745871E+003  4.918220877868E+004 -3.573450795319E-013  2.044445380481E-001
  1.316144992580E-001  2.574319925047E-003  3.407128876753E+002 -3.986257041828E+003  4.767399540181E+004 -3.546948556089E-013  2.064956454711E-001
  1.342043760450E-001  2.605474361847E-003  3.305471928399E+002 -3.864711938751E+003  4.619563255196E+004 -3.517597964781E-013  2.085911733864E-001
  1.368255300316E-001  2.636874950214E-003  3.205742079092E+002 -3.745534762167E+003  4.474712631930E+004 -3.467443819242E-013  2.107321957119E-001
  1.394782092560E-001  2.668525472060E-003  3.107942643583E+002 -3.628726958539E+003  4.332845923940E+004 -3.411948354445E-013  2.129198180829E-001
  1.421626655646E-001  2.700429762411E-003  3.012075424299E+002 -3.514288133595E+003  4.193959082978E+004 -3.345034427689E-013  2.151551787860E-001
  1.448791546661E-001  2.732591710434E-003  2.918140740279E+002 -3.402216092116E+003  4.058045814433E+004 -3.264735271186E-013  2.174394497122E-001
  1.476279361856E-001  2.765015260497E-003  2.826137457288E+002 -3.292506879114E+003  3.925097634437E+004 -3.173904890260E-013  2.197738373278E-001
  1.504092737207E-001  2.797704413242E-003  2.736063019055E+002 -3.185154822306E+003  3.795103928535E+004 -3.064404665966E-013  2.221595836618E-001
  1.532234348983E-001  2.830663226680E-003  2.647913479554E+002 -3.080152575810E+003  3.668052011798E+004 -2.945306607608E-013  2.245979673086E-001
  1.560706914324E-001  2.863895817319E-003  2.561683536295E+002 -2.977491164990E+003  3.543927190275E+004 -2.820332189689E-013  2.270903044435E-001
  1.589513191834E-001  2.897406361298E-003  2.477366564548E+002 -2.877160032351E+003  3.422712823672E+004 -2.677119321175E-013  2.296379498496E-001
  1.618655982178E-001  2.931199095559E-003  2.394954652443E+002 -2.779147084421E+003  3.304390389138E+004 -2.543168124174E-013  2.322422979531E-001
  1.648138128702E-001  2.965278319033E-003  2.314438636883E+002 -2.683438739524E+003  3.188939546052E+004 -2.380511751439E-013  2.349047838629E-001
  1.677962518056E-001  2.999648393860E-003  2.235808140219E+002 -2.590019976362E+003  3.076338201696E+004 -2.209990247192E-013  2.376268844134E-001
  1.708132080832E-001  3.034313746623E-003  2.159051607605E+002 -2.498874383335E+003  2.966562577700E+004 -2.031201917390E-013  2.404101192035E-001
  1.738649792215E-001  3.069278869616E-003  2.084156344990E+002 -2.409984208497E+003  2.859587277149E+004 -1.848499860652E-013  2.432560516295E-001
  1.769518672648E-001  3.104548322136E-003  2.011108557675E+002 -2.323330410085E+003  2.755385352241E+004 -1.658432404819E-013  2.461662899044E-001
  1.800741788507E-001  3.140126731803E-003  1.939893389371E+002 -2.238892707522E+003  2.653928372379E+004 -1.454128704404E-013  2.491424880590E-001
  1.832322252791E-001  3.176018795904E-003  1.870494961702E+002 -2.156649632825E+003  2.555186492599E+004 -1.239132128932E-013  2.521863469163E-001
  1.864263225826E-001  3.212229282769E-003  1.802896414087E+002 -2.076578582325E+003  2.459128522210E+004 -1.016808422235E-013  2.552996150325E-001
  1.896567915983E-001  3.248763033179E-003  1.737079943942E+002 -1.998655868633E+003  2.365721993557E+004 -7.812747076117E-014  2.584840895936E-001
  1.929239580409E-001  3.285624961791E-003  1.673026847138E+002 -1.922856772757E+003  2.274933230781E+004 -5.538152176196E-014  2.617416172585E-001
  1.962281525771E-001  3.322820058613E-003  1.610717558652E+002 -1.849155596299E+003  2.186727418496E+004 -3.096762668441E-014  2.650740949366E-001
  1.995697109023E-001  3.360353390492E-003  1.550131693362E+002 -1.777525713662E+003  2.101068670257E+004 -5.683858965762E-015  2.684834704852E-001
  2.029489738173E-001  3.398230102644E-003  1.491248086912E+002 -1.707939624171E+003  2.017920096741E+004  1.886841806071E-014  2.719717433139E-001
  2.063662873085E-001  3.436455420218E-003  1.434044836604E+002 -1.640369004058E+003  1.937243873521E+004  4.528701222638E-014  2.755409648766E-001
  2.098220026275E-001  3.475034649885E-003  1.378499342241E+002 -1.574784758215E+003  1.859001308367E+004  7.226560688208E-014  2.791932390339E-001
  2.133164763746E-001  3.513973181471E-003  1.324588346882E+002 -1.511157071661E+003  1.783152907949E+004  9.956054050113E-014  2.829307222634E-001
  2.168500705817E-001  3.553276489620E-003  1.272287977449E+002 -1.449455460645E+003  1.709658443881E+004  1.271650630991E-013  2.867556236947E-001
  2.204231527988E-001  3.592950135496E-003  1.221573785121E+002 -1.389648823318E+003  1.638477018002E+004  1.544311924848E-013  2.906702049420E-001
  2.240360961807E-001  3.632999768520E-003  1.172420785476E+002 -1.331705489905E+003  1.569567126817E+004  1.817536579821E-013  2.946767797043E-001
  2.276892795770E-001  3.673431128145E-003  1.124803498325E+002 -1.275593272327E+003  1.502886725009E+004  2.097888590294E-013  2.987777131007E-001
  2.313830876220E-001  3.714250045674E-003  1.078695987184E+002 -1.221279513189E+003  1.438393287967E+004  2.371997691537E-013  3.029754207031E-001
  2.351179108282E-001  3.755462446115E-003  1.034071898340E+002 -1.168731134102E+003  1.376043873223E+004  2.660570775862E-013  3.072723672255E-001
  2.388941456809E-001  3.797074350078E-003  9.909044994575E+001 -1.117914683252E+003  1.315795180755E+004  2.937814481620E-013  3.116710648248E-001
  2.427121947345E-001  3.839091875711E-003  9.491667176961E+001 -1.068796382186E+003  1.257603612077E+004  3.209232531454E-013  3.161740709627E-001
  2.465724667110E-001  3.881521240686E-003  9.088311772714E+001 -1.021342171754E+003  1.201425328055E+004  3.486137071427E-013  3.207839857725E-001
  2.504753766009E-001  3.924368764227E-003  8.698702364376E+001 -9.755177571530E+002  1.147216305383E+004  3.750101524607E-013  3.255034488707E-001
  2.544213457654E-001  3.967640869177E-003  8.322560238421E+001 -9.312886520313E+002  1.094932391676E+004  4.016063486793E-013  3.303351355460E-001
  2.584108020414E-001  4.011344084122E-003  7.959604742152E+001 -8.886202216084E+002  1.044529359116E+004  4.267931549011E-013  3.352817522511E-001
  2.624441798480E-001  4.055485045557E-003  7.609553633592E+001 -8.474777247676E+002  9.959629566046E+003  4.520287981979E-013  3.403460313186E-001
  2.665219202956E-001  4.100070500102E-003  7.272123424021E+001 -8.078263550822E+002  9.491889603857E+003  4.763252264653E-013  3.455307248115E-001
  2.706444712976E-001  4.145107306769E-003  6.947029712830E+001 -7.696312807398E+002  9.041632230833E+003  4.993313371864E-013  3.508385974142E-001
  2.748122876832E-001  4.190602439283E-003  6.633987514383E+001 -7.328576833308E+002  8.608417211313E+003  5.209656875663E-013  3.562724182607E-001
  2.790258313137E-001  4.236562988450E-003  6.332711576613E+001 -6.974707954707E+002  8.191806005542E+003  5.422160363724E-013  3.618349515888E-001
  2.832855712010E-001  4.282996164587E-003  6.042916691069E+001 -6.634359372278E+002  7.791362210713E+003  5.619867324308E-013  3.675289461013E-001
  2.875919836279E-001  4.329909300005E-003  5.764317994180E+001 -6.307185513319E+002  7.406651985000E+003  5.805198494324E-013  3.733571229075E-001
  2.919455522717E-001  4.377309851548E-003  5.496631259506E+001 -5.992842371413E+002  7.037244454364E+003  5.970924265294E-013  3.793221619103E-001
  2.963467683296E-001  4.425205403192E-003  5.239573180773E+001 -5.690987833483E+002  6.682712101943E+003  6.130286430181E-013  3.854266864972E-001
  3.007961306479E-001  4.473603668706E-003  4.992861645504E+001 -5.401281994069E+002  6.342631139910E+003  6.260292626821E-013  3.916732463888E-001
  3.052941458522E-001  4.522512494374E-003  4.756215999087E+001 -5.123387456684E+002  6.016581863677E+003  6.392502709929E-013  3.980642984908E-001
  3.098413284823E-001  4.571939861783E-003  4.529357299133E+001 -4.856969622144E+002  5.704148988384E+003  6.484426386116E-013  4.046021855959E-001
  3.144382011281E-001  4.621893890671E-003  4.312008559997E+001 -4.601696963766E+002  5.404921967659E+003  6.569046829790E-013  4.112891127794E-001
  3.190852945695E-001  4.672382841850E-003  4.103894987375E+001 -4.357241289400E+002  5.118495294630E+003  6.635537807810E-013  4.181271213352E-001
  3.237831479192E-001  4.723415120192E-003  3.904744202867E+001 -4.123277990241E+002  4.844468785252E+003  6.653699649261E-013  4.251180601064E-001
  3.285323087679E-001  4.774999277691E-003  3.714286458470E+001 -3.899486276422E+002  4.582447844005E+003  6.662020027136E-013  4.322635540750E-001
  3.333333333333E-001  4.827144016591E-003  3.532254840938E+001 -3.685549399407E+002  4.332043712091E+003  6.666389409445E-013  4.395649700926E-001
  3.381867866117E-001  4.879858192602E-003  3.358385465990E+001 -3.481154861214E+002  4.092873698238E+003  6.616936705431E-013  4.470233796596E-001
  3.430932425333E-001  4.933150818173E-003  3.192417662364E+001 -3.285994610547E+002  3.864561392311E+003  6.564760694792E-013  4.546395186912E-001
  3.480532841203E-001  4.987031065868E-003  3.034094145714E+001 -3.099765225912E+002  3.646736861905E+003  6.475246218553E-013  4.624137442539E-001
  3.530675036492E-001  5.041508271801E-003  2.883161182405E+001 -2.922168085841E+002  3.439036832158E+003  6.368157425291E-013  4.703459883075E-001
  3.581365028158E-001  5.096591939172E-003  2.739368743222E+001 -2.752909526332E+002  3.241104849035E+003  6.205064082109E-013  4.784357085568E-001
  3.632608929041E-001  5.152291741875E-003  2.602470647083E+001 -2.591700985691E+002  3.052591426354E+003  6.040705222290E-013  4.866818365972E-001
  3.684412949588E-001  5.208617528209E-003  2.472224694819E+001 -2.438259136918E+002  2.873154176875E+003  5.846643160102E-013  4.950827236370E-001
  3.736783399619E-001  5.265579324662E-003  2.348392793127E+001 -2.292306007840E+002  2.702457927753E+003  5.614103611889E-013  5.036360841908E-001
  3.789726690123E-001  5.323187339805E-003  2.230741068801E+001 -2.153569089200E+002  2.540174820730E+003  5.375874946005E-013  5.123389382726E-001
  3.843249335105E-001  5.381451968273E-003  2.119039973369E+001 -2.021781430935E+002  2.385984397408E+003  5.088382546184E-013  5.211875527632E-001
  3.897357953460E-001  5.440383794842E-003  2.013064378280E+001 -1.896681726863E+002  2.239573670016E+003  4.769449412822E-013  5.301773827951E-001
  3.952059270903E-001  5.499993598618E-003  1.912593660778E+001 -1.778014388067E+002  2.100637178053E+003  4.415365682575E-013  5.393030141769E-001
  4.007360121927E-001  5.560292357317E-003  1.817411780656E+001 -1.665529605215E+002  1.968877031238E+003  4.079710237700E-013  5.485581080721E-001
  4.063267451812E-001  5.621291251662E-003  1.727307348036E+001 -1.558983400135E+002  1.844002939199E+003  3.698113831187E-013  5.579353493475E-001
  4.119788318683E-001  5.683001669888E-003  1.642073682391E+001 -1.458137666909E+002  1.725732228359E+003  3.290764332565E-013  5.674264002060E-001
  4.176929895600E-001  5.745435212354E-003  1.561508862988E+001 -1.362760202816E+002  1.613789846456E+003  2.872983499639E-013  5.770218609104E-001
  4.234699472710E-001  5.808603696282E-003  1.485415770977E+001 -1.272624729440E+002  1.507908355189E+003  2.430595760880E-013  5.867112395785E-001
  4.293104459435E-001  5.872519160606E-003  1.413602123331E+001 -1.187510904252E+002  1.407827911453E+003  1.980428815640E-013  5.964829331685E-001
  4.352152386716E-001  5.937193870949E-003  1.345880498873E+001 -1.107204323033E+002  1.313296237660E+003  1.500006538224E-013  6.063242218694E-001
  4.411850909306E-001  6.002640324729E-003  1.282068356625E+001 -1.031496513447E+002  1.224068581629E+003  1.042618761114E-013  6.162212791409E-001
  4.472207808110E-001  6.068871256391E-003  1.221988046708E+001 -9.601849201375E+001  1.139907666536E+003  5.749230787284E-014  6.261591995955E-001
  4.533230992589E-001  6.135899642772E-003  1.165466814057E+001 -8.930728816878E+001  1.060583631441E+003  8.306667043596E-015  6.361220467696E-001
  4.594928503202E-001  6.203738708611E-003  1.112336795192E+001 -8.299695998066E+001  9.858739628718E+002 -4.287836322959E-014  6.460929225694E-001
  4.657308513924E-001  6.272401932198E-003  1.062435008313E+001 -7.706901011012E+001  9.155634179788E+002 -8.836348409809E-014  6.560540597957E-001
  4.720379334802E-001  6.341903051163E-003  1.015603336966E+001 -7.150551917986E+001  8.494439397520E+002 -1.331913439005E-013  6.659869386355E-001
  4.784149414579E-001  6.412256068427E-003  9.716885075629E+000 -6.628914057793E+001  7.873145648066E+002 -1.791551190595E-013  6.758724273692E-001
  4.848627343381E-001  6.483475258298E-003  9.305420610125E+000 -6.140309462899E+001  7.289813242238E+002 -2.230606281870E-013  6.856909467805E-001
  4.913821855461E-001  6.555575172733E-003  8.920203187311E+000 -5.683116216958E+001  6.742571379427E+002 -2.647547783824E-013  6.954226568984E-001
  4.979741832006E-001  6.628570647764E-003  8.559843433118E+000 -5.255767756392E+001  6.229617031849E+002 -3.060951241209E-013  7.050476637742E-001
  5.046396304008E-001  6.702476810086E-003  8.222998941186E+000 -4.856752119612E+001  5.749213773910E+002 -3.406682593261E-013  7.145462430500E-001
  5.113794455212E-001  6.777309083830E-003  7.908373780785E+000 -4.484611147452E+001  5.299690561414E+002 -3.751668918605E-013  7.238990761514E-001
  5.181945625116E-001  6.853083197508E-003  7.614717959427E+000 -4.137939638371E+001  4.879440465209E+002 -4.068975940584E-013  7.330874940966E-001
  5.250859312060E-001  6.929815191146E-003  7.340826842878E+000 -3.815384461888E+001  4.486919363827E+002 -4.327869700877E-013  7.420937232237E-001
  5.320545176366E-001  7.007521423604E-003  7.085540535245E+000 -3.515643633717E+001  4.120644599544E+002 -4.517644079060E-013  7.509011266406E-001
  5.391013043575E-001  7.086218580100E-003  6.847743221797E+000 -3.237465355965E+001  3.779193602179E+002 -4.710842559170E-013  7.594944349582E-001
  5.462272907741E-001  7.165923679926E-003  6.626362477153E+000 -2.979647025719E+001  3.461202484835E+002 -4.891684017999E-013  7.678599599091E-001
  5.534334934816E-001  7.246654084380E-003  6.420368541435E+000 -2.741034215272E+001  3.165364615693E+002 -5.012663187500E-013  7.759857847938E-001
  5.607209466109E-001  7.328427504912E-003  6.228773566941E+000 -2.520519627159E+001  2.890429169781E+002 -5.065610111004E-013  7.838619263397E-001
  5.680907021827E-001  7.411262011483E-003  6.050630837856E+000 -2.317042027096E+001  2.635199664584E+002 -5.111998119690E-013  7.914804634684E-001
  5.755438304707E-001  7.495176041166E-003  5.885033965470E+000 -2.129585157831E+001  2.398532483150E+002 -5.067945488255E-013  7.988356296074E-001
  5.830814203728E-001  7.580188406970E-003  5.731116061308E+000 -1.957176636831E+001  2.179335388268E+002 -5.051402777476E-013  8.059238664816E-001
  5.907045797917E-001  7.666318306912E-003  5.588048890552E+000 -1.798886840628E+001  1.976566031109E+002 -4.969337032622E-013  8.127438387016E-001
  5.984144360243E-001  7.753585333338E-003  5.455042008042E+000 -1.653827778554E+001  1.789230457585E+002 -4.867440767237E-013  8.192964098580E-001
  6.062121361613E-001  7.842009482502E-003  5.331341879093E+000 -1.521151958511E+001  1.616381615546E+002 -4.753807161670E-013  8.255845821359E-001
  6.140988474955E-001  7.931611164409E-003  5.216230987321E+000 -1.400051247290E+001  1.457117865757E+002 -4.610967509672E-013  8.316134026283E-001
  6.220757579409E-001  8.022411212936E-003  5.109026931566E+000 -1.289755727878E+001  1.310581499470E+002 -4.433914891795E-013  8.373898404814E-001
  6.301440764614E-001  8.114430896230E-003  5.009081513957E+000 -1.189532556080E+001  1.175957265243E+002 -4.252867384400E-013  8.429226397164E-001
  6.383050335109E-001  8.207691927403E-003  4.915779821085E+000 -1.098684818663E+001  1.052470907490E+002 -4.054437843734E-013  8.482221530164E-001
  6.465598814833E-001  8.302216475524E-003  4.828539300166E+000 -1.016550395131E+001  9.393877191227E+001 -3.865572656591E-013  8.533001619527E-001
  6.549098951744E-001  8.398027176926E-003  4.746808832021E+000 -9.425008251450E+000  8.360111104750E+001 -3.688886189447E-013  8.581696890569E-001
  6.633563722545E-001  8.495147146827E-003  4.670067802594E+000 -8.759401834617E+000  7.416811965399E+001 -3.462324063402E-013  8.628448068671E-001
  6.719006337539E-001  8.593599991288E-003  4.597825174686E+000 -8.163039641848E+000  6.557734044284E+001 -3.253043345384E-013  8.673404486234E-001
  6.805440245593E-001  8.693409819506E-003  4.529618561464E+000 -7.630579760006E+000  5.776971027851E+001 -3.074571828052E-013  8.716722247040E-001
  6.892879139233E-001  8.794601256469E-003  4.465013303265E+000 -7.156972499615E+000  5.068942547673E+001 -2.866430659572E-013  8.758562482319E-001
  6.981336959871E-001  8.897199455961E-003  4.403601549101E+000 -6.737449612791E+000  4.428380960436E+001 -2.682525394338E-013  8.799089725812E-001
  7.070827903152E-001  9.001230113956E-003  4.345001344210E+000 -6.367513664781E+000  3.850318391348E+001 -2.522466814355E-013  8.838470428143E-001
  7.161366424455E-001  9.106719482390E-003  4.288855724921E+000 -6.042927571599E+000  3.330074052795E+001 -2.337008775575E-013  8.876871624176E-001
  7.252967244510E-001  9.213694383338E-003  4.234831821998E+000 -5.759704315199E+000  2.863241848788E+001 -2.221058559106E-013  8.914459760957E-001
  7.345645355186E-001  9.322182223606E-003  4.182619973583E+000 -5.514096846639E+000  2.445678274437E+001 -2.098015799202E-013  8.951399688552E-001
  7.439416025400E-001  9.432211009745E-003  4.131932848747E+000 -5.302588186678E+000  2.073490618456E+001 -1.979732862290E-013  8.987853811576E-001
  7.534294807203E-001  9.543809363512E-003  4.082504582605E+000 -5.121881732275E+000  1.743025475511E+001 -1.889484609022E-013  9.023981395604E-001
  7.630297542000E-001  9.657006537783E-003  4.034089923867E+000 -4.968891776548E+000  1.450857574069E+001 -1.791068513747E-013  9.059938019885E-001
  7.727440366954E-001  9.771832432940E-003  3.986463395611E+000 -4.840734248798E+000  1.193778924280E+001 -1.695497262400E-013  9.095875165758E-001
  7.825739721536E-001  9.888317613741E-003  3.939418470014E+000 -4.734717680325E+000  9.687882893898E+000 -1.626688646285E-013  9.131939928910E-001
  7.925212354258E-001  1.000649332670E-002  3.892766757686E+000 -4.648334400918E+000  7.730809831519E+000 -1.578305251951E-013  9.168274842905E-001
  8.025875329584E-001  1.012639151798E-002  3.846337212192E+000 -4.579251970046E+000  6.040389947493E+000 -1.539628297431E-013  9.205017801245E-001
  8.127746035011E-001  1.024804485184E-002  3.799975350272E+000 -4.525304845993E+000  4.592214418146E+000 -1.475437537761E-013  9.242302065428E-001
  8.230842188350E-001  1.037148672960E-002  3.753542488223E+000 -4.484486295414E+000  3.363553512783E+000 -1.467069100568E-013  9.280256347026E-001
  8.335181845190E-001  1.049675130923E-002  3.706914994812E+000 -4.454940545048E+000  2.333267669565E+000 -1.468750624274E-013  9.319004952510E-001
  8.440783406568E-001  1.062387352550E-002  3.659983561056E+000 -4.434955176622E+000  1.481721820204E+000 -1.443296414600E-013  9.358667980504E-001
  8.547665626839E-001  1.075288911077E-002  3.612652487136E+000 -4.422953765339E+000  7.907029377366E-001 -1.419796227850E-013  9.399361562098E-001
  8.655847621758E-001  1.088383461638E-002  3.564838986657E+000 -4.417488761673E+000  2.433407749542E-001 -1.404581205435E-013  9.441198135896E-001
  8.765348876780E-001  1.101674743475E-002  3.516472508408E+000 -4.417234615624E+000 -1.759682451729E-001 -1.375910640492E-013  9.484286750515E-001
  8.876189255584E-001  1.115166582209E-002  3.467494075741E+000 -4.420981142035E+000 -4.816340314226E-001 -1.362046666438E-013  9.528733388208E-001
  8.988389008829E-001  1.128862892191E-002  3.417855643609E+000 -4.427627125009E+000 -6.869427682625E-001 -1.352593308961E-013  9.574641304296E-001
  9.101968783143E-001  1.142767678917E-002  3.367519473311E+000 -4.436174159012E+000 -8.041238562422E-001 -1.293027326817E-013  9.622111377900E-001
  9.216949630368E-001  1.156885041525E-002  3.316457524887E+000 -4.445720723776E+000 -8.444139076488E-001 -1.219202183457E-013  9.671242470337E-001
  9.333353017046E-001  1.171219175365E-002  3.264650867112E+000 -4.455456489690E+000 -8.181178601605E-001 -1.171215009644E-013  9.722131788247E-001
  9.451200834176E-001  1.185774374655E-002  3.212089104988E+000 -4.464656849990E+000 -7.346672747359E-001 -1.110192226473E-013  9.774875249174E-001
  9.570515407237E-001  1.200555035216E-002  3.158769824602E+000 -4.472677675704E+000 -6.026758870583E-001 -1.001698697872E-013  9.829567847907E-001
  9.691319506484E-001  1.215565657299E-002  3.104698055168E+000 -4.478950288987E+000 -4.299924845633E-001 -9.097204702224E-014  9.886304022411E-001
  9.813636357544E-001  1.230810848498E-002  3.049885748087E+000 -4.482976650190E+000 -2.237511833712E-001 -7.950222683923E-014  9.945178018613E-001
  9.937489652293E-001  1.246295326757E-002  2.994351272779E+000 -4.484324753771E+000  9.580818606407E-003 -6.614580907514E-014  1.000628425368E+000
  1.006290356005E+000  1.262023923477E-002  2.938118929076E+000 -4.482624227900E+000  2.641579345284E-001 -4.912292411753E-014  1.006971767782E+000
  1.018990273907E+000  1.278001586715E-002  2.881218475895E+000 -4.477562132454E+000  5.347132483537E-001 -3.036408903816E-014  1.013557413481E+000
  1.031851234841E+000  1.294233384499E-002  2.823684675929E+000 -4.468878949912E+000  8.165178614137E-001 -1.116637922362E-014  1.020395072187E+000
  1.044875806003E+000  1.310724508236E-002  2.765556856069E+000 -4.456364763527E+000  1.105342445183E+000  1.284628689157E-014  1.027494614957E+000
  1.058066607138E+000  1.327480276248E-002  2.706878483250E+000 -4.439855617062E+000  1.397420919280E+000  3.502670950679E-014  1.034866110267E+000
  1.071426311823E+000  1.344506137405E-002  2.647696755426E+000 -4.419230050275E+000  1.689416173695E+000  6.264589006996E-014  1.042519860308E+000
  1.084957648792E+000  1.361807674895E-002  2.588062207347E+000 -4.394405804307E+000  1.978387754420E+000  8.897013937825E-014  1.050466437610E+000
  1.098663403298E+000  1.379390610110E-002  2.528028330841E+000 -4.365336691079E+000  2.261761432168E+000  1.205948678829E-013  1.058716722131E+000
  1.112546418516E+000  1.397260806657E-002  2.467651209263E+000 -4.332009620802E+000  2.537300574499E+000  1.519798812371E-013  1.067281938967E+000
  1.126609596985E+000  1.415424274514E-002  2.406989165811E+000 -4.294441781739E+000  2.803079242606E+000  1.852378785175E-013  1.076173696837E+000
  1.140855902095E+000  1.433887174317E-002  2.346102425390E+000 -4.252677966361E+000  3.057456935103E+000  2.198580981200E-013  1.085404027515E+000
  1.155288359613E+000  1.452655821788E-002  2.285052789713E+000 -4.206788038135E+000  3.299054902428E+000  2.557583801974E-013  1.094985426400E+000
  1.169910059257E+000  1.471736692327E-002  2.223903325347E+000 -4.156864533216E+000  3.526733956935E+000  2.955398389341E-013  1.104930894405E+000
  1.184724156317E+000  1.491136425740E-002  2.162718064400E+000 -4.103020391452E+000  3.739573705338E+000  3.317242919095E-013  1.115253981383E+000
  1.199733873325E+000  1.510861831145E-002  2.101561717572E+000 -4.045386811173E+000  3.936853131910E+000  3.710672144321E-013  1.125968831303E+000
  1.214942501771E+000  1.530919892035E-002  2.040499399308E+000 -3.984111222400E+000  4.118032462705E+000  4.105731639353E-013  1.137090229413E+000
  1.230353403874E+000  1.551317771520E-002  1.979596364774E+000 -3.919355373216E+000  4.282736243018E+000  4.507975883738E-013  1.148633651630E+000
  1.245970014403E+000  1.572062817747E-002  1.918917758428E+000 -3.851293524194E+000  4.430737562394E+000  4.915507595773E-013  1.160615316427E+000
  1.261795842559E+000  1.593162569510E-002  1.858528373953E+000 -3.780110745958E+000  4.561943363603E+000  5.296253462835E-013  1.173052239502E+000
  1.277834473907E+000  1.614624762054E-002  1.798492425332E+000 -3.706001315078E+000  4.676380774233E+000  5.690958671751E-013  1.185962291514E+000
  1.294089572372E+000  1.636457333079E-002  1.738873328867E+000 -3.629167203713E+000  4.774184401807E+000  6.069320804962E-013  1.199364259235E+000
  1.310564882294E+000  1.658668428962E-002  1.679733495972E+000 -3.549816658580E+000  4.855584535627E+000  6.429739961400E-013  1.213277910440E+000
  1.327264230548E+000  1.681266411190E-002  1.621134136552E+000 -3.468162865006E+000  4.920896200906E+000  6.775155821452E-013  1.227724062936E+000
  1.344191528724E+000  1.704259863026E-002  1.563135072844E+000 -3.384422692028E+000  4.970509013066E+000  7.103250808056E-013  1.242724658108E+000
  1.361350775387E+000  1.727657596408E-002  1.505794563567E+000 -3.298815514692E+000  5.004877782477E+000  7.398072817250E-013  1.258302839450E+000
  1.378746058390E+000  1.751468659100E-002  1.449169138289E+000 -3.211562109882E+000  5.024513822230E+000  7.643479856166E-013  1.274483036536E+000
  1.396381557275E+000  1.775702342093E-002  1.393313441882E+000 -3.122883622229E+000  5.029976913905E+000  7.863837885055E-013  1.291291054960E+000
  1.414261545744E+000  1.800368187279E-002  1.338280089016E+000 -3.033000596838E+000  5.021867888588E+000  8.068586857213E-013  1.308754172812E+000
  1.432390394201E+000  1.825475995395E-002  1.284119528597E+000 -2.942132075736E+000  5.000821782695E+000  8.198804478912E-013  1.326901244299E+000
  1.450772572390E+000  1.851035834267E-002  1.230879918108E+000 -2.850494755194E+000  4.967501530387E+000  8.286445149668E-013  1.345762811195E+000
  1.469412652102E+000  1.877058047342E-002  1.178607007812E+000 -2.758302201195E+000  4.922592156563E+000  8.358179471362E-013  1.365371222851E+000
  1.488315309978E+000  1.903553262542E-002  1.127344034785E+000 -2.665764120557E+000  4.866795436554E+000  8.331517707565E-013  1.385760765582E+000
  1.507485330398E+000  1.930532401444E-002  1.077131626762E+000 -2.573085685370E+000  4.800824990741E+000  8.256081435449E-013  1.406967802320E+000
  1.526927608467E+000  1.958006688797E-002  1.028007715793E+000 -2.480466908595E+000  4.725401784292E+000  8.122494841165E-013  1.429030923506E+000
  1.546647153093E+000  1.985987662391E-002  9.800074616960E-001 -2.388102068816E+000  4.641250004218E+000  7.915376745837E-013  1.451991110318E+000
  1.566649090169E+000  2.014487183303E-002  9.331631853289E-001 -2.296179182335E+000  4.549093287762E+000  7.629812629622E-013  1.475891911397E+000
  1.586938665861E+000  2.043517446518E-002  8.875043116739E-001 -2.204879520912E+000  4.449651277993E+000  7.300540951166E-013  1.500779634422E+000
  1.607521250000E+000  2.073090991960E-002  8.430573227565E-001 -2.114377173623E+000  4.343636484143E+000  6.860395717665E-013  1.526703553955E+000
  1.628402339588E+000  2.103220715932E-002  7.998457204050E-001 -2.024838651445E+000  4.231751425922E+000  6.368357180684E-013  1.553716137188E+000
  1.649587562420E+000  2.133919883002E-002  7.578899988617E-001 -1.936422533284E+000  4.114686042564E+000  5.757737408916E-013  1.581873289373E+000
  1.671082680832E+000  2.165202138333E-002  7.172076272497E-001 -1.849279152312E+000  3.993115348892E+000  5.099819934506E-013  1.611234620908E+000
  1.692893595565E+000  2.197081520497E-002  6.778130418915E-001 -1.763550321564E+000  3.867697322054E+000  4.343021110333E-013  1.641863738301E+000
  1.715026349769E+000  2.229572474776E-002  6.397176484674E-001 -1.679369097858E+000  3.739071003966E+000  3.499613828882E-013  1.673828561444E+000
  1.737487133138E+000  2.262689866987E-002  6.029298339885E-001 -1.596859583193E+000  3.607854805701E+000  2.577932201817E-013  1.707201669951E+000
  1.760282286187E+000  2.296448997842E-002  5.674549885415E-001 -1.516136762843E+000  3.474645001315E+000  1.573022230526E-013  1.742060681591E+000
  1.783418304674E+000  2.330865617868E-002  5.332955367498E-001 -1.437306379463E+000  3.340014399648E+000  4.579994554354E-014  1.778488666235E+000
  1.806901844175E+000  2.365955942924E-002  5.004509788667E-001 -1.360464842539E+000  3.204511183737E+000 -7.143393239811E-014  1.816574599118E+000
  1.830739724818E+000  2.401736670327E-002  4.689179413995E-001 -1.285699172608E+000  3.068657908429E+000 -1.955068428067E-013  1.856413857701E+000
  1.854938936184E+000  2.438224995616E-002  4.386902371314E-001 -1.213086979657E+000  2.932950647682E+000 -3.288099763004E-013  1.898108766900E+000
  1.879506642368E+000  2.475438629994E-002  4.097589343814E-001 -1.142696475173E+000  2.797858283926E+000 -4.709708588705E-013  1.941769198075E+000
  1.904450187236E+000  2.513395818467E-002  3.821124353057E-001 -1.074586517295E+000  2.663821932587E+000 -6.167624258649E-013  1.987513227818E+000
  1.929777099847E+000  2.552115358717E-002  3.557365630139E-001 -1.008806688517E+000  2.531254495627E+000 -7.702414397780E-013  2.035467863358E+000
  1.955495100083E+000  2.591616620741E-002  3.306146572292E-001 -9.453974053967E-001  2.400540338596E+000 -9.306856321907E-013  2.085769842258E+000
  1.981612104475E+000  2.631919567292E-002  3.067276781857E-001 -8.843900596474E-001  2.272035086260E+000 -1.091391554490E-012  2.138566515087E+000
  2.008136232230E+000  2.673044775156E-002  2.840543184103E-001 -8.258071899777E-001  2.146065532423E+000 -1.256872175512E-012  2.194016820885E+000
  2.035075811486E+000  2.715013457311E-002  2.625711219925E-001 -7.696626839672E-001  2.022929659972E+000 -1.425245941693E-012  2.252292366530E+000
  2.062439385788E+000  2.757847486001E-002  2.422526108994E-001 -7.159620091880E-001  1.902896767601E+000 -1.594854276844E-012  2.313578622654E+000
  2.090235720801E+000  2.801569416771E-002  2.230714178448E-001 -6.647024726943E-001  1.786207699932E+000 -1.762225843374E-012  2.378076250416E+000
  2.118473811262E+000  2.846202513514E-002  2.049984251729E-001 -6.158735078978E-001  1.673075178044E+000 -1.934781573140E-012  2.446002575501E+000
  2.147162888201E+000  2.891770774564E-002  1.880029091698E-001 -5.694569877264E-001  1.563684227533E+000 -2.099204376259E-012  2.517593227941E+000
  2.176312426413E+000  2.938298959899E-002  1.720526891645E-001 -5.254275628352E-001  1.458192701338E+000 -2.259531494382E-012  2.593103969047E+000
  2.205932152222E+000  2.985812619504E-002  1.571142807386E-001 -4.837530234977E-001  1.356731894576E+000 -2.413243652422E-012  2.672812729792E+000
  2.236032051522E+000  3.034338122938E-002  1.431530523139E-001 -4.443946836553E-001  1.259407248536E+000 -2.559798629106E-012  2.757021888574E+000
  2.266622378129E+000  3.083902690182E-002  1.301333843467E-001 -4.073077854427E-001  1.166299140849E+000 -2.693583711892E-012  2.846060820398E+000
  2.297713662445E+000  3.134534423818E-002  1.180188303188E-001 -3.724419223468E-001  1.077463758604E+000 -2.810803157157E-012  2.940288754413E+000
  2.329316720450E+000  3.186262342603E-002  1.067722786755E-001 -3.397414789872E-001  9.929340508861E-001 -2.916391845285E-012  3.040097982325E+000
  2.361442663038E+000  3.239116416519E-002  9.635611483648E-002 -3.091460853405E-001  9.127207568263E-001 -3.005102925761E-012  3.145917466889E+000
  2.394102905709E+000  3.293127603351E-002  8.673238237553E-002 -2.805910830680E-001  8.368135048153E-001 -3.074614397959E-012  3.258216907394E+000
  2.427309178642E+000  3.348327886897E-002  7.786294245031E-002 -2.540080014463E-001  7.651819780289E-001 -3.113739930356E-012  3.377511328236E+000
  2.461073537146E+000  3.404750316862E-002  6.970963055187E-002 -2.293250402552E-001  6.977771408690E-001 -3.130332692378E-012  3.504366267418E+000
  2.495408372530E+000  3.462429050548E-002  6.223440964182E-002 -2.064675568421E-001  6.345325203376E-001 -3.113249826695E-012  3.639403654569E+000
  2.530326423398E+000  3.521399396401E-002  5.539951875197E-002 -1.853585544664E-001  5.753655357545E-001 -3.072804384939E-012  3.783308483150E+000
  2.565840787378E+000  3.581697859546E-002  4.916761613781E-002 -1.659191689317E-001  5.201788696158E-001 -2.988512131589E-012  3.936836399478E+000
  2.601964933334E+000  3.643362189376E-002  4.350191610374E-002 -1.480691504459E-001  4.688618717827E-001 -2.859256644647E-012  4.100822352539E+000
  2.638712714049E+000  3.706431429322E-002  3.836631865519E-002 -1.317273376084E-001  4.212919886118E-001 -2.690096718799E-012  4.276190474124E+000
  2.676098379430E+000  3.770945968912E-002  3.372553117996E-002 -1.168121204144E-001  3.773362081037E-001 -2.477182113374E-012  4.463965389419E+000
  2.714136590232E+000  3.836947598236E-002  2.954518141987E-002 -1.032418891965E-001  3.368525116745E-001 -2.212059761240E-012  4.665285194962E+000
  2.752842432351E+000  3.904479564947E-002  2.579192106190E-002 -9.093546648620E-002  2.996913227669E-001 -1.891978936432E-012  4.881416385251E+000
  2.792231431696E+000  3.973586633921E-002  2.243351935690E-002 -7.981251888553E-002  2.656969422328E-001 -1.512908619799E-012  5.113771062956E+000
  2.832319569669E+000  4.044315149734E-002  1.943894626178E-002 -6.979394618243E-002  2.347089602438E-001 -1.073730673560E-012  5.363926832802E+000
  2.873123299289E+000  4.116713102086E-002  1.677844469761E-002 -6.080224513216E-002  2.065636344522E-001 -5.640958655885E-013  5.633649858551E+000
  2.914659561979E+000  4.190830194354E-002  1.442359161981E-002 -5.276184555263E-002  1.810952242304E-001  2.194925110962E-014  5.924921659446E+000
  2.956945805065E+000  4.266717915414E-002  1.234734770687E-002 -4.559941664849E-002  1.581372710775E-001  6.868732682835E-013  6.239970341504E+000
  3.000000000000E+000  4.344429614932E-002  1.052409558856E-002 -3.924414178005E-002  1.375238157011E-001  1.397952885923E-012  6.581307105537E+000
  3.043840661365E+000  4.424020582308E-002  8.929666652333E-003 -3.362796022872E-002  1.190905428709E-001  2.219382774621E-012  6.951769055002E+000
  3.088486866678E+000  4.505548129460E-002  7.541356585422E-003 -2.868577487275E-002  1.026758458762E-001  3.104458430866E-012  7.354569551813E+000
  3.133958277047E+000  4.589071677685E-002  6.337929928383E-003 -2.435562507315E-002  8.812180332171E-002  4.063904268662E-012  7.793357648853E+000
  3.180275158719E+000  4.674652848797E-002  5.299614030830E-003 -2.057882447150E-002  7.527506203284E-002  5.145630018284E-012  8.272288479498E+000
  3.227458405560E+000  4.762355560797E-002  4.408082910800E-003 -1.730006381252E-002  6.398762100300E-002  6.280875590979E-012  8.796106926977E+000
  3.275529562509E+000  4.852246128332E-002  3.646431622599E-003 -1.446747931802E-002  5.411751259084E-002  7.509366981724E-012  9.370247456061E+000
  3.324510850077E+000  4.944393368200E-002  2.999141832719E-003 -1.203268754579E-002  4.552937852509E-002  8.837691576168E-012  1.000095370108E+001
  3.374425189910E+000  5.038868710203E-002  2.452039387461E-003 -9.950788060524E-003  3.809493968503E-002  1.020920011683E-011  1.069542231360E+001
  3.425296231502E+000  5.135746313639E-002  1.992244727508E-003 -8.180335614890E-003  3.169336005900E-002  1.163883024105E-011  1.146197674160E+001
  3.477148380094E+000  5.235103189784E-002  1.608117062581E-003 -6.683283880491E-003  2.621150671289E-002  1.317263683032E-011  1.231027812232E+001
  3.530006825834E+000  5.337019330676E-002  1.289193262191E-003 -5.424903072607E-003  2.154410899259E-002  1.467397770467E-011  1.325158243491E+001
  3.583897574256E+000  5.441577844603E-002  1.026122445562E-003 -4.373674073636E-003  1.759382150700E-002  1.625369573727E-011  1.429905562855E+001
  3.638847478148E+000  5.548865098670E-002  8.105972645614E-004 -3.501161871851E-003  1.427119666112E-002  1.782593018188E-011  1.546816182600E+001
  3.694884270887E+000  5.658970868864E-002  6.352828677926E-004 -2.781871290585E-003  1.149457360275E-002  1.938910569759E-011  1.677714419039E+001
  3.752036601308E+000  5.771988498079E-002  4.937445121131E-004 -2.193088084761E-003  9.189891386997E-003  2.075070739685E-011  1.824762403571E+001
  3.810334070199E+000  5.888015062562E-002  3.803747504729E-004 -1.714708525543E-003  7.290434928497E-003  2.216006656464E-011  1.990535182439E+001
  3.869807268505E+000  6.007151547295E-002  2.903210730597E-004 -1.329060579335E-003  5.736522885915E-003  2.326617485448E-011  2.178115462538E+001
  3.930487817331E+000  6.129503030858E-002  2.194148137554E-004 -1.020719716075E-003  4.475146996320E-003  2.417894206687E-011  2.391213954072E+001
  3.992408409843E+000  6.255178880352E-002  1.641020575240E-004 -7.763222564945E-004  3.459572543242E-003  2.457832714133E-011  2.634323318263E+001
  4.055602855172E+000  6.384292957002E-002  1.213771985652E-004 -5.843789932019E-004  2.648909603182E-003  2.460446745260E-011  2.912916585933E+001
  4.120106124432E+000  6.516963833101E-002  8.871970607652E-005 -4.350916017166E-004  2.007664478012E-003  2.353163087293E-011  3.233704915364E+001
  4.185954398964E+000  6.653315021009E-002  6.403455662937E-005 -3.201741017004E-004  1.505280298418E-003  2.205012599568E-011  3.604975210261E+001
  4.253185120935E+000  6.793475214960E-002  4.559669190699E-005 -2.326813432943E-004  1.115675194279E-003  1.918906597970E-011  4.037036163673E+001
  4.321837046422E+000  6.937578546490E-002  3.199976031431E-005 -1.668461869580E-004  8.167856948627E-004  1.469602583159E-011  4.542812824267E+001
  4.391950301120E+000  7.085764854355E-002  2.210930311182E-005 -1.179267262216E-004  5.901221712460E-004  7.427460319284E-012  5.138646394813E+001
  4.463566438835E+000  7.238179969882E-002  1.502045245948E-005 -8.206457997887E-005  4.203421949116E-004 -1.992215616761E-012  5.845379963059E+001
  4.536728502895E+000  7.394976018725E-002  1.002012208666E-005 -5.615496291176E-005  2.948466906648E-004 -1.446920907708E-011  6.689845385518E+001
  4.611481090679E+000  7.556311740127E-002  6.553592945997E-006 -3.772893726968E-005  2.034027401718E-004 -3.255308181086E-011  7.706915497410E+001
  4.687870421430E+000  7.722352824817E-002  4.195327564433E-006 -2.484796374212E-005  1.377958748881E-004 -5.534236613781E-011  8.942352658136E+001
  4.765944407533E+000  7.893272272784E-002  2.623788902901E-006 -1.601060972684E-005  9.151371250848E-005 -8.738191610450E-011  1.045676756629E+002
  4.845752729492E+000  8.069250772248E-002  1.599993028114E-006 -1.007104491097E-005  5.946186500780E-005 -1.314528731954E-010  1.233107828228E+002
  4.927346914797E+000  8.250477101257E-002  9.494900399270E-007 -6.168760413322E-006  3.771220085852E-005 -1.927772872126E-010  1.467383440664E+002
  5.010780420931E+000  8.437148553436E-002  5.474443601255E-007 -3.668791087024E-006  2.328279675935E-005 -2.735336729955E-010  1.763032925048E+002
  5.096108722763E+000  8.629471389541E-002  3.064731857054E-007 -2.111601839931E-006  1.394827807256E-005 -3.890274381648E-010  2.139158299888E+002
  5.183389404586E+000  8.827661316581E-002  1.668998333763E-007 -1.171717548441E-006  8.078730052833E-006 -5.329455169519E-010  2.619520393523E+002
  5.272682257105E+000  9.031943996425E-002  8.908577057541E-008 -6.241306222703E-007  4.504966817959E-006 -7.559164081177E-010  3.229269602976E+002
  5.364049379651E+000  9.242555585946E-002  4.752004614091E-008 -3.175077365442E-007  2.407670121217E-006 -1.040840145258E-009  3.981818563894E+002
  5.457555287978E+000  9.459743310926E-002  2.636615672582E-008 -1.532339934066E-007  1.227749341337E-006 -1.471953785609E-009  4.845718059699E+002
  5.553267027968E+000  9.683766076100E-002  1.619258744974E-008 -6.937444326203E-008  5.952180769306E-007 -1.886216928597E-009  5.700789448492E+002
  5.651254295630E+000  9.914895113938E-002  1.164280838175E-008 -2.869466835172E-008  2.739187751975E-007 -1.943408609216E-009  6.363379652904E+002
  5.751589563796E+000  1.015341467494E-001  9.831905590651E-009 -9.958997196488E-009  1.195403156947E-007 -2.052684806085E-009  6.732264726967E+002
  5.854348215936E+000  1.039962276248E-001  9.288898032402E-009 -1.811887549419E-009  4.854854624045E-008 -2.016189165170E-009  6.860972623339E+002
  5.959608687557E+000  1.065383191537E-001  9.294918757092E-009  1.359654299842E-009  1.587016781384E-008 -1.786233787924E-009  6.859490919534E+002
  6.067452615683E+000  1.091637004188E-001  9.496795994527E-009  2.091377829543E-009 -5.797903110940E-010 -1.548552998066E-009  6.810537396440E+002
  6.177964996951E+000  1.118758130872E-001  9.702350331257E-009  1.452907729054E-009 -1.017219457410E-008 -1.296975096058E-009  6.762097590886E+002
  6.291234354880E+000  1.146782708938E-001  9.787356314725E-009 -6.212722920921E-011 -1.601911463578E-008 -1.045251331069E-009  6.742463722826E+002
  6.407352916949E+000  1.175748697626E-001  9.664257676130E-009 -2.110555406751E-009 -1.873341013226E-008 -7.978547709856E-010  6.770970441932E+002
  6.526416802128E+000  1.205695986129E-001  9.279252152615E-009 -4.349426239039E-009 -1.837816712290E-008 -5.043190903965E-010  6.863349151018E+002
  6.648526219580E+000  1.236666509049E-001  8.617346193743E-009 -6.428370137936E-009 -1.527892931131E-008 -2.714078184980E-010  7.034759230849E+002
  6.773785679311E+000  1.268704369821E-001  7.704657779818E-009 -8.037709844351E-009 -1.018810212599E-008  7.040075964634E-011  7.302237721703E+002
  6.902304215570E+000  1.301855972713E-001  6.603979692381E-009 -8.961010016473E-009 -4.138246585049E-009  3.476850336436E-010  7.687264810295E+002
  7.034195623922E+000  1.336170164087E-001  5.403855190521E-009 -9.106801124701E-009  1.800878782443E-009  6.551011283320E-010  8.218751524573E+002
  7.169578712934E+000  1.371698383673E-001  4.203658667552E-009 -8.511966559009E-009  6.739435565730E-009  1.009982562654E-009  8.936441225701E+002
  7.308577571516E+000  1.408494826628E-001  3.097918931966E-009 -7.320133215673E-009  1.010329713796E-008  1.413800003942E-009  9.893510112178E+002
  7.451321853057E+000  1.446616617293E-001  2.162850303857E-009 -5.743837577978E-009  1.167723342961E-008  1.804475598807E-009  1.115231251564E+003
  7.597947077547E+000  1.486123995567E-001  1.447191975876E-009 -4.020710562740E-009  1.157020150613E-008  2.109793307633E-009  1.275063174559E+003
  7.748594953021E+000  1.527080516973E-001  9.683519517917E-010 -2.372780393927E-009  1.012951289300E-008  2.085257493212E-009  1.457793493365E+003
  7.903413717736E+000  1.569553267535E-001  7.137776743588E-010 -9.753959956611E-010  7.832833304494E-009  1.209739580500E-009  1.613811347718E+003
  8.062558504629E+000  1.613613094717E-001  6.466132462942E-010  6.084080442543E-011  5.182900163300E-009 -4.286578860620E-010  1.667857283512E+003
  8.226191729726E+000  1.659334855793E-001  7.141524180644E-010  6.946891747076E-010  2.622537351551E-009 -1.550365146188E-009  1.613529021685E+003
  8.394483506327E+000  1.706797685137E-001  8.573839100578E-010  9.473123568226E-010  4.793417033945E-010 -2.092181532956E-009  1.518152183440E+003
  8.567612086926E+000  1.756085282071E-001  1.020020406383E-009  8.871244094998E-010 -1.058047948005E-009 -2.080983001704E-009  1.432751256983E+003
  8.745764335025E+000  1.807286221064E-001  1.155733742673E-009  6.104338522904E-010 -1.935923854890E-009 -1.908449089403E-009  1.374319854023E+003
  8.929136229160E+000  1.860494286260E-001  1.232793823860E-009  2.217274871985E-010 -2.211133489433E-009 -1.679900656643E-009  1.345066020651E+003
  9.117933401693E+000  1.915808832504E-001  1.235830464938E-009 -1.832868677298E-010 -2.015219129488E-009 -1.415179574230E-009  1.343963433406E+003
  9.312371715124E+000  1.973335175235E-001  1.164918472684E-009 -5.298232363262E-010 -1.515598831166E-009 -1.138519653442E-009  1.370698405357E+003
  9.512677878945E+000  2.033185011886E-001  1.032560263526E-009 -7.704571341565E-010 -8.806970551769E-010 -8.562897518438E-010  1.426927635061E+003
  9.719090110332E+000  2.095476877688E-001  8.593673016616E-010 -8.860419971912E-010 -2.536113236186E-010 -5.333268606224E-010  1.516983335241E+003
  9.931858842267E+000  2.160336639044E-001  6.693100725882E-010 -8.821077028387E-010  2.635866440560E-010 -1.843421433898E-010  1.648787291339E+003
  1.015124748302E+001  2.227898028021E-001  4.853303109121E-010 -7.822487044190E-010  6.150382634750E-010  2.656458293171E-010  1.835247381144E+003
  1.037753323129E+001  2.298303221843E-001  3.259227258856E-010 -6.201736773262E-010  7.875632364937E-010  8.177258800862E-010  2.095730997177E+003
  1.061100795175E+001  2.371703471699E-001  2.030423542588E-010 -4.319554048165E-010  8.011686688670E-010  1.510729788261E-009  2.453832258339E+003
  1.085197911611E+001  2.448259785618E-001  1.214270364964E-010 -2.496679397402E-010  6.966604471050E-010  2.180413313805E-009  2.912518010222E+003
  1.110077081537E+001  2.528143670735E-001  7.918673959277E-011 -9.712655382181E-011  5.231354101070E-010  2.163364118482E-009  3.358584383437E+003
  1.135772484956E+001  2.611537940784E-001  6.933590889634E-011  1.204600712735E-011  3.274606353593E-010  7.806542387278E-010  3.510651185674E+003
  1.162320190175E+001  2.698637595360E-001  8.185029550636E-011  7.423167757799E-011  1.469845533835E-010 -7.762040524098E-010  3.321750438506E+003
  1.189758280382E+001  2.789650778206E-001  1.058185697336E-010  9.401872105870E-011  5.862454972382E-012 -1.540365990436E-009  3.049203824615E+003
  1.218126990242E+001  2.884799822596E-001  1.313201729567E-010  8.146134688522E-011 -8.533725808232E-011 -1.778589413423E-009  2.837461230114E+003
  1.247468853413E+001  2.984322392826E-001  1.507726436831E-010  4.907719753633E-011 -1.275613036912E-010 -1.756650698631E-009  2.709772940234E+003
  1.277828862002E+001  3.088472731875E-001  1.596271384916E-010  9.155391466945E-012 -1.297683374398E-010 -1.664781591493E-009  2.658713304025E+003
  1.309254639077E+001  3.197523026463E-001  1.564231626842E-010 -2.823543602442E-011 -1.050090555840E-010 -1.525844243189E-009  2.676743339658E+003
  1.341796625462E+001  3.311764902095E-001  1.423203923724E-010 -5.636116506788E-011 -6.690785364702E-011 -1.359231573791E-009  2.762388182518E+003
  1.375508282195E+001  3.431511062169E-001  1.202926134524E-010 -7.207669136957E-011 -2.706994681639E-011 -1.177616316734E-009  2.921644908609E+003
  1.410446310162E+001  3.557097086969E-001  9.419118966479E-011 -7.538825242137E-011  6.375921496361E-012 -9.579384137649E-010  3.169837441020E+003
  1.446670888596E+001  3.688883410292E-001  6.786701497851E-011 -6.857557477330E-011  2.915869003857E-011 -6.831439902831E-010  3.535798459676E+003
  1.484245934302E+001  3.827257493700E-001  4.449120809836E-011 -5.514454835754E-011  4.041541500671E-011 -3.111781074309E-010  4.070199394805E+003
  1.523239383723E+001  3.972636220891E-001  2.615032117823E-011 -3.884508529843E-011  4.174417016221E-011  2.366916051466E-010  4.859013165953E+003
  1.563723500136E+001  4.125468537596E-001  1.372644677112E-011 -2.291730413609E-011  3.609146932902E-011  1.072485722300E-009  6.023575730450E+003
  1.605775208607E+001  4.286238365683E-001  7.018694708038E-012 -9.644158234428E-012  2.674018571591E-011  2.034238240517E-009  7.532774514060E+003
  1.649476461582E+001  4.455467823929E-001  5.028016776233E-012 -2.098412516266E-013  1.656391301387E-011  1.577080579673E-009  8.418631736578E+003
  1.694914638379E+001  4.633720792263E-001  6.314950493234E-012  5.195214717261E-012  7.609592287805E-012 -1.765709871416E-010  7.802799273075E+003
  1.742182982203E+001  4.821606861220E-001  9.347342515423E-012  7.113503597261E-012  9.846055149035E-013 -1.100044720686E-009  6.846643251566E+003
  1.791381078784E+001  5.019785714107E-001  1.277679438288E-011  6.499601207082E-012 -3.030059926127E-012 -1.390275438015E-009  6.169260605126E+003
  1.842615381215E+001  5.228971995942E-001  1.561104601232E-011  4.419532657549E-012 -4.740181529209E-012 -1.448479554691E-009  5.770716649056E+003
  1.895999786176E+001  5.449940730840E-001  1.727756435614E-011  1.823009932445E-012 -4.765189279925E-012 -1.425732404829E-009  5.578870046577E+003
  1.951656267356E+001  5.683533358366E-001  1.759567520426E-011 -5.892962245315E-013 -3.800144553320E-012 -1.373599629218E-009  5.545045396039E+003
  2.009715572669E+001  5.930664469535E-001  1.668760652267E-011 -2.407429502396E-012 -2.450181252911E-012 -1.310867657003E-009  5.643853532872E+003
  2.070317992707E+001  6.192329335039E-001  1.486235484930E-011 -3.484181023686E-012 -1.145936537692E-012 -1.244923545605E-009  5.866033554109E+003
  2.133614208874E+001  6.469612332096E-001  1.250202658037E-011 -3.866400214202E-012 -1.277463655254E-013 -1.178543432424E-009  6.214129205195E+003
  2.199766230782E+001  6.763696392388E-001  9.971194748780E-012 -3.713431301992E-012  5.242871153384E-013 -1.112928872717E-009  6.700769600132E+003
  2.268948433818E+001  7.075873612439E-001  7.559090155589E-012 -3.223750618732E-012  8.388016728178E-013 -1.048526306481E-009  7.348813793032E+003
  2.341348709294E+001  7.407557189842E-001  5.454887368958E-012 -2.581799020090E-012  9.001327647587E-013 -9.853413932613E-010  8.193041517868E+003
  2.417169741362E+001  7.760294874639E-001  3.749650193274E-012 -1.928359803633E-012  8.060580881229E-013 -9.232928222639E-010  9.283466335665E+003
  2.496630426925E+001  8.135784155747E-001  2.455280310315E-012 -1.351507058394E-012  6.411648385482E-013 -8.622732495159E-010  1.069071432417E+004
  2.579967457140E+001  8.535889438281E-001  1.530731824763E-012 -8.918378824802E-013  4.650951124567E-013 -8.021829038090E-010  1.251432360386E+004
  2.667437081864E+001  8.962661510291E-001  9.077395585010E-013 -5.550181891644E-013  3.117031222630E-013  0.000000000000E+000  0.000000000000E+000
  2.759317081651E+001  9.418359647997E-001  5.112997593364E-013 -3.258900579487E-013  1.943272669948E-013  0.000000000000E+000  0.000000000000E+000
  2.855908975674E+001  9.905476768748E-001  2.730561527249E-013 -1.804552492659E-013  1.130863785171E-013  0.000000000000E+000  0.000000000000E+000
  2.957540498378E+001  1.042676811269E+000  1.379510375176E-013 -9.411742982939E-014  6.151007037133E-014  0.000000000000E+000  0.000000000000E+000
  3.064568382919E+001  1.098528402000E+000  6.575888534016E-014 -4.614927029623E-014  3.126760811018E-014  0.000000000000E+000  0.000000000000E+000
  3.177381495601E+001  1.158440747351E+000  2.948641999889E-014 -2.122244240865E-014  1.483669659843E-014  0.000000000000E+000  0.000000000000E+000
  3.296404372807E+001  1.222789720048E+000  1.239414063749E-014 -9.125348890402E-015  6.557661004162E-015  0.000000000000E+000  0.000000000000E+000
  3.422101220608E+001  1.291993727721E+000  4.864404379754E-015 -3.655845534271E-015  2.692153636220E-015  0.000000000000E+000  0.000000000000E+000
  3.554980447538E+001  1.366519436102E+000  1.774755878598E-015 -1.358994689516E-015  1.022867937608E-015  0.000000000000E+000  0.000000000000E+000
  3.695599813319E+001  1.446888389511E+000  5.989404489198E-016 -4.665403639198E-016  3.581290567729E-016  0.000000000000E+000  0.000000000000E+000
  3.844572291106E+001  1.533684690030E+000  1.859307347110E-016 -1.471223956712E-016  1.149684285699E-016  0.000000000000E+000  0.000000000000E+000
  4.002572758518E+001  1.627563929686E+000  5.276477081961E-017 -4.236084390430E-017  3.364571933233E-017  0.000000000000E+000  0.000000000000E+000
  4.170345654134E+001  1.729263610453E+000  1.359415079110E-017 -1.106113782409E-017  8.917436081105E-018  0.000000000000E+000  0.000000000000E+000
  4.348713762001E+001  1.839615336740E+000  3.155117325741E-018 -2.599429939520E-018  2.124613176307E-018  0.000000000000E+000  0.000000000000E+000
  4.538588318162E+001  1.959559126947E+000  6.417214811697E-019 -5.328354562609E-019  4.389532921905E-019  0.000000000000E+000  0.000000000000E+000
  4.740980671574E+001  2.090160267552E+000  1.182886448456E-019 -1.192545781412E-019  1.024168119774E-019  0.000000000000E+000  0.000000000000E+000
  4.957015778746E+001  2.232629229408E+000  2.149388337910E-020 -1.474388405592E-020  4.299177645746E-021  0.000000000000E+000  0.000000000000E+000
  5.187947869225E+001  2.388345286640E+000  1.517157338819E-021 -1.190648648128E-021  4.504984563284E-021  0.000000000000E+000  0.000000000000E+000
  5.435178690397E+001  2.558884630889E+000  6.019149147009E-022 -4.638092404923E-022 -1.903882271307E-022  0.000000000000E+000  0.000000000000E+000
  5.700278828629E+001  2.746053966795E+000  0.000000000000E+000 -8.468413370803E-023  7.559568185468E-023  0.000000000000E+000  0.000000000000E+000
  5.985012714155E+001  2.951930820846E+000  7.354184862626E-024  0.000000000000E+000  0.000000000000E+000  0.000000000000E+000  0.000000000000E+000
  6.291368055481E+001  3.178912111311E+000  0.000000000000E+000  0.000000000000E+000  0.000000000000E+000  0.000000000000E+000  0.000000000000E+000
  6.621590623276E+001  3.429772933797E+000  0.000000000000E+000  0.000000000000E+000  0.000000000000E+000  0.000000000000E+000  0.000000000000E+000
  6.978225524452E+001  3.707738044625E+000  0.000000000000E+000  0.000000000000E+000  0.000000000000E+000  0.000000000000E+000  0.000000000000E+000
  7.364166388185E+001  4.016569212832E+000  0.000000000000E+000  0.000000000000E+000  0.000000000000E+000  0.000000000000E+000  0.000000000000E+000
  7.782714245929E+001  4.360672516382E+000  0.000000000000E+000  0.000000000000E+000  0.000000000000E+000  0.000000000000E+000  0.000000000000E+000
  8.237648351994E+001  4.745230855210E+000  0.000000000000E+000  0.000000000000E+000  0.000000000000E+000  0.000000000000E+000  0.000000000000E+000
  8.733311794503E+001  5.176368549127E+000  0.000000000000E+000  0.000000000000E+000  0.000000000000E+000  0.000000000000E+000  0.000000000000E+000
  9.274715535088E+001  5.661357031559E+000  0.000000000000E+000  0.000000000000E+000  0.000000000000E+000  0.000000000000E+000  0.000000000000E+000
  9.867665554529E+001  6.208873552072E+000  0.000000000000E+000  0.000000000000E+000  0.000000000000E+000  0.000000000000E+000  0.000000000000E+000
  1.051891916055E+002  6.829328764649E+000  0.000000000000E+000  0.000000000000E+000  0.000000000000E+000  0.000000000000E+000  0.000000000000E+000
  1.123637836013E+002  7.535284543316E+000  0.000000000000E+000  0.000000000000E+000  0.000000000000E+000  0.000000000000E+000  0.000000000000E+000
  1.202933069206E+002  8.341990973528E+000  0.000000000000E+000  0.000000000000E+000  0.000000000000E+000  0.000000000000E+000  0.000000000000E+000
  1.290875131414E+002  9.268082166539E+000  0.000000000000E+000  0.000000000000E+000  0.000000000000E+000  0.000000000000E+000  0.000000000000E+000
  1.388768482001E+002  1.033648575811E+001  0.000000000000E+000  0.000000000000E+000  0.000000000000E+000  0.000000000000E+000  0.000000000000E+000
  1.498173177370E+002  1.157562284364E+001  0.000000000000E+000  0.000000000000E+000  0.000000000000E+000  0.000000000000E+000  0.000000000000E+000
  1.620967411853E+002  1.302100699722E+001  0.000000000000E+000  0.000000000000E+000  0.000000000000E+000  0.000000000000E+000  0.000000000000E+000
  1.759428668168E+002  1.471739812515E+001  0.000000000000E+000  0.000000000000E+000  0.000000000000E+000  0.000000000000E+000  0.000000000000E+000
  1.916340085825E+002  1.672173748087E+001  0.000000000000E+000  0.000000000000E+000  0.000000000000E+000  0.000000000000E+000  0.000000000000E+000
  2.095131417987E+002  1.910719757888E+001  0.000000000000E+000  0.000000000000E+000  0.000000000000E+000  0.000000000000E+000  0.000000000000E+000
  2.300068054477E+002  2.196884699990E+001  0.000000000000E+000  0.000000000000E+000  0.000000000000E+000  0.000000000000E+000  0.000000000000E+000
  2.536507797910E+002  2.543169216868E+001  0.000000000000E+000  0.000000000000E+000  0.000000000000E+000  0.000000000000E+000  0.000000000000E+000
  2.811254638474E+002  2.966227967912E+001  0.000000000000E+000  0.000000000000E+000  0.000000000000E+000  0.000000000000E+000  0.000000000000E+000
  3.133053780630E+002  3.488573552677E+001  0.000000000000E+000  0.000000000000E+000  0.000000000000E+000  0.000000000000E+000  0.000000000000E+000
  3.513296254502E+002  4.141128389041E+001  0.000000000000E+000  0.000000000000E+000  0.000000000000E+000  0.000000000000E+000  0.000000000000E+000
  3.967041014106E+002  4.967130404214E+001  0.000000000000E+000  0.000000000000E+000  0.000000000000E+000  0.000000000000E+000  0.000000000000E+000
  4.514529193349E+002  6.028257212519E+001  0.000000000000E+000  0.000000000000E+000  0.000000000000E+000  0.000000000000E+000  0.000000000000E+000
  5.183481233601E+002  7.414493328740E+001  0.000000000000E+000  0.000000000000E+000  0.000000000000E+000  0.000000000000E+000  0.000000000000E+000
  6.012676077950E+002  9.260523890243E+001  0.000000000000E+000  0.000000000000E+000  0.000000000000E+000  0.000000000000E+000  0.000000000000E+000
  7.057700503752E+002  1.177394213729E+002  0.000000000000E+000  0.000000000000E+000  0.000000000000E+000  0.000000000000E+000  0.000000000000E+000
  8.400513767914E+002  1.528577972397E+002  0.000000000000E+000  0.000000000000E+000  0.000000000000E+000  0.000000000000E+000  0.000000000000E+000
  1.016602135495E+003  2.034537342122E+002  0.000000000000E+000  0.000000000000E+000  0.000000000000E+000  0.000000000000E+000  0.000000000000E+000
  1.255220715580E+003  2.790860613466E+002  0.000000000000E+000  0.000000000000E+000  0.000000000000E+000  0.000000000000E+000  0.000000000000E+000
  1.588815776243E+003  3.973705897531E+002  0.000000000000E+000  0.000000000000E+000  0.000000000000E+000  0.000000000000E+000  0.000000000000E+000
  2.075392011604E+003  5.931596040112E+002  0.000000000000E+000  0.000000000000E+000  0.000000000000E+000  0.000000000000E+000  0.000000000000E+000
  2.825079847529E+003  9.419154890021E+002  0.000000000000E+000  0.000000000000E+000  0.000000000000E+000  0.000000000000E+000  0.000000000000E+000
  4.068408296184E+003  1.627629972033E+003  0.000000000000E+000  0.000000000000E+000  0.000000000000E+000  0.000000000000E+000  0.000000000000E+000
  6.357262947674E+003  3.178964796686E+003  0.000000000000E+000  0.000000000000E+000  0.000000000000E+000  0.000000000000E+000  0.000000000000E+000
  1.130231930164E+004  7.535323971013E+003  0.000000000000E+000  0.000000000000E+000  0.000000000000E+000  0.000000000000E+000  0.000000000000E+000
  2.543105175140E+004  2.543171841285E+004  0.000000000000E+000  0.000000000000E+000  0.000000000000E+000  0.000000000000E+000  0.000000000000E+000
  1.017262069958E+005  2.034537473226E+005  0.000000000000E+000  0.000000000000E+000  0.000000000000E+000  0.000000000000E+000  0.000000000000E+000
