481
  -1.337399188392E+00  -7.126433793655E-01  -4.109991275125E-02  -1.178606088838E+00  -1.747819323894E+00
  -1.286685010541E+00  -6.878731654123E-01  -7.430500909630E-02  -1.113329991986E+00  -1.719030647623E+00
  -1.241278004007E+00  -6.603660833258E-01  -1.082834716922E-01  -1.048594276842E+00  -1.689904534485E+00
  -1.200812478041E+00  -6.305113720992E-01  -1.427879279978E-01  -9.845898196911E-01  -1.660513306513E+00
  -1.164920894694E+00  -5.986738721715E-01  -1.775912798011E-01  -9.214864991725E-01  -1.630924638084E+00
  -1.133239473532E+00  -5.651937101580E-01  -2.124863452692E-01  -8.594343024672E-01  -1.601201663369E+00
  -1.105412540163E+00  -5.303863419419E-01  -2.472852984580E-01  -7.985644770942E-01  -1.571403104636E+00
  -1.081095841613E+00  -4.945428852815E-01  -2.818189554565E-01  -7.389907086661E-01  -1.541583417312E+00
  -1.059959010093E+00  -4.579306828900E-01  -3.159359478603E-01  -6.808103081243E-01  -1.511792948334E+00
  -1.041687328011E+00  -4.207940472837E-01  -3.495018159801E-01  -6.241053920663E-01  -1.482078104598E+00
  -1.025982920343E+00  -3.833551445410E-01  -3.823980504271E-01  -5.689440455933E-01  -1.452481528787E+00
  -1.012565480401E+00  -3.458149815966E-01  -4.145211040107E-01  -5.153814557467E-01  -1.423042280107E+00
  -1.001172617412E+00  -3.083544665213E-01  -4.457813929240E-01  -4.634610071501E-01  -1.393796017727E+00
  -9.915599002688E-01  -2.711355157684E-01  -4.761023022133E-01  -4.132153335367E-01  -1.364775184959E+00
  -9.835006597178E-01  -2.343021869181E-01  -5.054192077302E-01  -3.646673192519E-01  -1.336009192409E+00
  -9.767856011919E-01  -1.979818188429E-01  -5.336785240684E-01  -3.178310477104E-01  -1.307524598510E+00
  -9.712222719518E-01  -1.622861644353E-01  -5.608367854526E-01  -2.727126949677E-01  -1.279345286035E+00
  -9.666344188378E-01  -1.273125043834E-01  -5.868597648109E-01  -2.293113676253E-01  -1.251492633322E+00
  -9.628612667076E-01  -9.314473266001E-02  -6.117216344896E-01  -1.876198848424E-01  -1.223985679149E+00
  -9.597567423416E-01  -5.985440676953E-02  -6.354041706908E-01  -1.476255057599E-01  -1.196841280355E+00
  -9.571886640748E-01  -2.750175747436E-02  -6.578960026780E-01  -1.093106033343E-01  -1.170074261529E+00
  -9.550379138308E-01   3.863345995294E-03  -6.791919074902E-01  -7.265328550865E-02  -1.143697556335E+00
  -9.531976050696E-01   3.420047830312E-02  -6.992921502379E-01  -3.762796468330E-02  -1.117722340320E+00
  -9.515722578488E-01   6.347779038750E-02  -7.182018701874E-01  -4.205876313931E-03  -1.092158155335E+00
  -9.500769901529E-01   9.167119376668E-02  -7.359305126080E-01   2.764445236516E-02  -1.067013025977E+00
  -9.486367329683E-01   1.187635981054E-01  -7.524913061115E-01   5.795678203553E-02  -1.042293568633E+00
  -9.471854750275E-01   1.447442026456E-01  -7.679007849311E-01   8.676678716049E-02  -1.018005093823E+00
  -9.456655416883E-01   1.696078411823E-01  -7.821783547312E-01   1.141117248320E-01  -9.941517025411E-01
  -9.440269109625E-01   1.933543792335E-01  -7.953459000297E-01   1.400301424821E-01  -9.707363771798E-01
  -9.422265683448E-01   2.159881610352E-01  -8.074274304015E-01   1.645616196594E-01  -9.477610675053E-01
  -9.402279008864E-01   2.375175031598E-01  -8.184487621546E-01   1.877465387879E-01  -9.252267719949E-01
  -9.380001299480E-01   2.579542310060E-01  -8.284372317927E-01   2.096258799649E-01  -9.031336147368E-01
  -9.355177813517E-01   2.773132542078E-01  -8.374214375828E-01   2.302410353979E-01  -8.814809180231E-01
  -9.327601912064E-01   2.956121771311E-01  -8.454310057403E-01   2.496336398890E-01  -8.602672707415E-01
  -9.297110454821E-01   3.128709410012E-01  -8.524963781612E-01   2.678454147215E-01  -8.394905926775E-01
  -9.263579514054E-01   3.291114947336E-01  -8.586486191883E-01   2.849180232301E-01  -8.191481948651E-01
  -9.226920388736E-01   3.443574921139E-01  -8.639192394072E-01   3.008929371376E-01  -7.992368361448E-01
  -9.187075902690E-01   3.586340134985E-01  -8.683400349286E-01   3.158113133315E-01  -7.797527761102E-01
  -9.144016972297E-01   3.719673106230E-01  -8.719429410766E-01   3.297138811031E-01  -7.606918246330E-01
  -9.097739430861E-01   3.843845733776E-01  -8.747598996159E-01   3.426408400009E-01  -7.420493881559E-01
  -9.048261097648E-01   3.959137175411E-01  -8.768227388348E-01   3.546317684009E-01  -7.238205129382E-01
  -8.995619079962E-01   4.065831924852E-01  -8.781630658690E-01   3.657255427370E-01  -7.059999254271E-01
  -8.939867296692E-01   4.164218078192E-01  -8.788121706691E-01   3.759602671343E-01  -6.885820699179E-01
  -8.881074211536E-01   4.254585778682E-01  -8.788009409910E-01   3.853732130007E-01  -6.715611436508E-01
  -8.819320763807E-01   4.337225828177E-01  -8.781597877428E-01   3.940007679830E-01  -6.549311294880E-01
  -8.754698484674E-01   4.412428453214E-01  -8.769185800315E-01   4.018783936125E-01  -6.386858262985E-01
  -8.687307786691E-01   4.480482213719E-01  -8.751065892073E-01   4.090405909280E-01  -6.228188771745E-01
  -8.617256414629E-01   4.541673042654E-01  -8.727524412279E-01   4.155208733741E-01  -6.073237955969E-01
  -8.544658046174E-01   4.596283405531E-01  -8.698840766708E-01   4.213517463103E-01  -5.921939896573E-01
  -8.469631031243E-01   4.644591569425E-01  -8.665287177847E-01   4.265646925094E-01  -5.774227844447E-01
  -8.392297259665E-01   4.686870971893E-01  -8.627128419365E-01   4.311901630777E-01  -5.630034426949E-01
  -8.312781147157E-01   4.723389680976E-01  -8.584621608821E-01   4.352575732772E-01  -5.489291837993E-01
  -8.231208730354E-01   4.754409938182E-01  -8.538016053838E-01   4.387953027684E-01  -5.351932012665E-01
  -8.147706862276E-01   4.780187776967E-01  -8.487553145530E-01   4.418306998305E-01  -5.217886787234E-01
  -8.062402499881E-01   4.800972709848E-01  -8.433466295815E-01   4.443900891472E-01  -5.087088045414E-01
  -7.975422076342E-01   4.817007477749E-01  -8.375980912896E-01   4.464987827682E-01  -4.959467851684E-01
  -7.886890950625E-01   4.828527855690E-01  -8.315314411815E-01   4.481810938869E-01  -4.834958572463E-01
  -7.796932927974E-01   4.835762509311E-01  -8.251676255447E-01   4.494603530916E-01  -4.713492985865E-01
  -7.705669844904E-01   4.838932897133E-01  -8.185268022988E-01   4.503589267714E-01  -4.595004380765E-01
  -7.613221213001E-01   4.838253213810E-01  -8.116283501965E-01   4.508982373796E-01  -4.479426645860E-01
  -7.519703916052E-01   4.833930369966E-01  -8.044908801544E-01   4.510987852752E-01  -4.366694349385E-01
  -7.425231955675E-01   4.826164004526E-01  -7.971322483167E-01   4.509801718865E-01  -4.256742810085E-01
  -7.329916240459E-01   4.815146525781E-01  -7.895695707375E-01   4.505611239561E-01  -4.149508160084E-01
  -7.233864414705E-01   4.801063177674E-01  -7.818192392778E-01   4.498595186526E-01  -4.044927400171E-01
  -7.137180722468E-01   4.784092128113E-01  -7.738969386613E-01   4.488924093437E-01  -3.942938448077E-01
  -7.039965903367E-01   4.764404576354E-01  -7.658176643694E-01   4.476760518530E-01  -3.843480180239E-01
  -6.942317116754E-01   4.742164876756E-01  -7.575957412436E-01   4.462259310321E-01  -3.746492467535E-01
  -6.844327891072E-01   4.717530676430E-01  -7.492448426705E-01   4.445567874993E-01  -3.651916205468E-01
  -6.746088095687E-01   4.690653064550E-01  -7.407780101051E-01   4.426826444132E-01  -3.559693339203E-01
  -6.647683932361E-01   4.661676731274E-01  -7.322076729029E-01   4.406168341575E-01  -3.469766883887E-01
  -6.549197944101E-01   4.630740134435E-01  -7.235456682964E-01   4.383720248357E-01  -3.382080940643E-01
  -6.450709039297E-01   4.597975672328E-01  -7.148032613811E-01   4.359602464786E-01  -3.296580708574E-01
  -6.352292528941E-01   4.563509861105E-01  -7.059911650922E-01   4.333929168842E-01  -3.213212493139E-01
  -6.254020175246E-01   4.527463515432E-01  -6.971195600406E-01   4.306808670190E-01  -3.131923711228E-01
  -6.155960250068E-01   4.489951931212E-01  -6.881981141231E-01   4.278343659196E-01  -3.052662893195E-01
  -6.058177601575E-01   4.451085069308E-01  -6.792360018984E-01   4.248631450425E-01  -2.975379682180E-01
  -5.960733727836E-01   4.410967739332E-01  -6.702419236459E-01   4.217764220190E-01  -2.900024830949E-01
  -5.863686856228E-01   4.369699782674E-01  -6.612241240383E-01   4.185829237801E-01  -2.826550196492E-01
  -5.767092027438E-01   4.327376254044E-01  -6.521904104359E-01   4.152909090224E-01  -2.754908732631E-01
  -5.671001183177E-01   4.284087600911E-01  -6.431481707518E-01   4.119081899936E-01  -2.685054480829E-01
  -5.575463256788E-01   4.239919840287E-01  -6.341043908527E-01   4.084421535810E-01  -2.616942559400E-01
  -5.480524265952E-01   4.194954732411E-01  -6.250656714797E-01   4.048997816929E-01  -2.550529151299E-01
  -5.386227406755E-01   4.149269950940E-01  -6.160382446909E-01   4.012876709273E-01  -2.485771490665E-01
  -5.292613148606E-01   4.102939249319E-01  -6.070279898018E-01   3.976120515243E-01  -2.422627848278E-01
  -5.199719329456E-01   4.056032623085E-01  -5.980404488056E-01   3.938788056071E-01  -2.361057516050E-01
  -5.107581250865E-01   4.008616467876E-01  -5.890808412882E-01   3.900934847148E-01  -2.301020790702E-01
  -5.016231772517E-01   3.960753732994E-01  -5.801540788344E-01   3.862613266358E-01  -2.242478956745E-01
  -4.925701405825E-01   3.912504070403E-01  -5.712647789239E-01   3.823872715528E-01  -2.185394268873E-01
  -4.836018406364E-01   3.863923979071E-01  -5.624172783139E-01   3.784759775125E-01  -2.129729933864E-01
  -4.747208864876E-01   3.815066944615E-01  -5.536156459245E-01   3.745318352328E-01  -2.075450092091E-01
  -4.659296796595E-01   3.765983574220E-01  -5.448636952374E-01   3.705589822656E-01  -2.022519798728E-01
  -4.572304228746E-01   3.716721726841E-01  -5.361649962067E-01   3.665613165300E-01  -1.970905004715E-01
  -4.486251286087E-01   3.667326638713E-01  -5.275228867003E-01   3.625425092348E-01  -1.920572537578E-01
  -4.401156274380E-01   3.617841044206E-01  -5.189404834701E-01   3.585060172078E-01  -1.871490082129E-01
  -4.317035761623E-01   3.568305292087E-01  -5.104206926832E-01   3.544550946512E-01  -1.823626161150E-01
  -4.233904657051E-01   3.518757457264E-01  -5.019662200068E-01   3.503928043408E-01  -1.776950116071E-01
  -4.151776287817E-01   3.469233448091E-01  -4.935795802723E-01   3.463220282881E-01  -1.731432087715E-01
  -4.070662473322E-01   3.419767109316E-01  -4.852631067206E-01   3.422454778837E-01  -1.687042997145E-01
  -3.990573597169E-01   3.370390320795E-01  -4.770189598457E-01   3.381657035410E-01  -1.643754526643E-01
  -3.911518676720E-01   3.321133092040E-01  -4.688491358559E-01   3.340851038561E-01  -1.601539100867E-01
  -3.833505430283E-01   3.272023652740E-01  -4.607554747533E-01   3.300059343044E-01  -1.560369868204E-01
  -3.756540341915E-01   3.223088539347E-01  -4.527396680537E-01   3.259303154881E-01  -1.520220682357E-01
  -3.680628723868E-01   3.174352677852E-01  -4.448032661538E-01   3.218602409540E-01  -1.481066084177E-01
  -3.605774776714E-01   3.125839462863E-01  -4.369476853580E-01   3.177975845963E-01  -1.442881283768E-01
  -3.531981647161E-01   3.077570833090E-01  -4.291742145835E-01   3.137441076608E-01  -1.405642142887E-01
  -3.459251483626E-01   3.029567343381E-01  -4.214840217484E-01   3.097014653680E-01  -1.369325157633E-01
  -3.387585489587E-01   2.981848233397E-01  -4.138781598577E-01   3.056712131657E-01  -1.333907441470E-01
  -3.316983974772E-01   2.934431493073E-01  -4.063575728018E-01   3.016548126337E-01  -1.299366708563E-01
  -3.247446404232E-01   2.887333924951E-01  -3.989231008705E-01   2.976536370462E-01  -1.265681257462E-01
  -3.178971445373E-01   2.840571203534E-01  -3.915754860052E-01   2.936689766155E-01  -1.232829955120E-01
  -3.111557012970E-01   2.794157931754E-01  -3.843153767933E-01   2.897020434235E-01  -1.200792221267E-01
  -3.045200312252E-01   2.748107694678E-01  -3.771433332172E-01   2.857539760603E-01  -1.169548013133E-01
  -2.979897880111E-01   2.702433110573E-01  -3.700598311699E-01   2.818258439813E-01  -1.139077810531E-01
  -2.915645624476E-01   2.657145879421E-01  -3.630652667486E-01   2.779186515950E-01  -1.109362601295E-01
  -2.852438861968E-01   2.612256829031E-01  -3.561599603337E-01   2.740333420997E-01  -1.080383867078E-01
  -2.790272353837E-01   2.567775958802E-01  -3.493441604654E-01   2.701708010736E-01  -1.052123569507E-01
  -2.729140340204E-01   2.523712481286E-01  -3.426180475248E-01   2.663318598404E-01  -1.024564136692E-01
  -2.669036572795E-01   2.480074861633E-01  -3.359817372338E-01   2.625172986132E-01  -9.976884500984E-02
  -2.609954346592E-01   2.436870855171E-01  -3.294352840086E-01   2.587278494462E-01  -9.714798317585E-02
  -2.551886529047E-01   2.394107542779E-01  -3.229786840861E-01   2.549641989727E-01  -9.459220318406E-02
  -2.494825589091E-01   2.351791364789E-01  -3.166118785685E-01   2.512269909819E-01  -9.209992165533E-02
  -2.438763623774E-01   2.309928152869E-01  -3.103347562534E-01   2.475168288089E-01  -8.966959563964E-02
  -2.383692384010E-01   2.268523160366E-01  -3.041471563483E-01   2.438342775660E-01  -8.729972147397E-02
  -2.329603299740E-01   2.227581091310E-01  -2.980488710951E-01   2.401798662396E-01  -8.498883367316E-02
  -2.276487503167E-01   2.187106127716E-01  -2.920396482194E-01   2.365540896305E-01  -8.273550385294E-02
  -2.224335851065E-01   2.147101955536E-01  -2.861191932727E-01   2.329574101628E-01  -8.053833968441E-02
  -2.173138946112E-01   2.107571789353E-01  -2.802871718712E-01   2.293902595765E-01  -7.839598387944E-02
  -2.122887157207E-01   2.068518395809E-01  -2.745432118270E-01   2.258530405000E-01  -7.630711320653E-02
  -2.073570638815E-01   2.029944115864E-01  -2.688869051810E-01   2.223461279181E-01  -7.427043753579E-02
  -2.025179349399E-01   1.991850885958E-01  -2.633178101418E-01   2.188698705413E-01  -7.228469891307E-02
  -1.977703068961E-01   1.954240258106E-01  -2.578354529376E-01   2.154245920793E-01  -7.034867066195E-02
  -1.931131415761E-01   1.917113419020E-01  -2.524393295830E-01   2.120105924308E-01  -6.846115651368E-02
  -1.885453862232E-01   1.880471208298E-01  -2.471289075687E-01   2.086281487939E-01  -6.662098976260E-02
  -1.840659750131E-01   1.844314135716E-01  -2.419036274758E-01   2.052775166999E-01  -6.482703244900E-02
  -1.796738304963E-01   1.808642397701E-01  -2.367629045207E-01   2.019589309805E-01  -6.307817456622E-02
  -1.753678649710E-01   1.773455893019E-01  -2.317061300325E-01   1.986726066713E-01  -6.137333329252E-02
  -1.711469817903E-01   1.738754237703E-01  -2.267326728682E-01   1.954187398551E-01  -5.971145224688E-02
  -1.670100766051E-01   1.704536779296E-01  -2.218418807675E-01   1.921975084515E-01  -5.809150076767E-02
  -1.629560385470E-01   1.670802610426E-01  -2.170330816518E-01   1.890090729568E-01  -5.651247321422E-02
  -1.589837513531E-01   1.637550581742E-01  -2.123055848690E-01   1.858535771359E-01  -5.497338828952E-02
  -1.550920944358E-01   1.604779314272E-01  -2.076586823868E-01   1.827311486715E-01  -5.347328838416E-02
  -1.512799438991E-01   1.572487211215E-01  -2.030916499383E-01   1.796418997756E-01  -5.201123894127E-02
  -1.475461735053E-01   1.540672469190E-01  -1.986037481213E-01   1.765859277608E-01  -5.058632784036E-02
  -1.438896555918E-01   1.509333089001E-01  -1.941942234531E-01   1.735633155802E-01  -4.919766480089E-02
  -1.403092619438E-01   1.478466885912E-01  -1.898623093841E-01   1.705741323362E-01  -4.784438080412E-02
  -1.368038646203E-01   1.448071499474E-01  -1.856072272706E-01   1.676184337592E-01  -4.652562753291E-02
  -1.333723367392E-01   1.418144402925E-01  -1.814281873102E-01   1.646962626603E-01  -4.524057682893E-02
  -1.300135532219E-01   1.388682912186E-01  -1.773243894410E-01   1.618076493607E-01  -4.398842016691E-02
  -1.267263914977E-01   1.359684194469E-01  -1.732950242042E-01   1.589526120970E-01  -4.276836814406E-02
  -1.235097321721E-01   1.331145276516E-01  -1.693392735754E-01   1.561311574064E-01  -4.157964998652E-02
  -1.203624596598E-01   1.303063052506E-01  -1.654563117629E-01   1.533432804944E-01  -4.042151307021E-02
  -1.172834627815E-01   1.275434291608E-01  -1.616453059749E-01   1.505889655824E-01  -3.929322245632E-02
  -1.142716353302E-01   1.248255645244E-01  -1.579054171580E-01   1.478681862409E-01  -3.819406044109E-02
  -1.113258766052E-01   1.221523654045E-01  -1.542358007078E-01   1.451809057092E-01  -3.712332611926E-02
  -1.084450919150E-01   1.195234754512E-01  -1.506356071507E-01   1.425270771983E-01  -3.608033496063E-02
  -1.056281930534E-01   1.169385285423E-01  -1.471039828007E-01   1.399066441836E-01  -3.506441839942E-02
  -1.028740987461E-01   1.143971493983E-01  -1.436400703921E-01   1.373195406882E-01  -3.407492343588E-02
  -1.001817350719E-01   1.118989541710E-01  -1.402430096857E-01   1.347656915507E-01  -3.311121225018E-02
  -9.755003585739E-02   1.094435510104E-01  -1.369119380519E-01   1.322450126872E-01  -3.217266182674E-02
  -9.497794304891E-02   1.070305406092E-01  -1.336459910341E-01   1.297574113459E-01  -3.125866359081E-02
  -9.246440705954E-02   1.046595167254E-01  -1.304443028873E-01   1.273027863500E-01  -3.036862305527E-02
  -9.000838709374E-02   1.023300666835E-01  -1.273060070958E-01   1.248810283334E-01  -2.950195947765E-02
  -8.760885145179E-02   1.000417718591E-01  -1.242302368725E-01   1.224920199745E-01  -2.865810552715E-02
  -8.526477781279E-02   9.779420814282E-02  -1.212161256386E-01   1.201356362212E-01  -2.783650696151E-02
  -8.297515349703E-02   9.558694638548E-02  -1.182628074812E-01   1.178117445060E-01  -2.703662231294E-02
  -8.073897571044E-02   9.341955282817E-02  -1.153694175949E-01   1.155202049625E-01  -2.625792258314E-02
  -7.855525177129E-02   9.129158951646E-02  -1.125350927074E-01   1.132608706373E-01  -2.549989094696E-02
  -7.642299931820E-02   8.920261469631E-02  -1.097589714846E-01   1.110335876921E-01  -2.476202246441E-02
  -7.434124650139E-02   8.715218319572E-02  -1.070401949187E-01   1.088381956041E-01  -2.404382380074E-02
  -7.230903215916E-02   8.513984679398E-02  -1.043779067038E-01   1.066745273668E-01  -2.334481295462E-02
  -7.032540597857E-02   8.316515457576E-02  -1.017712535934E-01   1.045424096853E-01  -2.266451899307E-02
  -6.838942864032E-02   8.122765327019E-02  -9.921938574242E-02   1.024416631645E-01  -2.200248179435E-02
  -6.650017195012E-02   7.932688757872E-02  -9.672145703372E-02   1.003721024985E-01  -2.135825179796E-02
  -6.465671895738E-02   7.746240049183E-02  -9.427662539369E-02   9.833353665987E-02  -2.073138976089E-02
  -6.285816406019E-02   7.563373359210E-02  -9.188405309148E-02   9.632576908298E-02  -2.012146652077E-02
  -6.110361309724E-02   7.384042734489E-02  -8.954290702350E-02   9.434859784302E-02  -1.952806276522E-02
  -5.939218342852E-02   7.208202137989E-02  -8.725235898647E-02   9.240181583703E-02  -1.895076880741E-02
  -5.772300400521E-02   7.035805476232E-02  -8.501158593875E-02   9.048521096407E-02  -1.838918436746E-02
  -5.609521542800E-02   6.866806625236E-02  -8.281977024784E-02   8.859856630023E-02  -1.784291835959E-02
  -5.450796999448E-02   6.701159455422E-02  -8.067609992470E-02   8.674166027075E-02  -1.731158868481E-02
  -5.296043173718E-02   6.538817855693E-02  -7.857976884783E-02   8.491426682383E-02  -1.679482202884E-02
  -5.145177645248E-02   6.379735756627E-02  -7.652997697690E-02   8.311615560372E-02  -1.629225366535E-02
  -4.998119171996E-02   6.223867152647E-02  -7.452593055409E-02   8.134709211951E-02  -1.580352726404E-02
  -4.854787691253E-02   6.071166123284E-02  -7.256684229371E-02   7.960683791125E-02  -1.532829470364E-02
  -4.715104319864E-02   5.921586853665E-02  -7.065193156229E-02   7.789515071695E-02  -1.486621588972E-02
  -4.578991353706E-02   5.775083654287E-02  -6.878042454973E-02   7.621178463977E-02  -1.441695857661E-02
  -4.446372266381E-02   5.631610979883E-02  -6.695155442951E-02   7.455649031156E-02  -1.398019819386E-02
  -4.317171707129E-02   5.491123447463E-02  -6.516456150843E-02   7.292901505306E-02  -1.355561767726E-02
  -4.191315498075E-02   5.353575853652E-02  -6.341869336741E-02   7.132910303448E-02  -1.314290730371E-02
  -4.068730630875E-02   5.218923191409E-02  -6.171320499443E-02   6.975649543653E-02  -1.274176452987E-02
  -3.949345262729E-02   5.087120665999E-02  -6.004735890838E-02   6.821093060895E-02  -1.235189383495E-02
  -3.833088711757E-02   4.958123710183E-02  -5.842042527321E-02   6.669214422508E-02  -1.197300656703E-02
  -3.719891451785E-02   4.831887998754E-02  -5.683168200354E-02   6.519986943552E-02  -1.160482079312E-02
  -3.609685106665E-02   4.708369462526E-02  -5.528041486357E-02   6.373383702252E-02  -1.124706115264E-02
  -3.502402444100E-02   4.587524301725E-02  -5.376591755841E-02   6.229377555295E-02  -1.089945871435E-02
  -3.397977368942E-02   4.469308998658E-02  -5.228749181665E-02   6.087941152726E-02  -1.056175083646E-02
  -3.296344916007E-02   4.353680329758E-02  -5.084444746505E-02   5.949046952590E-02  -1.023368103005E-02
  -3.197441242492E-02   4.240595377120E-02  -4.943610249685E-02   5.812667235611E-02  -9.914998825549E-03
  -3.101203620019E-02   4.130011539545E-02  -4.806178313391E-02   5.678774119821E-02  -9.605459642177E-03
  -3.007570426284E-02   4.021886542993E-02  -4.672082388164E-02   5.547339574865E-02  -9.304824660338E-03
  -2.916481136305E-02   3.916178450411E-02  -4.541256757641E-02   5.418335435932E-02  -9.012860696863E-03
  -2.827876313312E-02   3.812845671058E-02  -4.413636542684E-02   5.291733417565E-02  -8.729340082949E-03
  -2.741697599389E-02   3.711846969422E-02  -4.289157704980E-02   5.167505127486E-02  -8.454040544840E-03
  -2.657887705804E-02   3.613141473669E-02  -4.167757050081E-02   5.045622080218E-02  -8.186745087086E-03
  -2.576390403045E-02   3.516688683515E-02  -4.049372229773E-02   4.926055710302E-02  -7.927241878354E-03
  -2.497150510555E-02   3.422448477593E-02  -3.933941743853E-02   4.808777385240E-02  -7.675324139607E-03
  -2.420113886254E-02   3.330381120435E-02  -3.821404941419E-02   4.693758418357E-02  -7.430790034647E-03
  -2.345227415869E-02   3.240447269064E-02  -3.711702021701E-02   4.580970081582E-02  -7.193442563199E-03
  -2.272439002036E-02   3.152607979145E-02  -3.604774034379E-02   4.470383617930E-02  -6.963089456146E-03
  -2.201697553198E-02   3.066824710635E-02  -3.500562879346E-02   4.361970253588E-02  -6.739543072948E-03
  -2.132952972301E-02   2.983059333018E-02  -3.399011305990E-02   4.255701209785E-02  -6.522620301206E-03
  -2.066156145360E-02   2.901274130213E-02  -3.300062912081E-02   4.151547714553E-02  -6.312142458346E-03
  -2.001258929889E-02   2.821431805127E-02  -3.203662142255E-02   4.049481014337E-02  -6.107935195338E-03
  -1.938214143201E-02   2.743495483806E-02  -3.109754286070E-02   3.949472385252E-02  -5.909828402435E-03
  -1.876975550547E-02   2.667428719158E-02  -3.018285475590E-02   3.851493143994E-02  -5.717656116820E-03
  -1.817497853163E-02   2.593195494332E-02  -2.929202682603E-02   3.755514658526E-02  -5.531256432162E-03
  -1.759736676225E-02   2.520760225809E-02  -2.842453715493E-02   3.661508358636E-02  -5.350471410033E-03
  -1.703648556747E-02   2.450087766171E-02  -2.757987215791E-02   3.569445746268E-02  -5.175146993121E-03
  -1.649190931393E-02   2.381143406528E-02  -2.675752654356E-02   3.479298405528E-02  -5.005132920212E-03
  -1.596322124211E-02   2.313892878571E-02  -2.595700327193E-02   3.391038012347E-02  -4.840282642873E-03
  -1.545001334318E-02   2.248302356343E-02  -2.517781350972E-02   3.304636343920E-02  -4.680453243857E-03
  -1.495188623561E-02   2.184338457746E-02  -2.441947658255E-02   3.220065287972E-02  -4.525505357142E-03
  -1.446844904158E-02   2.121968245774E-02  -2.368151992475E-02   3.137296851776E-02  -4.375303089553E-03
  -1.399931926308E-02   2.061159229449E-02  -2.296347902614E-02   3.056303170863E-02  -4.229713943980E-03
  -1.354412265786E-02   2.001879364455E-02  -2.226489737608E-02   2.977056517419E-02  -4.088608744147E-03
  -1.310249311525E-02   1.944097053507E-02  -2.158532640491E-02   2.899529308421E-02  -3.951861560854E-03
  -1.267407253220E-02   1.887781146508E-02  -2.092432542332E-02   2.823694113572E-02  -3.819349639721E-03
  -1.225851068956E-02   1.832900940466E-02  -2.028146155959E-02   2.749523663003E-02  -3.690953330369E-03
  -1.185546512838E-02   1.779426179158E-02  -1.965630969461E-02   2.676990854675E-02  -3.566556016998E-03
  -1.146460102664E-02   1.727327052555E-02  -1.904845239490E-02   2.606068761489E-02  -3.446044050374E-03
  -1.108559107616E-02   1.676574196011E-02  -1.845747984350E-02   2.536730638119E-02  -3.329306681140E-03
  -1.071811536005E-02   1.627138689266E-02  -1.788298976926E-02   2.468949927623E-02  -3.216235994483E-03
  -1.036186123064E-02   1.578992055247E-02  -1.732458737462E-02   2.402700267836E-02  -3.106726846093E-03
  -1.001652318809E-02   1.532106258678E-02  -1.678188526174E-02   2.337955497473E-02  -3.000676799411E-03
  -9.681802759368E-03   1.486453704476E-02  -1.625450335714E-02   2.274689661974E-02  -2.897986064089E-03
  -9.357408378009E-03   1.442007235963E-02  -1.574206883489E-02   2.212877019058E-02  -2.798557435714E-03
  -9.043055264524E-03   1.398740132900E-02  -1.524421603848E-02   2.152492044052E-02  -2.702296236715E-03
  -8.738465307632E-03   1.356626109371E-02  -1.476058640170E-02   2.093509434993E-02  -2.609110258443E-03
  -8.443366946300E-03   1.315639311506E-02  -1.429082836844E-02   2.035904117490E-02  -2.518909704415E-03
  -8.157495052674E-03   1.275754315050E-02  -1.383459731144E-02   1.979651249335E-02  -2.431607134720E-03
  -7.880590815808E-03   1.236946122758E-02  -1.339155545012E-02   1.924726224839E-02  -2.347117411533E-03
  -7.612401626265E-03   1.199190161645E-02  -1.296137176740E-02   1.871104678922E-02  -2.265357645684E-03
  -7.352680961794E-03   1.162462280116E-02  -1.254372192593E-02   1.818762490991E-02  -2.186247144333E-03
  -7.101188274055E-03   1.126738744986E-02  -1.213828818380E-02   1.767675788627E-02  -2.109707359679E-03
  -6.857688876406E-03   1.091996238375E-02  -1.174475930965E-02   1.717820951030E-02  -2.035661838728E-03
  -6.621953832604E-03   1.058211854457E-02  -1.136283049709E-02   1.669174612213E-02  -1.964036174047E-03
  -6.393759846596E-03   1.025363096086E-02  -1.099220327854E-02   1.621713663921E-02  -1.894757955539E-03
  -6.172889153397E-03   9.934278713218E-03  -1.063258543871E-02   1.575415258362E-02  -1.827756723181E-03
  -5.959129411324E-03   9.623844898867E-03  -1.028369092810E-02   1.530256810772E-02  -1.762963920747E-03
  -5.752273595430E-03   9.322116595498E-03  -9.945239776385E-03   1.486216001817E-02  -1.700312850455E-03
  -5.552119892081E-03   9.028884824045E-03  -9.616958005460E-03   1.443270779751E-02  -1.639738628546E-03
  -5.358471594472E-03   8.743944510077E-03  -9.298577541934E-03   1.401399362277E-02  -1.581178141770E-03
  -5.171136999341E-03   8.467094444274E-03  -8.989836129424E-03   1.360580238169E-02  -1.524570004782E-03
  -4.989929305056E-03   8.198137242448E-03  -8.690477241157E-03   1.320792168770E-02  -1.469854518416E-03
  -4.814666511274E-03   7.936879305572E-03  -8.400249993191E-03   1.282014189430E-02  -1.416973628808E-03
  -4.645171320030E-03   7.683130779510E-03  -8.118909058010E-03   1.244225610811E-02  -1.365870887387E-03
  -4.481271037713E-03   7.436705513421E-03  -7.846214577542E-03   1.207406019877E-02  -1.316491411680E-03
  -4.322797477953E-03   7.197421016680E-03  -7.581932075641E-03   1.171535280533E-02  -1.268781846941E-03
  -4.169586865713E-03   6.965098415021E-03  -7.325832370608E-03   1.136593534029E-02  -1.222690328603E-03
  -4.021479743082E-03   6.739562407099E-03  -7.077691488831E-03   1.102561199381E-02  -1.178166445506E-03
  -3.878320877105E-03   6.520641222186E-03  -6.837290580086E-03   1.069418973911E-02  -1.135161203914E-03
  -3.739959169052E-03   6.308166577841E-03  -6.604415833372E-03   1.037147833698E-02  -1.093626992301E-03
  -3.606247564257E-03   6.101973635734E-03  -6.378858391793E-03   1.005729033579E-02  -1.053517546828E-03
  -3.477042962493E-03   5.901900955222E-03  -6.160414266286E-03   9.751441066262E-03  -1.014787917624E-03
  -3.352206129395E-03   5.707790445979E-03  -5.948884249344E-03   9.453748633546E-03  -9.773944357528E-04
  -3.231601610136E-03   5.519487322422E-03  -5.744073831111E-03   9.164033911804E-03  -9.412946809319E-04
  -3.115097645820E-03   5.336840060965E-03  -5.545793118546E-03   8.882120543148E-03  -9.064474499523E-04
  -3.002566091490E-03   5.159700358080E-03  -5.353856755831E-03   8.607834937171E-03  -8.728127257364E-04
  -2.893882334396E-03   4.987923085831E-03  -5.168083843165E-03   8.341006264318E-03  -8.403516470713E-04
  -2.788925211607E-03   4.821366242862E-03  -4.988297852504E-03   8.081466439660E-03  -8.090264790015E-04
  -2.687576928227E-03   4.659890903495E-03  -4.814326542546E-03   7.829050101818E-03  -7.788005838888E-04
  -2.589722978396E-03   4.503361169814E-03  -4.646001877182E-03   7.583594596559E-03  -7.496383931686E-04
  -2.495252070097E-03   4.351644129573E-03  -4.483159949685E-03   7.344939970938E-03  -7.215053797078E-04
  -2.404056052852E-03   4.204609817967E-03  -4.325640910524E-03   7.112928973418E-03  -6.943680307574E-04
  -2.316029845296E-03   4.062131176457E-03  -4.173288893108E-03   6.887407047176E-03  -6.681938214637E-04
  -2.231071360424E-03   3.924084003510E-03  -4.025951933325E-03   6.668222306456E-03  -6.429511889449E-04
  -2.149081429528E-03   3.790346899026E-03  -3.883481884781E-03   6.455225499520E-03  -6.186095070023E-04
  -2.069963728412E-03   3.660801210746E-03  -3.745734336876E-03   6.248269974510E-03  -5.951390614738E-04
  -1.993624709433E-03   3.535330991212E-03  -3.612568542646E-03   6.047211664848E-03  -5.725110261838E-04
  -1.919973539265E-03   3.413822965610E-03  -3.483847356111E-03   5.851909094708E-03  -5.506974394096E-04
  -1.848922038068E-03   3.296166500833E-03  -3.359437170705E-03   5.662223385500E-03  -5.296711807872E-04
  -1.780384614648E-03   3.182253562895E-03  -3.239207848199E-03   5.478018238213E-03  -5.094059486623E-04
  -1.714278195942E-03   3.071978658188E-03  -3.123032634983E-03   5.299159882834E-03  -4.898762380119E-04
  -1.650522154914E-03   2.965238768053E-03  -3.010788074064E-03   5.125517013851E-03  -4.710573189564E-04
  -1.589038244784E-03   2.861933294820E-03  -2.902353928042E-03   4.956960747311E-03  -4.529252159488E-04
  -1.529750545202E-03   2.761964031212E-03  -2.797613123224E-03   4.793364622566E-03  -4.354566874468E-04
  -1.472585416792E-03   2.665235146685E-03  -2.696451708200E-03   4.634604635926E-03  -4.186292059498E-04
  -1.417471449822E-03   2.571653166974E-03  -2.598758802599E-03   4.480559260371E-03  -4.024209383215E-04
  -1.364339403586E-03   2.481126926708E-03  -2.504426524961E-03   4.331109410324E-03  -3.868107264513E-04
  -1.313122139965E-03   2.393567494167E-03  -2.413349903595E-03   4.186138349063E-03  -3.717780684616E-04
  -1.263754549437E-03   2.308888088080E-03  -2.325426776877E-03   4.045531581125E-03  -3.573031006524E-04
  -1.216173490067E-03   2.227004021923E-03  -2.240557718081E-03   3.909176798603E-03  -3.433665800759E-04
  -1.170317753253E-03   2.147832695204E-03  -2.158646005873E-03   3.776963917758E-03  -3.299498675756E-04
  -1.126128037010E-03   2.071293611294E-03  -2.079597611885E-03   3.648785168198E-03  -3.170349109510E-04
  -1.083546910304E-03   1.997308379105E-03  -2.003321171255E-03   3.524535148891E-03  -3.046042281671E-04
  -1.042518757449E-03   1.925800661289E-03  -1.929727910818E-03   3.404110775865E-03  -2.926408907569E-04
  -1.002989702180E-03   1.856696067501E-03  -1.858731534994E-03   3.287411118878E-03  -2.811285078298E-04
  -9.649075290597E-04   1.789922036313E-03  -1.790248105508E-03   3.174337214796E-03  -2.700512109354E-04
  -9.282216271377E-04   1.725407767635E-03  -1.724195964659E-03   3.064791981324E-03  -2.593936398043E-04
  -8.928829680212E-04   1.663084238659E-03  -1.660495726715E-03   2.958680297536E-03  -2.491409284638E-04
  -8.588441065596E-04   1.602884276629E-03  -1.599070313391E-03   2.855909197193E-03  -2.392786912750E-04
  -8.260591728127E-04   1.544742611988E-03  -1.539844970717E-03   2.756388021394E-03  -2.297930085749E-04
  -7.944838263086E-04   1.488595837497E-03  -1.482747208846E-03   2.660028380396E-03  -2.206704122221E-04
  -7.640751683915E-04   1.434382258854E-03  -1.427706656340E-03   2.566743895520E-03  -2.118978716982E-04
  -7.347916407070E-04   1.382041703933E-03  -1.374654885487E-03   2.476449856337E-03  -2.034627814090E-04
  -7.065929537410E-04   1.331515401324E-03  -1.323525297542E-03   2.389063017249E-03  -1.953529492205E-04
  -6.794400748295E-04   1.282746005915E-03  -1.274253127419E-03   2.304501691087E-03  -1.875565856909E-04
  -6.532952657512E-04   1.235677751954E-03  -1.226775548193E-03   2.222686100906E-03  -1.800622929732E-04
  -6.281221223837E-04   1.190256616046E-03  -1.181031779060E-03   2.143538751507E-03  -1.728590527457E-04
  -6.038855605127E-04   1.146430346244E-03  -1.136963082954E-03   2.066984527731E-03  -1.659362133503E-04
  -5.805517231037E-04   1.104148288713E-03  -1.094512603216E-03   1.992950378830E-03  -1.592834771087E-04
  -5.580878383441E-04   1.063361080774E-03  -1.053625098595E-03   1.921364727983E-03  -1.528908890569E-04
  -5.364620982159E-04   1.024020386831E-03  -1.014246718817E-03   1.852156967163E-03  -1.467488277478E-04
  -5.156436235979E-04   9.860788505194E-04  -9.763249563116E-04   1.785257393412E-03  -1.408479975204E-04
  -4.956025306645E-04   9.494903087125E-04  -9.398088052572E-04   1.720597682519E-03  -1.351794207805E-04
  -4.763100420984E-04   9.142101300430E-04  -9.046490121193E-04   1.658111618868E-03  -1.297344287836E-04
  -4.577385573732E-04   8.801954517278E-04  -8.707982437349E-04   1.597735620599E-03  -1.245046503712E-04
  -4.398615964701E-04   8.474050945966E-04  -8.382109925044E-04   1.539408598157E-03  -1.194819996827E-04
  -4.226536274464E-04   8.157991666316E-04  -8.068432413246E-04   1.483071168432E-03  -1.146586648548E-04
  -4.060898554969E-04   7.853385538694E-04  -7.766520468770E-04   1.428664631339E-03  -1.100270994657E-04
  -3.901460914860E-04   7.559846080674E-04  -7.475952868649E-04   1.376130352651E-03  -1.055800170567E-04
  -3.747987839490E-04   7.276992570957E-04  -7.196317384947E-04   1.325410007726E-03  -1.013103872059E-04
  -3.600251914641E-04   7.004454913647E-04  -6.927214531985E-04   1.276446618169E-03  -9.721143054381E-05
  -3.458035807942E-04   6.741879321248E-04  -6.668261935112E-04   1.229185779274E-03  -9.327661062709E-05
  -3.321133136763E-04   6.488931137481E-04  -6.419096295867E-04   1.183576275095E-03  -8.949962259638E-05
  -3.189347258822E-04   6.245292204084E-04  -6.179371190327E-04   1.139569591146E-03  -8.587438063633E-05
  -3.062488578195E-04   6.010654102479E-04  -5.948751408655E-04   1.097118486901E-03  -8.239500750572E-05
  -2.940371567733E-04   5.784710527398E-04  -5.726906920063E-04   1.056175431917E-03  -7.905582845428E-05
  -2.822813356056E-04   5.567153683803E-04  -5.513510032736E-04   1.016691866489E-03  -7.585136951705E-05
  -2.709634758626E-04   5.357677193796E-04  -5.308237653456E-04   9.786188235667E-04  -7.277635745798E-05
  -2.600663182754E-04   5.155984138397E-04  -5.110777535873E-04   9.419086441695E-04  -6.982571760772E-05
  -2.495735648964E-04   4.961795587403E-04  -4.920834831496E-04   9.065168116800E-04  -6.699456678758E-05
  -2.394699958424E-04   4.774854261303E-04  -4.738134758804E-04   8.724027675748E-04  -6.427820146758E-05
  -2.297413017261E-04   4.594920509269E-04  -4.562419243124E-04   8.395290979189E-04  -6.167208426801E-05
  -2.203737000415E-04   4.421762287132E-04  -4.393438914145E-04   8.078594314957E-04  -5.917183330884E-05
  -2.113535401131E-04   4.255144611144E-04  -4.230944780072E-04   7.773562052433E-04  -5.677321756991E-05
  -2.026671208062E-04   4.094824641213E-04  -4.074684373134E-04   7.479796131850E-04  -5.447215820962E-05
  -1.943008306960E-04   3.940555545510E-04  -3.924404771785E-04   7.196884290186E-04  -5.226473240252E-05
  -1.862415368113E-04   3.792097303400E-04  -3.779860997344E-04   6.924423291146E-04  -5.014717461141E-05
  -1.784770010160E-04   3.649228476706E-04  -3.640825092424E-04   6.662044481406E-04  -4.811587158987E-05
  -1.709960759488E-04   3.511752081415E-04  -3.507090537262E-04   6.409426879015E-04  -4.616735081276E-05
  -1.637885470891E-04   3.379491715060E-04  -3.378469058054E-04   6.166289317778E-04  -4.429826587977E-05
  -1.568446860214E-04   3.252279548460E-04  -3.254781140410E-04   5.932364866602E-04  -4.250538434520E-05
  -1.501547502294E-04   3.129942593806E-04  -3.135845273856E-04   5.707371216722E-04  -4.078558243131E-05
  -1.437087017681E-04   3.012294857394E-04  -3.021471834609E-04   5.490993536600E-04  -3.913584739297E-05
  -1.374962974937E-04   2.899139799097E-04  -2.911464997865E-04   5.282889602779E-04  -3.755328416110E-05
  -1.315075001925E-04   2.790281880636E-04  -2.805631681465E-04   5.082714847083E-04  -3.603512063254E-05
  -1.257329868685E-04   2.685541060498E-04  -2.703792722730E-04   4.890154151129E-04  -3.457870664829E-05
  -1.201644759253E-04   2.584762402257E-04  -2.605790215868E-04   4.704943298488E-04  -3.318150505474E-05
  -1.147946857552E-04   2.487815367182E-04  -2.511486835755E-04   4.526868006467E-04  -3.184107744054E-05
  -1.096169333565E-04   2.394582828631E-04  -2.420757223364E-04   4.355740301793E-04  -3.055507013487E-05
  -1.046245807964E-04   2.304945544034E-04  -2.333475905294E-04   4.191364576316E-04  -2.932120598675E-05
  -9.981062159491E-05   2.218770370263E-04  -2.249508156413E-04   4.033511497755E-04  -2.813728443771E-05
  -9.516761657495E-05   2.135908322694E-04  -2.168708489548E-04   3.881913402833E-04  -2.700118810455E-05
  -9.068799641859E-05   2.056203173165E-04  -2.090927267677E-04   3.736283030489E-04  -2.591089082240E-05
  -8.636456258430E-05   1.979505924138E-04  -2.016021813483E-04   3.596345566190E-04  -2.486446161827E-05
  -8.219092779651E-05   1.905687765799E-04  -1.943866316313E-04   3.461867719143E-04  -2.386006129015E-05
  -7.816167186215E-05   1.834644961377E-04  -1.874355509684E-04   3.332669148262E-04  -2.289593200709E-05
  -7.427213148119E-05   1.766293131542E-04  -1.807400203261E-04   3.208610307582E-04  -2.197038380846E-05
  -7.051793256849E-05   1.700553911852E-04  -1.742916978844E-04   3.089563020411E-04  -2.108178336985E-05
  -6.689450913979E-05   1.637340995550E-04  -1.680817444643E-04   2.975379275245E-04  -2.022854923739E-05
  -6.339684893938E-05   1.576552619819E-04  -1.621002452586E-04   2.865874114718E-04  -1.940915426631E-05
  -6.001957134544E-05   1.518073735436E-04  -1.563363735649E-04   2.760830143213E-04  -1.862213252380E-05
  -5.675727026473E-05   1.461786060401E-04  -1.507791558288E-04   2.660019915662E-04  -1.786608601994E-05
  -5.360493863341E-05   1.407580723126E-04  -1.454184317809E-04   2.563234489655E-04  -1.713968717173E-05
  -5.055826927263E-05   1.355367421019E-04  -1.402455470212E-04   2.470304457406E-04  -1.644167521459E-05
  -4.761369425970E-05   1.305075897931E-04  -1.352534607578E-04   2.381103809439E-04  -1.577084759249E-05
  -4.476815507977E-05   1.256649356903E-04  -1.304362416657E-04   2.295535483520E-04  -1.512604967918E-05
  -4.201872893181E-05   1.210033437275E-04  -1.257882280719E-04   2.213506581943E-04  -1.450616666658E-05
  -3.936229862270E-05   1.165166338537E-04  -1.213032756860E-04   2.134905852443E-04  -1.391012020686E-05
  -3.679541279627E-05   1.121974553263E-04  -1.169744309886E-04   2.059593703586E-04  -1.333687001854E-05
  -3.431437689613E-05   1.080375537583E-04  -1.127941303343E-04   1.987408018355E-04  -1.278541843977E-05
  -3.191550724438E-05   1.040285394979E-04  -1.087547773209E-04   1.918181585732E-04  -1.225481487689E-05
  -2.959541474908E-05   1.001627601368E-04  -1.048493960862E-04   1.851762160530E-04  -1.174415749902E-05
  -2.735118166854E-05   9.643385983461E-05  -1.010720462068E-04   1.788025554372E-04  -1.125259114627E-05
  -2.518035799051E-05   9.283679033415E-05  -9.741782633641E-05   1.726876236975E-04  -1.077930230101E-05
  -2.308080413802E-05   8.936734320596E-05  -9.388252310666E-05   1.668236897032E-04  -1.032351304008E-05
  -2.105047869963E-05   8.602150141784E-05  -9.046212809845E-05   1.612033687857E-04  -9.884475935262E-06
  -1.908726801868E-05   8.279491308226E-05  -8.715244436676E-05   1.558184074959E-04  -9.461471024308E-06
  -1.718890956601E-05   7.968265355217E-05  -8.394890433586E-05   1.506591175512E-04  -9.053805162849E-06
  -1.535302324106E-05   7.667932248875E-05  -8.084663711697E-05   1.457145831781E-04  -8.660813271051E-06
  -1.357723292048E-05   7.377942403357E-05  -7.784074911998E-05   1.409735370702E-04  -8.281860249433E-06
  -1.185931743788E-05   7.097784602978E-05  -7.492667759953E-05   1.364254807727E-04  -7.916342101831E-06
  -1.019730568352E-05   6.827017375743E-05  -7.210041597560E-05   1.320614261195E-04  -7.563685407835E-06
  -8.589466239961E-06   6.565267517062E-05  -6.935849315444E-05   1.278738710092E-04  -7.223345400454E-06
  -7.034219797328E-06   6.312203286036E-05  -6.669777322091E-05   1.238561867580E-04  -6.894803613463E-06
  -5.530049881371E-06   6.067505667143E-05  -6.411525290633E-05   1.200019660544E-04  -6.577565729685E-06
  -4.075460647484E-06   5.830854200234E-05  -6.160796804042E-05   1.163047083428E-04  -6.271159673096E-06
  -2.668969522455E-06   5.601924789414E-05  -5.917297683761E-05   1.127577702089E-04  -5.975133768499E-06
  -1.309106553629E-06   5.380390404678E-05  -5.680735514433E-05   1.093543712269E-04  -5.689055243987E-06
   5.575586201541E-09   5.165924983078E-05  -5.450821809437E-05   1.060876791470E-04  -5.412509525121E-06
   1.276469755353E-06   4.958213945419E-05  -5.227279679443E-05   1.029510624800E-04  -5.145100237724E-06
   2.504881143808E-06   4.756965527092E-05  -5.009851820931E-05   9.993836251785E-05  -4.886449383301E-06
   3.692021770493E-06   4.561913910356E-05  -4.798301589285E-05   9.704396019452E-05  -4.636197301714E-06
   4.839036215983E-06   4.372812056746E-05  -4.592406609252E-05   9.426259712967E-05  -4.394002306763E-06
   5.947041289323E-06   4.189418525724E-05  -4.391949613068E-05   9.158907150606E-05  -4.159540157503E-06
   7.017147740063E-06   4.011488946449E-05  -4.196714105163E-05   8.901806256508E-05  -3.932503518002E-06
   8.050434390436E-06   3.838783635416E-05  -4.006491244479E-05   8.654433585122E-05  -3.712601257492E-06
   9.047895003519E-06   3.671085822376E-05  -3.821092645385E-05   8.416318258706E-05  -3.499557059897E-06
   1.001041762204E-05   3.508209968141E-05  -3.640355082893E-05   8.187061132875E-05  -3.293107266473E-06
   1.093882091238E-05   3.349990563485E-05  -3.464131693933E-05   7.966307697969E-05  -3.092998823426E-06
   1.183391658833E-05   3.196261414448E-05  -3.292277032479E-05   7.753698512519E-05  -2.898988430102E-06
   1.269654580572E-05   3.046843705352E-05  -3.124638059526E-05   7.548839682476E-05  -2.710843155256E-06
   1.352755256815E-05   2.901555701709E-05  -2.961060007409E-05   7.351324506185E-05  -2.528341656089E-06
   1.432772827314E-05   2.760231997002E-05  -2.801399562982E-05   7.160779344570E-05  -2.351274561283E-06
   1.509781484123E-05   2.622722097079E-05  -2.645524569459E-05   6.976861789952E-05  -2.179443608042E-06
   1.583856820407E-05   2.488867966157E-05  -2.493299322686E-05   6.799208565447E-05  -2.012660781661E-06
   1.655077179881E-05   2.358498860232E-05  -2.344581691254E-05   6.627424347693E-05  -1.850748466418E-06
   1.723514865593E-05   2.231461551742E-05  -2.199244639790E-05   6.461155826486E-05  -1.693539613728E-06
   1.789227307948E-05   2.107651379540E-05  -2.057197860791E-05   6.300167842614E-05  -1.540876276089E-06
   1.852260482403E-05   1.987001434771E-05  -1.918379453196E-05   6.144317163656E-05  -1.392606835683E-06
   1.912662831568E-05   1.869435316363E-05  -1.782721558807E-05   5.993435942097E-05  -1.248584219418E-06
   1.970494705035E-05   1.754834841919E-05  -1.650126600425E-05   5.847250522882E-05  -1.108666727959E-06
   2.025822162895E-05   1.643061302483E-05  -1.520482101661E-05   5.705432371097E-05  -9.727202806433E-07
   2.078702957169E-05   1.534003603154E-05  -1.393695445789E-05   5.567717519769E-05  -8.406193462394E-07
   2.129182989855E-05   1.427590386640E-05  -1.269703219328E-05   5.433938622877E-05  -7.122454690434E-07
   2.177307292088E-05   1.323752160083E-05  -1.148444356074E-05   5.303932373970E-05  -5.874852685622E-07
   2.223129988978E-05   1.222386943559E-05  -1.029835245229E-05   5.177453766411E-05  -4.662302353046E-07
   2.266709512582E-05   1.123376812621E-05  -9.137814996846E-06   5.054216839970E-05  -3.483781539194E-07
   2.308094151785E-05   1.026637888156E-05  -8.002143502993E-06   4.934020672284E-05  -2.338337054060E-07
   2.347316385891E-05   9.321402165030E-06  -6.891052520180E-06   4.816800691290E-05  -1.225066438077E-07
   2.384405344827E-05   8.398650873026E-06  -5.804344222836E-06   4.702520998886E-05  -1.430919954016E-08
   2.419402479475E-05   7.497510388371E-06  -4.741507339215E-06   4.591036264426E-05   9.084435960489E-08
   2.452360663726E-05   6.616968501826E-06  -3.701735733449E-06   4.482097958946E-05   1.930357350971E-07
   2.483329061643E-05   5.756136010437E-06  -2.684312930137E-06   4.375486720985E-05   2.923408185613E-07
   2.512342750303E-05   4.914603319836E-06  -1.688880075041E-06   4.271104522152E-05   3.888302338843E-07
   2.539428805901E-05   4.092231325008E-06  -7.152850096220E-07   4.168922888061E-05   4.825715341716E-07
   2.564619654223E-05   3.288694365464E-06   2.367586951878E-07   4.068866255721E-05   5.736306187682E-07
   2.587957143094E-05   2.503341973023E-06   1.167779895682E-06   3.970775323310E-05   6.620711999820E-07
   2.609484570498E-05   1.735472856517E-06   2.078347045809E-06   3.874476845533E-05   7.479534892763E-07
   2.629236929644E-05   9.846698450343E-07   2.968814048986E-06   3.779870987730E-05   8.313338295846E-07
   2.647240565966E-05   2.508114554852E-07   3.839308764861E-06   3.686935302762E-05   9.122657848383E-07
   2.663522644704E-05  -4.662536149214E-07   4.689980105596E-06   3.595639855160E-05   9.908014945996E-07
   2.678118877184E-05  -1.166969638292E-06   5.521201645178E-06   3.505877951843E-05   1.066991793328E-06
   2.691070667232E-05  -1.851973516129E-06   6.333498279461E-06   3.417492033251E-05   1.140885055748E-06
   2.702414523131E-05  -2.521736706020E-06   7.127269649664E-06   3.330367297603E-05   1.212526244966E-06
   2.712176051620E-05  -3.176367657287E-06   7.902631328620E-06   3.244484029418E-05   1.281957514021E-06
   2.720377220374E-05  -3.815856356829E-06   8.659602533445E-06   3.159854457684E-05   1.349219774395E-06
   2.727045995947E-05  -4.440392194802E-06   9.398359275013E-06   3.076439330442E-05   1.414353369408E-06
   2.732214976309E-05  -5.050316970329E-06   1.011920105743E-05   2.994159452863E-05   1.477397562820E-06
   2.735915043082E-05  -5.645916132667E-06   1.082238458460E-05   2.912950451039E-05   1.538390150611E-06
   2.738174994099E-05  -6.227406976362E-06   1.150811316483E-05   2.832766268710E-05   1.597367545755E-06
   2.739023905312E-05  -6.795015676816E-06   1.217659901326E-05   2.753558921691E-05   1.654364671777E-06
   2.738489562891E-05  -7.348926735715E-06   1.282802195602E-05   2.675291865655E-05   1.709414939476E-06
   2.736599366251E-05  -7.889312436012E-06   1.346255348036E-05   2.597932212177E-05   1.762550790391E-06
   2.733384351309E-05  -8.416459214745E-06   1.408046430096E-05   2.521417021870E-05   1.813803846911E-06
   2.728875836089E-05  -8.930660757490E-06   1.468203572380E-05   2.445681631601E-05   1.863204260448E-06
   2.723098138838E-05  -9.431995803137E-06   1.526736482071E-05   2.370719157005E-05   1.910780627695E-06
   2.716072032464E-05  -9.920439106412E-06   1.583645543774E-05   2.296551292892E-05   1.956560930361E-06
   2.707823122011E-05  -1.039611403085E-05   1.638944263539E-05   2.223160688333E-05   2.000572972798E-06
   2.698379537251E-05  -1.085921794317E-05   1.692653196172E-05   2.150510650542E-05   2.042843947844E-06
   2.687765955533E-05  -1.130984410330E-05   1.744783903536E-05   2.078593000253E-05   2.083400373505E-06
   2.676006121072E-05  -1.174806330474E-05   1.795345741268E-05   2.007406136866E-05   2.122268503309E-06
   2.663127472264E-05  -1.217406310785E-05   1.844358404938E-05   1.936917333284E-05   2.159474253519E-06
   2.649158559182E-05  -1.258806357256E-05   1.891844959686E-05   1.867085524567E-05   2.195042694418E-06
   2.634124435109E-05  -1.299017759420E-05   1.937819324053E-05   1.797899277128E-05   2.228998006936E-06
   2.618048940682E-05  -1.338048091377E-05   1.982292458534E-05   1.729357868776E-05   2.261364006762E-06
   2.600959052182E-05  -1.375913818493E-05   2.025284217743E-05   1.661436980347E-05   2.292164225617E-06
   2.582880487139E-05  -1.412628481674E-05   2.066811475617E-05   1.594120659541E-05   2.321421487954E-06
   2.563834021125E-05  -1.448193206311E-05   2.106878090555E-05   1.527427206331E-05   2.349158127127E-06
   2.543841921007E-05  -1.482613544842E-05   2.145492349752E-05   1.461363532995E-05   2.375396491251E-06
   2.522929799164E-05  -1.515903534738E-05   2.182672041873E-05   1.395914073096E-05   2.400158763836E-06
   2.501121392328E-05  -1.548072223793E-05   2.218430300101E-05   1.331077346886E-05   2.423466768389E-06
   2.478439093088E-05  -1.579125724547E-05   2.252777066600E-05   1.266860356468E-05   2.445342155618E-06
   2.454906360550E-05  -1.609073763989E-05   2.285725641948E-05   1.203260814363E-05   2.465806458653E-06
   2.430546866036E-05  -1.637927368561E-05   2.317290350140E-05   1.140273486030E-05   2.484881051742E-06
   2.405384544047E-05  -1.665698315011E-05   2.347486690197E-05   1.077891661507E-05   2.502587148835E-06
   2.379443264039E-05  -1.692397663512E-05   2.376330489382E-05   1.016111046963E-05   2.518945721337E-06
   2.352746056467E-05  -1.718034153142E-05   2.403835834945E-05   9.549340700178E-06   2.533977512944E-06
   2.325316557234E-05  -1.742618398150E-05   2.430018966710E-05   8.943585620723E-06   2.547703095626E-06
   2.297177175881E-05  -1.766159422836E-05   2.454893303716E-05   8.343871745292E-06   2.560142786584E-06
   2.268348126846E-05  -1.788662433290E-05   2.478466866490E-05   7.750333322718E-06   2.571316801085E-06
   2.238851031756E-05  -1.810135927637E-05   2.500752022815E-05   7.163019996249E-06   2.581245401453E-06
   2.208708251609E-05  -1.830589807785E-05   2.521763703507E-05   6.581947523146E-06   2.589948778169E-06
   2.177941550966E-05  -1.850032812998E-05   2.541515831152E-05   6.007166427252E-06   2.597447028166E-06
   2.146573289257E-05  -1.868475362750E-05   2.560024459924E-05   5.438686677409E-06   2.603760157990E-06
   2.114625166795E-05  -1.885927375693E-05   2.577304403283E-05   4.876536351899E-06   2.608908047212E-06
   2.082117490092E-05  -1.902396925430E-05   2.593367339319E-05   4.320796355623E-06   2.612910501327E-06
   2.049070039599E-05  -1.917891853859E-05   2.608224146091E-05   3.771557053460E-06   2.615787334167E-06
   2.015503790494E-05  -1.932422171037E-05   2.621889452155E-05   3.228854807631E-06   2.617558396141E-06
   1.981441633246E-05  -1.946000172702E-05   2.634383571908E-05   2.692668280151E-06   2.618243477718E-06
