# 1st line: number of mesh points
# rho and r_seitz are calculated from total density
# zeta and r_seitz only correct of rho > 1d-12

# abcissa weight rho drho ddrho zeta r_seitz
500
  9.830308526508E-006  1.966074589941E-005  3.679639056672E+000 -7.560734005520E+000  1.561023383382E+001  1.404207825014E-013  9.341974516510E-001
  3.932200719717E-005  3.932303800261E-005  3.679416084572E+000 -7.560273646747E+000  1.560931562674E+001  1.412138131654E-013  9.342163220148E-001
  8.847741541455E-005  5.898842277178E-005  3.679044475092E+000 -7.559506402078E+000  1.560778530597E+001  1.406245379685E-013  9.342477751051E-001
  1.573003992804E-004  7.865844718600E-005  3.678524244267E+000 -7.558432301446E+000  1.560564290808E+001  1.397993518210E-013  9.342918146481E-001
  2.457963722417E-004  9.833465899987E-005  3.677855414551E+000 -7.557051386774E+000  1.560288848428E+001  1.404285086935E-013  9.343484458624E-001
  3.539722959954E-004  1.180186070023E-004  3.677038014822E+000 -7.555363711986E+000  1.559952210051E+001  1.402181784789E-013  9.344176754595E-001
  4.818366816528E-004  1.377118412759E-004  3.676072080393E+000 -7.553369343024E+000  1.559554383744E+001  1.397718011399E-013  9.344995116459E-001
  6.293995911626E-004  1.574159134560E-004  3.674957653014E+000 -7.551068357875E+000  1.559095379056E+001  1.393308188292E-013  9.345939641255E-001
  7.966726389934E-004  1.771323769912E-004  3.673694780891E+000 -7.548460846591E+000  1.558575207024E+001  1.391369482288E-013  9.347010441014E-001
  9.836689940782E-004  1.968627874036E-004  3.672283518691E+000 -7.545546911322E+000  1.557993880181E+001  1.396136736617E-013  9.348207642794E-001
  1.190403382016E-003  2.166087025496E-004  3.670723927559E+000 -7.542326666350E+000  1.557351412567E+001  1.391285755633E-013  9.349531388711E-001
  1.416892087541E-003  2.363716828821E-004  3.669016075134E+000 -7.538800238127E+000  1.556647819736E+001  1.385276298237E-013  9.350981835973E-001
  1.663152957245E-003  2.561532917128E-004  3.667160035563E+000 -7.534967765315E+000  1.555883118772E+001  1.377500494403E-013  9.352559156924E-001
  1.929205402573E-003  2.759550954757E-004  3.665155889524E+000 -7.530829398833E+000  1.555057328296E+001  1.375224597187E-013  9.354263539088E-001
  2.215070403074E-003  2.957786639908E-004  3.663003724240E+000 -7.526385301910E+000  1.554170468486E+001  1.379669688745E-013  9.356095185215E-001
  2.520770509919E-003  3.156255707300E-004  3.660703633508E+000 -7.521635650133E+000  1.553222561086E+001  1.374470935463E-013  9.358054313335E-001
  2.846329849692E-003  3.354973930828E-004  3.658255717715E+000 -7.516580631509E+000  1.552213629426E+001  1.372355817841E-013  9.360141156816E-001
  3.191774128432E-003  3.553957126240E-004  3.655660083869E+000 -7.511220446525E+000  1.551143698437E+001  1.364826640935E-013  9.362355964421E-001
  3.557130635959E-003  3.753221153821E-004  3.652916845623E+000 -7.505555308216E+000  1.550012794669E+001  1.358557320028E-013  9.364699000375E-001
  3.942428250463E-003  3.952781921092E-004  3.650026123302E+000 -7.499585442232E+000  1.548820946311E+001  1.357199912694E-013  9.367170544434E-001
  4.347697443358E-003  4.152655385525E-004  3.646988043936E+000 -7.493311086914E+000  1.547568183211E+001  1.345544791956E-013  9.369770891955E-001
  4.772970284417E-003  4.352857557265E-004  3.643802741287E+000 -7.486732493370E+000  1.546254536896E+001  1.341236642430E-013  9.372500353974E-001
  5.218280447175E-003  4.553404501876E-004  3.640470355888E+000 -7.479849925558E+000  1.544880040598E+001  1.330875630295E-013  9.375359257288E-001
  5.683663214611E-003  4.754312343099E-004  3.636991035071E+000 -7.472663660369E+000  1.543444729273E+001  1.329706740719E-013  9.378347944542E-001
  6.169155485101E-003  4.955597265624E-004  3.633364933007E+000 -7.465173987722E+000  1.541948639628E+001  1.324922523208E-013  9.381466774311E-001
  6.674795778653E-003  5.157275517886E-004  3.629592210743E+000 -7.457381210652E+000  1.540391810149E+001  1.326299692987E-013  9.384716121204E-001
  7.200624243425E-003  5.359363414876E-004  3.625673036242E+000 -7.449285645411E+000  1.538774281122E+001  1.306298548079E-013  9.388096375953E-001
  7.746682662519E-003  5.561877340970E-004  3.621607584421E+000 -7.440887621566E+000  1.537096094667E+001  1.300407612000E-013  9.391607945521E-001
  8.313014461060E-003  5.764833752781E-004  3.617396037200E+000 -7.432187482109E+000  1.535357294763E+001  1.297624838377E-013  9.395251253207E-001
  8.899664713569E-003  5.968249182030E-004  3.613038583536E+000 -7.423185583563E+000  1.533557927280E+001  1.290585914215E-013  9.399026738758E-001
  9.506680151615E-003  6.172140238444E-004  3.608535419477E+000 -7.413882296094E+000  1.531698040011E+001  1.278043834460E-013  9.402934858484E-001
  1.013410917176E-002  6.376523612666E-004  3.603886748209E+000 -7.404278003633E+000  1.529777682702E+001  1.268602132872E-013  9.406976085379E-001
  1.078200184380E-002  6.581416079202E-004  3.599092780097E+000 -7.394373103993E+000  1.527796907087E+001  1.263505496166E-013  9.411150909247E-001
  1.145040991929E-002  6.786834499385E-004  3.594153732745E+000 -7.384168008994E+000  1.525755766921E+001  1.258446059531E-013  9.415459836831E-001
  1.213938684040E-002  6.992795824361E-004  3.589069831041E+000 -7.373663144595E+000  1.523654318020E+001  1.254660622352E-013  9.419903391945E-001
  1.284898774901E-002  7.199317098113E-004  3.583841307214E+000 -7.362858951023E+000  1.521492618292E+001  1.241621350181E-013  9.424482115621E-001
  1.357926949620E-002  7.406415460502E-004  3.578468400887E+000 -7.351755882912E+000  1.519270727778E+001  1.234178060889E-013  9.429196566243E-001
  1.433029065191E-002  7.614108150341E-004  3.572951359133E+000 -7.340354409441E+000  1.516988708691E+001  1.224897493184E-013  9.434047319705E-001
  1.510211151509E-002  7.822412508494E-004  3.567290436538E+000 -7.328655014484E+000  1.514646625457E+001  1.213769911104E-013  9.439034969560E-001
  1.589479412397E-002  8.031345981016E-004  3.561485895254E+000 -7.316658196749E+000  1.512244544751E+001  1.203278912536E-013  9.444160127181E-001
  1.670840226680E-002  8.240926122311E-004  3.555538005063E+000 -7.304364469938E+000  1.509782535548E+001  1.192177246308E-013  9.449423421928E-001
  1.754300149280E-002  8.451170598329E-004  3.549447043441E+000 -7.291774362899E+000  1.507260669157E+001  1.192346333971E-013  9.454825501312E-001
  1.839865912351E-002  8.662097189796E-004  3.543213295618E+000 -7.278888419787E+000  1.504679019272E+001  1.176897164404E-013  9.460367031176E-001
  1.927544426443E-002  8.873723795480E-004  3.536837054650E+000 -7.265707200227E+000  1.502037662015E+001  1.163951550976E-013  9.466048695870E-001
  2.017342781695E-002  9.086068435487E-004  3.530318621480E+000 -7.252231279478E+000  1.499336675984E+001  1.151005534006E-013  9.471871198444E-001
  2.109268249069E-002  9.299149254598E-004  3.523658305008E+000 -7.238461248610E+000  1.496576142299E+001  1.140578058727E-013  9.477835260832E-001
  2.203328281612E-002  9.512984525641E-004  3.516856422163E+000 -7.224397714673E+000  1.493756144651E+001  1.132682070059E-013  9.483941624053E-001
  2.299530515754E-002  9.727592652906E-004  3.509913297974E+000 -7.210041300880E+000  1.490876769355E+001  1.121005012159E-013  9.490191048415E-001
  2.397882772639E-002  9.942992175591E-004  3.502829265642E+000 -7.195392646784E+000  1.487938105395E+001  1.108692387103E-013  9.496584313722E-001
  2.498393059493E-002  1.015920177130E-003  3.495604666615E+000 -7.180452408469E+000  1.484940244484E+001  1.097644367439E-013  9.503122219488E-001
  2.601069571024E-002  1.037624025957E-003  3.488239850662E+000 -7.165221258733E+000  1.481883281110E+001  1.090413573953E-013  9.509805585162E-001
  2.705920690860E-002  1.059412660547E-003  3.480735175954E+000 -7.149699887287E+000  1.478767312594E+001  1.076816460220E-013  9.516635250349E-001
  2.812954993023E-002  1.081287992318E-003  3.473091009140E+000 -7.133889000950E+000  1.475592439145E+001  1.070235901295E-013  9.523612075048E-001
  2.922181243436E-002  1.103251947969E-003  3.465307725427E+000 -7.117789323847E+000  1.472358763915E+001  1.060465188862E-013  9.530736939891E-001
  3.033608401473E-002  1.125306469854E-003  3.457385708664E+000 -7.101401597613E+000  1.469066393059E+001  1.042343620760E-013  9.538010746389E-001
  3.147245621542E-002  1.147453516351E-003  3.449325351421E+000 -7.084726581604E+000  1.465715435791E+001  1.025467358421E-013  9.545434417182E-001
  3.263102254705E-002  1.169695062249E-003  3.441127055076E+000 -7.067765053102E+000  1.462306004444E+001  1.018231471735E-013  9.553008896304E-001
  3.381187850339E-002  1.192033099133E-003  3.432791229901E+000 -7.050517807534E+000  1.458838214533E+001  1.006473688973E-013  9.560735149445E-001
  3.501512157837E-002  1.214469635775E-003  3.424318295147E+000 -7.032985658686E+000  1.455312184813E+001  9.823782355110E-014  9.568614164229E-001
  3.624085128345E-002  1.237006698530E-003  3.415708679132E+000 -7.015169438929E+000  1.451728037346E+001  9.842043436268E-014  9.576646950488E-001
  3.748916916538E-002  1.259646331739E-003  3.406962819333E+000 -6.997069999436E+000  1.448085897561E+001  9.691339325745E-014  9.584834540559E-001
  3.876017882444E-002  1.282390598136E-003  3.398081162475E+000 -6.978688210415E+000  1.444385894319E+001  9.559843967020E-014  9.593177989572E-001
  4.005398593302E-002  1.305241579266E-003  3.389064164624E+000 -6.960024961342E+000  1.440628159984E+001  9.388725128870E-014  9.601678375756E-001
  4.137069825459E-002  1.328201375897E-003  3.379912291279E+000 -6.941081161186E+000  1.436812830484E+001  9.295895540829E-014  9.610336800753E-001
  4.271042566323E-002  1.351272108452E-003  3.370626017467E+000 -6.921857738657E+000  1.432940045379E+001  9.156815358523E-014  9.619154389929E-001
  4.407328016341E-002  1.374455917436E-003  3.361205827841E+000 -6.902355642440E+000  1.429009947934E+001  9.017325961181E-014  9.628132292710E-001
  4.545937591035E-002  1.397754963880E-003  3.351652216774E+000 -6.882575841440E+000  1.425022685188E+001  8.877405868975E-014  9.637271682910E-001
  4.686882923075E-002  1.421171429779E-003  3.341965688459E+000 -6.862519325030E+000  1.420978408019E+001  8.717100916617E-014  9.646573759080E-001
  4.830175864396E-002  1.444707518548E-003  3.332146757006E+000 -6.842187103298E+000  1.416877271226E+001  8.636168481410E-014  9.656039744855E-001
  4.975828488365E-002  1.468365455478E-003  3.322195946546E+000 -6.821580207304E+000  1.412719433591E+001  8.448158541553E-014  9.665670889319E-001
  5.123853091993E-002  1.492147488203E-003  3.312113791330E+000 -6.800699689331E+000  1.408505057960E+001  8.286162522729E-014  9.675468467373E-001
  5.274262198188E-002  1.516055887169E-003  3.301900835833E+000 -6.779546623146E+000  1.404234311316E+001  8.177297048376E-014  9.685433780116E-001
  5.427068558066E-002  1.540092946119E-003  3.291557634855E+000 -6.758122104259E+000  1.399907364854E+001  8.061329386296E-014  9.695568155231E-001
  5.582285153302E-002  1.564260982573E-003  3.281084753629E+000 -6.736427250190E+000  1.395524394054E+001  7.965246850381E-014  9.705872947384E-001
  5.739925198530E-002  1.588562338332E-003  3.270482767926E+000 -6.714463200733E+000  1.391085578767E+001  7.760229954988E-014  9.716349538633E-001
  5.900002143803E-002  1.612999379973E-003  3.259752264160E+000 -6.692231118224E+000  1.386591103285E+001  7.629106059695E-014  9.726999338844E-001
  6.062529677088E-002  1.637574499364E-003  3.248893839495E+000 -6.669732187816E+000  1.382041156423E+001  7.456404423816E-014  9.737823786122E-001
  6.227521726827E-002  1.662290114181E-003  3.237908101959E+000 -6.646967617750E+000  1.377435931602E+001  7.323976795897E-014  9.748824347247E-001
  6.394992464542E-002  1.687148668440E-003  3.226795670546E+000 -6.623938639633E+000  1.372775626923E+001  7.184048548774E-014  9.760002518123E-001
  6.564956307496E-002  1.712152633027E-003  3.215557175330E+000 -6.600646508715E+000  1.368060445256E+001  7.057239969931E-014  9.771359824240E-001
  6.737427921404E-002  1.737304506249E-003  3.204193257578E+000 -6.577092504170E+000  1.363290594318E+001  6.922883312219E-014  9.782897821146E-001
  6.912422223211E-002  1.762606814387E-003  3.192704569857E+000 -6.553277929382E+000  1.358466286756E+001  6.746107009423E-014  9.794618094928E-001
  7.089954383907E-002  1.788062112257E-003  3.181091776150E+000 -6.529204112223E+000  1.353587740234E+001  6.589250540358E-014  9.806522262707E-001
  7.270039831418E-002  1.813672983787E-003  3.169355551967E+000 -6.504872405346E+000  1.348655177514E+001  6.431495109302E-014  9.818611973147E-001
  7.452694253540E-002  1.839442042599E-003  3.157496584463E+000 -6.480284186471E+000  1.343668826545E+001  6.300940022922E-014  9.830888906971E-001
  7.637933600943E-002  1.865371932600E-003  3.145515572547E+000 -6.455440858676E+000  1.338628920546E+001  6.169639927973E-014  9.843354777495E-001
  7.825774090225E-002  1.891465328589E-003  3.133413227000E+000 -6.430343850686E+000  1.333535698094E+001  6.030483217565E-014  9.856011331171E-001
  8.016232207035E-002  1.917724936867E-003  3.121190270590E+000 -6.404994617171E+000  1.328389403213E+001  5.869132708417E-014  9.868860348146E-001
  8.209324709253E-002  1.944153495867E-003  3.108847438190E+000 -6.379394639036E+000  1.323190285458E+001  5.671021811643E-014  9.881903642833E-001
  8.405068630235E-002  1.970753776782E-003  3.096385476891E+000 -6.353545423719E+000  1.317938600007E+001  5.550424050707E-014  9.895143064494E-001
  8.603481282122E-002  1.997528584221E-003  3.083805146121E+000 -6.327448505489E+000  1.312634607749E+001  5.371457255735E-014  9.908580497844E-001
  8.804580259214E-002  2.024480756857E-003  3.071107217763E+000 -6.301105445743E+000  1.307278575373E+001  5.285214572171E-014  9.922217863662E-001
  9.008383441408E-002  2.051613168108E-003  3.058292476269E+000 -6.274517833304E+000  1.301870775459E+001  5.125850202146E-014  9.936057119418E-001
  9.214908997710E-002  2.078928726810E-003  3.045361718783E+000 -6.247687284722E+000  1.296411486569E+001  4.965333839370E-014  9.950100259923E-001
  9.424175389809E-002  2.106430377918E-003  3.032315755254E+000 -6.220615444574E+000  1.290900993334E+001  4.913470163737E-014  9.964349317983E-001
  9.636201375725E-002  2.134121103210E-003  3.019155408557E+000 -6.193303985764E+000  1.285339586553E+001  4.692188336535E-014  9.978806365077E-001
  9.851006013526E-002  2.162003922007E-003  3.005881514610E+000 -6.165754609824E+000  1.279727563278E+001  4.528233802879E-014  9.993473512052E-001
  1.006860866512E-001  2.190081891910E-003  2.992494922492E+000 -6.137969047218E+000  1.274065226906E+001  4.422349509791E-014  1.000835290983E+000
  1.028902900012E-001  2.218358109541E-003  2.978996494561E+000 -6.109949057639E+000  1.268352887277E+001  4.300768304886E-014  1.002344675013E+000
  1.051228699979E-001  2.246835711311E-003  2.965387106573E+000 -6.081696430314E+000  1.262590860762E+001  4.125821449837E-014  1.003875726622E+000
  1.073840296104E-001  2.275517874190E-003  2.951667647798E+000 -6.053212984300E+000  1.256779470356E+001  3.994544755170E-014  1.005428673369E+000
  1.096739750056E-001  2.304407816497E-003  2.937839021140E+000 -6.024500568789E+000  1.250919045771E+001  3.915092165483E-014  1.007003747120E+000
  1.119929155896E-001  2.333508798707E-003  2.923902143250E+000 -5.995561063406E+000  1.245009923530E+001  3.736306492860E-014  1.008601184131E+000
  1.143410640503E-001  2.362824124271E-003  2.909857944646E+000 -5.966396378505E+000  1.239052447061E+001  3.639877910333E-014  1.010221225129E+000
  1.167186364011E-001  2.392357140448E-003  2.895707369829E+000 -5.937008455472E+000  1.233046966785E+001  3.450627409984E-014  1.011864115397E+000
  1.191258520249E-001  2.422111239159E-003  2.881451377398E+000 -5.907399267016E+000  1.226993840215E+001  3.375227419073E-014  1.013530104858E+000
  1.215629337189E-001  2.452089857854E-003  2.867090940162E+000 -5.877570817466E+000  1.220893432045E+001  3.152050496151E-014  1.015219448167E+000
  1.240301077413E-001  2.482296480400E-003  2.852627045262E+000 -5.847525143067E+000  1.214746114243E+001  3.027923031834E-014  1.016932404796E+000
  1.265276038575E-001  2.512734637975E-003  2.838060694277E+000 -5.817264312266E+000  1.208552266146E+001  2.886987560998E-014  1.018669239131E+000
  1.290556553882E-001  2.543407909995E-003  2.823392903339E+000 -5.786790426006E+000  1.202312274547E+001  2.870527892232E-014  1.020430220567E+000
  1.316144992580E-001  2.574319925047E-003  2.808624703245E+000 -5.756105618012E+000  1.196026533793E+001  2.656353024617E-014  1.022215623603E+000
  1.342043760450E-001  2.605474361847E-003  2.793757139570E+000 -5.725212055072E+000  1.189695445873E+001  2.559218973373E-014  1.024025727944E+000
  1.368255300316E-001  2.636874950214E-003  2.778791272772E+000 -5.694111937324E+000  1.183319420507E+001  2.413188473148E-014  1.025860818600E+000
  1.394782092560E-001  2.668525472060E-003  2.763728178301E+000 -5.662807498531E+000  1.176898875242E+001  2.297793158790E-014  1.027721185996E+000
  1.421626655646E-001  2.700429762411E-003  2.748568946710E+000 -5.631301006358E+000  1.170434235537E+001  2.205445026842E-014  1.029607126075E+000
  1.448791546661E-001  2.732591710434E-003  2.733314683754E+000 -5.599594762641E+000  1.163925934852E+001  2.055280549288E-014  1.031518940411E+000
  1.476279361856E-001  2.765015260497E-003  2.717966510500E+000 -5.567691103661E+000  1.157374414742E+001  1.985191457965E-014  1.033456936321E+000
  1.504092737207E-001  2.797704413242E-003  2.702525563424E+000 -5.535592400402E+000  1.150780124938E+001  1.865074876632E-014  1.035421426979E+000
  1.532234348983E-001  2.830663226680E-003  2.686992994514E+000 -5.503301058813E+000  1.144143523437E+001  1.694055179994E-014  1.037412731539E+000
  1.560706914324E-001  2.863895817319E-003  2.671369971369E+000 -5.470819520064E+000  1.137465076587E+001  1.662402492390E-014  1.039431175253E+000
  1.589513191834E-001  2.897406361298E-003  2.655657677295E+000 -5.438150260792E+000  1.130745259174E+001  1.505014340825E-014  1.041477089600E+000
  1.618655982178E-001  2.931199095559E-003  2.639857311395E+000 -5.405295793353E+000  1.123984554501E+001  1.396265027600E-014  1.043550812410E+000
  1.648138128702E-001  2.965278319033E-003  2.623970088671E+000 -5.372258666052E+000  1.117183454475E+001  1.294710816263E-014  1.045652687997E+000
  1.677962518056E-001  2.999648393860E-003  2.607997240102E+000 -5.339041463386E+000  1.110342459684E+001  1.191958496409E-014  1.047783067295E+000
  1.708132080832E-001  3.034313746623E-003  2.591940012741E+000 -5.305646806264E+000  1.103462079481E+001  1.079408477165E-014  1.049942307995E+000
  1.738649792215E-001  3.069278869616E-003  2.575799669794E+000 -5.272077352229E+000  1.096542832058E+001  9.396251665320E-015  1.052130774688E+000
  1.769518672648E-001  3.104548322136E-003  2.559577490704E+000 -5.238335795676E+000  1.089585244525E+001  8.328047168029E-015  1.054348839009E+000
  1.800741788507E-001  3.140126731803E-003  2.543274771230E+000 -5.204424868054E+000  1.082589852986E+001  7.421058720093E-015  1.056596879791E+000
  1.832322252791E-001  3.176018795904E-003  2.526892823523E+000 -5.170347338067E+000  1.075557202610E+001  6.941934230761E-015  1.058875283210E+000
  1.864263225826E-001  3.212229282769E-003  2.510432976199E+000 -5.136106011866E+000  1.068487847702E+001  6.014513543303E-015  1.061184442950E+000
  1.896567915983E-001  3.248763033179E-003  2.493896574407E+000 -5.101703733230E+000  1.061382351775E+001  4.807901333599E-015  1.063524760362E+000
  1.929239580409E-001  3.285624961791E-003  2.477284979899E+000 -5.067143383741E+000  1.054241287616E+001  4.302347579258E-015  1.065896644629E+000
  1.962281525771E-001  3.322820058613E-003  2.460599571089E+000 -5.032427882950E+000  1.047065237349E+001  2.526721133724E-015  1.068300512936E+000
  1.995697109023E-001  3.360353390492E-003  2.443841743111E+000 -4.997560188535E+000  1.039854792502E+001  2.271470785199E-015  1.070736790647E+000
  2.029489738173E-001  3.398230102644E-003  2.427012907880E+000 -4.962543296439E+000  1.032610554064E+001  1.921265720625E-015  1.073205911481E+000
  2.063662873085E-001  3.436455420218E-003  2.410114494136E+000 -4.927380241017E+000  1.025333132544E+001  3.685212556752E-016  1.075708317698E+000
  2.098220026275E-001  3.475034649885E-003  2.393147947495E+000 -4.892074095150E+000  1.018023148027E+001 -2.783504527884E-016  1.078244460290E+000
  2.133164763746E-001  3.513973181471E-003  2.376114730490E+000 -4.856627970369E+000  1.010681230226E+001 -1.401729062632E-015  1.080814799171E+000
  2.168500705817E-001  3.553276489620E-003  2.359016322607E+000 -4.821045016949E+000  1.003308018529E+001 -1.506014877792E-015  1.083419803379E+000
  2.204231527988E-001  3.592950135496E-003  2.341854220321E+000 -4.785328424007E+000  9.959041620529E+000 -2.180761666957E-015  1.086059951281E+000
  2.240360961807E-001  3.632999768520E-003  2.324629937123E+000 -4.749481419573E+000  9.884703196777E+000 -2.770029517384E-015  1.088735730781E+000
  2.276892795770E-001  3.673431128145E-003  2.307345003543E+000 -4.713507270663E+000  9.810071600931E+000 -2.887014355253E-015  1.091447639539E+000
  2.313830876220E-001  3.714250045674E-003  2.290000967168E+000 -4.677409283323E+000  9.735153618335E+000 -4.169394750774E-015  1.094196185193E+000
  2.351179108282E-001  3.755462446115E-003  2.272599392652E+000 -4.641190802675E+000  9.659956133109E+000 -4.005910074323E-015  1.096981885584E+000
  2.388941456809E-001  3.797074350078E-003  2.255141861729E+000 -4.604855212935E+000  9.584486128449E+000 -4.726151031684E-015  1.099805268993E+000
  2.427121947345E-001  3.839091875711E-003  2.237629973205E+000 -4.568405937426E+000  9.508750686887E+000 -5.755458784460E-015  1.102666874382E+000
  2.465724667110E-001  3.881521240686E-003  2.220065342961E+000 -4.531846438570E+000  9.432756990508E+000 -5.600960311923E-015  1.105567251639E+000
  2.504753766009E-001  3.924368764227E-003  2.202449603939E+000 -4.495180217869E+000  9.356512321129E+000 -5.746575294206E-015  1.108506961837E+000
  2.544213457654E-001  3.967640869177E-003  2.184784406121E+000 -4.458410815862E+000  9.280024060435E+000 -6.504465463681E-015  1.111486577492E+000
  2.584108020414E-001  4.011344084122E-003  2.167071416510E+000 -4.421541812077E+000  9.203299690071E+000 -6.250242053507E-015  1.114506682833E+000
  2.624441798480E-001  4.055485045557E-003  2.149312319097E+000 -4.384576824954E+000  9.126346791688E+000 -6.405195458580E-015  1.117567874078E+000
  2.665219202956E-001  4.100070500102E-003  2.131508814822E+000 -4.347519511757E+000  9.049173046946E+000 -7.604592599766E-015  1.120670759721E+000
  2.706444712976E-001  4.145107306769E-003  2.113662621527E+000 -4.310373568468E+000  8.971786237464E+000 -7.458696004327E-015  1.123815960821E+000
  2.748122876832E-001  4.190602439283E-003  2.095775473909E+000 -4.273142729656E+000  8.894194244724E+000 -7.840200903680E-015  1.127004111304E+000
  2.790258313137E-001  4.236562988450E-003  2.077849123455E+000 -4.235830768336E+000  8.816405049918E+000 -7.480390259955E-015  1.130235858274E+000
  2.832855712010E-001  4.282996164587E-003  2.059885338375E+000 -4.198441495797E+000  8.738426733752E+000 -7.761214304875E-015  1.133511862329E+000
  2.875919836279E-001  4.329909300005E-003  2.041885903526E+000 -4.160978761421E+000  8.660267476184E+000 -7.938375073521E-015  1.136832797892E+000
  2.919455522717E-001  4.377309851548E-003  2.023852620327E+000 -4.123446452472E+000  8.581935556117E+000 -7.679967497948E-015  1.140199353542E+000
  2.963467683296E-001  4.425205403192E-003  2.005787306667E+000 -4.085848493868E+000  8.503439351023E+000 -8.524051639174E-015  1.143612232367E+000
  3.007961306479E-001  4.473603668706E-003  1.987691796800E+000 -4.048188847928E+000  8.424787336516E+000 -7.763829416178E-015  1.147072152317E+000
  3.052941458522E-001  4.522512494374E-003  1.969567941238E+000 -4.010471514103E+000  8.345988085866E+000 -7.384320854373E-015  1.150579846573E+000
  3.098413284823E-001  4.571939861783E-003  1.951417606631E+000 -3.972700528669E+000  8.267050269437E+000 -8.249507333727E-015  1.154136063927E+000
  3.144382011281E-001  4.621893890671E-003  1.933242675632E+000 -3.934879964418E+000  8.187982654077E+000 -7.867638982462E-015  1.157741569165E+000
  3.190852945695E-001  4.672382841850E-003  1.915045046766E+000 -3.897013930300E+000  8.108794102431E+000 -8.348216968370E-015  1.161397143474E+000
  3.237831479192E-001  4.723415120192E-003  1.896826634272E+000 -3.859106571062E+000  8.029493572194E+000 -7.960154534996E-015  1.165103584855E+000
  3.285323087679E-001  4.774999277691E-003  1.878589367953E+000 -3.821162066846E+000  7.950090115287E+000 -7.032752456934E-015  1.168861708542E+000
  3.333333333333E-001  4.827144016591E-003  1.860335192998E+000 -3.783184632770E+000  7.870592876968E+000 -7.161438619043E-015  1.172672347448E+000
  3.381867866117E-001  4.879858192602E-003  1.842066069808E+000 -3.745178518475E+000  7.791011094871E+000 -6.509217482737E-015  1.176536352610E+000
  3.430932425333E-001  4.933150818173E-003  1.823783973802E+000 -3.707148007652E+000  7.711354097964E+000 -7.183214612456E-015  1.180454593655E+000
  3.480532841203E-001  4.987031065868E-003  1.805490895214E+000 -3.669097417536E+000  7.631631305442E+000 -6.333622165556E-015  1.184427959282E+000
  3.530675036492E-001  5.041508271801E-003  1.787188838883E+000 -3.631031098374E+000  7.551852225530E+000 -6.460604053077E-015  1.188457357753E+000
  3.581365028158E-001  5.096591939172E-003  1.768879824024E+000 -3.592953432860E+000  7.472026454218E+000 -5.334955818449E-015  1.192543717402E+000
  3.632608929041E-001  5.152291741875E-003  1.750565883993E+000 -3.554868835548E+000  7.392163673910E+000 -5.010243815863E-015  1.196687987158E+000
  3.684412949588E-001  5.208617528209E-003  1.732249066040E+000 -3.516781752228E+000  7.312273651990E+000 -5.063222181201E-015  1.200891137090E+000
  3.736783399619E-001  5.265579324662E-003  1.713931431043E+000 -3.478696659273E+000  7.232366239308E+000 -4.599124172688E-015  1.205154158959E+000
  3.789726690123E-001  5.323187339805E-003  1.695615053238E+000 -3.440618062956E+000  7.152451368576E+000 -3.797615225536E-015  1.209478066797E+000
  3.843249335105E-001  5.381451968273E-003  1.677302019933E+000 -3.402550498735E+000  7.072539052683E+000 -4.037651162242E-015  1.213863897495E+000
  3.897357953460E-001  5.440383794842E-003  1.658994431205E+000 -3.364498530505E+000  6.992639382913E+000 -2.609936305147E-015  1.218312711422E+000
  3.952059270903E-001  5.499993598618E-003  1.640694399590E+000 -3.326466749817E+000  6.912762527084E+000 -1.827032607192E-015  1.222825593047E+000
  4.007360121927E-001  5.560292357317E-003  1.622404049756E+000 -3.288459775064E+000  6.832918727586E+000 -1.026461033050E-015  1.227403651597E+000
  4.063267451812E-001  5.621291251662E-003  1.604125518165E+000 -3.250482250633E+000  6.753118299332E+000 -1.384209666954E-015  1.232048021722E+000
  4.119788318683E-001  5.683001669888E-003  1.585860952714E+000 -3.212538846024E+000  6.673371627613E+000  1.400151788497E-016  1.236759864193E+000
  4.176929895600E-001  5.745435212354E-003  1.567612512376E+000 -3.174634254929E+000  6.593689165857E+000  7.082254165876E-017  1.241540366618E+000
  4.234699472710E-001  5.808603696282E-003  1.549382366807E+000 -3.136773194286E+000  6.514081433295E+000  9.315259828258E-016  1.246390744174E+000
  4.293104459435E-001  5.872519160606E-003  1.531172695959E+000 -3.098960403285E+000  6.434559012524E+000  2.247748660501E-015  1.251312240375E+000
  4.352152386716E-001  5.937193870949E-003  1.512985689663E+000 -3.061200642344E+000  6.355132546971E+000  2.568286410597E-015  1.256306127859E+000
  4.411850909306E-001  6.002640324729E-003  1.494823547203E+000 -3.023498692053E+000  6.275812738265E+000  4.159185844733E-015  1.261373709198E+000
  4.472207808110E-001  6.068871256391E-003  1.476688476877E+000 -2.985859352070E+000  6.196610343498E+000  4.135081116331E-015  1.266516317740E+000
  4.533230992589E-001  6.135899642772E-003  1.458582695538E+000 -2.948287439989E+000  6.117536172390E+000  5.023693195415E-015  1.271735318475E+000
  4.594928503202E-001  6.203738708611E-003  1.440508428122E+000 -2.910787790166E+000  6.038601084348E+000  6.088657118081E-015  1.277032108934E+000
  4.657308513924E-001  6.272401932198E-003  1.422467907158E+000 -2.873365252507E+000  5.959815985421E+000  6.712220334623E-015  1.282408120113E+000
  4.720379334802E-001  6.341903051163E-003  1.404463372269E+000 -2.836024691220E+000  5.881191825154E+000  7.825912843873E-015  1.287864817429E+000
  4.784149414579E-001  6.412256068427E-003  1.386497069646E+000 -2.798770983524E+000  5.802739593333E+000  9.048356792753E-015  1.293403701714E+000
  4.848627343381E-001  6.483475258298E-003  1.368571251516E+000 -2.761609018325E+000  5.724470316624E+000  8.923505632134E-015  1.299026310233E+000
  4.913821855461E-001  6.555575172733E-003  1.350688175586E+000 -2.724543694850E+000  5.646395055110E+000  1.101437681834E-014  1.304734217745E+000
  4.979741832006E-001  6.628570647764E-003  1.332850104477E+000 -2.687579921237E+000  5.568524898717E+000  1.182816199415E-014  1.310529037597E+000
  5.046396304008E-001  6.702476810086E-003  1.315059305138E+000 -2.650722613094E+000  5.490870963534E+000  1.274799365043E-014  1.316412422851E+000
  5.113794455212E-001  6.777309083830E-003  1.297318048239E+000 -2.613976692013E+000  5.413444388030E+000  1.335021832747E-014  1.322386067461E+000
  5.181945625116E-001  6.853083197508E-003  1.279628607559E+000 -2.577347084048E+000  5.336256329155E+000  1.474942909774E-014  1.328451707480E+000
  5.250859312060E-001  6.929815191146E-003  1.261993259343E+000 -2.540838718146E+000  5.259317958344E+000  1.557135697072E-014  1.334611122314E+000
  5.320545176366E-001  7.007521423604E-003  1.244414281654E+000 -2.504456524548E+000  5.182640457407E+000  1.712957042285E-014  1.340866136017E+000
  5.391013043575E-001  7.086218580100E-003  1.226893953701E+000 -2.468205433145E+000  5.106235014318E+000  1.827909007928E-014  1.347218618638E+000
  5.462272907741E-001  7.165923679926E-003  1.209434555150E+000 -2.432090371791E+000  5.030112818893E+000  1.863476391006E-014  1.353670487607E+000
  5.534334934816E-001  7.246654084380E-003  1.192038365422E+000 -2.396116264587E+000  4.954285058364E+000  1.946553222426E-014  1.360223709176E+000
  5.607209466109E-001  7.328427504912E-003  1.174707662969E+000 -2.360288030113E+000  4.878762912853E+000  2.126488048178E-014  1.366880299910E+000
  5.680907021827E-001  7.411262011483E-003  1.157444724539E+000 -2.324610579631E+000  4.803557550735E+000  2.206164063390E-014  1.373642328230E+000
  5.755438304707E-001  7.495176041166E-003  1.140251824416E+000 -2.289088815243E+000  4.728680123903E+000  2.317322140625E-014  1.380511916013E+000
  5.830814203728E-001  7.580188406970E-003  1.123131233650E+000 -2.253727628014E+000  4.654141762933E+000  2.421842015285E-014  1.387491240250E+000
  5.907045797917E-001  7.666318306912E-003  1.106085219263E+000 -2.218531896055E+000  4.579953572142E+000  2.519389775108E-014  1.394582534765E+000
  5.984144360243E-001  7.753585333338E-003  1.089116043448E+000 -2.183506482569E+000  4.506126624558E+000  2.558643597782E-014  1.401788091994E+000
  6.062121361613E-001  7.842009482502E-003  1.072225962738E+000 -2.148656233858E+000  4.432671956781E+000  2.785327011310E-014  1.409110264833E+000
  6.140988474955E-001  7.931611164409E-003  1.055417227171E+000 -2.113985977298E+000  4.359600563763E+000  2.903321519756E-014  1.416551468548E+000
  6.220757579409E-001  8.022411212936E-003  1.038692079428E+000 -2.079500519270E+000  4.286923393484E+000  2.885939178567E-014  1.424114182769E+000
  6.301440764614E-001  8.114430896230E-003  1.022052753962E+000 -2.045204643065E+000  4.214651341543E+000  3.052412595243E-014  1.431800953541E+000
  6.383050335109E-001  8.207691927403E-003  1.005501476106E+000 -2.011103106746E+000  4.142795245662E+000  3.069533045751E-014  1.439614395467E+000
  6.465598814833E-001  8.302216475524E-003  9.890404611658E-001 -1.977200640980E+000  4.071365880102E+000  3.255323617011E-014  1.447557193920E+000
  6.549098951744E-001  8.398027176926E-003  9.726719134996E-001 -1.943501946839E+000  4.000373950000E+000  3.321519781563E-014  1.455632107351E+000
  6.633563722545E-001  8.495147146827E-003  9.563980255772E-001 -1.910011693563E+000  3.929830085625E+000  3.441884215546E-014  1.463841969673E+000
  6.719006337539E-001  8.593599991288E-003  9.402209770281E-001 -1.876734516298E+000  3.859744836560E+000  3.518815995619E-014  1.472189692743E+000
  6.805440245593E-001  8.693409819506E-003  9.241429336717E-001 -1.843675013797E+000  3.790128665811E+000  3.550001756474E-014  1.480678268939E+000
  6.892879139233E-001  8.794601256469E-003  9.081660465341E-001 -1.810837746104E+000  3.720991943846E+000  3.679691964785E-014  1.489310773837E+000
  6.981336959871E-001  8.897199455961E-003  8.922924508496E-001 -1.778227232192E+000  3.652344942576E+000  3.813585520348E-014  1.498090368988E+000
  7.070827903152E-001  9.001230113956E-003  8.765242650493E-001 -1.745847947596E+000  3.584197829269E+000  3.799859520932E-014  1.507020304808E+000
  7.161366424455E-001  9.106719482390E-003  8.608635897345E-001 -1.713704322001E+000  3.516560660416E+000  3.927020668892E-014  1.516103923582E+000
  7.252967244510E-001  9.213694383338E-003  8.453125066384E-001 -1.681800736824E+000  3.449443375537E+000  4.012399335860E-014  1.525344662582E+000
  7.345645355186E-001  9.322182223606E-003  8.298730775740E-001 -1.650141522757E+000  3.382855790949E+000  4.093737400524E-014  1.534746057315E+000
  7.439416025400E-001  9.432211009745E-003  8.145473433705E-001 -1.618730957307E+000  3.316807593492E+000  4.088981568700E-014  1.544311744895E+000
  7.534294807203E-001  9.543809363512E-003  7.993373227977E-001 -1.587573262303E+000  3.251308334219E+000  4.159843240041E-014  1.554045467554E+000
  7.630297542000E-001  9.657006537783E-003  7.842450114793E-001 -1.556672601394E+000  3.186367422054E+000  4.296523191625E-014  1.563951076296E+000
  7.727440366954E-001  9.771832432940E-003  7.692723807960E-001 -1.526033077531E+000  3.121994117432E+000  4.243042872565E-014  1.574032534695E+000
  7.825739721536E-001  9.888317613741E-003  7.544213767784E-001 -1.495658730430E+000  3.058197525917E+000  4.363358952089E-014  1.584293922850E+000
  7.925212354258E-001  1.000649332670E-002  7.396939189912E-001 -1.465553534038E+000  2.994986591812E+000  4.360178992596E-014  1.594739441505E+000
  8.025875329584E-001  1.012639151798E-002  7.250918994086E-001 -1.435721393970E+000  2.932370091763E+000  4.455640732291E-014  1.605373416336E+000
  8.127746035011E-001  1.024804485184E-002  7.106171812821E-001 -1.406166144962E+000  2.870356628363E+000  4.452658482691E-014  1.616200302417E+000
  8.230842188350E-001  1.037148672960E-002  6.962715980019E-001 -1.376891548298E+000  2.808954623772E+000  4.472644860153E-014  1.627224688871E+000
  8.335181845190E-001  1.049675130923E-002  6.820569519514E-001 -1.347901289252E+000  2.748172313349E+000  4.630968859743E-014  1.638451303719E+000
  8.440783406568E-001  1.062387352550E-002  6.679750133573E-001 -1.319198974522E+000  2.688017739307E+000  4.620562067053E-014  1.649885018933E+000
  8.547665626839E-001  1.075288911077E-002  6.540275191351E-001 -1.290788129667E+000  2.628498744407E+000  4.659684972624E-014  1.661530855700E+000
  8.655847621758E-001  1.088383461638E-002  6.402161717311E-001 -1.262672196555E+000  2.569622965680E+000  4.586794320102E-014  1.673393989916E+000
  8.765348876780E-001  1.101674743475E-002  6.265426379625E-001 -1.234854530813E+000  2.511397828211E+000  4.598296387731E-014  1.685479757914E+000
  8.876189255584E-001  1.115166582209E-002  6.130085478561E-001 -1.207338399294E+000  2.453830538969E+000  4.636429545690E-014  1.697793662433E+000
  8.988389008829E-001  1.128862892191E-002  5.996154934863E-001 -1.180126977555E+000  2.396928080706E+000  4.675184626867E-014  1.710341378861E+000
  9.101968783143E-001  1.142767678917E-002  5.863650278144E-001 -1.153223347352E+000  2.340697205930E+000  4.572558862290E-014  1.723128761734E+000
  9.216949630368E-001  1.156885041525E-002  5.732586635299E-001 -1.126630494157E+000  2.285144430957E+000  4.570583062769E-014  1.736161851530E+000
  9.333353017046E-001  1.171219175365E-002  5.602978718949E-001 -1.100351304694E+000  2.230276030057E+000  4.488068359553E-014  1.749446881766E+000
  9.451200834176E-001  1.185774374655E-002  5.474840815925E-001 -1.074388564512E+000  2.176098029706E+000  4.481578491350E-014  1.762990286397E+000
  9.570515407237E-001  1.200555035216E-002  5.348186775820E-001 -1.048744955572E+000  2.122616202931E+000  4.442397717745E-014  1.776798707564E+000
  9.691319506484E-001  1.215565657299E-002  5.223029999594E-001 -1.023423053882E+000  2.069836063795E+000  4.431938944489E-014  1.790879003674E+000
  9.813636357544E-001  1.230810848498E-002  5.099383428281E-001 -9.984253271573E-001  2.017762861998E+000  4.452314906871E-014  1.805238257855E+000
  9.937489652293E-001  1.246295326757E-002  4.977259531774E-001 -9.737541325297E-001  1.966401577617E+000  4.332922990185E-014  1.819883786793E+000
  1.006290356005E+000  1.262023923477E-002  4.856670297739E-001 -9.494117142927E-001  1.915756915997E+000  4.297634301564E-014  1.834823149973E+000
  1.018990273907E+000  1.278001586715E-002  4.737627220641E-001 -9.254002016985E-001  1.865833302803E+000  4.159562956164E-014  1.850064159348E+000
  1.031851234841E+000  1.294233384499E-002  4.620141290918E-001 -9.017216068031E-001  1.816634879227E+000  4.253321770591E-014  1.865614889453E+000
  1.044875806003E+000  1.310724508236E-002  4.504222984305E-001 -8.783778223671E-001  1.768165497389E+000  4.023866256214E-014  1.881483687990E+000
  1.058066607138E+000  1.327480276248E-002  4.389882251338E-001 -8.553706198134E-001  1.720428715913E+000  3.970607977311E-014  1.897679186912E+000
  1.071426311823E+000  1.344506137405E-002  4.277128507037E-001 -8.327016472475E-001  1.673427795700E+000  3.841666374395E-014  1.914210314031E+000
  1.084957648792E+000  1.361807674895E-002  4.165970620798E-001 -8.103724275423E-001  1.627165695916E+000  3.744297527714E-014  1.931086305171E+000
  1.098663403298E+000  1.379390610110E-002  4.056416906501E-001 -7.883843564926E-001  1.581645070188E+000  3.681204379480E-014  1.948316716906E+000
  1.112546418516E+000  1.397260806657E-002  3.948475112859E-001 -7.667387010429E-001  1.536868263028E+000  3.514720850746E-014  1.965911439912E+000
  1.126609596985E+000  1.415424274514E-002  3.842152414018E-001 -7.454365975916E-001  1.492837306492E+000  3.481951261987E-014  1.983880712958E+000
  1.140855902095E+000  1.433887174317E-002  3.737455400433E-001 -7.244790503756E-001  1.449553917087E+000  3.312142995242E-014  2.002235137584E+000
  1.155288359613E+000  1.452655821788E-002  3.634390070029E-001 -7.038669299403E-001  1.407019492925E+000  3.230420582048E-014  2.020985693497E+000
  1.169910059257E+000  1.471736692327E-002  3.532961819671E-001 -6.836009716968E-001  1.365235111145E+000  3.126758696772E-014  2.040143754718E+000
  1.184724156317E+000  1.491136425740E-002  3.433175436963E-001 -6.636817745720E-001  1.324201525603E+000  2.926596253918E-014  2.059721106542E+000
  1.199733873325E+000  1.510861831145E-002  3.335035092381E-001 -6.441097997539E-001  1.283919164845E+000  2.738077448841E-014  2.079729963335E+000
  1.214942501771E+000  1.530919892035E-002  3.238544331783E-001 -6.248853695371E-001  1.244388130363E+000  2.656819718786E-014  2.100182987230E+000
  1.230353403874E+000  1.551317771520E-002  3.143706069285E-001 -6.060086662711E-001  1.205608195156E+000  2.542733194875E-014  2.121093307763E+000
  1.245970014403E+000  1.572062817747E-002  3.050522580547E-001 -5.874797314155E-001  1.167578802584E+000  2.347446484907E-014  2.142474542513E+000
  1.261795842559E+000  1.593162569510E-002  2.958995496472E-001 -5.692984647066E-001  1.130299065541E+000  2.213695780578E-014  2.164340818799E+000
  1.277834473907E+000  1.614624762054E-002  2.869125797346E-001 -5.514646234367E-001  1.093767765944E+000  2.050862334428E-014  2.186706796490E+000
  1.294089572372E+000  1.636457333079E-002  2.780913807433E-001 -5.339778218522E-001  1.057983354546E+000  1.846436763040E-014  2.209587692005E+000
  1.310564882294E+000  1.658668428962E-002  2.694359190042E-001 -5.168375306721E-001  1.022943951079E+000  1.843944212620E-014  2.232999303565E+000
  1.327264230548E+000  1.681266411190E-002  2.609460943093E-001 -5.000430767306E-001  9.886473447395E-001  1.531658444335E-014  2.256958037769E+000
  1.344191528724E+000  1.704259863026E-002  2.526217395190E-001 -4.835936427476E-001  9.550909950050E-001  1.417324281447E-014  2.281480937585E+000
  1.361350775387E+000  1.727657596408E-002  2.444626202236E-001 -4.674882672296E-001  9.222720328092E-001  1.226200620670E-014  2.306585711822E+000
  1.378746058390E+000  1.751468659100E-002  2.364684344581E-001 -4.517258445039E-001  8.901872620600E-001  1.097459932024E-014  2.332290766198E+000
  1.396381557275E+000  1.775702342093E-002  2.286388124756E-001 -4.363051248896E-001  8.588331615156E-001  9.286706450255E-015  2.358615236072E+000
  1.414261545744E+000  1.800368187279E-002  2.209733165780E-001 -4.212247150074E-001  8.282058870175E-001  7.787572340489E-015  2.385579020969E+000
  1.432390394201E+000  1.825475995395E-002  2.134714410079E-001 -4.064830782311E-001  7.983012740839E-001  6.501004416465E-015  2.413202820990E+000
  1.450772572390E+000  1.851035834267E-002  2.061326119020E-001 -3.920785352838E-001  7.691148408663E-001  3.972149157312E-015  2.441508175231E+000
  1.469412652102E+000  1.877058047342E-002  1.989561873090E-001 -3.780092649796E-001  7.406417914682E-001  3.487649214513E-015  2.470517502345E+000
  1.488315309978E+000  1.903553262542E-002  1.919414572724E-001 -3.642733051144E-001  7.128770196302E-001  2.096763524388E-015  2.500254143362E+000
  1.507485330398E+000  1.930532401444E-002  1.850876439808E-001 -3.508685535071E-001  6.858151127781E-001  7.497954757723E-017  2.530742406934E+000
  1.526927608467E+000  1.958006688797E-002  1.783939019865E-001 -3.377927691925E-001  6.594503564354E-001 -1.478066040443E-015  2.562007617140E+000
  1.546647153093E+000  1.985987662391E-002  1.718593184948E-001 -3.250435737685E-001  6.337767389990E-001 -2.745529247981E-015  2.594076164034E+000
  1.566649090169E+000  2.014487183303E-002  1.654829137243E-001 -3.126184528974E-001  6.087879568744E-001 -3.354494429784E-015  2.626975557095E+000
  1.586938665861E+000  2.043517446518E-002  1.592636413402E-001 -3.005147579640E-001  5.844774199696E-001 -5.141094814680E-015  2.660734481791E+000
  1.607521250000E+000  2.073090991960E-002  1.532003889624E-001 -2.887297078901E-001  5.608382575434E-001 -5.616322842991E-015  2.695382859439E+000
  1.628402339588E+000  2.103220715932E-002  1.472919787482E-001 -2.772603911072E-001  5.378633244042E-001 -7.349126939629E-015  2.730951910604E+000
  1.649587562420E+000  2.133919883002E-002  1.415371680521E-001 -2.661037676860E-001  5.155452074542E-001 -8.236240641942E-015  2.767474222251E+000
  1.671082680832E+000  2.165202138333E-002  1.359346501629E-001 -2.552566716253E-001  4.938762325738E-001 -9.290336856701E-015  2.804983818920E+000
  1.692893595565E+000  2.197081520497E-002  1.304830551188E-001 -2.447158132975E-001  4.728484718395E-001 -1.021027311429E-014  2.843516238191E+000
  1.715026349769E+000  2.229572474776E-002  1.251809506026E-001 -2.344777820530E-001  4.524537510696E-001 -1.031014910747E-014  2.883108610737E+000
  1.737487133138E+000  2.262689866987E-002  1.200268429157E-001 -2.245390489799E-001  4.326836576876E-001 -1.121536970112E-014  2.923799745272E+000
  1.760282286187E+000  2.296448997842E-002  1.150191780334E-001 -2.148959698210E-001  4.135295488975E-001 -1.218628573560E-014  2.965630218748E+000
  1.783418304674E+000  2.330865617868E-002  1.101563427404E-001 -2.055447880446E-001  3.949825601599E-001 -1.259826485028E-014  3.008642472165E+000
  1.806901844175E+000  2.365955942924E-002  1.054366658474E-001 -1.964816380683E-001  3.770336139606E-001 -1.296476977988E-014  3.052880912388E+000
  1.830739724818E+000  2.401736670327E-002  1.008584194893E-001 -1.877025486343E-001  3.596734288604E-001 -1.355327701933E-014  3.098392020403E+000
  1.854938936184E+000  2.438224995616E-002  9.641982050377E-002 -1.792034463336E-001  3.428925288145E-001 -1.302574294419E-014  3.145224466477E+000
  1.879506642368E+000  2.475438629994E-002  9.211903189167E-002 -1.709801592763E-001  3.266812527516E-001 -1.227802423789E-014  3.193429232721E+000
  1.904450187236E+000  2.513395818467E-002  8.795416435703E-002 -1.630284209061E-001  3.110297643980E-001 -1.278052972989E-014  3.243059743605E+000
  1.929777099847E+000  2.552115358717E-002  8.392327792761E-002 -1.553438739543E-001  2.959280623355E-001 -1.231952823118E-014  3.294172004995E+000
  1.955495100083E+000  2.591616620741E-002  8.002438365440E-002 -1.479220745317E-001  2.813659902781E-001 -1.231278379612E-014  3.346824752376E+000
  1.981612104475E+000  2.631919567292E-002  7.625544538945E-002 -1.407584963524E-001  2.673332475550E-001 -1.237537288140E-014  3.401079608925E+000
  2.008136232230E+000  2.673044775156E-002  7.261438164068E-002 -1.338485350871E-001  2.538193997830E-001 -1.223143955278E-014  3.457001254194E+000
  2.035075811486E+000  2.715013457311E-002  6.909906750250E-002 -1.271875128400E-001  2.408138897154E-001 -1.084530614823E-014  3.514657604216E+000
  2.062439385788E+000  2.757847486001E-002  6.570733666048E-002 -1.207706827449E-001  2.283060482493E-001 -1.066590612120E-014  3.574120003917E+000
  2.090235720801E+000  2.801569416771E-002  6.243698346839E-002 -1.145932336752E-001  2.162851055772E-001 -1.033549504181E-014  3.635463432786E+000
  2.118473811262E+000  2.846202513514E-002  5.928576509542E-002 -1.086502950616E-001  2.047402024646E-001 -8.895152754598E-015  3.698766724857E+000
  2.147162888201E+000  2.891770774564E-002  5.625140374142E-002 -1.029369418116E-001  1.936604016372E-001 -8.203109858928E-015  3.764112804134E+000
  2.176312426413E+000  2.938298959899E-002  5.333158891760E-002 -9.744819932472E-002  1.830346992602E-001 -7.416185426874E-015  3.831588936698E+000
  2.205932152222E+000  2.985812619504E-002  5.052397978979E-002 -9.217904859571E-002  1.728520364911E-001 -6.660923302949E-015  3.901287000856E+000
  2.236032051522E+000  3.034338122938E-002  4.782620758144E-002 -8.712443139908E-002  1.631013110885E-001 -5.150538711840E-015  3.973303776785E+000
  2.266622378129E+000  3.083902690182E-002  4.523587803288E-002 -8.227925554690E-002  1.537713890572E-001 -5.522169379780E-015  4.047741257316E+000
  2.297713662445E+000  3.134534423818E-002  4.275057391333E-002 -7.763840021204E-002  1.448511163120E-001 -4.138933781529E-015  4.124706981579E+000
  2.329316720450E+000  3.186262342603E-002  4.036785758191E-002 -7.319672130811E-002  1.363293303392E-001 -3.437831145647E-015  4.204314393473E+000
  2.361442663038E+000  3.239116416519E-002  3.808527359350E-002 -6.894905691744E-002  1.281948718375E-001 -3.006194746990E-015  4.286683227045E+000
  2.394102905709E+000  3.293127603351E-002  3.590035134510E-002 -6.489023275768E-002  1.204365963176E-001 -2.416025764346E-015  4.371939921102E+000
  2.427309178642E+000  3.348327886897E-002  3.381060775813E-002 -6.101506767741E-002  1.130433856414E-001 -3.283652966452E-015  4.460218065590E+000
  2.461073537146E+000  3.404750316862E-002  3.181354999178E-002 -5.731837917079E-002  1.060041594785E-001 -3.162613466044E-015  4.551658882528E+000
  2.495408372530E+000  3.462429050548E-002  2.990667818222E-002 -5.379498890079E-002  9.930788666176E-002 -4.408345967779E-015  4.646411744553E+000
  2.530326423398E+000  3.521399396401E-002  2.808748820244E-002 -5.043972822033E-002  9.294359641950E-002 -3.458640158725E-015  4.744634734441E+000
  2.565840787378E+000  3.581697859546E-002  2.635347443698E-002 -4.724744368008E-002  8.690038946411E-002 -4.015338937096E-015  4.846495249322E+000
  2.601964933334E+000  3.643362189376E-002  2.470213256570E-002 -4.421300251181E-002  8.116744891583E-002 -5.969180801124E-015  4.952170653654E+000
  2.638712714049E+000  3.706431429322E-002  2.313096235068E-002 -4.133129807527E-002  7.573405104052E-002 -7.199590365891E-015  5.061848985472E+000
  2.676098379430E+000  3.770945968912E-002  2.163747041977E-002 -3.859725525683E-002  7.058957578024E-002 -1.058272960686E-014  5.175729720883E+000
  2.714136590232E+000  3.836947598236E-002  2.021917304045E-002 -3.600583580753E-002  6.572351705530E-002 -1.295519081559E-014  5.294024602295E+000
  2.752842432351E+000  3.904479564947E-002  1.887359887737E-002 -3.355204360816E-002  6.112549281636E-002 -1.525750859087E-014  5.416958536465E+000
  2.792231431696E+000  3.973586633921E-002  1.759829172672E-002 -3.123092984870E-002  5.678525482540E-002 -1.922181329122E-014  5.544770569081E+000
  2.832319569669E+000  4.044315149734E-002  1.639081322055E-002 -2.903759810927E-002  5.269269814429E-002 -2.370706403583E-014  5.677714943355E+000
  2.873123299289E+000  4.116713102086E-002  1.524874549395E-002 -2.696720932991E-002  4.883787030978E-002 -2.997621254163E-014  5.816062250879E+000
  2.914659561979E+000  4.190830194354E-002  1.416969380816E-002 -2.501498665594E-002  4.521098017409E-002 -3.403412472074E-014  5.960100683938E+000
  2.956945805065E+000  4.266717915414E-002  1.315128912223E-002 -2.317622014628E-002  4.180240639037E-002 -4.075870806998E-014  6.110137399502E+000
  3.000000000000E+000  4.344429614932E-002  1.219119060624E-002 -2.144627133160E-002  3.860270552262E-002 -4.759707410506E-014  6.266500006234E+000
  3.043840661365E+000  4.424020582308E-002  1.128708808887E-002 -1.982057760969E-002  3.560261976019E-002 -5.617404821134E-014  6.429538187204E+000
  3.088486866678E+000  4.505548129460E-002  1.043670443216E-002 -1.829465646535E-002  3.279308421732E-002 -6.365985504504E-014  6.599625472397E+000
  3.133958277047E+000  4.589071677685E-002  9.637797826650E-003 -1.686410950258E-002  3.016523379894E-002 -7.226666175532E-014  6.777161176781E+000
  3.180275158719E+000  4.674652848797E-002  8.888163999793E-003 -1.552462627695E-002  2.771040961435E-002 -8.343616139367E-014  6.962572521548E+000
  3.227458405560E+000  4.762355560797E-002  8.185638331112E-003 -1.427198791665E-002  2.542016492166E-002 -9.589507148099E-014  7.156316958210E+000
  3.275529562509E+000  4.852246128332E-002  7.528097867566E-003 -1.310207052101E-002  2.328627058630E-002 -1.076122916483E-013  7.358884717617E+000
  3.324510850077E+000  4.944393368200E-002  6.913463232899E-003 -1.201084832605E-002  2.130072003843E-002 -1.199395720470E-013  7.570801608619E+000
  3.374425189910E+000  5.038868710203E-002  6.339700425068E-003 -1.099439662700E-002  1.945573371493E-002 -1.337359878286E-013  7.792632094140E+000
  3.425296231502E+000  5.135746313639E-002  5.804822496167E-003 -1.004889444882E-002  1.774376297320E-002 -1.475531279086E-013  8.024982675832E+000
  3.477148380094E+000  5.235103189784E-002  5.306891109671E-003 -9.170626956205E-003  1.615749346553E-002 -1.621331258364E-013  8.268505622406E+000
  3.530006825834E+000  5.337019330676E-002  4.844017970252E-003 -8.355987595768E-003  1.468984796413E-002 -1.752085697935E-013  8.523903081140E+000
  3.583897574256E+000  5.441577844603E-002  4.414366121880E-003 -7.601479963851E-003  1.333398862918E-002 -1.912792524722E-013  8.791931617119E+000
  3.638847478148E+000  5.548865098670E-002  4.016151110467E-003 -6.903719394678E-003  1.208331871381E-002 -2.057099030166E-013  9.073407230475E+000
  3.694884270887E+000  5.658970868864E-002  3.647642007808E-003 -6.259434264558E-003  1.093148370212E-002 -2.214391151250E-013  9.369210908467E+000
  3.752036601308E+000  5.771988498079E-002  3.307162294226E-003 -5.665467009139E-003  9.872371878791E-003 -2.353852307774E-013  9.680294776690E+000
  3.810334070199E+000  5.888015062562E-002  2.993090597872E-003 -5.118774851967E-003  8.900114330783E-003 -2.503043849458E-013  1.000768892225E+001
  3.869807268505E+000  6.007151547295E-002  2.703861289322E-003 -4.616430243928E-003  8.009084384465E-003 -2.644883285232E-013  1.035250897148E+001
  3.930487817331E+000  6.129503030858E-002  2.437964930754E-003 -4.155621014542E-003  7.193896483897E-003 -2.764355064814E-013  1.071596451610E+001
  3.992408409843E+000  6.255178880352E-002  2.193948579660E-003 -3.733650237460E-003  6.449404518671E-003 -2.864258465301E-013  1.109936849426E+001
  4.055602855172E+000  6.384292957002E-002  1.970415947745E-003 -3.347935813973E-003  5.770699612448E-003 -2.961393049521E-013  1.150414764813E+001
  4.120106124432E+000  6.516963833101E-002  1.766027416371E-003 -2.996009779749E-003  5.153107386040E-003 -3.022335466408E-013  1.193185419612E+001
  4.185954398964E+000  6.653315021009E-002  1.579499910558E-003 -2.675517341471E-003  4.592184711691E-003 -3.039472929169E-013  1.238417887775E+001
  4.253185120935E+000  6.793475214960E-002  1.409606634287E-003 -2.384215651451E-003  4.083715977862E-003 -3.056611205322E-013  1.286296555151E+001
  4.321837046422E+000  6.937578546490E-002  1.255176670476E-003 -2.119972329650E-003  3.623708886573E-003 -3.014607959961E-013  1.337022755196E+001
  4.391950301120E+000  7.085764854355E-002  1.115094449675E-003 -1.880763743890E-003  3.208389807883E-003 -2.947029989937E-013  1.390816604239E+001
  4.463566438835E+000  7.238179969882E-002  9.882990921369E-004 -1.664673060274E-003  2.834198718578E-003 -2.827068263772E-013  1.447919063401E+001
  4.536728502895E+000  7.394976018725E-002  8.737836285105E-004 -1.469888077011E-003  2.497783754426E-003 -2.622458486038E-013  1.508594258262E+001
  4.611481090679E+000  7.556311740127E-002  7.705941049369E-004 -1.294698855906E-003  2.195995407470E-003 -2.377777950495E-013  1.573132092046E+001
  4.687870421430E+000  7.722352824817E-002  6.778285788508E-004 -1.137495166754E-003  1.925880401718E-003 -2.059385426684E-013  1.641851193455E+001
  4.765944407533E+000  7.893272272784E-002  5.946360122196E-004 -9.967637606854E-004  1.684675282192E-003 -1.651913352179E-013  1.715102246552E+001
  4.845752729492E+000  8.069250772248E-002  5.202150693569E-004 -8.710854892318E-004  1.469799753661E-003 -1.179624477979E-013  1.793271757390E+001
  4.927346914797E+000  8.250477101257E-002  4.538128267817E-004 -7.591322864090E-004  1.278849806390E-003 -5.966765957202E-014  1.876786320479E+001
  5.010780420931E+000  8.437148553436E-002  3.947234028699E-004 -6.596640315294E-004  1.109590666917E-003  8.308885533319E-015  1.966117458089E+001
  5.096108722763E+000  8.629471389541E-002  3.422865152593E-004 -5.715253106756E-004  9.599496122302E-004  8.710702412790E-014  2.061787116786E+001
  5.183389404586E+000  8.827661316581E-002  2.958859741180E-004 -4.936420948495E-004  8.280086856577E-004  1.724948856460E-013  2.164373918963E+001
  5.272682257105E+000  9.031943996425E-002  2.549481194783E-004 -4.250183527201E-004  7.119973524251E-004  2.696172769434E-013  2.274520282667E+001
  5.364049379651E+000  9.242555585946E-002  2.189402108636E-004 -3.647326156455E-004  6.102851320370E-004  3.843407329340E-013  2.392940541137E+001
  5.457555287978E+000  9.459743310926E-002  1.873687774097E-004 -3.119345122471E-004  5.213742435456E-004  5.018308530840E-013  2.520430214576E+001
  5.553267027968E+000  9.683766076100E-002  1.597779365973E-004 -2.658412892684E-004  4.438922982927E-004  6.344612108925E-013  2.657876611266E+001
  5.651254295630E+000  9.914895113938E-002  1.357476895812E-004 -2.257343347786E-004  3.765850729339E-004  7.763259285715E-013  2.806270963809E+001
  5.751589563796E+000  1.015341467494E-001  1.148922009272E-004 -1.909557189872E-004  3.183093934764E-004  9.256214062874E-013  2.966722339594E+001
  5.854348215936E+000  1.039962276248E-001  9.685807034907E-005 -1.609047670428E-004  2.680261587320E-004  1.078235131965E-012  3.140473603370E+001
  5.959608687557E+000  1.065383191537E-001  8.132260379704E-005 -1.350346772182E-004  2.247935290399E-004  1.237636748274E-012  3.328919754842E+001
  6.067452615683E+000  1.091637004188E-001  6.799209096897E-005 -1.128491968386E-004  1.877603033989E-004  1.401952762354E-012  3.533629016414E+001
  6.177964996951E+000  1.118758130872E-001  5.660009602567E-005 -9.389936723787E-005  1.561595053152E-004  1.566439615487E-012  3.756367106640E+001
  6.291234354880E+000  1.146782708938E-001  4.690576797857E-005 -7.778034791925E-005  1.293021947670E-004  1.715021766692E-012  3.999125204716E+001
  6.407352916949E+000  1.175748697626E-001  3.869217689692E-005 -6.412832899537E-005  1.065715207738E-004  1.858945541903E-012  4.264152191734E+001
  6.526416802128E+000  1.205695986129E-001  3.176468175129E-005 -5.261753989416E-005  8.741702617723E-005  1.970927953494E-012  4.553991846685E+001
  6.648526219580E+000  1.236666509049E-001  2.594933537381E-005 -4.295736126010E-005  7.134921345142E-005  2.061655922123E-012  4.871525780884E+001
  6.773785679311E+000  1.268704369821E-001  2.109133167465E-005 -3.488954597164E-005  5.793437770658E-005  2.112749919092E-012  5.220023015033E+001
  6.902304215570E+000  1.301855972713E-001  1.705349990708E-005 -2.818555424099E-005  4.678971056841E-005  2.104084786530E-012  5.603197240453E+001
  7.034195623922E+000  1.336170164087E-001  1.371485041936E-005 -2.264400687285E-005  3.757867634704E-005  2.033642368262E-012  6.025272961866E+001
  7.169578712934E+000  1.371698383673E-001  1.096917596660E-005 -1.808825993293E-005  3.000665987285E-005  1.883535072492E-012  6.491061896356E+001
  7.308577571516E+000  1.408494826628E-001  8.723712277104E-006 -1.436410331730E-005  2.381688359113E-005  1.629359088926E-012  7.006051205045E+001
  7.451321853057E+000  1.446616617293E-001  6.897861169309E-006 -1.133758501214E-005  1.878658997789E-005  1.236253381617E-012  7.576505366133E+001
  7.597947077547E+000  1.486123995567E-001  5.421979094168E-006 -8.892962184072E-006  1.472348406082E-005  7.037805497046E-013  8.209583768833E+001
  7.748594953021E+000  1.527080516973E-001  4.236233528683E-006 -6.930779631583E-006  1.146242978801E-005 -2.999243106592E-016  8.913476431765E+001
  7.903413717736E+000  1.569553267535E-001  3.289529166157E-006 -5.366075546138E-006  8.862393160035E-006 -9.200248934334E-013  9.697560650646E+001
  8.062558504629E+000  1.613613094717E-001  2.538505336033E-006 -4.126713964830E-006  6.803624397268E-006 -2.065858464132E-012  1.057258189882E+002
  8.226191729726E+000  1.659334855793E-001  1.946605541214E-006 -3.151842731196E-006  5.185070919216E-006 -3.480413923197E-012  1.155086300639E+002
  8.394483506327E+000  1.706797685137E-001  1.483219426473E-006 -2.390475207969E-006  3.922012527565E-006 -5.171676040258E-012  1.264654663652E+002
  8.567612086926E+000  1.756085282071E-001  1.122896893771E-006 -1.800193396997E-006  2.943909872198E-006 -7.228257004691E-012  1.387587753092E+002
  8.745764335025E+000  1.807286221064E-001  8.446334677577E-007 -1.345969514858E-006  2.192457004641E-006 -9.609346408279E-012  1.525753317511E+002
  8.929136229160E+000  1.860494286260E-001  6.312253991004E-007 -9.991024496474E-007  1.619828557384E-006 -1.234711856746E-011  1.681301484271E+002
  9.117933401693E+000  1.915808832504E-001  4.686923887523E-007 -7.362648926838E-007  1.187111809730E-006 -1.546764974441E-011  1.856711602319E+002
  9.312371715124E+000  1.973335175235E-001  3.457652388883E-007 -5.386563112350E-007  8.629136003625E-007 -1.897816776856E-011  2.054849291386E+002
  9.512677878945E+000  2.033185011886E-001  2.534352031514E-007 -3.912563223156E-007  6.221317239560E-007 -2.275520847188E-011  2.279037326810E+002
  9.719090110332E+000  2.095476877688E-001  1.845613371926E-007 -2.821724644477E-007  4.448801146204E-007 -2.672817400950E-011  2.533145732285E+002
  9.931858842267E+000  2.160336639044E-001  1.335317561932E-007 -2.020758671561E-007  3.155567934974E-007 -3.080815446848E-011  2.821709051466E+002
  1.015124748302E+001  2.227898028021E-001  9.597440272057E-008 -1.437179103391E-007  2.220432692518E-007 -3.489233724642E-011  3.150082627213E+002
  1.037753323129E+001  2.298303221843E-001  6.851272596235E-008 -1.015206689540E-007  1.550238611536E-007 -3.846233187431E-011  3.524655448527E+002
  1.061100795175E+001  2.371703471699E-001  4.856157774835E-008 -7.123377009556E-008  1.074132981991E-007 -4.144823773736E-011  3.953145707345E+002
  1.085197911611E+001  2.448259785618E-001  3.415864241653E-008 -4.965026103720E-008  7.388096464526E-008 -4.295136523365E-011  4.445018275695E+002
  1.110077081537E+001  2.528143670735E-001  2.382683179454E-008 -3.437420233936E-008  5.046033605300E-008 -4.275637792553E-011  5.012083742146E+002
  1.135772484956E+001  2.611537940784E-001  1.646328356996E-008 -2.363295579110E-008  3.423249432246E-008 -4.020823392787E-011  5.669371706639E+002
  1.162320190175E+001  2.698637595360E-001  1.125088686729E-008 -1.612752066375E-008  2.307312720901E-008 -3.375226391223E-011  6.436426768293E+002
  1.189758280382E+001  2.789650778206E-001  7.588605305680E-009 -1.091476406495E-008  1.545309667917E-008 -2.225426694595E-011  7.339273912814E+002
  1.218126990242E+001  2.884799822596E-001  5.037255499037E-009 -7.315966732507E-009  1.028347829529E-008 -3.478432517222E-012  8.413481775884E+002
  1.247468853413E+001  2.984322392826E-001  3.277807689853E-009 -4.846735267834E-009  6.796897511972E-009  2.427392631876E-011  9.709106426759E+002
  1.277828862002E+001  3.088472731875E-001  2.079685804218E-009 -3.163985122493E-009  4.457978147101E-009  6.588912231169E-011  1.129903036546E+003
  1.309254639077E+001  3.197523026463E-001  1.276939890953E-009 -2.026346400647E-009  2.896729973776E-009  1.256872493812E-010  1.329383447019E+003
  1.341796625462E+001  3.311764902095E-001  7.505313101235E-010 -1.264961061605E-009  1.859693925253E-009  2.141976395833E-010  1.587026383457E+003
  1.375508282195E+001  3.431511062169E-001  4.153008713725E-010 -7.622051214188E-010  1.174597197749E-009  3.470203859463E-010  1.933093248984E+003
  1.410446310162E+001  3.557097086969E-001  2.104772922480E-010 -4.363691741009E-010  7.251168947928E-010  5.584276002172E-010  2.424592005834E+003
  1.446670888596E+001  3.688883410292E-001  9.282662132717E-011 -2.307579886534E-010  4.330900016733E-010  9.263071981162E-010  3.185294343882E+003
  1.484245934302E+001  3.827257493700E-001  3.174458047067E-011 -1.060243893775E-010  2.461301450007E-010  1.692168326253E-009  4.554952869025E+003
  1.523239383723E+001  3.972636220891E-001  5.757259399519E-012 -3.483853531725E-011  1.291183272130E-010  4.138093474381E-009  8.047021328262E+003
  1.563723500136E+001  4.125468537596E-001  2.655183876720E-014  1.780921362837E-012  5.843417302553E-011  0.000000000000E+000  0.000000000000E+000
  1.605775208607E+001  4.286238365683E-001  4.560692526196E-012  1.697266889928E-011  1.810020433713E-011 -4.732890491882E-009  8.696880185307E+003
  1.649476461582E+001  4.455467823929E-001  1.291228446223E-011  1.974042524599E-011 -2.759001739299E-012 -2.758315966499E-009  6.147606435046E+003
  1.694914638379E+001  4.633720792263E-001  2.121043308854E-011  1.612489233177E-011 -1.157133265767E-011 -2.071092199618E-009  5.210234130353E+003
  1.742182982203E+001  4.821606861220E-001  2.742315342310E-011  1.002410017449E-011 -1.338897582117E-011 -1.725315573111E-009  4.782642885128E+003
  1.791381078784E+001  5.019785714107E-001  3.078335451112E-011  3.786691156510E-012 -1.158880916252E-011 -1.516675245172E-009  4.601878028477E+003
  1.842615381215E+001  5.228971995942E-001  3.133815708134E-011 -1.341938628826E-012 -8.343857657283E-012 -1.377673706836E-009  4.574559357695E+003
  1.895999786176E+001  5.449940730840E-001  2.959858952600E-011 -4.872973678115E-012 -4.957358735235E-012 -1.278591937168E-009  4.662477470380E+003
  1.951656267356E+001  5.683533358366E-001  2.627643550198E-011 -6.801118221127E-012 -2.114023880031E-012 -1.204357637834E-009  4.851227049630E+003
  2.009715572669E+001  5.930664469535E-001  2.209896808831E-011 -7.392382537090E-012 -7.766198593099E-014 -1.146645305603E-009  5.139447333485E+003
  2.070317992707E+001  6.192329335039E-001  1.769244688023E-011 -7.026281048389E-012  1.151544808904E-012 -1.100515691639E-009  5.534917068967E+003
  2.133614208874E+001  6.469612332096E-001  1.352349396333E-011 -6.087586787662E-012  1.715131760136E-012 -1.062716750894E-009  6.053559021277E+003
  2.199766230782E+001  6.763696392388E-001  9.885455033530E-012 -4.901679529249E-012  1.807695559907E-012 -1.031233116700E-009  6.720086499842E+003
  2.268948433818E+001  7.075873612439E-001  6.915769513408E-012 -3.705542837295E-012  1.618960189940E-012 -1.004540780096E-009  7.569959941209E+003
  2.341348709294E+001  7.407557189842E-001  4.630800675080E-012 -2.644945660554E-012  1.302255104935E-012 -9.816623194905E-010  8.652767922864E+003
  2.417169741362E+001  7.760294874639E-001  2.966519206719E-012 -1.788018123883E-012  9.634085273749E-013 -9.618002700161E-010  1.003748008762E+004
  2.496630426925E+001  8.135784155747E-001  1.816455356123E-012 -1.146435000228E-012  6.632919417964E-013 -9.444040969196E-010  1.182040005942E+004
  2.579967457140E+001  8.535889438281E-001  1.061772056203E-012 -6.974352232096E-013  4.276279528824E-013 -9.290476289999E-010  1.413719736595E+004
  2.667437081864E+001  8.962661510291E-001  5.915006494917E-013 -4.023813939521E-013  2.589695739889E-013  0.000000000000E+000  0.000000000000E+000
  2.759317081651E+001  9.418359647997E-001  3.134281973066E-013 -2.199255025663E-013  1.474988237538E-013  0.000000000000E+000  0.000000000000E+000
  2.855908975674E+001  9.905476768748E-001  1.576073360606E-013 -1.136855619316E-013  7.900710233216E-014  0.000000000000E+000  0.000000000000E+000
  2.957540498378E+001  1.042676811269E+000  7.501013225384E-014 -5.546307713107E-014  3.976046860223E-014  0.000000000000E+000  0.000000000000E+000
  3.064568382919E+001  1.098528402000E+000  3.368725526546E-014 -2.547120929730E-014  1.876664067890E-014  0.000000000000E+000  0.000000000000E+000
  3.177381495601E+001  1.158440747351E+000  1.422819140578E-014 -1.097798384595E-014  8.287471596834E-015  0.000000000000E+000  0.000000000000E+000
  3.296404372807E+001  1.222789720048E+000  5.630321774554E-015 -4.424893259069E-015  3.413905467895E-015  0.000000000000E+000  0.000000000000E+000
  3.422101220608E+001  1.291993727721E+000  2.078722945776E-015 -1.661403857028E-015  1.307182828040E-015  0.000000000000E+000  0.000000000000E+000
  3.554980447538E+001  1.366519436102E+000  7.127065848448E-016 -5.784729578151E-016  4.632674954270E-016  0.000000000000E+000  0.000000000000E+000
  3.695599813319E+001  1.446888389511E+000  2.257437808631E-016 -1.858403131941E-016  1.512438698492E-016  0.000000000000E+000  0.000000000000E+000
  3.844572291106E+001  1.533684690030E+000  6.567882191441E-017 -5.478042057271E-017  4.524218123798E-017  0.000000000000E+000  0.000000000000E+000
  4.002572758518E+001  1.627563929686E+000  1.744023158499E-017 -1.472297132445E-017  1.232402313998E-017  0.000000000000E+000  0.000000000000E+000
  4.170345654134E+001  1.729263610453E+000  4.196781254817E-018 -3.582750211982E-018  3.036246230818E-018  0.000000000000E+000  0.000000000000E+000
  4.348713762001E+001  1.839615336740E+000  9.080066527485E-019 -7.832456374338E-019  6.713661880183E-019  0.000000000000E+000  0.000000000000E+000
  4.538588318162E+001  1.959559126947E+000  1.661217959651E-019 -1.435301103640E-019  1.231284183600E-019  0.000000000000E+000  0.000000000000E+000
  4.740980671574E+001  2.090160267552E+000  2.861142828482E-020 -3.978360580015E-020  3.618356661965E-020  0.000000000000E+000  0.000000000000E+000
  4.957015778746E+001  2.232629229408E+000  6.110089327270E-021 -2.592936686122E-021 -3.362065274361E-021  0.000000000000E+000  0.000000000000E+000
  5.187947869225E+001  2.388345286640E+000  0.000000000000E+000  2.803771099020E-022  1.784903677688E-021  0.000000000000E+000  0.000000000000E+000
  5.435178690397E+001  2.558884630889E+000  2.134168425435E-022 -1.977105075948E-022  0.000000000000E+000  0.000000000000E+000  0.000000000000E+000
  5.700278828629E+001  2.746053966795E+000  0.000000000000E+000  0.000000000000E+000  0.000000000000E+000  0.000000000000E+000  0.000000000000E+000
  5.985012714155E+001  2.951930820846E+000  0.000000000000E+000  0.000000000000E+000  0.000000000000E+000  0.000000000000E+000  0.000000000000E+000
  6.291368055481E+001  3.178912111311E+000  0.000000000000E+000  0.000000000000E+000  0.000000000000E+000  0.000000000000E+000  0.000000000000E+000
  6.621590623276E+001  3.429772933797E+000  0.000000000000E+000  0.000000000000E+000  0.000000000000E+000  0.000000000000E+000  0.000000000000E+000
  6.978225524452E+001  3.707738044625E+000  0.000000000000E+000  0.000000000000E+000  0.000000000000E+000  0.000000000000E+000  0.000000000000E+000
  7.364166388185E+001  4.016569212832E+000  0.000000000000E+000  0.000000000000E+000  0.000000000000E+000  0.000000000000E+000  0.000000000000E+000
  7.782714245929E+001  4.360672516382E+000  0.000000000000E+000  0.000000000000E+000  0.000000000000E+000  0.000000000000E+000  0.000000000000E+000
  8.237648351994E+001  4.745230855210E+000  0.000000000000E+000  0.000000000000E+000  0.000000000000E+000  0.000000000000E+000  0.000000000000E+000
  8.733311794503E+001  5.176368549127E+000  0.000000000000E+000  0.000000000000E+000  0.000000000000E+000  0.000000000000E+000  0.000000000000E+000
  9.274715535088E+001  5.661357031559E+000  0.000000000000E+000  0.000000000000E+000  0.000000000000E+000  0.000000000000E+000  0.000000000000E+000
  9.867665554529E+001  6.208873552072E+000  0.000000000000E+000  0.000000000000E+000  0.000000000000E+000  0.000000000000E+000  0.000000000000E+000
  1.051891916055E+002  6.829328764649E+000  0.000000000000E+000  0.000000000000E+000  0.000000000000E+000  0.000000000000E+000  0.000000000000E+000
  1.123637836013E+002  7.535284543316E+000  0.000000000000E+000  0.000000000000E+000  0.000000000000E+000  0.000000000000E+000  0.000000000000E+000
  1.202933069206E+002  8.341990973528E+000  0.000000000000E+000  0.000000000000E+000  0.000000000000E+000  0.000000000000E+000  0.000000000000E+000
  1.290875131414E+002  9.268082166539E+000  0.000000000000E+000  0.000000000000E+000  0.000000000000E+000  0.000000000000E+000  0.000000000000E+000
  1.388768482001E+002  1.033648575811E+001  0.000000000000E+000  0.000000000000E+000  0.000000000000E+000  0.000000000000E+000  0.000000000000E+000
  1.498173177370E+002  1.157562284364E+001  0.000000000000E+000  0.000000000000E+000  0.000000000000E+000  0.000000000000E+000  0.000000000000E+000
  1.620967411853E+002  1.302100699722E+001  0.000000000000E+000  0.000000000000E+000  0.000000000000E+000  0.000000000000E+000  0.000000000000E+000
  1.759428668168E+002  1.471739812515E+001  0.000000000000E+000  0.000000000000E+000  0.000000000000E+000  0.000000000000E+000  0.000000000000E+000
  1.916340085825E+002  1.672173748087E+001  0.000000000000E+000  0.000000000000E+000  0.000000000000E+000  0.000000000000E+000  0.000000000000E+000
  2.095131417987E+002  1.910719757888E+001  0.000000000000E+000  0.000000000000E+000  0.000000000000E+000  0.000000000000E+000  0.000000000000E+000
  2.300068054477E+002  2.196884699990E+001  0.000000000000E+000  0.000000000000E+000  0.000000000000E+000  0.000000000000E+000  0.000000000000E+000
  2.536507797910E+002  2.543169216868E+001  0.000000000000E+000  0.000000000000E+000  0.000000000000E+000  0.000000000000E+000  0.000000000000E+000
  2.811254638474E+002  2.966227967912E+001  0.000000000000E+000  0.000000000000E+000  0.000000000000E+000  0.000000000000E+000  0.000000000000E+000
  3.133053780630E+002  3.488573552677E+001  0.000000000000E+000  0.000000000000E+000  0.000000000000E+000  0.000000000000E+000  0.000000000000E+000
  3.513296254502E+002  4.141128389041E+001  0.000000000000E+000  0.000000000000E+000  0.000000000000E+000  0.000000000000E+000  0.000000000000E+000
  3.967041014106E+002  4.967130404214E+001  0.000000000000E+000  0.000000000000E+000  0.000000000000E+000  0.000000000000E+000  0.000000000000E+000
  4.514529193349E+002  6.028257212519E+001  0.000000000000E+000  0.000000000000E+000  0.000000000000E+000  0.000000000000E+000  0.000000000000E+000
  5.183481233601E+002  7.414493328740E+001  0.000000000000E+000  0.000000000000E+000  0.000000000000E+000  0.000000000000E+000  0.000000000000E+000
  6.012676077950E+002  9.260523890243E+001  0.000000000000E+000  0.000000000000E+000  0.000000000000E+000  0.000000000000E+000  0.000000000000E+000
  7.057700503752E+002  1.177394213729E+002  0.000000000000E+000  0.000000000000E+000  0.000000000000E+000  0.000000000000E+000  0.000000000000E+000
  8.400513767914E+002  1.528577972397E+002  0.000000000000E+000  0.000000000000E+000  0.000000000000E+000  0.000000000000E+000  0.000000000000E+000
  1.016602135495E+003  2.034537342122E+002  0.000000000000E+000  0.000000000000E+000  0.000000000000E+000  0.000000000000E+000  0.000000000000E+000
  1.255220715580E+003  2.790860613466E+002  0.000000000000E+000  0.000000000000E+000  0.000000000000E+000  0.000000000000E+000  0.000000000000E+000
  1.588815776243E+003  3.973705897531E+002  0.000000000000E+000  0.000000000000E+000  0.000000000000E+000  0.000000000000E+000  0.000000000000E+000
  2.075392011604E+003  5.931596040112E+002  0.000000000000E+000  0.000000000000E+000  0.000000000000E+000  0.000000000000E+000  0.000000000000E+000
  2.825079847529E+003  9.419154890021E+002  0.000000000000E+000  0.000000000000E+000  0.000000000000E+000  0.000000000000E+000  0.000000000000E+000
  4.068408296184E+003  1.627629972033E+003  0.000000000000E+000  0.000000000000E+000  0.000000000000E+000  0.000000000000E+000  0.000000000000E+000
  6.357262947674E+003  3.178964796686E+003  0.000000000000E+000  0.000000000000E+000  0.000000000000E+000  0.000000000000E+000  0.000000000000E+000
  1.130231930164E+004  7.535323971013E+003  0.000000000000E+000  0.000000000000E+000  0.000000000000E+000  0.000000000000E+000  0.000000000000E+000
  2.543105175140E+004  2.543171841285E+004  0.000000000000E+000  0.000000000000E+000  0.000000000000E+000  0.000000000000E+000  0.000000000000E+000
  1.017262069958E+005  2.034537473226E+005  0.000000000000E+000  0.000000000000E+000  0.000000000000E+000  0.000000000000E+000  0.000000000000E+000
