# 1st line: number of mesh points
# abcissa weight wavefunction wavefunction_1st wavefunction_2nd
500
# Principal QN=   1 , l=   1 , Occupation=   2.0000
  9.830308526508E-006  1.966074589941E-005  6.118012288909E-005  6.223449929652E+000 -3.497607229633E+001
  3.932200719717E-005  3.932303800261E-005  2.447050231974E-004  6.222418496102E+000 -3.497130934449E+001
  8.847741541455E-005  5.898842277178E-005  5.505282978836E-004  6.220699662210E+000 -3.496337165804E+001
  1.573003992804E-004  7.865844718600E-005  9.785726153353E-004  6.218293761026E+000 -3.495226008755E+001
  2.457963722417E-004  9.833465899987E-005  1.528729725559E-003  6.215201258842E+000 -3.493797582504E+001
  3.539722959954E-004  1.180186070023E-004  2.200860474467E-003  6.211422755214E+000 -3.492052040521E+001
  4.818366816528E-004  1.377118412759E-004  2.994794822275E-003  6.206958982997E+000 -3.489989570706E+001
  6.293995911626E-004  1.574159134560E-004  3.910331866029E-003  6.201810808371E+000 -3.487610395575E+001
  7.966726389934E-004  1.771323769912E-004  4.947239866293E-003  6.195979230890E+000 -3.484914772497E+001
  9.836689940782E-004  1.968627874036E-004  6.105256278030E-003  6.189465383523E+000 -3.481902993945E+001
  1.190403382016E-003  2.166087025496E-004  7.384087785702E-003  6.182270532709E+000 -3.478575387800E+001
  1.416892087541E-003  2.363716828821E-004  8.783410342645E-003  6.174396078408E+000 -3.474932317674E+001
  1.663152957245E-003  2.561532917128E-004  1.030286921475E-002  6.165843554164E+000 -3.470974183273E+001
  1.929205402573E-003  2.759550954757E-004  1.194207902851E-002  6.156614627169E+000 -3.466701420792E+001
  2.215070403074E-003  2.957786639908E-004  1.370062382349E-002  6.146711098326E+000 -3.462114503336E+001
  2.520770509919E-003  3.156255707300E-004  1.557805710923E-002  6.136134902320E+000 -3.457213941384E+001
  2.846329849692E-003  3.354973930828E-004  1.757390192677E-002  6.124888107686E+000 -3.452000283268E+001
  3.191774128432E-003  3.553957126240E-004  1.968765091471E-002  6.112972916880E+000 -3.446474115695E+001
  3.557130635959E-003  3.753221153821E-004  2.191876637994E-002  6.100391666353E+000 -3.440636064291E+001
  3.942428250463E-003  3.952781921092E-004  2.426668037321E-002  6.087146826617E+000 -3.434486794175E+001
  4.347697443358E-003  4.152655385525E-004  2.673079476943E-002  6.073241002313E+000 -3.428027010559E+001
  4.772970284417E-003  4.352857557265E-004  2.931048135293E-002  6.058676932281E+000 -3.421257459380E+001
  5.218280447175E-003  4.553404501876E-004  3.200508190776E-002  6.043457489620E+000 -3.414178927947E+001
  5.683663214611E-003  4.754312343099E-004  3.481390831305E-002  6.027585681743E+000 -3.406792245625E+001
  6.169155485101E-003  4.955597265624E-004  3.773624264351E-002  6.011064650433E+000 -3.399098284531E+001
  6.674795778653E-003  5.157275517886E-004  4.077133727533E-002  5.993897671886E+000 -3.391097960260E+001
  7.200624243425E-003  5.359363414876E-004  4.391841499739E-002  5.976088156748E+000 -3.382792232632E+001
  7.746682662519E-003  5.561877340970E-004  4.717666912798E-002  5.957639650146E+000 -3.374182106452E+001
  8.313014461060E-003  5.764833752781E-004  5.054526363713E-002  5.938555831702E+000 -3.365268632299E+001
  8.899664713569E-003  5.968249182030E-004  5.402333327468E-002  5.918840515541E+000 -3.356052907323E+001
  9.506680151615E-003  6.172140238444E-004  5.760998370411E-002  5.898497650286E+000 -3.346536076067E+001
  1.013410917176E-002  6.376523612666E-004  6.130429164237E-002  5.877531319034E+000 -3.336719331297E+001
  1.078200184380E-002  6.581416079202E-004  6.510530500576E-002  5.855945739324E+000 -3.326603914851E+001
  1.145040991929E-002  6.786834499385E-004  6.901204306200E-002  5.833745263078E+000 -3.316191118495E+001
  1.213938684040E-002  6.992795824361E-004  7.302349658856E-002  5.810934376534E+000 -3.305482284798E+001
  1.284898774901E-002  7.199317098113E-004  7.713862803746E-002  5.787517700154E+000 -3.294478808004E+001
  1.357926949620E-002  7.406415460502E-004  8.135637170664E-002  5.763499988506E+000 -3.283182134925E+001
  1.433029065191E-002  7.614108150341E-004  8.567563391795E-002  5.738886130135E+000 -3.271593765831E+001
  1.510211151509E-002  7.822412508494E-004  9.009529320206E-002  5.713681147395E+000 -3.259715255351E+001
  1.589479412397E-002  8.031345981016E-004  9.461420049015E-002  5.687890196271E+000 -3.247548213370E+001
  1.670840226680E-002  8.240926122311E-004  9.923117931286E-002  5.661518566156E+000 -3.235094305935E+001
  1.754300149280E-002  8.451170598329E-004  1.039450260063E-001  5.634571679612E+000 -3.222355256156E+001
  1.839865912351E-002  8.662097189796E-004  1.087545099254E-001  5.607055092097E+000 -3.209332845105E+001
  1.927544426443E-002  8.873723795480E-004  1.136583736650E-001  5.578974491654E+000 -3.196028912715E+001
  2.017342781695E-002  9.086068435487E-004  1.186553332880E-001  5.550335698570E+000 -3.182445358673E+001
  2.109268249069E-002  9.299149254598E-004  1.237440785618E-001  5.521144665001E+000 -3.168584143296E+001
  2.203328281612E-002  9.512984525641E-004  1.289232732022E-001  5.491407474555E+000 -3.154447288417E+001
  2.299530515754E-002  9.727592652906E-004  1.341915551256E-001  5.461130341838E+000 -3.140036878240E+001
  2.397882772639E-002  9.942992175591E-004  1.395475367092E-001  5.430319611956E+000 -3.125355060198E+001
  2.498393059493E-002  1.015920177130E-003  1.449898050591E-001  5.398981759979E+000 -3.110404045784E+001
  2.601069571024E-002  1.037624025957E-003  1.505169222877E-001  5.367123390358E+000 -3.095186111377E+001
  2.705920690860E-002  1.059412660547E-003  1.561274257982E-001  5.334751236292E+000 -3.079703599041E+001
  2.812954993023E-002  1.081287992318E-003  1.618198285792E-001  5.301872159052E+000 -3.063958917307E+001
  2.922181243436E-002  1.103251947969E-003  1.675926195072E-001  5.268493147253E+000 -3.047954541932E+001
  3.033608401473E-002  1.125306469854E-003  1.734442636579E-001  5.234621316077E+000 -3.031693016636E+001
  3.147245621542E-002  1.147453516351E-003  1.793732026268E-001  5.200263906434E+000 -3.015176953811E+001
  3.263102254705E-002  1.169695062249E-003  1.853778548588E-001  5.165428284082E+000 -2.998409035199E+001
  3.381187850339E-002  1.192033099133E-003  1.914566159869E-001  5.130121938676E+000 -2.981392012548E+001
  3.501512157837E-002  1.214469635775E-003  1.976078591803E-001  5.094352482769E+000 -2.964128708225E+001
  3.624085128345E-002  1.237006698530E-003  2.038299355016E-001  5.058127650747E+000 -2.946622015806E+001
  3.748916916538E-002  1.259646331739E-003  2.101211742740E-001  5.021455297704E+000 -2.928874900625E+001
  3.876017882444E-002  1.282390598136E-003  2.164798834575E-001  4.984343398255E+000 -2.910890400278E+001
  4.005398593302E-002  1.305241579266E-003  2.229043500350E-001  4.946800045282E+000 -2.892671625102E+001
  4.137069825459E-002  1.328201375897E-003  2.293928404083E-001  4.908833448614E+000 -2.874221758602E+001
  4.271042566323E-002  1.351272108452E-003  2.359436008033E-001  4.870451933640E+000 -2.855544057832E+001
  4.407328016341E-002  1.374455917436E-003  2.425548576860E-001  4.831663939848E+000 -2.836641853740E+001
  4.545937591035E-002  1.397754963880E-003  2.492248181874E-001  4.792478019301E+000 -2.817518551456E+001
  4.686882923075E-002  1.421171429779E-003  2.559516705390E-001  4.752902835034E+000 -2.798177630536E+001
  4.830175864396E-002  1.444707518548E-003  2.627335845180E-001  4.712947159376E+000 -2.778622645152E+001
  4.975828488365E-002  1.468365455478E-003  2.695687119029E-001  4.672619872204E+000 -2.758857224229E+001
  5.123853091993E-002  1.492147488203E-003  2.764551869385E-001  4.631929959113E+000 -2.738885071527E+001
  5.274262198188E-002  1.516055887169E-003  2.833911268118E-001  4.590886509515E+000 -2.718709965666E+001
  5.427068558066E-002  1.540092946119E-003  2.903746321373E-001  4.549498714649E+000 -2.698335760091E+001
  5.582285153302E-002  1.564260982573E-003  2.974037874527E-001  4.507775865526E+000 -2.677766382980E+001
  5.739925198530E-002  1.588562338332E-003  3.044766617248E-001  4.465727350777E+000 -2.657005837084E+001
  5.900002143803E-002  1.612999379973E-003  3.115913088650E-001  4.423362654430E+000 -2.636058199508E+001
  6.062529677088E-002  1.637574499364E-003  3.187457682551E-001  4.380691353599E+000 -2.614927621424E+001
  6.227521726827E-002  1.662290114181E-003  3.259380652835E-001  4.337723116092E+000 -2.593618327718E+001
  6.394992464542E-002  1.687148668440E-003  3.331662118903E-001  4.294467697933E+000 -2.572134616563E+001
  6.564956307496E-002  1.712152633027E-003  3.404282071233E-001  4.250934940796E+000 -2.550480858933E+001
  6.737427921404E-002  1.737304506249E-003  3.477220377033E-001  4.207134769360E+000 -2.528661498034E+001
  6.912422223211E-002  1.762606814387E-003  3.550456785988E-001  4.163077188571E+000 -2.506681048665E+001
  7.089954383907E-002  1.788062112257E-003  3.623970936110E-001  4.118772280820E+000 -2.484544096508E+001
  7.270039831418E-002  1.813672983787E-003  3.697742359679E-001  4.074230203036E+000 -2.462255297339E+001
  7.452694253540E-002  1.839442042599E-003  3.771750489277E-001  4.029461183688E+000 -2.439819376164E+001
  7.637933600943E-002  1.865371932600E-003  3.845974663912E-001  3.984475519702E+000 -2.417241126273E+001
  7.825774090225E-002  1.891465328589E-003  3.920394135243E-001  3.939283573291E+000 -2.394525408218E+001
  8.016232207035E-002  1.917724936867E-003  3.994988073878E-001  3.893895768694E+000 -2.371677148713E+001
  8.209324709253E-002  1.944153495867E-003  4.069735575775E-001  3.848322588833E+000 -2.348701339447E+001
  8.405068630235E-002  1.970753776782E-003  4.144615668716E-001  3.802574571881E+000 -2.325603035819E+001
  8.603481282122E-002  1.997528584221E-003  4.219607318872E-001  3.756662307743E+000 -2.302387355589E+001
  8.804580259214E-002  2.024480756857E-003  4.294689437444E-001  3.710596434453E+000 -2.279059477449E+001
  9.008383441408E-002  2.051613168108E-003  4.369840887386E-001  3.664387634483E+000 -2.255624639501E+001
  9.214908997710E-002  2.078928726810E-003  4.445040490201E-001  3.618046630973E+000 -2.232088137664E+001
  9.424175389809E-002  2.106430377918E-003  4.520267032810E-001  3.571584183874E+000 -2.208455323980E+001
  9.636201375725E-002  2.134121103210E-003  4.595499274498E-001  3.525011086006E+000 -2.184731604852E+001
  9.851006013526E-002  2.162003922007E-003  4.670715953914E-001  3.478338159045E+000 -2.160922439185E+001
  1.006860866512E-001  2.190081891910E-003  4.745895796151E-001  3.431576249419E+000 -2.137033336442E+001
  1.028902900012E-001  2.218358109541E-003  4.821017519873E-001  3.384736224136E+000 -2.113069854622E+001
  1.051228699979E-001  2.246835711311E-003  4.896059844506E-001  3.337828966526E+000 -2.089037598147E+001
  1.073840296104E-001  2.275517874190E-003  4.971001497484E-001  3.290865371919E+000 -2.064942215664E+001
  1.096739750056E-001  2.304407816497E-003  5.045821221540E-001  3.243856343238E+000 -2.040789397766E+001
  1.119929155896E-001  2.333508798707E-003  5.120497782043E-001  3.196812786538E+000 -2.016584874626E+001
  1.143410640503E-001  2.362824124271E-003  5.195009974384E-001  3.149745606459E+000 -1.992334413550E+001
  1.167186364011E-001  2.392357140448E-003  5.269336631387E-001  3.102665701627E+000 -1.968043816441E+001
  1.191258520249E-001  2.422111239159E-003  5.343456630763E-001  3.055583959982E+000 -1.943718917195E+001
  1.215629337189E-001  2.452089857854E-003  5.417348902589E-001  3.008511254057E+000 -1.919365578997E+001
  1.240301077413E-001  2.482296480400E-003  5.490992436806E-001  2.961458436183E+000 -1.894989691556E+001
  1.265276038575E-001  2.512734637975E-003  5.564366290742E-001  2.914436333661E+000 -1.870597168250E+001
  1.290556553882E-001  2.543407909995E-003  5.637449596644E-001  2.867455743860E+000 -1.846193943198E+001
  1.316144992580E-001  2.574319925047E-003  5.710221569218E-001  2.820527429284E+000 -1.821785968258E+001
  1.342043760450E-001  2.605474361847E-003  5.782661513175E-001  2.773662112590E+000 -1.797379209947E+001
  1.368255300316E-001  2.636874950214E-003  5.854748830769E-001  2.726870471561E+000 -1.772979646293E+001
  1.394782092560E-001  2.668525472060E-003  5.926463029329E-001  2.680163134045E+000 -1.748593263621E+001
  1.421626655646E-001  2.700429762411E-003  5.997783728775E-001  2.633550672868E+000 -1.724226053259E+001
  1.448791546661E-001  2.732591710434E-003  6.068690669118E-001  2.587043600706E+000 -1.699884008192E+001
  1.476279361856E-001  2.765015260497E-003  6.139163717925E-001  2.540652364942E+000 -1.675573119649E+001
  1.504092737207E-001  2.797704413242E-003  6.209182877759E-001  2.494387342502E+000 -1.651299373623E+001
  1.532234348983E-001  2.830663226680E-003  6.278728293575E-001  2.448258834676E+000 -1.627068747344E+001
  1.560706914324E-001  2.863895817319E-003  6.347780260068E-001  2.402277061924E+000 -1.602887205695E+001
  1.589513191834E-001  2.897406361298E-003  6.416319228981E-001  2.356452158685E+000 -1.578760697565E+001
  1.618655982178E-001  2.931199095559E-003  6.484325816336E-001  2.310794168181E+000 -1.554695152173E+001
  1.648138128702E-001  2.965278319033E-003  6.551780809613E-001  2.265313037226E+000 -1.530696475334E+001
  1.677962518056E-001  2.999648393860E-003  6.618665174849E-001  2.220018611050E+000 -1.506770545685E+001
  1.708132080832E-001  3.034313746623E-003  6.684960063666E-001  2.174920628135E+000 -1.482923210876E+001
  1.738649792215E-001  3.069278869616E-003  6.750646820197E-001  2.130028715075E+000 -1.459160283730E+001
  1.769518672648E-001  3.104548322136E-003  6.815706987938E-001  2.085352381466E+000 -1.435487538363E+001
  1.800741788507E-001  3.140126731803E-003  6.880122316485E-001  2.040901014822E+000 -1.411910706293E+001
  1.832322252791E-001  3.176018795904E-003  6.943874768165E-001  1.996683875544E+000 -1.388435472512E+001
  1.864263225826E-001  3.212229282769E-003  7.006946524562E-001  1.952710091919E+000 -1.365067471551E+001
  1.896567915983E-001  3.248763033179E-003  7.069319992910E-001  1.908988655190E+000 -1.341812283533E+001
  1.929239580409E-001  3.285624961791E-003  7.130977812359E-001  1.865528414666E+000 -1.318675430207E+001
  1.962281525771E-001  3.322820058613E-003  7.191902860113E-001  1.822338072910E+000 -1.295662370994E+001
  1.995697109023E-001  3.360353390492E-003  7.252078257413E-001  1.779426180996E+000 -1.272778499024E+001
  2.029489738173E-001  3.398230102644E-003  7.311487375381E-001  1.736801133838E+000 -1.250029137181E+001
  2.063662873085E-001  3.436455420218E-003  7.370113840697E-001  1.694471165617E+000 -1.227419534169E+001
  2.098220026275E-001  3.475034649885E-003  7.427941541117E-001  1.652444345288E+000 -1.204954860582E+001
  2.133164763746E-001  3.513973181471E-003  7.484954630822E-001  1.610728572188E+000 -1.182640205005E+001
  2.168500705817E-001  3.553276489620E-003  7.541137535584E-001  1.569331571755E+000 -1.160480570144E+001
  2.204231527988E-001  3.592950135496E-003  7.596474957754E-001  1.528260891357E+000 -1.138480868984E+001
  2.240360961807E-001  3.632999768520E-003  7.650951881053E-001  1.487523896235E+000 -1.116645920993E+001
  2.276892795770E-001  3.673431128145E-003  7.704553575172E-001  1.447127765578E+000 -1.094980448365E+001
  2.313830876220E-001  3.714250045674E-003  7.757265600167E-001  1.407079488730E+000 -1.073489072318E+001
  2.351179108282E-001  3.755462446115E-003  7.809073810643E-001  1.367385861536E+000 -1.052176309450E+001
  2.388941456809E-001  3.797074350078E-003  7.859964359726E-001  1.328053482831E+000 -1.031046568151E+001
  2.427121947345E-001  3.839091875711E-003  7.909923702820E-001  1.289088751089E+000 -1.010104145094E+001
  2.465724667110E-001  3.881521240686E-003  7.958938601126E-001  1.250497861227E+000 -9.893532217945E+000
  2.504753766009E-001  3.924368764227E-003  8.006996124947E-001  1.212286801578E+000 -9.687978612478E+000
  2.544213457654E-001  3.967640869177E-003  8.054083656746E-001  1.174461351033E+000 -9.484420046634E+000
  2.584108020414E-001  4.011344084122E-003  8.100188893973E-001  1.137027076367E+000 -9.282894682839E+000
  2.624441798480E-001  4.055485045557E-003  8.145299851647E-001  1.099989329746E+000 -9.083439403064E+000
  2.665219202956E-001  4.100070500102E-003  8.189404864689E-001  1.063353246429E+000 -8.886089779097E+000
  2.706444712976E-001  4.145107306769E-003  8.232492590012E-001  1.027123742668E+000 -8.690880043914E+000
  2.748122876832E-001  4.190602439283E-003  8.274552008353E-001  9.913055138044E-001 -8.497843064229E+000
  2.790258313137E-001  4.236562988450E-003  8.315572425852E-001  9.559030325805E-001 -8.307010314285E+000
  2.832855712010E-001  4.282996164587E-003  8.355543475380E-001  9.209205476631E-001 -8.118411850919E+000
  2.875919836279E-001  4.329909300005E-003  8.394455117599E-001  8.863620823845E-001 -7.932076289996E+000
  2.919455522717E-001  4.377309851548E-003  8.432297641771E-001  8.522314337082E-001 -7.748030784232E+000
  2.963467683296E-001  4.425205403192E-003  8.469061666309E-001  8.185321714221E-001 -7.566301002488E+000
  3.007961306479E-001  4.473603668706E-003  8.504738139058E-001  7.852676375640E-001 -7.386911110582E+000
  3.052941458522E-001  4.522512494374E-003  8.539318337329E-001  7.524409460832E-001 -7.209883753665E+000
  3.098413284823E-001  4.571939861783E-003  8.572793867672E-001  7.200549827418E-001 -7.035240040222E+000
  3.144382011281E-001  4.621893890671E-003  8.605156665389E-001  6.881124052587E-001 -6.862999527739E+000
  3.190852945695E-001  4.672382841850E-003  8.636398993796E-001  6.566156436987E-001 -6.693180210102E+000
  3.237831479192E-001  4.723415120192E-003  8.666513443239E-001  6.255669011103E-001 -6.525798506742E+000
  3.285323087679E-001  4.774999277691E-003  8.695492929855E-001  5.949681544130E-001 -6.360869253606E+000
  3.333333333333E-001  4.827144016591E-003  8.723330694096E-001  5.648211555363E-001 -6.198405695970E+000
  3.381867866117E-001  4.879858192602E-003  8.750020299012E-001  5.351274328109E-001 -6.038419483139E+000
  3.430932425333E-001  4.933150818173E-003  8.775555628303E-001  5.058882926141E-001 -5.880920665081E+000
  3.480532841203E-001  4.987031065868E-003  8.799930884143E-001  4.771048212679E-001 -5.725917691010E+000
  3.530675036492E-001  5.041508271801E-003  8.823140584788E-001  4.487778871901E-001 -5.573417409964E+000
  3.581365028158E-001  5.096591939172E-003  8.845179561967E-001  4.209081432985E-001 -5.423425073397E+000
  3.632608929041E-001  5.152291741875E-003  8.866042958075E-001  3.934960296650E-001 -5.275944339810E+000
  3.684412949588E-001  5.208617528209E-003  8.885726223164E-001  3.665417764197E-001 -5.130977281446E+000
  3.736783399619E-001  5.265579324662E-003  8.904225111760E-001  3.400454069003E-001 -4.988524393055E+000
  3.789726690123E-001  5.323187339805E-003  8.921535679491E-001  3.140067410457E-001 -4.848584602758E+000
  3.843249335105E-001  5.381451968273E-003  8.937654279566E-001  2.884253990295E-001 -4.711155284997E+000
  3.897357953460E-001  5.440383794842E-003  8.952577559092E-001  2.633008051282E-001 -4.576232275603E+000
  3.952059270903E-001  5.499993598618E-003  8.966302455252E-001  2.386321918207E-001 -4.443809888954E+000
  4.007360121927E-001  5.560292357317E-003  8.978826191367E-001  2.144186041131E-001 -4.313880937245E+000
  4.063267451812E-001  5.621291251662E-003  8.990146272832E-001  1.906589040819E-001 -4.186436751841E+000
  4.119788318683E-001  5.683001669888E-003  9.000260482962E-001  1.673517756306E-001 -4.061467206716E+000
  4.176929895600E-001  5.745435212354E-003  9.009166878757E-001  1.444957294505E-001 -3.938960743946E+000
  4.234699472710E-001  5.808603696282E-003  9.016863786589E-001  1.220891081794E-001 -3.818904401249E+000
  4.293104459435E-001  5.872519160606E-003  9.023349797854E-001  1.001300917482E-001 -3.701283841532E+000
  4.352152386716E-001  5.937193870949E-003  9.028623764575E-001  7.861670290705E-002 -3.586083384419E+000
  4.411850909306E-001  6.002640324729E-003  9.032684794999E-001  5.754681292148E-002 -3.473286039721E+000
  4.472207808110E-001  6.068871256391E-003  9.035532249189E-001  3.691814742659E-002 -3.362873542808E+000
  4.533230992589E-001  6.135899642772E-003  9.037165734641E-001  1.672829243001E-002 -3.254826391831E+000
  4.594928503202E-001  6.203738708611E-003  9.037585101936E-001 -3.025299549281E-003 -3.149123886741E+000
  4.657308513924E-001  6.272401932198E-003  9.036790440450E-001 -2.234530321797E-002 -3.045744170060E+000
  4.720379334802E-001  6.341903051163E-003  9.034782074144E-001 -4.123451413426E-002 -2.944664269319E+000
  4.784149414579E-001  6.412256068427E-003  9.031560557448E-001 -5.969584223592E-002 -2.845860141117E+000
  4.848627343381E-001  6.483475258298E-003  9.027126671267E-001 -7.773230528441E-002 -2.749306716703E+000
  4.913821855461E-001  6.555575172733E-003  9.021481419119E-001 -9.534702223958E-002 -2.654977949038E+000
  4.979741832006E-001  6.628570647764E-003  9.014626023436E-001 -1.125432065798E-001 -2.562846861207E+000
  5.046396304008E-001  6.702476810086E-003  9.006561922037E-001 -1.293241595828E-001 -2.472885596141E+000
  5.113794455212E-001  6.777309083830E-003  8.997290764813E-001 -1.456932635834E-001 -2.385065467515E+000
  5.181945625116E-001  6.853083197508E-003  8.986814410611E-001 -1.616539752238E-001 -2.299357011750E+000
  5.250859312060E-001  6.929815191146E-003  8.975134924380E-001 -1.772098187130E-001 -2.215730041009E+000
  5.320545176366E-001  7.007521423604E-003  8.962254574555E-001 -1.923643791131E-001 -2.134153697070E+000
  5.391013043575E-001  7.086218580100E-003  8.948175830739E-001 -2.071212956683E-001 -2.054596505986E+000
  5.462272907741E-001  7.165923679926E-003  8.932901361667E-001 -2.214842551951E-001 -1.977026433394E+000
  5.534334934816E-001  7.246654084380E-003  8.916434033499E-001 -2.354569855499E-001 -1.901410940367E+000
  5.607209466109E-001  7.328427504912E-003  8.898776908441E-001 -2.490432491940E-001 -1.827717039690E+000
  5.680907021827E-001  7.411262011483E-003  8.879933243721E-001 -2.622468368707E-001 -1.755911352421E+000
  5.755438304707E-001  7.495176041166E-003  8.859906490932E-001 -2.750715614149E-001 -1.685960164617E+000
  5.830814203728E-001  7.580188406970E-003  8.838700295765E-001 -2.875212517118E-001 -1.617829484095E+000
  5.907045797917E-001  7.666318306912E-003  8.816318498136E-001 -2.995997468218E-001 -1.551485097090E+000
  5.984144360243E-001  7.753585333338E-003  8.792765132728E-001 -3.113108902908E-001 -1.486892624670E+000
  6.062121361613E-001  7.842009482502E-003  8.768044429964E-001 -3.226585246612E-001 -1.424017578790E+000
  6.140988474955E-001  7.931611164409E-003  8.742160817412E-001 -3.336464862022E-001 -1.362825417816E+000
  6.220757579409E-001  8.022411212936E-003  8.715118921637E-001 -3.442785998747E-001 -1.303281601411E+000
  6.301440764614E-001  8.114430896230E-003  8.686923570517E-001 -3.545586745482E-001 -1.245351644621E+000
  6.383050335109E-001  8.207691927403E-003  8.657579796014E-001 -3.644904984845E-001 -1.189001171032E+000
  6.465598814833E-001  8.302216475524E-003  8.627092837416E-001 -3.740778351037E-001 -1.134195964860E+000
  6.549098951744E-001  8.398027176926E-003  8.595468145053E-001 -3.833244190470E-001 -1.080902021828E+000
  6.633563722545E-001  8.495147146827E-003  8.562711384483E-001 -3.922339525497E-001 -1.029085598703E+000
  6.719006337539E-001  8.593599991288E-003  8.528828441158E-001 -4.008101021380E-001 -9.787132613545E-001
  6.805440245593E-001  8.693409819506E-003  8.493825425552E-001 -4.090564956612E-001 -9.297519312009E-001
  6.892879139233E-001  8.794601256469E-003  8.457708678764E-001 -4.169767196703E-001 -8.821689299219E-001
  6.981336959871E-001  8.897199455961E-003  8.420484778575E-001 -4.245743171537E-001 -8.359320223058E-001
  7.070827903152E-001  9.001230113956E-003  8.382160545964E-001 -4.318527856390E-001 -7.910094571145E-001
  7.161366424455E-001  9.106719482390E-003  8.342743052053E-001 -4.388155756677E-001 -7.473700058504E-001
  7.252967244510E-001  9.213694383338E-003  8.302239625490E-001 -4.454660896514E-001 -7.049829993127E-001
  7.345645355186E-001  9.322182223606E-003  8.260657860233E-001 -4.518076811129E-001 -6.638183618420E-001
  7.439416025400E-001  9.432211009745E-003  8.218005623731E-001 -4.578436543179E-001 -6.238466431514E-001
  7.534294807203E-001  9.543809363512E-003  8.174291065475E-001 -4.635772642985E-001 -5.850390476554E-001
  7.630297542000E-001  9.657006537783E-003  8.129522625894E-001 -4.690117172705E-001 -5.473674612110E-001
  7.727440366954E-001  9.771832432940E-003  8.083709045571E-001 -4.741501714445E-001 -5.108044751966E-001
  7.825739721536E-001  9.888317613741E-003  8.036859374755E-001 -4.789957382268E-001 -4.753234078596E-001
  7.925212354258E-001  1.000649332670E-002  7.988982983125E-001 -4.835514838097E-001 -4.408983228757E-001
  8.025875329584E-001  1.012639151798E-002  7.940089569791E-001 -4.878204311433E-001 -4.075040450690E-001
  8.127746035011E-001  1.024804485184E-002  7.890189173472E-001 -4.918055622828E-001 -3.751161732547E-001
  8.230842188350E-001  1.037148672960E-002  7.839292182832E-001 -4.955098211035E-001 -3.437110901734E-001
  8.335181845190E-001  1.049675130923E-002  7.787409346924E-001 -4.989361163716E-001 -3.132659695005E-001
  8.440783406568E-001  1.062387352550E-002  7.734551785694E-001 -5.020873251608E-001 -2.837587799195E-001
  8.547665626839E-001  1.075288911077E-002  7.680731000508E-001 -5.049662965984E-001 -2.551682862649E-001
  8.655847621758E-001  1.088383461638E-002  7.625958884644E-001 -5.075758559280E-001 -2.274740477471E-001
  8.765348876780E-001  1.101674743475E-002  7.570247733707E-001 -5.099188088699E-001 -2.006564132864E-001
  8.876189255584E-001  1.115166582209E-002  7.513610255908E-001 -5.119979462605E-001 -1.746965139926E-001
  8.988389008829E-001  1.128862892191E-002  7.456059582154E-001 -5.138160489508E-001 -1.495762528398E-001
  9.101968783143E-001  1.142767678917E-002  7.397609275901E-001 -5.153758929416E-001 -1.252782915980E-001
  9.216949630368E-001  1.156885041525E-002  7.338273342694E-001 -5.166802547311E-001 -1.017860350933E-001
  9.333353017046E-001  1.171219175365E-002  7.278066239358E-001 -5.177319168511E-001 -7.908361288130E-002
  9.451200834176E-001  1.185774374655E-002  7.217002882761E-001 -5.185336735630E-001 -5.715585843101E-002
  9.570515407237E-001  1.200555035216E-002  7.155098658106E-001 -5.190883366877E-001 -3.598828592482E-002
  9.691319506484E-001  1.215565657299E-002  7.092369426669E-001 -5.193987415397E-001 -1.556706479437E-002
  9.813636357544E-001  1.230810848498E-002  7.028831532947E-001 -5.194677529339E-001  4.121007879192E-003
  9.937489652293E-001  1.246295326757E-002  6.964501811132E-001 -5.192982712351E-001  2.308853696060E-002
  1.006290356005E+000  1.262023923477E-002  6.899397590866E-001 -5.188932384175E-001  4.134756070231E-002
  1.018990273907E+000  1.278001586715E-002  6.833536702205E-001 -5.182556441007E-001  5.890958387388E-002
  1.031851234841E+000  1.294233384499E-002  6.766937479741E-001 -5.173885315290E-001  7.578561241134E-002
  1.044875806003E+000  1.310724508236E-002  6.699618765817E-001 -5.162950034603E-001  9.198618941092E-002
  1.058066607138E+000  1.327480276248E-002  6.631599912780E-001 -5.149782279284E-001  1.075214322841E-001
  1.071426311823E+000  1.344506137405E-002  6.562900784220E-001 -5.134414438466E-001  1.224010708847E-001
  1.084957648792E+000  1.361807674895E-002  6.493541755134E-001 -5.116879664156E-001  1.366344864117E-001
  1.098663403298E+000  1.379390610110E-002  6.423543710978E-001 -5.097211923030E-001  1.502307508896E-001
  1.112546418516E+000  1.397260806657E-002  6.352928045540E-001 -5.075446045597E-001  1.631986670202E-001
  1.126609596985E+000  1.415424274514E-002  6.281716657609E-001 -5.051617772396E-001  1.755468082003E-001
  1.140855902095E+000  1.433887174317E-002  6.209931946387E-001 -5.025763796908E-001  1.872835584962E-001
  1.155288359613E+000  1.452655821788E-002  6.137596805612E-001 -4.997921804855E-001  1.984171523662E-001
  1.169910059257E+000  1.471736692327E-002  6.064734616358E-001 -4.968130509591E-001  2.089557139210E-001
  1.184724156317E+000  1.491136425740E-002  5.991369238485E-001 -4.936429683293E-001  2.189072955162E-001
  1.199733873325E+000  1.510861831145E-002  5.917525000712E-001 -4.902860183668E-001  2.282799154710E-001
  1.214942501771E+000  1.530919892035E-002  5.843226689306E-001 -4.867463975932E-001  2.370815947124E-001
  1.230353403874E+000  1.551317771520E-002  5.768499535357E-001 -4.830284149810E-001  2.453203921507E-001
  1.245970014403E+000  1.572062817747E-002  5.693369200648E-001 -4.791364931349E-001  2.530044385947E-001
  1.261795842559E+000  1.593162569510E-002  5.617861762117E-001 -4.750751689350E-001  2.601419690270E-001
  1.277834473907E+000  1.614624762054E-002  5.542003694905E-001 -4.708490936248E-001  2.667413530643E-001
  1.294089572372E+000  1.636457333079E-002  5.465821854018E-001 -4.664630323294E-001  2.728111234401E-001
  1.310564882294E+000  1.658668428962E-002  5.389343454612E-001 -4.619218629947E-001  2.783600023576E-001
  1.327264230548E+000  1.681266411190E-002  5.312596050923E-001 -4.572305747354E-001  2.833969255707E-001
  1.344191528724E+000  1.704259863026E-002  5.235607513889E-001 -4.523942655909E-001  2.879310640662E-001
  1.361350775387E+000  1.727657596408E-002  5.158406007483E-001 -4.474181396832E-001  2.919718432328E-001
  1.378746058390E+000  1.751468659100E-002  5.081019963824E-001 -4.423075037800E-001  2.955289594181E-001
  1.396381557275E+000  1.775702342093E-002  5.003478057095E-001 -4.370677632675E-001  2.986123937884E-001
  1.414261545744E+000  1.800368187279E-002  4.925809176352E-001 -4.317044175391E-001  3.012324234248E-001
  1.432390394201E+000  1.825475995395E-002  4.848042397268E-001 -4.262230548133E-001  3.033996296038E-001
  1.450772572390E+000  1.851035834267E-002  4.770206952900E-001 -4.206293463940E-001  3.051249032287E-001
  1.469412652102E+000  1.877058047342E-002  4.692332203547E-001 -4.149290403927E-001  3.064194473957E-001
  1.488315309978E+000  1.903553262542E-002  4.614447605792E-001 -4.091279549321E-001  3.072947770962E-001
  1.507485330398E+000  1.930532401444E-002  4.536582680809E-001 -4.032319708582E-001  3.077627160751E-001
  1.526927608467E+000  1.958006688797E-002  4.458766982039E-001 -3.972470239878E-001  3.078353908822E-001
  1.546647153093E+000  1.985987662391E-002  4.381030062328E-001 -3.911790969223E-001  3.075252221731E-001
  1.566649090169E+000  2.014487183303E-002  4.303401440638E-001 -3.850342104625E-001  3.068449133322E-001
  1.586938665861E+000  2.043517446518E-002  4.225910568433E-001 -3.788184146617E-001  3.058074365081E-001
  1.607521250000E+000  2.073090991960E-002  4.148586795856E-001 -3.725377795563E-001  3.044260161696E-001
  1.628402339588E+000  2.103220715932E-002  4.071459337808E-001 -3.661983856152E-001  3.027141103049E-001
  1.649587562420E+000  2.133919883002E-002  3.994557240050E-001 -3.598063139547E-001  3.006853894028E-001
  1.671082680832E+000  2.165202138333E-002  3.917909345441E-001 -3.533676363621E-001  2.983537133698E-001
  1.692893595565E+000  2.197081520497E-002  3.841544260431E-001 -3.468884051784E-001  2.957331065489E-001
  1.715026349769E+000  2.229572474776E-002  3.765490321934E-001 -3.403746430881E-001  2.928377310199E-001
  1.737487133138E+000  2.262689866987E-002  3.689775564686E-001 -3.338323328667E-001  2.896818583711E-001
  1.760282286187E+000  2.296448997842E-002  3.614427689215E-001 -3.272674071374E-001  2.862798401422E-001
  1.783418304674E+000  2.330865617868E-002  3.539474030529E-001 -3.206857381884E-001  2.826460771464E-001
  1.806901844175E+000  2.365955942924E-002  3.464941527642E-001 -3.140931279017E-001  2.787949878874E-001
  1.830739724818E+000  2.401736670327E-002  3.390856694025E-001 -3.074952978460E-001  2.747409762904E-001
  1.854938936184E+000  2.438224995616E-002  3.317245589110E-001 -3.008978795833E-001  2.704983989732E-001
  1.879506642368E+000  2.475438629994E-002  3.244133790913E-001 -2.943064052390E-001  2.660815322798E-001
  1.904450187236E+000  2.513395818467E-002  3.171546369889E-001 -2.877262983845E-001  2.615045393067E-001
  1.929777099847E+000  2.552115358717E-002  3.099507864091E-001 -2.811628652772E-001  2.567814371426E-001
  1.955495100083E+000  2.591616620741E-002  3.028042255698E-001 -2.746212865034E-001  2.519260645461E-001
  1.981612104475E+000  2.631919567292E-002  2.957172948999E-001 -2.681066090664E-001  2.469520502761E-001
  2.008136232230E+000  2.673044775156E-002  2.886922749865E-001 -2.616237389564E-001  2.418727822852E-001
  2.035075811486E+000  2.715013457311E-002  2.817313846771E-001 -2.551774342417E-001  2.367013779791E-001
  2.062439385788E+000  2.757847486001E-002  2.748367793400E-001 -2.487722987097E-001  2.314506557322E-001
  2.090235720801E+000  2.801569416771E-002  2.680105492851E-001 -2.424127760898E-001  2.261331078419E-001
  2.118473811262E+000  2.846202513514E-002  2.612547183467E-001 -2.361031448807E-001  2.207608750895E-001
  2.147162888201E+000  2.891770774564E-002  2.545712426284E-001 -2.298475138039E-001  2.153457230615E-001
  2.176312426413E+000  2.938298959899E-002  2.479620094101E-001 -2.236498178988E-001  2.098990203704E-001
  2.205932152222E+000  2.985812619504E-002  2.414288362135E-001 -2.175138152709E-001  2.044317188998E-001
  2.236032051522E+000  3.034338122938E-002  2.349734700241E-001 -2.114430845009E-001  1.989543361772E-001
  2.266622378129E+000  3.083902690182E-002  2.285975866656E-001 -2.054410227156E-001  1.934769399646E-001
  2.297713662445E+000  3.134534423818E-002  2.223027903202E-001 -1.995108443187E-001  1.880091351350E-001
  2.329316720450E+000  3.186262342603E-002  2.160906131886E-001 -1.936555803728E-001  1.825600528870E-001
  2.361442663038E+000  3.239116416519E-002  2.099625152840E-001 -1.878780786221E-001  1.771383423268E-001
  2.394102905709E+000  3.293127603351E-002  2.039198843484E-001 -1.821810041360E-001  1.717521644312E-001
  2.427309178642E+000  3.348327886897E-002  1.979640358852E-001 -1.765668405547E-001  1.664091883825E-001
  2.461073537146E+000  3.404750316862E-002  1.920962132963E-001 -1.710378919078E-001  1.611165902499E-001
  2.495408372530E+000  3.462429050548E-002  1.863175881127E-001 -1.655962849780E-001  1.558810539711E-001
  2.530326423398E+000  3.521399396401E-002  1.806292603095E-001 -1.602439721737E-001  1.507087745698E-001
  2.565840787378E+000  3.581697859546E-002  1.750322586905E-001 -1.549827348738E-001  1.456054635285E-001
  2.601964933334E+000  3.643362189376E-002  1.695275413337E-001 -1.498141872021E-001  1.405763562185E-001
  2.638712714049E+000  3.706431429322E-002  1.641159960829E-001 -1.447397801884E-001  1.356262212717E-001
  2.676098379430E+000  3.770945968912E-002  1.587984410756E-001 -1.397608062691E-001  1.307593717687E-001
  2.714136590232E+000  3.836947598236E-002  1.535756252933E-001 -1.348784040782E-001  1.259796780987E-001
  2.752842432351E+000  3.904479564947E-002  1.484482291245E-001 -1.300935634793E-001  1.212905823404E-001
  2.792231431696E+000  3.973586633921E-002  1.434168649278E-001 -1.254071307873E-001  1.166951139992E-001
  2.832319569669E+000  4.044315149734E-002  1.384820775867E-001 -1.208198141276E-001  1.121959069300E-001
  2.873123299289E+000  4.116713102086E-002  1.336443450440E-001 -1.163321888828E-001  1.077952172657E-001
  2.914659561979E+000  4.190830194354E-002  1.289040788100E-001 -1.119447031745E-001  1.034949421702E-001
  2.956945805065E+000  4.266717915414E-002  1.242616244360E-001 -1.076576833324E-001  9.929663922704E-002
  3.000000000000E+000  4.344429614932E-002  1.197172619468E-001 -1.034713393036E-001  9.520154627974E-002
  3.043840661365E+000  4.424020582308E-002  1.152712062287E-001 -9.938576995529E-002  9.121060153471E-002
  3.088486866678E+000  4.505548129460E-002  1.109236073698E-001 -9.540096823154E-002  8.732446374587E-002
  3.133958277047E+000  4.589071677685E-002  1.066745509511E-001 -9.151682612510E-002  8.354353230203E-002
  3.180275158719E+000  4.674652848797E-002  1.025240582900E-001 -8.773313943048E-002  7.986796704647E-002
  3.227458405560E+000  4.762355560797E-002  9.847208663704E-002 -8.404961224946E-002  7.629770766658E-002
  3.275529562509E+000  4.852246128332E-002  9.451852933256E-002 -8.046586122507E-002  7.283249250252E-002
  3.324510850077E+000  4.944393368200E-002  9.066321592737E-002 -7.698141948555E-002  6.947187663610E-002
  3.374425189910E+000  5.038868710203E-002  8.690591227698E-002 -7.359574028567E-002  6.621524913532E-002
  3.425296231502E+000  5.135746313639E-002  8.324632061855E-002 -7.030820033885E-002  6.306184934557E-002
  3.477148380094E+000  5.235103189784E-002  7.968407964257E-002 -6.711810283974E-002  6.001078213530E-002
  3.530006825834E+000  5.337019330676E-002  7.621876457207E-002 -6.402468018298E-002  5.706103202195E-002
  3.583897574256E+000  5.441577844603E-002  7.284988726406E-002 -6.102709639033E-002  5.421147612254E-002
  3.638847478148E+000  5.548865098670E-002  6.957689634881E-002 -5.812444926427E-002  5.146089589292E-002
  3.694884270887E+000  5.658970868864E-002  6.639917742324E-002 -5.531577229186E-002  4.880798763920E-002
  3.752036601308E+000  5.771988498079E-002  6.331605331588E-002 -5.260003632820E-002  4.625137180467E-002
  3.810334070199E+000  5.888015062562E-002  6.032678444038E-002 -4.997615109384E-002  4.378960105511E-002
  3.869807268505E+000  6.007151547295E-002  5.743056925506E-002 -4.744296652445E-002  4.142116720410E-002
  3.930487817331E+000  6.129503030858E-002  5.462654484512E-002 -4.499927401501E-002  3.914450703829E-002
  3.992408409843E+000  6.255178880352E-002  5.191378764343E-002 -4.264380760347E-002  3.695800711906E-002
  4.055602855172E+000  6.384292957002E-002  4.929131430446E-002 -4.037524514055E-002  3.486000765255E-002
  4.120106124432E+000  6.516963833101E-002  4.675808274415E-002 -3.819220949342E-002  3.284880553348E-002
  4.185954398964E+000  6.653315021009E-002  4.431299335648E-002 -3.609326983071E-002  3.092265667927E-002
  4.253185120935E+000  6.793475214960E-002  4.195489041483E-002 -3.407694303502E-002  2.907977778042E-002
  4.321837046422E+000  6.937578546490E-002  3.968256366349E-002 -3.214169528672E-002  2.731834759892E-002
  4.391950301120E+000  7.085764854355E-002  3.749475010129E-002 -3.028594385907E-002  2.563650795038E-002
  4.463566438835E+000  7.238179969882E-002  3.539013595590E-002 -2.850805916030E-002  2.403236450618E-002
  4.536728502895E+000  7.394976018725E-002  3.336735884353E-002 -2.680636705206E-002  2.250398754921E-002
  4.611481090679E+000  7.556311740127E-002  3.142501010515E-002 -2.517915146740E-002  2.104941281187E-002
  4.687870421430E+000  7.722352824817E-002  2.956163730594E-002 -2.362465734327E-002  1.966664251601E-002
  4.765944407533E+000  7.893272272784E-002  2.777574688141E-002 -2.214109387430E-002  1.835364672355E-002
  4.845752729492E+000  8.069250772248E-002  2.606580690943E-002 -2.072663808591E-002  1.710836509234E-002
  4.927346914797E+000  8.250477101257E-002  2.443024998416E-002 -1.937943871470E-002  1.592870911547E-002
  5.010780420931E+000  8.437148553436E-002  2.286747616481E-002 -1.809762037536E-002  1.481256490352E-002
  5.096108722763E+000  8.629471389541E-002  2.137585596955E-002 -1.687928798304E-002  1.375779654929E-002
  5.183389404586E+000  8.827661316581E-002  1.995373338300E-002 -1.572253139173E-002  1.276225009296E-002
  5.272682257105E+000  9.031943996425E-002  1.859942884438E-002 -1.462543020001E-002  1.182375808337E-002
  5.364049379651E+000  9.242555585946E-002  1.731124218333E-002 -1.358605866844E-002  1.094014470920E-002
  5.457555287978E+000  9.459743310926E-002  1.608745547069E-002 -1.260249068592E-002  1.010923145179E-002
  5.553267027968E+000  9.683766076100E-002  1.492633575327E-002 -1.167280471769E-002  9.328843190653E-003
  5.651254295630E+000  9.914895113938E-002  1.382613764422E-002 -1.079508866385E-002  8.596814674091E-003
  5.751589563796E+000  1.015341467494E-001  1.278510574437E-002 -9.967444556154E-003  7.910997250316E-003
  5.854348215936E+000  1.039962276248E-001  1.180147687443E-002 -9.187993020899E-003  7.269265740970E-003
  5.959608687557E+000  1.065383191537E-001  1.087348210411E-002 -8.454877438728E-003  6.669525328460E-003
  6.067452615683E+000  1.091637004188E-001  9.999348570368E-003 -7.766267736845E-003  6.109718321986E-003
  6.177964996951E+000  1.118758130872E-001  9.177301084915E-003 -7.120363756231E-003  5.587830664677E-003
  6.291234354880E+000  1.146782708938E-001  8.405563538839E-003 -6.515398145681E-003  5.101898046166E-003
  6.407352916949E+000  1.175748697626E-001  7.682360120842E-003 -5.949638745590E-003  4.650011491248E-003
  6.526416802128E+000  1.205695986129E-001  7.005916374115E-003 -5.421390437361E-003  4.230322305983E-003
  6.648526219580E+000  1.236666509049E-001  6.374460125324E-003 -4.928996448599E-003  3.841046277465E-003
  6.773785679311E+000  1.268704369821E-001  5.786222327188E-003 -4.470839119602E-003  3.480467042176E-003
  6.902304215570E+000  1.301855972713E-001  5.239437863241E-003 -4.045340152635E-003  3.146938559848E-003
  7.034195623922E+000  1.336170164087E-001  4.732346369412E-003 -3.650960381408E-003  2.838886654465E-003
  7.169578712934E+000  1.371698383673E-001  4.263193131504E-003 -3.286199113724E-003  2.554809610606E-003
  7.308577571516E+000  1.408494826628E-001  3.830230120254E-003 -2.949593114633E-003  2.293277841026E-003
  7.451321853057E+000  1.446616617293E-001  3.431717226119E-003 -2.639715310147E-003  2.052932669066E-003
  7.597947077547E+000  1.486123995567E-001  3.065923753904E-003 -2.355173301997E-003  1.832484296337E-003
  7.748594953021E+000  1.527080516973E-001  2.731130232743E-003 -2.094607791519E-003  1.630709051021E-003
  7.903413717736E+000  1.569553267535E-001  2.425630589524E-003 -1.856691015028E-003  1.446446034064E-003
  8.062558504629E+000  1.613613094717E-001  2.147734723721E-003 -1.640125293615E-003  1.278593298668E-003
  8.226191729726E+000  1.659334855793E-001  1.895771508717E-003 -1.443641796866E-003  1.126103711875E-003
  8.394483506327E+000  1.706797685137E-001  1.668092229414E-003 -1.265999612468E-003  9.879806550763E-004
  8.567612086926E+000  1.756085282071E-001  1.463074448474E-003 -1.105985201964E-003  8.632737223951E-004
  8.745764335025E+000  1.807286221064E-001  1.279126274484E-003 -9.624123073696E-004  7.510745719297E-004
  8.929136229160E+000  1.860494286260E-001  1.114690985221E-003 -8.341223542447E-004  6.505130745909E-004
  9.117933401693E+000  1.915808832504E-001  9.682519388322E-004 -7.199853747417E-004  5.607538891299E-004
  9.312371715124E+000  1.973335175235E-001  8.383376858918E-004 -6.189014499374E-004  4.809935703164E-004
  9.512677878945E+000  2.033185011886E-001  7.235271769569E-004 -5.298026452220E-004  4.104582909207E-004
  9.719090110332E+000  2.095476877688E-001  6.224549442744E-004 -4.516553868226E-004  3.484022281999E-004
  9.931858842267E+000  2.160336639044E-001  5.338161237561E-004 -3.834632028007E-004  2.941066332354E-004
  1.015124748302E+001  2.227898028021E-001  4.563711750583E-004 -3.242697293139E-004  2.468795681585E-004
  1.037753323129E+001  2.298303221843E-001  3.889501544407E-004 -2.731618637861E-004  2.060562635765E-004
  1.061100795175E+001  2.371703471699E-001  3.304563976540E-004 -2.292729320297E-004  1.710000179862E-004
  1.085197911611E+001  2.448259785618E-001  2.798694788595E-004 -1.917857273089E-004  1.411035341872E-004
  1.110077081537E+001  2.528143670735E-001  2.362473266761E-004 -1.599352766249E-004  1.157905661393E-004
  1.135772484956E+001  2.611537940784E-001  1.987273997398E-004 -1.330111936456E-004  9.451773457228E-005
  1.162320190175E+001  2.698637595360E-001  1.665268511447E-004 -1.103594888907E-004  7.677636189102E-005
  1.189758280382E+001  2.789650778206E-001  1.389416429934E-004 -9.138372581183E-005  6.209417708392E-005
  1.218126990242E+001  2.884799822596E-001  1.153446078007E-004 -7.554543568581E-005  5.003674956757E-005
  1.247468853413E+001  2.984322392826E-001  9.518249118926E-005 -6.236373376920E-005  4.020852684562E-005
  1.277828862002E+001  3.088472731875E-001  7.797204840389E-005 -5.141411257197E-005  3.225337370873E-005
  1.309254639077E+001  3.197523026463E-001  6.329530373111E-005 -4.232642370988E-005  2.585453918700E-005
  1.341796625462E+001  3.311764902095E-001  5.079411492453E-005 -3.478209567060E-005  2.073400992626E-005
  1.375508282195E+001  3.431511062169E-001  4.016421225539E-005 -2.851066893822E-005  1.665124313611E-005
  1.410446310162E+001  3.557097086969E-001  3.114890206464E-005 -2.328576023664E-005  1.340130661565E-005
  1.446670888596E+001  3.688883410292E-001  2.353263624848E-005 -1.892059230204E-005  1.081248543857E-005
  1.484245934302E+001  3.827257493700E-001  1.713465097388E-005 -1.526324300235E-005  8.743442637478E-006
  1.523239383723E+001  3.972636220891E-001  1.180286966226E-005 -1.219177664278E-005  7.080042918300E-006
  1.563723500136E+001  4.125468537596E-001  7.408247094342E-006 -9.609420321276E-006  5.731962741829E-006
  1.605775208607E+001  4.286238365683E-001  3.839704231744E-006 -7.439939224703E-006  4.629216251553E-006
  1.649476461582E+001  4.455467823929E-001  9.997685125043E-007 -5.623347413209E-006  3.718724342801E-006
  1.694914638379E+001  4.633720792263E-001 -1.199005986063E-006 -4.112066155188E-006  2.961044123293E-006
  1.742182982203E+001  4.821606861220E-001 -2.836807521597E-006 -2.867611994313E-006  2.327359168652E-006
  1.791381078784E+001  5.019785714107E-001 -3.988537473215E-006 -1.857863585811E-006  1.796808883932E-006
  1.842615381215E+001  5.228971995942E-001 -4.725036733032E-006 -1.054922278850E-006  1.354209853882E-006
  1.895999786176E+001  5.449940730840E-001 -5.113657383669E-006 -4.335488157739E-007  9.881953881133E-007
  1.951656267356E+001  5.683533358366E-001 -5.218297690011E-006  2.987043818908E-008  6.897736156639E-007
  2.009715572669E+001  5.930664469535E-001 -5.099037481957E-006  3.578977912477E-007  4.512813284238E-007
  2.070317992707E+001  6.192329335039E-001 -4.811519699176E-006  5.722457531276E-007  2.656918251334E-007
  2.133614208874E+001  6.469612332096E-001 -4.406221947900E-006  6.937015973086E-007  1.262213003514E-007
  2.199766230782E+001  6.763696392388E-001 -3.927749944047E-006  7.418722139979E-007  2.617035067797E-008
  2.268948433818E+001  7.075873612439E-001 -3.414264026248E-006  7.348408533265E-007 -4.106511132720E-008
  2.341348709294E+001  7.407557189842E-001 -2.897122528349E-006  6.888156658453E-007 -8.187636766182E-008
  2.417169741362E+001  7.760294874639E-001 -2.400794221810E-006  6.178337187973E-007 -1.022735439649E-007
  2.496630426925E+001  8.135784155747E-001 -1.943059087815E-006  5.335651717317E-007 -1.077119322725E-007
  2.579967457140E+001  8.535889438281E-001 -1.535485225670E-006  4.452424066907E-007 -1.029465846660E-007
  2.667437081864E+001  8.962661510291E-001 -1.184142418422E-006  3.597199343839E-007 -9.193636979712E-008
  2.759317081651E+001  9.418359647997E-001 -8.904919843134E-007  2.816544263591E-007 -7.780697681792E-008
  2.855908975674E+001  9.905476768748E-001 -6.523796065653E-007  2.137814904597E-007 -6.287229011797E-008
  2.957540498378E+001  1.042676811269E+000 -4.650535872849E-007  1.572575984830E-007 -4.870581429253E-008
  3.064568382919E+001  1.098528402000E+000 -3.221352260128E-007  1.120321673091E-007 -3.624876329396E-008
  3.177381495601E+001  1.158440747351E+000 -2.164796746759E-007  7.721594391564E-008 -2.593908922523E-008
  3.296404372807E+001  1.222789720048E+000 -1.408827628833E-007  5.141682855354E-008 -1.784587387755E-008
  3.422101220608E+001  1.291993727721E+000 -8.860944257873E-008  3.302198611928E-008 -1.179565898428E-008
  3.554980447538E+001  1.366519436102E+000 -5.373994310592E-008  2.041420792645E-008 -7.480800939719E-009
  3.695599813319E+001  1.446888389511E+000 -3.134786371747E-008  1.211961100503E-008 -4.544077807038E-009
  3.844572291106E+001  1.533684690030E+000 -1.753817885963E-008  6.891664499520E-009 -2.637850347187E-009
  4.002572758518E+001  1.627563929686E+000 -9.381227466863E-009  3.742301903382E-009 -1.459504296944E-009
  4.170345654134E+001  1.729263610453E+000 -4.780919292912E-009  1.934048358104E-009 -7.672935888636E-010
  4.348713762001E+001  1.839615336740E+000 -2.312302941441E-009  9.476823345254E-010 -3.819141298320E-010
  4.538588318162E+001  1.959559126947E+000 -1.056746023842E-009  4.384069161421E-010 -1.792450526127E-010
  4.740980671574E+001  2.090160267552E+000 -4.541314392669E-010  1.905632516743E-010 -7.895832617003E-011
  4.957015778746E+001  2.232629229408E+000 -1.825252633267E-010  7.741484441907E-011 -3.247489966339E-011
  5.187947869225E+001  2.388345286640E+000 -6.819615559231E-011  2.921625258244E-011 -1.239749640121E-011
  5.435178690397E+001  2.558884630889E+000 -2.352545300712E-011  1.017440759358E-011 -4.363793717487E-012
  5.700278828629E+001  2.746053966795E+000 -7.435976802405E-012  3.244737033430E-012 -1.405636255698E-012
  5.985012714155E+001  2.951930820846E+000 -2.135119224630E-012  9.395416328742E-013 -4.108366035693E-013
  6.291368055481E+001  3.178912111311E+000 -5.515318872196E-013  2.446330956634E-013 -1.079130615789E-013
  6.621590623276E+001  3.429772933797E+000 -1.267672827379E-013  5.665198521017E-014 -2.519690955130E-014
  6.978225524452E+001  3.707738044625E+000 -2.560412505579E-014  1.152409463022E-014 -5.165339460787E-015
  7.364166388185E+001  4.016569212832E+000 -4.480283780353E-015  2.030151362374E-015 -9.166079406076E-016
  7.782714245929E+001  4.360672516382E+000 -6.682547442217E-016  3.047462934094E-016 -1.385398608201E-016
  8.237648351994E+001  4.745230855210E+000 -8.339429130196E-017  3.826158887001E-017 -1.750699036164E-017
  8.733311794503E+001  5.176368549127E+000 -8.522931379861E-018  3.932884778530E-018 -1.810567022461E-018
  9.274715535088E+001  5.661357031559E+000 -6.959208642773E-019  3.228869882719E-019 -1.495071455610E-019
  9.867665554529E+001  6.208873552072E+000 -4.411569622766E-020  2.057463425552E-020 -9.578864378498E-021
  1.051891916055E+002  6.829328764649E+000 -2.099808170342E-021  9.841313392736E-022 -4.605495121082E-022
  1.123637836013E+002  7.535284543316E+000 -7.216698554758E-023  3.398117300993E-023 -1.598017138620E-023
  1.202933069206E+002  8.341990973528E+000 -1.710396593906E-024  8.089471313483E-025 -3.821802883374E-025
  1.290875131414E+002  9.268082166539E+000 -2.647495999646E-026  1.257430801903E-026 -5.966625573475E-027
  1.388768482001E+002  1.033648575811E+001 -2.508781148961E-028  1.196308990261E-028 -5.700089681032E-029
  1.498173177370E+002  1.157562284364E+001 -1.346984781967E-030  6.447412372745E-031 -3.084037088756E-031
  1.620967411853E+002  1.302100699722E+001 -3.732838798279E-033  1.793156597935E-033 -8.609045856945E-034
  1.759428668168E+002  1.471739812515E+001 -4.768261091901E-036  2.298331533578E-036 -1.107294668562E-036
  1.916340085825E+002  1.672173748087E+001 -2.444850054895E-039  1.182222156472E-039 -5.714500753216E-040
  2.095131417987E+002  1.910719757888E+001 -4.242764256580E-043  2.057848498192E-043 -9.977913404356E-044
  2.300068054477E+002  2.196884699990E+001 -2.015548629623E-047  9.803958212896E-048 -4.767564830855E-048
  2.536507797910E+002  2.543169216868E+001 -2.007585059218E-052  9.791613447668E-053 -4.774664719669E-053
  2.811254638474E+002  2.966227967912E+001 -2.987834684262E-058  1.460964583532E-058 -7.142481289133E-059
  3.133053780630E+002  3.488573552677E+001 -4.297857279309E-065  2.106544597171E-065 -1.032358861040E-065
  3.513296254502E+002  4.141128389041E+001 -3.387181559705E-073  1.663900268474E-073 -8.172783475522E-074
  3.967041014106E+002  4.967130404214E+001 -6.903931397908E-083  3.398535049951E-083 -1.672827831307E-083
  4.514529193349E+002  6.028257212519E+001 -1.326373572474E-094  6.541924330673E-095 -3.226396966829E-095
  5.183481233601E+002  7.414493328740E+001 -6.025829837119E-109  2.977420892358E-109 -1.471102801515E-109
  6.012676077950E+002  9.260523890243E+001 -9.349761995839E-127  4.627519865666E-127 -2.290239294599E-127
  7.057700503752E+002  1.177394213729E+002 -3.091037475706E-149  1.532209769681E-149 -7.594886015933E-150
  8.400513767914E+002  1.528577972397E+002 -3.638332370162E-178  1.806032178575E-178 -8.964806932695E-179
  1.016602135495E+003  2.034537342122E+002 -2.981091489147E-216  1.481670004852E-216 -7.364147495995E-217
  1.255220715580E+003  2.790860613466E+002 -8.628273630585E-268  4.293366417364E-268 -2.136331342233E-268
  1.588815776243E+003  3.973705897531E+002  0.000000000000E+000  0.000000000000E+000  0.000000000000E+000
  2.075392011604E+003  5.931596040112E+002  0.000000000000E+000  0.000000000000E+000  0.000000000000E+000
  2.825079847529E+003  9.419154890021E+002  0.000000000000E+000  0.000000000000E+000  0.000000000000E+000
  4.068408296184E+003  1.627629972033E+003  0.000000000000E+000  0.000000000000E+000  0.000000000000E+000
  6.357262947674E+003  3.178964796686E+003  0.000000000000E+000  0.000000000000E+000  0.000000000000E+000
  1.130231930164E+004  7.535323971013E+003  0.000000000000E+000  0.000000000000E+000  0.000000000000E+000
  2.543105175140E+004  2.543171841285E+004  0.000000000000E+000  0.000000000000E+000  0.000000000000E+000
  1.017262069958E+005  2.034537473226E+005  0.000000000000E+000  0.000000000000E+000  0.000000000000E+000
