# 1st line: number of mesh points
# abcissa weight wavefunction wavefunction_1st wavefunction_2nd
500
# Principal QN=   1 , l=   1 , Occupation=   2.0000
  9.830308526508E-006  1.966074589941E-005  6.126919250817E-005  6.232510147910E+000 -3.507703040773E+001
  3.932200719717E-005  3.932303800261E-005  2.450612501450E-004  6.231475737588E+000 -3.507222309489E+001
  8.847741541455E-005  5.898842277178E-005  5.513296153469E-004  6.229751945056E+000 -3.506421151274E+001
  1.573003992804E-004  7.865844718600E-005  9.799966991773E-004  6.227339107330E+000 -3.505299657078E+001
  2.457963722417E-004  9.833465899987E-005  1.530953891835E-003  6.224237696248E+000 -3.503857954341E+001
  3.539722959954E-004  1.180186070023E-004  2.204061577390E-003  6.220448318488E+000 -3.502096207115E+001
  4.818366816528E-004  1.377118412759E-004  2.999149152747E-003  6.215971715587E+000 -3.500014616209E+001
  6.293995911626E-004  1.574159134560E-004  3.916015050877E-003  6.210808763967E+000 -3.497613419367E+001
  7.966726389934E-004  1.771323769912E-004  4.954426768322E-003  6.204960474961E+000 -3.494892891485E+001
  9.836689940782E-004  1.968627874036E-004  6.114120897028E-003  6.198427994850E+000 -3.491853344854E+001
  1.190403382016E-003  2.166087025496E-004  7.394803160504E-003  6.191212604895E+000 -3.488495129430E+001
  1.416892087541E-003  2.363716828821E-004  8.796148454390E-003  6.183315721374E+000 -3.484818633148E+001
  1.663152957245E-003  2.561532917128E-004  1.031780089144E-002  6.174738895624E+000 -3.480824282255E+001
  1.929205402573E-003  2.759550954757E-004  1.195937385101E-002  6.165483814085E+000 -3.476512541680E+001
  2.215070403074E-003  2.957786639908E-004  1.372045003303E-002  6.155552298340E+000 -3.471883915426E+001
  2.520770509919E-003  3.156255707300E-004  1.560058151660E-002  6.144946305157E+000 -3.466938947003E+001
  2.846329849692E-003  3.354973930828E-004  1.759928982325E-002  6.133667926540E+000 -3.461678219876E+001
  3.191774128432E-003  3.553957126240E-004  1.971606598485E-002  6.121719389763E+000 -3.456102357950E+001
  3.557130635959E-003  3.753221153821E-004  2.195037061637E-002  6.109103057419E+000 -3.450212026078E+001
  3.942428250463E-003  3.952781921092E-004  2.430163399346E-002  6.095821427451E+000 -3.444007930596E+001
  4.347697443358E-003  4.152655385525E-004  2.676925613496E-002  6.081877133197E+000 -3.437490819884E+001
  4.772970284417E-003  4.352857557265E-004  2.935260689045E-002  6.067272943411E+000 -3.430661484947E+001
  5.218280447175E-003  4.553404501876E-004  3.205102603285E-002  6.052011762299E+000 -3.423520760032E+001
  5.683663214611E-003  4.754312343099E-004  3.486382335624E-002  6.036096629533E+000 -3.416069523249E+001
  6.169155485101E-003  4.955597265624E-004  3.779027877898E-002  6.019530720267E+000 -3.408308697229E+001
  6.674795778653E-003  5.157275517886E-004  4.082964245212E-002  6.002317345140E+000 -3.400239249796E+001
  7.200624243425E-003  5.359363414876E-004  4.398113487335E-002  5.984459950278E+000 -3.391862194662E+001
  7.746682662519E-003  5.561877340970E-004  4.724394700647E-002  5.965962117272E+000 -3.383178592135E+001
  8.313014461060E-003  5.764833752781E-004  5.061724040659E-002  5.946827563156E+000 -3.374189549846E+001
  8.899664713569E-003  5.968249182030E-004  5.410014735105E-002  5.927060140370E+000 -3.364896223501E+001
  9.506680151615E-003  6.172140238444E-004  5.769177097624E-002  5.906663836705E+000 -3.355299817631E+001
  1.013410917176E-002  6.376523612666E-004  6.139118542044E-002  5.885642775235E+000 -3.345401586372E+001
  1.078200184380E-002  6.581416079202E-004  6.519743597279E-002  5.864001214235E+000 -3.335202834246E+001
  1.145040991929E-002  6.786834499385E-004  6.910953922839E-002  5.841743547075E+000 -3.324704916959E+001
  1.213938684040E-002  6.992795824361E-004  7.312648324987E-002  5.818874302105E+000 -3.313909242206E+001
  1.284898774901E-002  7.199317098113E-004  7.724722773536E-002  5.795398142503E+000 -3.302817270485E+001
  1.357926949620E-002  7.406415460502E-004  8.147070419305E-002  5.771319866120E+000 -3.291430515916E+001
  1.433029065191E-002  7.614108150341E-004  8.579581612246E-002  5.746644405286E+000 -3.279750547068E+001
  1.510211151509E-002  7.822412508494E-004  9.022143920257E-002  5.721376826598E+000 -3.267778987788E+001
  1.589479412397E-002  8.031345981016E-004  9.474642148686E-002  5.695522330681E+000 -3.255517518032E+001
  1.670840226680E-002  8.240926122311E-004  9.936958360548E-002  5.669086251921E+000 -3.242967874696E+001
  1.754300149280E-002  8.451170598329E-004  1.040897189746E-001  5.642074058164E+000 -3.230131852448E+001
  1.839865912351E-002  8.662097189796E-004  1.089055940132E-001  5.614491350388E+000 -3.217011304556E+001
  1.927544426443E-002  8.873723795480E-004  1.138159483670E-001  5.586343862342E+000 -3.203608143709E+001
  2.017342781695E-002  9.086068435487E-004  1.188194951403E-001  5.557637460150E+000 -3.189924342838E+001
  2.109268249069E-002  9.299149254598E-004  1.239149211358E-001  5.528378141875E+000 -3.175961935926E+001
  2.203328281612E-002  9.512984525641E-004  1.291008871012E-001  5.498572037052E+000 -3.161723018803E+001
  2.299530515754E-002  9.727592652906E-004  1.343760279851E-001  5.468225406175E+000 -3.147209749942E+001
  2.397882772639E-002  9.942992175591E-004  1.397389532000E-001  5.437344640149E+000 -3.132424351230E+001
  2.498393059493E-002  1.015920177130E-003  1.451882468940E-001  5.405936259692E+000 -3.117369108732E+001
  2.601069571024E-002  1.037624025957E-003  1.507224682307E-001  5.374006914701E+000 -3.102046373433E+001
  2.705920690860E-002  1.059412660547E-003  1.563401516772E-001  5.341563383564E+000 -3.086458561968E+001
  2.812954993023E-002  1.081287992318E-003  1.620398073017E-001  5.308612572431E+000 -3.070608157323E+001
  2.922181243436E-002  1.103251947969E-003  1.678199210784E-001  5.275161514429E+000 -3.054497709522E+001
  3.033608401473E-002  1.125306469854E-003  1.736789552021E-001  5.241217368831E+000 -3.038129836285E+001
  3.147245621542E-002  1.147453516351E-003  1.796153484116E-001  5.206787420171E+000 -3.021507223662E+001
  3.263102254705E-002  1.169695062249E-003  1.856275163219E-001  5.171879077302E+000 -3.004632626640E+001
  3.381187850339E-002  1.192033099133E-003  1.917138517653E-001  5.136499872403E+000 -2.987508869718E+001
  3.501512157837E-002  1.214469635775E-003  1.978727251423E-001  5.100657459921E+000 -2.970138847451E+001
  3.624085128345E-002  1.237006698530E-003  2.041024847811E-001  5.064359615464E+000 -2.952525524963E+001
  3.748916916538E-002  1.259646331739E-003  2.104014573073E-001  5.027614234621E+000 -2.934671938422E+001
  3.876017882444E-002  1.282390598136E-003  2.167679480221E-001  4.990429331731E+000 -2.916581195479E+001
  4.005398593302E-002  1.305241579266E-003  2.232002412905E-001  4.952813038581E+000 -2.898256475666E+001
  4.137069825459E-002  1.328201375897E-003  2.296966009397E-001  4.914773603039E+000 -2.879701030758E+001
  4.271042566323E-002  1.351272108452E-003  2.362552706658E-001  4.876319387624E+000 -2.860918185086E+001
  4.407328016341E-002  1.374455917436E-003  2.428744744515E-001  4.837458868004E+000 -2.841911335806E+001
  4.545937591035E-002  1.397754963880E-003  2.495524169931E-001  4.798200631428E+000 -2.822683953130E+001
  4.686882923075E-002  1.421171429779E-003  2.562872841369E-001  4.758553375081E+000 -2.803239580496E+001
  4.830175864396E-002  1.444707518548E-003  2.630772433265E-001  4.718525904373E+000 -2.783581834696E+001
  4.975828488365E-002  1.468365455478E-003  2.699204440588E-001  4.678127131150E+000 -2.763714405951E+001
  5.123853091993E-002  1.492147488203E-003  2.768150183509E-001  4.637366071834E+000 -2.743641057930E+001
  5.274262198188E-002  1.516055887169E-003  2.837590812163E-001  4.596251845481E+000 -2.723365627715E+001
  5.427068558066E-002  1.540092946119E-003  2.907507311513E-001  4.554793671767E+000 -2.702892025706E+001
  5.582285153302E-002  1.564260982573E-003  2.977880506315E-001  4.513000868897E+000 -2.682224235476E+001
  5.739925198530E-002  1.588562338332E-003  3.048691066175E-001  4.470882851428E+000 -2.661366313552E+001
  5.900002143803E-002  1.612999379973E-003  3.119919510718E-001  4.428449128018E+000 -2.640322389147E+001
  6.062529677088E-002  1.637574499364E-003  3.191546214841E-001  4.385709299093E+000 -2.619096663816E+001
  6.227521726827E-002  1.662290114181E-003  3.263551414072E-001  4.342673054427E+000 -2.597693411059E+001
  6.394992464542E-002  1.687148668440E-003  3.335915210030E-001  4.299350170651E+000 -2.576116975848E+001
  6.564956307496E-002  1.712152633027E-003  3.408617575971E-001  4.255750508665E+000 -2.554371774090E+001
  6.737427921404E-002  1.737304506249E-003  3.481638362443E-001  4.211884010975E+000 -2.532462292021E+001
  6.912422223211E-002  1.762606814387E-003  3.554957303025E-001  4.167760698945E+000 -2.510393085525E+001
  7.089954383907E-002  1.788062112257E-003  3.628554020169E-001  4.123390669966E+000 -2.488168779385E+001
  7.270039831418E-002  1.813672983787E-003  3.702408031130E-001  4.078784094531E+000 -2.465794066462E+001
  7.452694253540E-002  1.839442042599E-003  3.776498753988E-001  4.033951213238E+000 -2.443273706791E+001
  7.637933600943E-002  1.865371932600E-003  3.850805513767E-001  3.988902333699E+000 -2.420612526614E+001
  7.825774090225E-002  1.891465328589E-003  3.925307548630E-001  3.943647827370E+000 -2.397815417323E+001
  8.016232207035E-002  1.917724936867E-003  3.999984016180E-001  3.898198126287E+000 -2.374887334338E+001
  8.209324709253E-002  1.944153495867E-003  4.074813999825E-001  3.852563719730E+000 -2.351833295896E+001
  8.405068630235E-002  1.970753776782E-003  4.149776515245E-001  3.806755150794E+000 -2.328658381768E+001
  8.603481282122E-002  1.997528584221E-003  4.224850516930E-001  3.760783012876E+000 -2.305367731894E+001
  8.804580259214E-002  2.024480756857E-003  4.300014904803E-001  3.714657946085E+000 -2.281966544933E+001
  9.008383441408E-002  2.051613168108E-003  4.375248530913E-001  3.668390633563E+000 -2.258460076741E+001
  9.214908997710E-002  2.078928726810E-003  4.450530206210E-001  3.621991797727E+000 -2.234853638758E+001
  9.424175389809E-002  2.106430377918E-003  4.525838707388E-001  3.575472196435E+000 -2.211152596322E+001
  9.636201375725E-002  2.134121103210E-003  4.601152783798E-001  3.528842619060E+000 -2.187362366890E+001
  9.851006013526E-002  2.162003922007E-003  4.676451164422E-001  3.482113882499E+000 -2.163488418188E+001
  1.006860866512E-001  2.190081891910E-003  4.751712564922E-001  3.435296827097E+000 -2.139536266273E+001
  1.028902900012E-001  2.218358109541E-003  4.826915694731E-001  3.388402312500E+000 -2.115511473511E+001
  1.051228699979E-001  2.246835711311E-003  4.902039264219E-001  3.341441213428E+000 -2.091419646475E+001
  1.073840296104E-001  2.275517874190E-003  4.977061991894E-001  3.294424415382E+000 -2.067266433766E+001
  1.096739750056E-001  2.304407816497E-003  5.051962611664E-001  3.247362810280E+000 -2.043057523742E+001
  1.119929155896E-001  2.333508798707E-003  5.126719880140E-001  3.200267292019E+000 -2.018798642174E+001
  1.143410640503E-001  2.362824124271E-003  5.201312583976E-001  3.153148751979E+000 -1.994495549818E+001
  1.167186364011E-001  2.392357140448E-003  5.275719547249E-001  3.106018074460E+000 -1.970154039915E+001
  1.191258520249E-001  2.422111239159E-003  5.349919638872E-001  3.058886132057E+000 -1.945779935596E+001
  1.215629337189E-001  2.452089857854E-003  5.423891780031E-001  3.011763780974E+000 -1.921379087227E+001
  1.240301077413E-001  2.482296480400E-003  5.497614951647E-001  2.964661856295E+000 -1.896957369667E+001
  1.265276038575E-001  2.512734637975E-003  5.571068201856E-001  2.917591167184E+000 -1.872520679453E+001
  1.290556553882E-001  2.543407909995E-003  5.644230653500E-001  2.870562492054E+000 -1.848074931913E+001
  1.316144992580E-001  2.574319925047E-003  5.717081511625E-001  2.823586573674E+000 -1.823626058203E+001
  1.342043760450E-001  2.605474361847E-003  5.789600070987E-001  2.776674114248E+000 -1.799180002277E+001
  1.368255300316E-001  2.636874950214E-003  5.861765723547E-001  2.729835770443E+000 -1.774742717786E+001
  1.394782092560E-001  2.668525472060E-003  5.933557965962E-001  2.683082148388E+000 -1.750320164908E+001
  1.421626655646E-001  2.700429762411E-003  6.004956407063E-001  2.636423798643E+000 -1.725918307121E+001
  1.448791546661E-001  2.732591710434E-003  6.075940775306E-001  2.589871211137E+000 -1.701543107902E+001
  1.476279361856E-001  2.765015260497E-003  6.146490926204E-001  2.543434810088E+000 -1.677200527376E+001
  1.504092737207E-001  2.797704413242E-003  6.216586849720E-001  2.497124948896E+000 -1.652896518900E+001
  1.532234348983E-001  2.830663226680E-003  6.286208677628E-001  2.450951905034E+000 -1.628637025596E+001
  1.560706914324E-001  2.863895817319E-003  6.355336690826E-001  2.404925874921E+000 -1.604427976834E+001
  1.589513191834E-001  2.897406361298E-003  6.423951326591E-001  2.359056968795E+000 -1.580275284657E+001
  1.618655982178E-001  2.931199095559E-003  6.492033185789E-001  2.313355205586E+000 -1.556184840170E+001
  1.648138128702E-001  2.965278319033E-003  6.559563040010E-001  2.267830507791E+000 -1.532162509879E+001
  1.677962518056E-001  2.999648393860E-003  6.626521838636E-001  2.222492696370E+000 -1.508214131996E+001
  1.708132080832E-001  3.034313746623E-003  6.692890715828E-001  2.177351485647E+000 -1.484345512703E+001
  1.738649792215E-001  3.069278869616E-003  6.758650997433E-001  2.132416478242E+000 -1.460562422387E+001
  1.769518672648E-001  3.104548322136E-003  6.823784207791E-001  2.087697160028E+000 -1.436870591846E+001
  1.800741788507E-001  3.140126731803E-003  6.888272076455E-001  2.043202895122E+000 -1.413275708475E+001
  1.832322252791E-001  3.176018795904E-003  6.952096544792E-001  1.998942920911E+000 -1.389783412419E+001
  1.864263225826E-001  3.212229282769E-003  7.015239772483E-001  1.954926343136E+000 -1.366399292728E+001
  1.896567915983E-001  3.248763033179E-003  7.077684143893E-001  1.911162131012E+000 -1.343128883484E+001
  1.929239580409E-001  3.285624961791E-003  7.139412274321E-001  1.867659112420E+000 -1.319977659934E+001
  1.962281525771E-001  3.322820058613E-003  7.200407016117E-001  1.824425969156E+000 -1.296951034611E+001
  1.995697109023E-001  3.360353390492E-003  7.260651464652E-001  1.781471232250E+000 -1.274054353463E+001
  2.029489738173E-001  3.398230102644E-003  7.320128964145E-001  1.738803277369E+000 -1.251292891989E+001
  2.063662873085E-001  3.436455420218E-003  7.378823113336E-001  1.696430320296E+000 -1.228671851385E+001
  2.098220026275E-001  3.475034649885E-003  7.436717770997E-001  1.654360412505E+000 -1.206196354708E+001
  2.133164763746E-001  3.513973181471E-003  7.493797061273E-001  1.612601436831E+000 -1.183871443068E+001
  2.168500705817E-001  3.553276489620E-003  7.550045378850E-001  1.571161103244E+000 -1.161702071837E+001
  2.204231527988E-001  3.592950135496E-003  7.605447393944E-001  1.530046944731E+000 -1.139693106904E+001
  2.240360961807E-001  3.632999768520E-003  7.659988057102E-001  1.489266313301E+000 -1.117849320961E+001
  2.276892795770E-001  3.673431128145E-003  7.713652603805E-001  1.448826376108E+000 -1.096175389835E+001
  2.313830876220E-001  3.714250045674E-003  7.766426558881E-001  1.408734111709E+000 -1.074675888873E+001
  2.351179108282E-001  3.755462446115E-003  7.818295740702E-001  1.368996306453E+000 -1.053355289380E+001
  2.388941456809E-001  3.797074350078E-003  7.869246265181E-001  1.329619551021E+000 -1.032217955122E+001
  2.427121947345E-001  3.839091875711E-003  7.919264549544E-001  1.290610237113E+000 -1.011268138890E+001
  2.465724667110E-001  3.881521240686E-003  7.968337315885E-001  1.251974554290E+000 -9.905099791476E+000
  2.504753766009E-001  3.924368764227E-003  8.016451594497E-001  1.213718486983E+000 -9.699474967476E+000
  2.544213457654E-001  3.967640869177E-003  8.063594726969E-001  1.175847811669E+000 -9.495845917421E+000
  2.584108020414E-001  4.011344084122E-003  8.109754369047E-001  1.138368094224E+000 -9.294250402784E+000
  2.624441798480E-001  4.055485045557E-003  8.154918493263E-001  1.101284687454E+000 -9.094724915946E+000
  2.665219202956E-001  4.100070500102E-003  8.199075391313E-001  1.064602728825E+000 -8.897304651172E+000
  2.706444712976E-001  4.145107306769E-003  8.242213676200E-001  1.028327138371E+000 -8.702023476682E+000
  2.748122876832E-001  4.190602439283E-003  8.284322284116E-001  9.924626168109E-001 -8.508913907858E+000
  2.790258313137E-001  4.236562988450E-003  8.325390476085E-001  9.570136438700E-001 -8.318007081673E+000
  2.832855712010E-001  4.282996164587E-003  8.365407839348E-001  9.219844768067E-001 -8.129332732362E+000
  2.875919836279E-001  4.329909300005E-003  8.404364288495E-001  8.873791491570E-001 -7.942919168425E+000
  2.919455522717E-001  4.377309851548E-003  8.442250066339E-001  8.532014696968E-001 -7.758793250996E+000
  2.963467683296E-001  4.425205403192E-003  8.479055744541E-001  8.194550216286E-001 -7.576980373648E+000
  3.007961306479E-001  4.473603668706E-003  8.514772223972E-001  7.861431619962E-001 -7.397504443665E+000
  3.052941458522E-001  4.522512494374E-003  8.549390734826E-001  7.532690213299E-001 -7.220387864862E+000
  3.098413284823E-001  4.571939861783E-003  8.582902836472E-001  7.208355035281E-001 -7.045651521979E+000
  3.144382011281E-001  4.621893890671E-003  8.615300417064E-001  6.888452859765E-001 -6.873314766707E+000
  3.190852945695E-001  4.672382841850E-003  8.646575692886E-001  6.573008199082E-001 -6.703395405394E+000
  3.237831479192E-001  4.723415120192E-003  8.676721207464E-001  6.262043310081E-001 -6.535909688478E+000
  3.285323087679E-001  4.774999277691E-003  8.705729830423E-001  5.955578202613E-001 -6.370872301678E+000
  3.333333333333E-001  4.827144016591E-003  8.733594756111E-001  5.653630650503E-001 -6.208296359001E+000
  3.381867866117E-001  4.879858192602E-003  8.760309501982E-001  5.356216204987E-001 -6.048193397581E+000
  3.430932425333E-001  4.933150818173E-003  8.785867906752E-001  5.063348210649E-001 -5.890573374415E+000
  3.480532841203E-001  4.987031065868E-003  8.810264128332E-001  4.775037823845E-001 -5.735444664994E+000
  3.530675036492E-001  5.041508271801E-003  8.833492641535E-001  4.491294033615E-001 -5.582814063892E+000
  3.581365028158E-001  5.096591939172E-003  8.855548235588E-001  4.212123685073E-001 -5.432686787310E+000
  3.632608929041E-001  5.152291741875E-003  8.876426011422E-001  3.937531505273E-001 -5.285066477626E+000
  3.684412949588E-001  5.208617528209E-003  8.896121378788E-001  3.667520131516E-001 -5.139955209948E+000
  3.736783399619E-001  5.265579324662E-003  8.914630053172E-001  3.402090142085E-001 -4.997353500700E+000
  3.789726690123E-001  5.323187339805E-003  8.931948052549E-001  3.141240089381E-001 -4.857260318254E+000
  3.843249335105E-001  5.381451968273E-003  8.948071693964E-001  2.884966535417E-001 -4.719673095605E+000
  3.897357953460E-001  5.440383794842E-003  8.962997589964E-001  2.633264089634E-001 -4.584587745109E+000
  3.952059270903E-001  5.499993598618E-003  8.976722644893E-001  2.386125448991E-001 -4.451998675276E+000
  4.007360121927E-001  5.560292357317E-003  8.989244051058E-001  2.143541440278E-001 -4.321898809621E+000
  4.063267451812E-001  5.621291251662E-003  9.000559284776E-001  1.905501064592E-001 -4.194279607553E+000
  4.119788318683E-001  5.683001669888E-003  9.010666102331E-001  1.671991543913E-001 -4.069131087310E+000
  4.176929895600E-001  5.745435212354E-003  9.019562535841E-001  1.442998369702E-001 -3.946441850902E+000
  4.234699472710E-001  5.808603696282E-003  9.027246889050E-001  1.218505353460E-001 -3.826199111058E+000
  4.293104459435E-001  5.872519160606E-003  9.033717733082E-001  9.984946791419E-002 -3.708388720141E+000
  4.352152386716E-001  5.937193870949E-003  9.038973902137E-001  7.829469573599E-002 -3.592995201002E+000
  4.411850909306E-001  6.002640324729E-003  9.043014489188E-001  5.718412812611E-002 -3.480001779739E+000
  4.472207808110E-001  6.068871256391E-003  9.045838841658E-001  3.651552839906E-002 -3.369390420325E+000
  4.533230992589E-001  6.135899642772E-003  9.047446557126E-001  1.628651976264E-002 -3.261141861041E+000
  4.594928503202E-001  6.203738708611E-003  9.047837479053E-001 -3.505408652508E-003 -3.155235652690E+000
  4.657308513924E-001  6.272401932198E-003  9.047011692580E-001 -2.286289563932E-002 -3.051650198515E+000
  4.720379334802E-001  6.341903051163E-003  9.044969520375E-001 -4.178870164911E-002 -2.950362795768E+000
  4.784149414579E-001  6.412256068427E-003  9.041711518590E-001 -6.028570242779E-002 -2.851349678862E+000
  4.848627343381E-001  6.483475258298E-003  9.037238472920E-001 -7.835688256711E-002 -2.754586064045E+000
  4.913821855461E-001  6.555575172733E-003  9.031551394796E-001 -9.600532898492E-002 -2.660046195496E+000
  4.979741832006E-001  6.628570647764E-003  9.024651517725E-001 -1.132342243491E-001 -2.567703392796E+000
  5.046396304008E-001  6.702476810086E-003  9.016540293808E-001 -1.300468404600E-001 -2.477530099656E+000
  5.113794455212E-001  6.777309083830E-003  9.007219390443E-001 -1.464465316068E-001 -2.389497933832E+000
  5.181945625116E-001  6.853083197508E-003  8.996690687242E-001 -1.624367279143E-001 -2.303577738122E+000
  5.250859312060E-001  6.929815191146E-003  8.984956273178E-001 -1.780209286945E-001 -2.219739632359E+000
  5.320545176366E-001  7.007521423604E-003  8.972018443983E-001 -1.932026958221E-001 -2.137953066269E+000
  5.391013043575E-001  7.086218580100E-003  8.957879699820E-001 -2.079856471482E-001 -2.058186873121E+000
  5.462272907741E-001  7.165923679926E-003  8.942542743235E-001 -2.223734499707E-001 -1.980409324028E+000
  5.534334934816E-001  7.246654084380E-003  8.926010477424E-001 -2.363698145782E-001 -1.904588182799E+000
  5.607209466109E-001  7.328427504912E-003  8.908286004824E-001 -2.499784878843E-001 -1.830690761217E+000
  5.680907021827E-001  7.411262011483E-003  8.889372626048E-001 -2.632032471707E-001 -1.758683974626E+000
  5.755438304707E-001  7.495176041166E-003  8.869273839174E-001 -2.760478939551E-001 -1.688534397691E+000
  5.830814203728E-001  7.580188406970E-003  8.847993339414E-001 -2.885162480032E-001 -1.620208320217E+000
  5.907045797917E-001  7.666318306912E-003  8.825535019174E-001 -3.006121415004E-001 -1.553671802881E+000
  5.984144360243E-001  7.753585333338E-003  8.801902968510E-001 -3.123394134013E-001 -1.488890732764E+000
  6.062121361613E-001  7.842009482502E-003  8.777101476013E-001 -3.237019039739E-001 -1.425830878529E+000
  6.140988474955E-001  7.931611164409E-003  8.751135030108E-001 -3.347034495554E-001 -1.364457945120E+000
  6.220757579409E-001  8.022411212936E-003  8.724008320804E-001 -3.453478775352E-001 -1.304737627851E+000
  6.301440764614E-001  8.114430896230E-003  8.695726241876E-001 -3.556390015826E-001 -1.246635665736E+000
  6.383050335109E-001  8.207691927403E-003  8.666293893518E-001 -3.655806171327E-001 -1.190117893931E+000
  6.465598814833E-001  8.302216475524E-003  8.635716585439E-001 -3.751764971475E-001 -1.135150295158E+000
  6.549098951744E-001  8.398027176926E-003  8.603999840435E-001 -3.844303881649E-001 -1.081699049956E+000
  6.633563722545E-001  8.495147146827E-003  8.571149398414E-001 -3.933460066509E-001 -1.029730585653E+000
  6.719006337539E-001  8.593599991288E-003  8.537171220903E-001 -4.019270356659E-001 -9.792116239004E-001
  6.805440245593E-001  8.693409819506E-003  8.502071495999E-001 -4.101771218591E-001 -9.301092266641E-001
  6.892879139233E-001  8.794601256469E-003  8.465856643794E-001 -4.180998728012E-001 -8.823908405253E-001
  6.981336959871E-001  8.897199455961E-003  8.428533322247E-001 -4.256988546653E-001 -8.360243391848E-001
  7.070827903152E-001  9.001230113956E-003  8.390108433505E-001 -4.329775902660E-001 -7.909780640418E-001
  7.161366424455E-001  9.106719482390E-003  8.350589130652E-001 -4.399395574642E-001 -7.472208627377E-001
  7.252967244510E-001  9.213694383338E-003  8.309982824888E-001 -4.465881879442E-001 -7.047221255536E-001
  7.345645355186E-001  9.322182223606E-003  8.268297193105E-001 -4.529268663695E-001 -6.634518195588E-001
  7.439416025400E-001  9.432211009745E-003  8.225540185861E-001 -4.589589299203E-001 -6.233805204132E-001
  7.534294807203E-001  9.543809363512E-003  8.181720035712E-001 -4.646876682169E-001 -5.844794417311E-001
  7.630297542000E-001  9.657006537783E-003  8.136845265896E-001 -4.701163236298E-001 -5.467204619250E-001
  7.727440366954E-001  9.771832432940E-003  8.090924699336E-001 -4.752480919761E-001 -5.100761484506E-001
  7.825739721536E-001  9.888317613741E-003  8.043967467928E-001 -4.800861236016E-001 -4.745197793883E-001
  7.925212354258E-001  1.000649332670E-002  7.995983022094E-001 -4.846335248444E-001 -4.400253622985E-001
  8.025875329584E-001  1.012639151798E-002  7.946981140570E-001 -4.888933598762E-001 -4.065676503031E-001
  8.127746035011E-001  1.024804485184E-002  7.896971940368E-001 -4.928686529143E-001 -3.741221553503E-001
  8.230842188350E-001  1.037148672960E-002  7.845965886910E-001 -4.965623907962E-001 -3.426651586334E-001
  8.335181845190E-001  1.049675130923E-002  7.793973804263E-001 -4.999775259076E-001 -3.121737181408E-001
  8.440783406568E-001  1.062387352550E-002  7.741006885450E-001 -5.031169794519E-001 -2.826256733290E-001
  8.547665626839E-001  1.075288911077E-002  7.687076702783E-001 -5.059836450478E-001 -2.539996469165E-001
  8.655847621758E-001  1.088383461638E-002  7.632195218173E-001 -5.085803926412E-001 -2.262750438130E-001
  8.765348876780E-001  1.101674743475E-002  7.576374793370E-001 -5.109100727133E-001 -1.994320472036E-001
  8.876189255584E-001  1.115166582209E-002  7.519628200074E-001 -5.129755207683E-001 -1.734516118244E-001
  8.988389008829E-001  1.128862892191E-002  7.461968629877E-001 -5.147795620796E-001 -1.483154544741E-001
  9.101968783143E-001  1.142767678917E-002  7.403409703962E-001 -5.163250166737E-001 -1.240060418182E-001
  9.216949630368E-001  1.156885041525E-002  7.343965482521E-001 -5.176147045289E-001 -1.005065755559E-001
  9.333353017046E-001  1.171219175365E-002  7.283650473823E-001 -5.186514509637E-001 -7.780097502850E-002
  9.451200834176E-001  1.185774374655E-002  7.222479642877E-001 -5.194380921896E-001 -5.587385736139E-002
  9.570515407237E-001  1.200555035216E-002  7.160468419625E-001 -5.199774810012E-001 -3.471051524218E-002
  9.691319506484E-001  1.215565657299E-002  7.097632706621E-001 -5.202724925744E-001 -1.429689244872E-002
  9.813636357544E-001  1.230810848498E-002  7.033988886106E-001 -5.203260303432E-001  5.380442748996E-003
  9.937489652293E-001  1.246295326757E-002  6.969553826449E-001 -5.201410319258E-001  2.433432617844E-002
  1.006290356005E+000  1.262023923477E-002  6.904344887877E-001 -5.197204750660E-001  4.257702820141E-002
  1.018990273907E+000  1.278001586715E-002  6.838379927430E-001 -5.190673835595E-001  6.012028584451E-002
  1.031851234841E+000  1.294233384499E-002  6.771677303092E-001 -5.181848331314E-001  7.697533646106E-002
  1.044875806003E+000  1.310724508236E-002  6.704255877040E-001 -5.170759572310E-001  9.315295275377E-002
  1.058066607138E+000  1.327480276248E-002  6.636135017941E-001 -5.157439527106E-001  1.086634789805E-001
  1.071426311823E+000  1.344506137405E-002  6.567334602257E-001 -5.141920853532E-001  1.235168681586E-001
  1.084957648792E+000  1.361807674895E-002  6.497875014490E-001 -5.124236952164E-001  1.377227200771E-001
  1.098663403298E+000  1.379390610110E-002  6.427777146337E-001 -5.104422017577E-001  1.512903199225E-001
  1.112546418516E+000  1.397260806657E-002  6.357062394682E-001 -5.082511087066E-001  1.642286773169E-001
  1.126609596985E+000  1.415424274514E-002  6.285752658398E-001 -5.058540086529E-001  1.765465655682E-001
  1.140855902095E+000  1.433887174317E-002  6.213870333915E-001 -5.032545873159E-001  1.882525609265E-001
  1.155288359613E+000  1.452655821788E-002  6.141438309506E-001 -5.004566274656E-001  1.993550816414E-001
  1.169910059257E+000  1.471736692327E-002  6.068479958276E-001 -4.974640124633E-001  2.098624266149E-001
  1.184724156317E+000  1.491136425740E-002  5.995019129802E-001 -4.942807293942E-001  2.197828134464E-001
  1.199733873325E+000  1.510861831145E-002  5.921080140425E-001 -4.909108717634E-001  2.291244156667E-001
  1.214942501771E+000  1.530919892035E-002  5.846687762152E-001 -4.873586417301E-001  2.378953989638E-001
  1.230353403874E+000  1.551317771520E-002  5.771867210173E-001 -4.836283518555E-001  2.461039562064E-001
  1.245970014403E+000  1.572062817747E-002  5.696644128970E-001 -4.797244263424E-001  2.537583410770E-001
  1.261795842559E+000  1.593162569510E-002  5.621044577029E-001 -4.756514017479E-001  2.608669001350E-001
  1.277834473907E+000  1.614624762054E-002  5.545095010147E-001 -4.714139271499E-001  2.674381031357E-001
  1.294089572372E+000  1.636457333079E-002  5.468822263355E-001 -4.670167637549E-001  2.734805714433E-001
  1.310564882294E+000  1.658668428962E-002  5.392253531470E-001 -4.624647839342E-001  2.790031043831E-001
  1.327264230548E+000  1.681266411190E-002  5.315416348295E-001 -4.577629696786E-001  2.840147033938E-001
  1.344191528724E+000  1.704259863026E-002  5.238338564500E-001 -4.529164104676E-001  2.885245938482E-001
  1.361350775387E+000  1.727657596408E-002  5.161048324233E-001 -4.479303005482E-001  2.925422444279E-001
  1.378746058390E+000  1.751468659100E-002  5.083574040478E-001 -4.428099356246E-001  2.960773839506E-001
  1.396381557275E+000  1.775702342093E-002  5.005944369243E-001 -4.375607089621E-001  2.991400155611E-001
  1.414261545744E+000  1.800368187279E-002  4.928188182607E-001 -4.321881069124E-001  3.017404282184E-001
  1.432390394201E+000  1.825475995395E-002  4.850334540710E-001 -4.266977038702E-001  3.038892054211E-001
  1.450772572390E+000  1.851035834267E-002  4.772412662742E-001 -4.210951566752E-001  3.055972311346E-001
  1.469412652102E+000  1.877058047342E-002  4.694451897027E-001 -4.153861984757E-001  3.068756928999E-001
  1.488315309978E+000  1.903553262542E-002  4.616481690253E-001 -4.095766320760E-001  3.077360821195E-001
  1.507485330398E+000  1.930532401444E-002  4.538531555977E-001 -4.036723227897E-001  3.081901915361E-001
  1.526927608467E+000  1.958006688797E-002  4.460631042462E-001 -3.976791908263E-001  3.082501099360E-001
  1.546647153093E+000  1.985987662391E-002  4.382809699966E-001 -3.916032032423E-001  3.079282141265E-001
  1.566649090169E+000  2.014487183303E-002  4.305097047586E-001 -3.854503654887E-001  3.072371582569E-001
  1.586938665861E+000  2.043517446518E-002  4.227522539747E-001 -3.792267125912E-001  3.061898605642E-001
  1.607521250000E+000  2.073090991960E-002  4.150115532468E-001 -3.729383000024E-001  3.047994876492E-001
  1.628402339588E+000  2.103220715932E-002  4.072905249510E-001 -3.665911941667E-001  3.030794363962E-001
  1.649587562420E+000  2.133919883002E-002  3.995920748511E-001 -3.601914628409E-001  3.010433136723E-001
  1.671082680832E+000  2.165202138333E-002  3.919190887248E-001 -3.537451652175E-001  2.987049139524E-001
  1.692893595565E+000  2.197081520497E-002  3.842744290122E-001 -3.472583418962E-001  2.960781950309E-001
  1.715026349769E+000  2.229572474776E-002  3.766609314996E-001 -3.407370047529E-001  2.931772519939E-001
  1.737487133138E+000  2.262689866987E-002  3.690814020510E-001 -3.341871267564E-001  2.900162896369E-001
  1.760282286187E+000  2.296448997842E-002  3.615386133964E-001 -3.276146317838E-001  2.866095935225E-001
  1.783418304674E+000  2.330865617868E-002  3.540353019915E-001 -3.210253844839E-001  2.829714998827E-001
  1.806901844175E+000  2.365955942924E-002  3.465741649579E-001 -3.144251802427E-001  2.791163645754E-001
  1.830739724818E+000  2.401736670327E-002  3.391578571145E-001 -3.078197352996E-001  2.750585313125E-001
  1.854938936184E+000  2.438224995616E-002  3.317889881114E-001 -3.012146770674E-001  2.708122993799E-001
  1.879506642368E+000  2.475438629994E-002  3.244701196751E-001 -2.946155347029E-001  2.663918910728E-001
  1.904450187236E+000  2.513395818467E-002  3.172037629745E-001 -2.880277299799E-001  2.618114190698E-001
  1.929777099847E+000  2.552115358717E-002  3.099923761158E-001 -2.814565685077E-001  2.570848539687E-001
  1.955495100083E+000  2.591616620741E-002  3.028383617742E-001 -2.749072313433E-001  2.522259922049E-001
  1.981612104475E+000  2.631919567292E-002  2.957440649685E-001 -2.683847670373E-001  2.472484245683E-001
  2.008136232230E+000  2.673044775156E-002  2.887117709850E-001 -2.618940841536E-001  2.421655055277E-001
  2.035075811486E+000  2.715013457311E-002  2.817437034558E-001 -2.554399443008E-001  2.369903235674E-001
  2.062439385788E+000  2.757847486001E-002  2.748420225943E-001 -2.490269557065E-001  2.317356727267E-001
  2.090235720801E+000  2.801569416771E-002  2.680088235913E-001 -2.426595673659E-001  2.264140255272E-001
  2.118473811262E+000  2.846202513514E-002  2.612461351736E-001 -2.363420637893E-001  2.210375074575E-001
  2.147162888201E+000  2.891770774564E-002  2.545559183249E-001 -2.300785603707E-001  2.156178731715E-001
  2.176312426413E+000  2.938298959899E-002  2.479400651693E-001 -2.238729993939E-001  2.101664845448E-001
  2.205932152222E+000  2.985812619504E-002  2.414003980141E-001 -2.177291466894E-001  2.046942907142E-001
  2.236032051522E+000  3.034338122938E-002  2.349386685511E-001 -2.116505889506E-001  1.992118102107E-001
  2.266622378129E+000  3.083902690182E-002  2.285565572098E-001 -2.056407317103E-001  1.937291152791E-001
  2.297713662445E+000  3.134534423818E-002  2.222556726593E-001 -1.997027979788E-001  1.882558184564E-001
  2.329316720450E+000  3.186262342603E-002  2.160375514519E-001 -1.938398275346E-001  1.828010614676E-001
  2.361442663038E+000  3.239116416519E-002  2.099036578007E-001 -1.880546768576E-001  1.773735064705E-001
  2.394102905709E+000  3.293127603351E-002  2.038553834833E-001 -1.823500196884E-001  1.719813296713E-001
  2.427309178642E+000  3.348327886897E-002  1.978940478624E-001 -1.767283481927E-001  1.666322173037E-001
  2.461073537146E+000  3.404750316862E-002  1.920208980134E-001 -1.711919747057E-001  1.613333639535E-001
  2.495408372530E+000  3.462429050548E-002  1.862371089482E-001 -1.657430340269E-001  1.560914731845E-001
  2.530326423398E+000  3.521399396401E-002  1.805437839238E-001 -1.603834862311E-001  1.509127604095E-001
  2.565840787378E+000  3.581697859546E-002  1.749419548246E-001 -1.551151199589E-001  1.458029579263E-001
  2.601964933334E+000  3.643362189376E-002  1.694325826057E-001 -1.499395561456E-001  1.407673220275E-001
  2.638712714049E+000  3.706431429322E-002  1.640165577855E-001 -1.448582521447E-001  1.358106420707E-001
  2.676098379430E+000  3.770945968912E-002  1.586947009756E-001 -1.398725061987E-001  1.309372513879E-001
  2.714136590232E+000  3.836947598236E-002  1.534677634347E-001 -1.349834622111E-001  1.261510398913E-001
  2.752842432351E+000  3.904479564947E-002  1.483364276374E-001 -1.301921147659E-001  1.214554682289E-001
  2.792231431696E+000  3.973586633921E-002  1.433013078430E-001 -1.254993143463E-001  1.168535833246E-001
  2.832319569669E+000  4.044315149734E-002  1.383629506579E-001 -1.209057726996E-001  1.123480351359E-001
  2.873123299289E+000  4.116713102086E-002  1.335218355784E-001 -1.164120682959E-001  1.079410944484E-001
  2.914659561979E+000  4.190830194354E-002  1.287783755067E-001 -1.120186518312E-001  1.036346715277E-001
  2.956945805065E+000  4.266717915414E-002  1.241329172337E-001 -1.077258517232E-001  9.943033543824E-002
  3.000000000000E+000  4.344429614932E-002  1.195857418796E-001 -1.035338795527E-001  9.532933384577E-002
  3.043840661365E+000  4.424020582308E-002  1.151370652901E-001 -9.944283540521E-002  9.133261311253E-002
  3.088486866678E+000  4.505548129460E-002  1.107870383843E-001 -9.545271306977E-002  8.744083850299E-002
  3.133958277047E+000  4.589071677685E-002  1.065357474518E-001 -9.156340505603E-002  8.365441431913E-002
  3.180275158719E+000  4.674652848797E-002  1.023832144015E-001 -8.777470739544E-002  7.997350379256E-002
  3.227458405560E+000  4.762355560797E-002  9.832939696232E-002 -8.408632419591E-002  7.639804856866E-002
  3.275529562509E+000  4.852246128332E-002  9.437418884089E-002 -8.049787192526E-002  7.292778762876E-002
  3.324510850077E+000  4.944393368200E-002  9.051741984287E-002 -7.700888340393E-002  6.956227550856E-002
  3.374425189910E+000  5.038868710203E-002  8.675885596455E-002 -7.361881149330E-002  6.630089968501E-002
  3.425296231502E+000  5.135746313639E-002  8.309819946541E-002 -7.032703247222E-002  6.314289701925E-002
  3.477148380094E+000  5.235103189784E-002  7.953508893287E-002 -6.713284910027E-002  6.008736916015E-002
  3.530006825834E+000  5.337019330676E-002  7.606909935225E-002 -6.403549337307E-002  5.713329683081E-002
  3.583897574256E+000  5.441577844603E-002  7.269974219652E-002 -6.103412898060E-002  5.427955293922E-002
  3.638847478148E+000  5.548865098670E-002  6.942646555144E-002 -5.812785348638E-002  5.152491447405E-002
  3.694884270887E+000  5.658970868864E-002  6.624865429263E-002 -5.531570025061E-002  4.886807316592E-002
  3.752036601308E+000  5.771988498079E-002  6.316563033203E-002 -5.259664012629E-002  4.630764491511E-002
  3.810334070199E+000  5.888015062562E-002  6.017665295099E-002 -4.996958296229E-002  4.384217800589E-002
  3.869807268505E+000  6.007151547295E-002  5.728091923772E-002 -4.743337895170E-002  4.147016014720E-002
  3.930487817331E+000  6.129503030858E-002  5.447756464601E-002 -4.498681986764E-002  3.919002439779E-002
  3.992408409843E+000  6.255178880352E-002  5.176566369158E-002 -4.262864023165E-002  3.700015405085E-002
  4.055602855172E+000  6.384292957002E-002  4.914423080078E-002 -4.035751846160E-002  3.489888656926E-002
  4.120106124432E+000  6.516963833101E-002  4.661222132517E-002 -3.817207804734E-002  3.288451667609E-002
  4.185954398964E+000  6.653315021009E-002  4.416853273296E-002 -3.607088880204E-002  3.095529871682E-002
  4.253185120935E+000  6.793475214960E-002  4.181200598603E-002 -3.405246823607E-002  2.910944841933E-002
  4.321837046422E+000  6.937578546490E-002  3.954142710829E-002 -3.211528309800E-002  2.734514418398E-002
  4.391950301120E+000  7.085764854355E-002  3.735552894793E-002 -3.025775112362E-002  2.566052804053E-002
  4.463566438835E+000  7.238179969882E-002  3.525299313263E-002 -2.847824302950E-002  2.405370640921E-002
  4.536728502895E+000  7.394976018725E-002  3.323245221301E-002 -2.677508478166E-002  2.252275080131E-002
  4.611481090679E+000  7.556311740127E-002  3.129249198574E-002 -2.514656016334E-002  2.106569858944E-002
  4.687870421430E+000  7.722352824817E-002  2.943165398377E-002 -2.359091365805E-002  1.968055396943E-002
  4.765944407533E+000  7.893272272784E-002  2.764843811740E-002 -2.210635365588E-002  1.836528922459E-002
  4.845752729492E+000  8.069250772248E-002  2.594130544578E-002 -2.069105598167E-002  1.711784638923E-002
  4.927346914797E+000  8.250477101257E-002  2.430868105529E-002 -1.934316773464E-002  1.593613939189E-002
  5.010780420931E+000  8.437148553436E-002  2.274895701801E-002 -1.806081141907E-002  1.481805674030E-002
  5.096108722763E+000  8.629471389541E-002  2.126049540068E-002 -1.684208933630E-002  1.376146478969E-002
  5.183389404586E+000  8.827661316581E-002  1.984163129283E-002 -1.568508819894E-002  1.276421161467E-002
  5.272682257105E+000  9.031943996425E-002  1.849067582131E-002 -1.458788391968E-002  1.182413148260E-002
  5.364049379651E+000  9.242555585946E-002  1.720591911790E-002 -1.354854651918E-002  1.093904990388E-002
  5.457555287978E+000  9.459743310926E-002  1.598563320759E-002 -1.256514509091E-002  1.010678921267E-002
  5.553267027968E+000  9.683766076100E-002  1.482807478603E-002 -1.163575275585E-002  9.325174610632E-003
  5.651254295630E+000  9.914895113938E-002  1.373148785768E-002 -1.075845153591E-002  8.592040587065E-003
  5.751589563796E+000  1.015341467494E-001  1.269410620947E-002 -9.931337073787E-003  7.905237611805E-003
  5.854348215936E+000  1.039962276248E-001  1.171415569974E-002 -9.152523126965E-003  7.262638983373E-003
  5.959608687557E+000  1.065383191537E-001  1.078985634752E-002 -8.420145766101E-003  6.662147703995E-003
  6.067452615683E+000  1.091637004188E-001  9.919424214228E-003 -7.732367212947E-003  6.101703246365E-003
  6.177964996951E+000  1.118758130872E-001  9.101073076880E-003 -7.087379259672E-003  5.579288074246E-003
  6.291234354880E+000  1.146782708938E-001  8.333015900191E-003 -6.483406220658E-003  5.092933780653E-003
  6.407352916949E+000  1.175748697626E-001  7.613466123170E-003 -5.918707378830E-003  4.640726713431E-003
  6.526416802128E+000  1.205695986129E-001  6.940638784466E-003 -5.391578901436E-003  4.220812968541E-003
  6.648526219580E+000  1.236666509049E-001  6.312751519130E-003 -4.900355214423E-003  3.831402646048E-003
  6.773785679311E+000  1.268704369821E-001  5.728025467399E-003 -4.443409839862E-003  3.470773282339E-003
  6.902304215570E+000  1.301855972713E-001  5.184686143310E-003 -4.019155716793E-003  3.137272394030E-003
  7.034195623922E+000  1.336170164087E-001  4.680964316924E-003 -3.626045041827E-003  2.829319093592E-003
  7.169578712934E+000  1.371698383673E-001  4.215096968475E-003 -3.262568681388E-003  2.545404763342E-003
  7.308577571516E+000  1.408494826628E-001  3.785328375386E-003 -2.927255221851E-003  2.284092802057E-003
  7.451321853057E+000  1.446616617293E-001  3.389911393602E-003 -2.618669736679E-003  2.044017486280E-003
  7.597947077547E+000  1.486123995567E-001  3.027108992750E-003 -2.335412360067E-003  1.823882015256E-003
  7.748594953021E+000  1.527080516973E-001  2.695196100083E-003 -2.076116764381E-003  1.622455833433E-003
  7.903413717736E+000  1.569553267535E-001  2.392461800876E-003 -1.839448642983E-003  1.438571346563E-003
  8.062558504629E+000  1.613613094717E-001  2.117211932858E-003 -1.624104300780E-003  1.271120165668E-003
  8.226191729726E+000  1.659334855793E-001  1.867772099544E-003 -1.428809451495E-003  1.119049026693E-003
  8.394483506327E+000  1.706797685137E-001  1.642491112112E-003 -1.252318313248E-003  9.813555418944E-004
  8.567612086926E+000  1.756085282071E-001  1.439744852165E-003 -1.093413082516E-003  8.570839413102E-004
  8.745764335025E+000  1.807286221064E-001  1.257940528763E-003 -9.509038510746E-004  7.453209588604E-004
  8.929136229160E+000  1.860494286260E-001  1.095521283101E-003 -8.236290115853E-004  6.451920075893E-004
  9.117933401693E+000  1.915808832504E-001  9.509710739972E-004 -7.104561755554E-004  5.558577725891E-004
  9.312371715124E+000  1.973335175235E-001  8.228197575612E-004 -6.102836032970E-004  4.765113286938E-004
  9.512677878945E+000  2.033185011886E-001  7.096482562055E-004 -5.220421201182E-004  4.063758638939E-004
  9.719090110332E+000  2.095476877688E-001  6.100936962627E-004 -4.446974673918E-004  3.447030596192E-004
  9.931858842267E+000  2.160336639044E-001  5.228543810182E-004 -3.772530125043E-004  2.907721468292E-004
  1.015124748302E+001  2.227898028021E-001  4.466944577463E-004 -3.187527192243E-004  2.438896236540E-004
  1.037753323129E+001  2.298303221843E-001  3.804481342202E-004 -2.682842609431E-004  2.033895877066E-004
  1.061100795175E+001  2.371703471699E-001  3.230233027697E-004 -2.249821446851E-004  1.686346057352E-004
  1.085197911611E+001  2.448259785618E-001  2.734044387233E-004 -1.880307047502E-004  1.390170165600E-004
  1.110077081537E+001  2.528143670735E-001  2.306546551598E-004 -1.566668221407E-004  1.139605416938E-004
  1.135772484956E+001  2.611537940784E-001  1.939168171560E-004 -1.301822300474E-004  9.292206290726E-005
  1.162320190175E+001  2.698637595360E-001  1.624136456695E-004 -1.079252768105E-004  7.539341820682E-005
  1.189758280382E+001  2.789650778206E-001  1.354467729970E-004 -8.930203574230E-005  6.090306780242E-005
  1.218126990242E+001  2.884799822596E-001  1.123947472085E-004 -7.377667539570E-005  4.901748979336E-005
  1.247468853413E+001  2.984322392826E-001  9.271002058163E-005 -6.087103330679E-005  3.934218115083E-005
  1.277828862002E+001  3.088472731875E-001  7.591499507545E-005 -5.016336954765E-005  3.152216231525E-005
  1.309254639077E+001  3.197523026463E-001  6.159723437155E-005 -4.128631192829E-005  2.524191209243E-005
  1.341796625462E+001  3.311764902095E-001  4.940398494971E-005 -3.392404045987E-005  2.022469186923E-005
  1.375508282195E+001  3.431511062169E-001  3.903617611793E-005 -2.780879270475E-005  1.623125252385E-005
  1.410446310162E+001  3.557097086969E-001  3.024208911066E-005 -2.271680186742E-005  1.305795164836E-005
  1.446670888596E+001  3.688883410292E-001  2.281089686881E-005 -1.846380405428E-005  1.053434067280E-005
  1.484245934302E+001  3.827257493700E-001  1.656627792921E-005 -1.490026847578E-005  8.520309149213E-006
  1.523239383723E+001  3.972636220891E-001  1.136029954759E-005 -1.190651333741E-005  6.902895074763E-006
  1.563723500136E+001  4.125468537596E-001  7.067746950236E-006 -9.387870156687E-006  5.592884387487E-006
  1.605775208607E+001  4.286238365683E-001  3.581048308182E-006 -7.270050247755E-006  4.521328878974E-006
  1.649476461582E+001  4.455467823929E-001  8.059101422193E-007 -5.494849758667E-006  3.636109569713E-006
  1.694914638379E+001  4.633720792263E-001 -1.342262551626E-006 -4.016305153304E-006  2.898662548864E-006
  1.742182982203E+001  4.821606861220E-001 -2.941130626980E-006 -2.797381143100E-006  2.280967445452E-006
  1.791381078784E+001  5.019785714107E-001 -4.063382477433E-006 -1.807239921352E-006  1.762876623982E-006
  1.842615381215E+001  5.228971995942E-001 -4.777947207611E-006 -1.019106479792E-006  1.329837789782E-006
  1.895999786176E+001  5.449940730840E-001 -5.150549378754E-006 -4.087121615402E-007  9.710360317487E-007
  1.951656267356E+001  5.683533358366E-001 -5.243723862996E-006  4.673037897799E-008  6.779554925359E-007
  2.009715572669E+001  5.930664469535E-001 -5.116428479096E-006  3.690911407821E-007  4.433377085512E-007
  2.070317992707E+001  6.192329335039E-001 -4.823400856162E-006  5.795126815882E-007  2.604947147844E-007
  2.133614208874E+001  6.469612332096E-001 -4.414404111781E-006  6.983221097245E-007  1.229212966018E-007
  2.199766230782E+001  6.763696392388E-001 -3.933493989329E-006  7.447627904972E-007  2.414278942228E-008
  2.268948433818E+001  7.075873612439E-001 -3.418419409176E-006  7.366377537917E-007 -4.226746417413E-008
  2.341348709294E+001  7.407557189842E-001 -2.900240957238E-006  6.899450975084E-007 -8.256401928802E-008
  2.417169741362E+001  7.760294874639E-001 -2.403220178572E-006  6.185694339612E-007 -1.026544968038E-007
  2.496630426925E+001  8.135784155747E-001 -1.944999479648E-006  5.340743921977E-007 -1.079197280077E-007
  2.579967457140E+001  8.535889438281E-001 -1.537060845693E-006  4.456212422230E-007 -1.030626318194E-007
  2.667437081864E+001  8.962661510291E-001 -1.185424129424E-006  3.600196587001E-007 -9.200714619533E-008
  2.759317081651E+001  9.418359647997E-001 -8.915246030294E-007  2.819000852992E-007 -7.785679018556E-008
  2.855908975674E+001  9.905476768748E-001 -6.531963636842E-007  2.139843398987E-007 -6.291232911423E-008
  2.957540498378E+001  1.042676811269E+000 -4.656837914586E-007  1.574228087713E-007 -4.874022714452E-008
  3.064568382919E+001  1.098528402000E+000 -3.226074013310E-007  1.121630985925E-007 -3.627846470421E-008
  3.177381495601E+001  1.158440747351E+000 -2.168220116501E-007  7.731611075271E-008 -2.596392528361E-008
  3.296404372807E+001  1.222789720048E+000 -1.411222677319E-007  5.149045481243E-008 -1.786567915462E-008
  3.422101220608E+001  1.291993727721E+000 -8.877073138842E-008  3.307382523199E-008 -1.181063134451E-008
  3.554980447538E+001  1.366519436102E+000 -5.384424204526E-008  2.044909035997E-008 -7.491509481954E-009
  3.695599813319E+001  1.446888389511E+000 -3.141246865438E-008  1.214199697927E-008 -4.551317853838E-009
  3.844572291106E+001  1.533684690030E+000 -1.757640901707E-008  6.905336066725E-009 -2.642474035002E-009
  4.002572758518E+001  1.627563929686E+000 -9.402776586378E-009  3.750228196908E-009 -1.462290183750E-009
  4.170345654134E+001  1.729263610453E+000 -4.792451686372E-009  1.938398526447E-009 -7.688745019768E-010
  4.348713762001E+001  1.839615336740E+000 -2.318141262967E-009  9.499350533663E-010 -3.827570460584E-010
  4.538588318162E+001  1.959559126947E+000 -1.059530544285E-009  4.395034807147E-010 -1.796660328142E-010
  4.740980671574E+001  2.090160267552E+000 -4.553768078175E-010  1.910628305189E-010 -7.915452831181E-011
  4.957015778746E+001  2.232629229408E+000 -1.830448619078E-010  7.762680766672E-011 -3.255984792397E-011
  5.187947869225E+001  2.388345286640E+000 -6.839720861751E-011  2.929953330849E-011 -1.243148369044E-011
  5.435178690397E+001  2.558884630889E+000 -2.359712500026E-011  1.020451384588E-011 -4.376282574225E-012
  5.700278828629E+001  2.746053966795E+000 -7.459340224063E-012  3.254677686155E-012 -1.409821289881E-012
  5.985012714155E+001  2.951930820846E+000 -2.142024777313E-012  9.425146841227E-013 -4.121051846553E-013
  6.291368055481E+001  3.178912111311E+000 -5.533649388943E-013  2.454309190390E-013 -1.082576830285E-013
  6.621590623276E+001  3.429772933797E+000 -1.271995401620E-013  5.684202599757E-014 -2.527992373536E-014
  6.978225524452E+001  3.707738044625E+000 -2.569356438036E-014  1.156378501919E-014 -5.182856608911E-015
  7.364166388185E+001  4.016569212832E+000 -4.496294236988E-015  2.037318147707E-015 -9.198011105430E-016
  7.782714245929E+001  4.360672516382E+000 -6.706945566840E-016  3.058472734212E-016 -1.390347198455E-016
  8.237648351994E+001  4.745230855210E+000 -8.370499049381E-017  3.840285159860E-017 -1.757100087325E-017
  8.733311794503E+001  5.176368549127E+000 -8.555297361715E-018  3.947703940738E-018 -1.817332743679E-018
  9.274715535088E+001  5.661357031559E+000 -6.986117340160E-019  3.241271436515E-019 -1.500773130925E-019
  9.867665554529E+001  6.208873552072E+000 -4.428920594498E-020  2.065509296052E-020 -9.616097160194E-021
  1.051891916055E+002  6.829328764649E+000 -2.108200805783E-021  9.880455560713E-022 -4.623718620542E-022
  1.123637836013E+002  7.535284543316E+000 -7.245984472530E-023  3.411849709860E-023 -1.604446864608E-023
  1.202933069206E+002  8.341990973528E+000 -1.717437902452E-024  8.122656016577E-025 -3.837422880458E-025
  1.290875131414E+002  9.268082166539E+000 -2.658543967154E-026  1.262662334405E-026 -5.991372429945E-027
  1.388768482001E+002  1.033648575811E+001 -2.519385217132E-028  1.201352760187E-028 -5.724059031687E-029
  1.498173177370E+002  1.157562284364E+001 -1.352747450445E-030  6.474937215657E-031 -3.097174423183E-031
  1.620967411853E+002  1.302100699722E+001 -3.748991866777E-033  1.800902359465E-033 -8.646165868464E-034
  1.759428668168E+002  1.471739812515E+001 -4.789117916162E-036  2.308369853041E-036 -1.112123637930E-036
  1.916340085825E+002  1.672173748087E+001 -2.455653020280E-039  1.187439641807E-039 -5.739689056400E-040
  2.095131417987E+002  1.910719757888E+001 -4.261691363128E-043  2.067019458547E-043 -1.002233536093E-043
  2.300068054477E+002  2.196884699990E+001 -2.024621107612E-047  9.848052313739E-048 -4.788989545383E-048
  2.536507797910E+002  2.543169216868E+001 -2.016698168415E-052  9.836031655725E-053 -4.796309777084E-053
  2.811254638474E+002  2.966227967912E+001 -3.001505075205E-058  1.467645484923E-058 -7.175125928062E-059
  3.133053780630E+002  3.488573552677E+001 -4.317667451873E-065  2.116250262718E-065 -1.037113321078E-065
  3.513296254502E+002  4.141128389041E+001 -3.402902353846E-073  1.671620332626E-073 -8.210690479551E-074
  3.967041014106E+002  4.967130404214E+001 -6.936181203054E-083  3.414406338140E-083 -1.680637997408E-083
  4.514529193349E+002  6.028257212519E+001 -1.332606505440E-094  6.572660381559E-095 -3.241552649753E-095
  5.183481233601E+002  7.414493328740E+001 -6.054303718748E-109  2.991488071612E-109 -1.478052184983E-109
  6.012676077950E+002  9.260523890243E+001 -9.394168461900E-127  4.649495813138E-127 -2.301114400993E-127
  7.057700503752E+002  1.177394213729E+002 -3.105787179365E-149  1.539520553593E-149 -7.631121450987E-150
  8.400513767914E+002  1.528577972397E+002 -3.655767962895E-178  1.814686569977E-178 -9.007763401934E-179
  1.016602135495E+003  2.034537342122E+002 -2.995432868394E-216  1.488797736274E-216 -7.399572219906E-217
  1.255220715580E+003  2.790860613466E+002 -8.669927017922E-268  4.314092350698E-268 -2.146644091222E-268
  1.588815776243E+003  3.973705897531E+002  0.000000000000E+000  0.000000000000E+000  0.000000000000E+000
  2.075392011604E+003  5.931596040112E+002  0.000000000000E+000  0.000000000000E+000  0.000000000000E+000
  2.825079847529E+003  9.419154890021E+002  0.000000000000E+000  0.000000000000E+000  0.000000000000E+000
  4.068408296184E+003  1.627629972033E+003  0.000000000000E+000  0.000000000000E+000  0.000000000000E+000
  6.357262947674E+003  3.178964796686E+003  0.000000000000E+000  0.000000000000E+000  0.000000000000E+000
  1.130231930164E+004  7.535323971013E+003  0.000000000000E+000  0.000000000000E+000  0.000000000000E+000
  2.543105175140E+004  2.543171841285E+004  0.000000000000E+000  0.000000000000E+000  0.000000000000E+000
  1.017262069958E+005  2.034537473226E+005  0.000000000000E+000  0.000000000000E+000  0.000000000000E+000
