# 1st line: number of mesh points
# rho and r_seitz are calculated from total density
# zeta and r_seitz only correct of rho > 1d-12

# abcissa weight rho drho ddrho zeta r_seitz
500
  9.830308526508E-006  1.966074589941E-005  1.613331205310E+003 -1.952678037432E+004  2.417441488339E+005  2.074693568923E-012  1.229700190211E-001
  3.932200719717E-005  3.932303800261E-005  1.612755432504E+003 -1.951965226138E+004  2.416537794490E+005  2.073319490158E-012  1.229846511981E-001
  8.847741541455E-005  5.898842277178E-005  1.611796227917E+003 -1.950777737169E+004  2.415032328235E+005  2.071026641809E-012  1.230090430424E-001
  1.573003992804E-004  7.865844718600E-005  1.610454216255E+003 -1.949116364744E+004  2.412926124064E+005  2.068022721440E-012  1.230432018810E-001
  2.457963722417E-004  9.833465899987E-005  1.608730271257E+003 -1.946982219650E+004  2.410220628765E+005  2.063737334532E-012  1.230871379779E-001
  3.539722959954E-004  1.180186070023E-004  1.606625514835E+003 -1.944376728126E+004  2.406917699917E+005  2.059010997571E-012  1.231408645398E-001
  4.818366816528E-004  1.377118412759E-004  1.604141315985E+003 -1.941301630423E+004  2.403019603975E+005  2.053199018573E-012  1.232043977245E-001
  6.293995911626E-004  1.574159134560E-004  1.601279289452E+003 -1.937758979060E+004  2.398529013920E+005  2.046148154617E-012  1.232777566498E-001
  7.966726389934E-004  1.771323769912E-004  1.598041294152E+003 -1.933751136756E+004  2.393449006491E+005  2.038769215382E-012  1.233609634055E-001
  9.836689940782E-004  1.968627874036E-004  1.594429431369E+003 -1.929280774054E+004  2.387783059009E+005  2.030267977747E-012  1.234540430661E-001
  1.190403382016E-003  2.166087025496E-004  1.590446042701E+003 -1.924350866647E+004  2.381535045778E+005  2.020842268732E-012  1.235570237057E-001
  1.416892087541E-003  2.363716828821E-004  1.586093707790E+003 -1.918964692385E+004  2.374709234088E+005  2.010475229548E-012  1.236699364149E-001
  1.663152957245E-003  2.561532917128E-004  1.581375241807E+003 -1.913125827992E+004  2.367310279807E+005  1.999148272835E-012  1.237928153195E-001
  1.929205402573E-003  2.759550954757E-004  1.576293692726E+003 -1.906838145480E+004  2.359343222589E+005  1.987201658041E-012  1.239256976000E-001
  2.215070403074E-003  2.957786639908E-004  1.570852338358E+003 -1.900105808279E+004  2.350813480675E+005  1.974761712686E-012  1.240686235149E-001
  2.520770509919E-003  3.156255707300E-004  1.565054683181E+003 -1.892933267069E+004  2.341726845326E+005  1.961011269519E-012  1.242216364241E-001
  2.846329849692E-003  3.354973930828E-004  1.558904454943E+003 -1.885325255339E+004  2.332089474870E+005  1.946432117227E-012  1.243847828149E-001
  3.191774128432E-003  3.553957126240E-004  1.552405601056E+003 -1.877286784667E+004  2.321907888380E+005  1.930999562874E-012  1.245581123304E-001
  3.557130635959E-003  3.753221153821E-004  1.545562284786E+003 -1.868823139723E+004  2.311188958997E+005  1.914907911211E-012  1.247416777986E-001
  3.942428250463E-003  3.952781921092E-004  1.538378881233E+003 -1.859939873017E+004  2.299939906892E+005  1.897836557135E-012  1.249355352650E-001
  4.347697443358E-003  4.152655385525E-004  1.530859973121E+003 -1.850642799386E+004  2.288168291892E+005  1.880274548172E-012  1.251397440258E-001
  4.772970284417E-003  4.352857557265E-004  1.523010346386E+003 -1.840937990221E+004  2.275882005768E+005  1.861599990222E-012  1.253543666644E-001
  5.218280447175E-003  4.553404501876E-004  1.514834985584E+003 -1.830831767464E+004  2.263089264199E+005  1.842002443562E-012  1.255794690887E-001
  5.683663214611E-003  4.754312343099E-004  1.506339069110E+003 -1.820330697358E+004  2.249798598418E+005  1.822127155431E-012  1.258151205718E-001
  6.169155485101E-003  4.955597265624E-004  1.497527964245E+003 -1.809441583970E+004  2.236018846565E+005  1.801191013580E-012  1.260613937939E-001
  6.674795778653E-003  5.157275517886E-004  1.488407222028E+003 -1.798171462497E+004  2.221759144733E+005  1.779766294161E-012  1.263183648867E-001
  7.200624243425E-003  5.359363414876E-004  1.478982571965E+003 -1.786527592352E+004  2.207028917743E+005  1.757131877508E-012  1.265861134803E-001
  7.746682662519E-003  5.561877340970E-004  1.469259916581E+003 -1.774517450054E+004  2.191837869648E+005  1.734404130115E-012  1.268647227521E-001
  8.313014461060E-003  5.764833752781E-004  1.459245325818E+003 -1.762148721913E+004  2.176195973971E+005  1.710313615090E-012  1.271542794778E-001
  8.899664713569E-003  5.968249182030E-004  1.448945031286E+003 -1.749429296537E+004  2.160113463709E+005  1.685830271365E-012  1.274548740857E-001
  9.506680151615E-003  6.172140238444E-004  1.438365420379E+003 -1.736367257155E+004  2.143600821098E+005  1.660923694378E-012  1.277666007122E-001
  1.013410917176E-002  6.376523612666E-004  1.427513030257E+003 -1.722970873775E+004  2.126668767155E+005  1.634765966018E-012  1.280895572607E-001
  1.078200184380E-002  6.581416079202E-004  1.416394541701E+003 -1.709248595183E+004  2.109328251019E+005  1.608509607221E-012  1.284238454630E-001
  1.145040991929E-002  6.786834499385E-004  1.405016772857E+003 -1.695209040791E+004  2.091590439098E+005  1.581482361061E-012  1.287695709427E-001
  1.213938684040E-002  6.992795824361E-004  1.393386672866E+003 -1.680860992351E+004  2.073466704031E+005  1.553968868378E-012  1.291268432818E-001
  1.284898774901E-002  7.199317098113E-004  1.381511315387E+003 -1.666213385532E+004  2.054968613488E+005  1.525604793133E-012  1.294957760903E-001
  1.357926949620E-002  7.406415460502E-004  1.369397892036E+003 -1.651275301387E+004  2.036107918817E+005  1.496676986554E-012  1.298764870775E-001
  1.433029065191E-002  7.614108150341E-004  1.357053705727E+003 -1.636055957708E+004  2.016896543552E+005  1.467566106487E-012  1.302690981277E-001
  1.510211151509E-002  7.822412508494E-004  1.344486163941E+003 -1.620564700280E+004  1.997346571800E+005  1.437314060509E-012  1.306737353779E-001
  1.589479412397E-002  8.031345981016E-004  1.331702771918E+003 -1.604810994049E+004  1.977470236514E+005  1.407316677086E-012  1.310905292984E-001
  1.670840226680E-002  8.240926122311E-004  1.318711125788E+003 -1.588804414222E+004  1.957279907673E+005  1.376179327725E-012  1.315196147775E-001
  1.754300149280E-002  8.451170598329E-004  1.305518905647E+003 -1.572554637285E+004  1.936788080385E+005  1.344803072051E-012  1.319611312083E-001
  1.839865912351E-002  8.662097189796E-004  1.292133868586E+003 -1.556071431978E+004  1.916007362923E+005  1.312982130231E-012  1.324152225797E-001
  1.927544426443E-002  8.873723795480E-004  1.278563841675E+003 -1.539364650224E+004  1.894950464701E+005  1.280680299515E-012  1.328820375705E-001
  2.017342781695E-002  9.086068435487E-004  1.264816714919E+003 -1.522444218016E+004  1.873630184231E+005  1.248039912143E-012  1.333617296466E-001
  2.109268249069E-002  9.299149254598E-004  1.250900434196E+003 -1.505320126293E+004  1.852059397041E+005  1.214755572424E-012  1.338544571627E-001
  2.203328281612E-002  9.512984525641E-004  1.236822994168E+003 -1.488002421792E+004  1.830251043599E+005  1.181335765334E-012  1.343603834666E-001
  2.299530515754E-002  9.727592652906E-004  1.222592431198E+003 -1.470501197909E+004  1.808218117239E+005  1.147197120792E-012  1.348796770087E-001
  2.397882772639E-002  9.942992175591E-004  1.208216816253E+003 -1.452826585562E+004  1.785973652108E+005  1.113140681502E-012  1.354125114539E-001
  2.498393059493E-002  1.015920177130E-003  1.193704247833E+003 -1.434988744079E+004  1.763530711154E+005  1.078863964880E-012  1.359590657991E-001
  2.601069571024E-002  1.037624025957E-003  1.179062844899E+003 -1.416997852112E+004  1.740902374162E+005  1.044436122746E-012  1.365195244935E-001
  2.705920690860E-002  1.059412660547E-003  1.164300739844E+003 -1.398864098598E+004  1.718101725859E+005  1.008856532632E-012  1.370940775645E-001
  2.812954993023E-002  1.081287992318E-003  1.149426071481E+003 -1.380597673766E+004  1.695141844094E+005  9.737441538345E-013  1.376829207470E-001
  2.922181243436E-002  1.103251947969E-003  1.134446978080E+003 -1.362208760210E+004  1.672035788116E+005  9.384988949106E-013  1.382862556182E-001
  3.033608401473E-002  1.125306469854E-003  1.119371590456E+003 -1.343707524032E+004  1.648796586957E+005  9.030989973659E-013  1.389042897362E-001
  3.147245621542E-002  1.147453516351E-003  1.104208025103E+003 -1.325104106072E+004  1.625437227938E+005  8.670077002608E-013  1.395372367846E-001
  3.263102254705E-002  1.169695062249E-003  1.088964377401E+003 -1.306408613221E+004  1.601970645304E+005  8.310163739458E-013  1.401853167214E-001
  3.381187850339E-002  1.192033099133E-003  1.073648714892E+003 -1.287631109849E+004  1.578409709017E+005  7.954329131297E-013  1.408487559332E-001
  3.501512157837E-002  1.214469635775E-003  1.058269070631E+003 -1.268781609333E+004  1.554767213697E+005  7.591877193384E-013  1.415277873951E-001
  3.624085128345E-002  1.237006698530E-003  1.042833436624E+003 -1.249870065712E+004  1.531055867744E+005  7.227843945380E-013  1.422226508363E-001
  3.748916916538E-002  1.259646331739E-003  1.027349757364E+003 -1.230906365473E+004  1.507288282645E+005  6.864258733043E-013  1.429335929107E-001
  3.876017882444E-002  1.282390598136E-003  1.011825923456E+003 -1.211900319473E+004  1.483476962472E+005  6.504410376465E-013  1.436608673747E-001
  4.005398593302E-002  1.305241579266E-003  9.962697653622E+002 -1.192861655013E+004  1.459634293599E+005  6.140964410141E-013  1.444047352698E-001
  4.137069825459E-002  1.328201375897E-003  9.806890472457E+002 -1.173800008066E+004  1.435772534626E+005  5.774247609696E-013  1.451654651130E-001
  4.271042566323E-002  1.351272108452E-003  9.650914609442E+002 -1.154724915668E+004  1.411903806549E+005  5.417577378316E-013  1.459433330923E-001
  4.407328016341E-002  1.374455917436E-003  9.494846200649E+002 -1.135645808491E+004  1.388040083156E+005  5.061211660452E-013  1.467386232706E-001
  4.545937591035E-002  1.397754963880E-003  9.338760542114E+002 -1.116572003583E+004  1.364193181692E+005  4.697812999801E-013  1.475516277951E-001
  4.686882923075E-002  1.421171429779E-003  9.182732033485E+002 -1.097512697310E+004  1.340374753766E+005  4.343699333617E-013  1.483826471155E-001
  4.830175864396E-002  1.444707518548E-003  9.026834123100E+002 -1.078476958483E+004  1.316596276549E+005  3.992399446615E-013  1.492319902087E-001
  4.975828488365E-002  1.468365455478E-003  8.871139254548E+002 -1.059473721692E+004  1.292869044237E+005  3.637639762079E-013  1.500999748115E-001
  5.123853091993E-002  1.492147488203E-003  8.715718814770E+002 -1.040511780849E+004  1.269204159806E+005  3.284450353056E-013  1.509869276619E-001
  5.274262198188E-002  1.516055887169E-003  8.560643083742E+002 -1.021599782944E+004  1.245612527070E+005  2.940230730956E-013  1.518931847485E-001
  5.427068558066E-002  1.540092946119E-003  8.405981185797E+002 -1.002746222024E+004  1.222104843034E+005  2.593326186591E-013  1.528190915680E-001
  5.582285153302E-002  1.564260982573E-003  8.251801042619E+002 -9.839594333950E+003  1.198691590566E+005  2.251885804036E-013  1.537650033930E-001
  5.739925198530E-002  1.588562338332E-003  8.098169327963E+002 -9.652475880615E+003  1.175383031375E+005  1.916968769384E-013  1.547312855476E-001
  5.900002143803E-002  1.612999379973E-003  7.945151424133E+002 -9.466186873955E+003  1.152189199329E+005  1.579708958893E-013  1.557183136936E-001
  6.062529677088E-002  1.637574499364E-003  7.792811380258E+002 -9.280805580521E+003  1.129119894087E+005  1.250979378165E-013  1.567264741266E-001
  6.227521726827E-002  1.662290114181E-003  7.641211872399E+002 -9.096408471281E+003  1.106184675076E+005  9.313700706402E-014  1.577561640819E-001
  6.394992464542E-002  1.687148668440E-003  7.490414165527E+002 -8.913070175699E+003  1.083392855803E+005  6.078646320661E-014  1.588077920514E-001
  6.564956307496E-002  1.712152633027E-003  7.340478077384E+002 -8.730863438336E+003  1.060753498507E+005  2.942655633515E-014  1.598817781117E-001
  6.737427921404E-002  1.737304506249E-003  7.191461944272E+002 -8.549859078011E+003  1.038275409164E+005 -1.738944354609E-015  1.609785542637E-001
  6.912422223211E-002  1.762606814387E-003  7.043422588788E+002 -8.370125949542E+003  1.015967132839E+005 -3.220099864740E-014  1.620985647832E-001
  7.089954383907E-002  1.788062112257E-003  6.896415289515E+002 -8.191730908091E+003  9.938369493885E+004 -6.173601637865E-014  1.632422665851E-001
  7.270039831418E-002  1.813672983787E-003  6.750493752707E+002 -8.014738776132E+003  9.718928695203E+004 -9.094281784211E-014  1.644101295990E-001
  7.452694253540E-002  1.839442042599E-003  6.605710085968E+002 -7.839212313064E+003  9.501426312065E+004 -1.195261489985E-013  1.656026371590E-001
  7.637933600943E-002  1.865371932600E-003  6.462114773942E+002 -7.665212187464E+003  9.285936964551E+004 -1.473398878271E-013  1.668202864066E-001
  7.825774090225E-002  1.891465328589E-003  6.319756656029E+002 -7.492796952011E+003  9.072532484375E+004 -1.743145373282E-013  1.680635887076E-001
  8.016232207035E-002  1.917724936867E-003  6.178682906123E+002 -7.322023021066E+003  8.861281889738E+004 -1.995463715850E-013  1.693330700838E-001
  8.209324709253E-002  1.944153495867E-003  6.038939014394E+002 -7.152944650910E+003  8.652251363734E+004 -2.255310597869E-013  1.706292716595E-001
  8.405068630235E-002  1.970753776782E-003  5.900568771095E+002 -6.985613922656E+003  8.445504236317E+004 -2.502796051184E-013  1.719527501241E-001
  8.603481282122E-002  1.997528584221E-003  5.763614252404E+002 -6.820080727791E+003  8.241100969801E+004 -2.745709049534E-013  1.733040782105E-001
  8.804580259214E-002  2.024480756857E-003  5.628115808301E+002 -6.656392756382E+003  8.039099147869E+004 -2.976441158793E-013  1.746838451897E-001
  9.008383441408E-002  2.051613168108E-003  5.494112052461E+002 -6.494595487886E+003  7.839553468071E+004 -3.200092987869E-013  1.760926573836E-001
  9.214908997710E-002  2.078928726810E-003  5.361639854163E+002 -6.334732184584E+003  7.642515737782E+004 -3.407441625845E-013  1.775311386951E-001
  9.424175389809E-002  2.106430377918E-003  5.230734332197E+002 -6.176843887587E+003  7.448034873569E+004 -3.605735864260E-013  1.789999311565E-001
  9.636201375725E-002  2.134121103210E-003  5.101428850761E+002 -6.020969415413E+003  7.256156903939E+004 -3.802985286034E-013  1.804996954968E-001
  9.851006013526E-002  2.162003922007E-003  4.973755017323E+002 -5.867145365085E+003  7.066924975424E+004 -3.981178182520E-013  1.820311117294E-001
  1.006860866512E-001  2.190081891910E-003  4.847742682427E+002 -5.715406115731E+003  6.880379361933E+004 -4.146811494966E-013  1.835948797591E-001
  1.028902900012E-001  2.218358109541E-003  4.723419941433E+002 -5.565783834646E+003  6.696557477345E+004 -4.311917473010E-013  1.851917200104E-001
  1.051228699979E-001  2.246835711311E-003  4.600813138149E+002 -5.418308485779E+003  6.515493891251E+004 -4.458948722947E-013  1.868223740773E-001
  1.073840296104E-001  2.275517874190E-003  4.479946870339E+002 -5.273007840597E+003  6.337220347818E+004 -4.594474569727E-013  1.884876053955E-001
  1.096739750056E-001  2.304407816497E-003  4.360843997071E+002 -5.129907491285E+003  6.161765787666E+004 -4.726475813574E-013  1.901881999368E-001
  1.119929155896E-001  2.333508798707E-003  4.243525647879E+002 -4.989030866238E+003  5.989156372730E+004 -4.833034421562E-013  1.919249669273E-001
  1.143410640503E-001  2.362824124271E-003  4.128011233690E+002 -4.850399247784E+003  5.819415513992E+004 -4.935917645855E-013  1.936987395900E-001
  1.167186364011E-001  2.392357140448E-003  4.014318459504E+002 -4.714031792089E+003  5.652563902031E+004 -5.029691237265E-013  1.955103759118E-001
  1.191258520249E-001  2.422111239159E-003  3.902463338764E+002 -4.579945551194E+003  5.488619540299E+004 -5.106123684424E-013  1.973607594358E-001
  1.215629337189E-001  2.452089857854E-003  3.792460209380E+002 -4.448155497113E+003  5.327597781038E+004 -5.171044236265E-013  1.992508000803E-001
  1.240301077413E-001  2.482296480400E-003  3.684321751384E+002 -4.318674547932E+003  5.169511363743E+004 -5.219448761061E-013  2.011814349831E-001
  1.265276038575E-001  2.512734637975E-003  3.578059006142E+002 -4.191513595861E+003  5.014370456094E+004 -5.260074233686E-013  2.031536293748E-001
  1.290556553882E-001  2.543407909995E-003  3.473681397093E+002 -4.066681537149E+003  4.862182697247E+004 -5.287217373849E-013  2.051683774783E-001
  1.316144992580E-001  2.574319925047E-003  3.371196751973E+002 -3.944185303810E+003  4.712953243398E+004 -5.293666512021E-013  2.072267034372E-001
  1.342043760450E-001  2.605474361847E-003  3.270611326450E+002 -3.824029897087E+003  4.566684815513E+004 -5.294835071321E-013  2.093296622733E-001
  1.368255300316E-001  2.636874950214E-003  3.171929829148E+002 -3.706218422579E+003  4.423377749124E+004 -5.277666202031E-013  2.114783408722E-001
  1.394782092560E-001  2.668525472060E-003  3.075155447988E+002 -3.590752126957E+003  4.283030046097E+004 -5.245966438300E-013  2.136738589998E-001
  1.421626655646E-001  2.700429762411E-003  2.980289877789E+002 -3.477630436198E+003  4.145637428247E+004 -5.195517192163E-013  2.159173703468E-001
  1.448791546661E-001  2.732591710434E-003  2.887333349099E+002 -3.366850995257E+003  4.011193392709E+004 -5.141304117217E-013  2.182100636048E-001
  1.476279361856E-001  2.765015260497E-003  2.796284658162E+002 -3.258409709102E+003  3.879689268958E+004 -5.055622012380E-013  2.205531635708E-001
  1.504092737207E-001  2.797704413242E-003  2.707141198001E+002 -3.152300785031E+003  3.751114277349E+004 -4.969077742728E-013  2.229479322827E-001
  1.532234348983E-001  2.830663226680E-003  2.619898990531E+002 -3.048516776187E+003  3.625455589092E+004 -4.862252404673E-013  2.253956701836E-001
  1.560706914324E-001  2.863895817319E-003  2.534552719654E+002 -2.947048626205E+003  3.502698387528E+004 -4.737787516207E-013  2.278977173154E-001
  1.589513191834E-001  2.897406361298E-003  2.451095765282E+002 -2.847885714890E+003  3.382825930615E+004 -4.600519235614E-013  2.304554545412E-001
  1.618655982178E-001  2.931199095559E-003  2.369520238212E+002 -2.751015904860E+003  3.265819614488E+004 -4.451836825440E-013  2.330703047947E-001
  1.648138128702E-001  2.965278319033E-003  2.289817015804E+002 -2.656425589063E+003  3.151659038004E+004 -4.283456650350E-013  2.357437343571E-001
  1.677962518056E-001  2.999648393860E-003  2.211975778403E+002 -2.564099739091E+003  3.040322068146E+004 -4.091126300295E-013  2.384772541575E-001
  1.708132080832E-001  3.034313746623E-003  2.135985046426E+002 -2.474021954203E+003  2.931784906177E+004 -3.891379734530E-013  2.412724210985E-001
  1.738649792215E-001  3.069278869616E-003  2.061832218075E+002 -2.386174510984E+003  2.826022154428E+004 -3.672240314166E-013  2.441308394007E-001
  1.769518672648E-001  3.104548322136E-003  1.989503607593E+002 -2.300538413540E+003  2.723006883626E+004 -3.447170670805E-013  2.470541619671E-001
  1.800741788507E-001  3.140126731803E-003  1.918984484024E+002 -2.217093444176E+003  2.622710700624E+004 -3.192469516416E-013  2.500440917623E-001
  1.832322252791E-001  3.176018795904E-003  1.850259110388E+002 -2.135818214443E+003  2.525103816453E+004 -2.933170486916E-013  2.531023832026E-001
  1.864263225826E-001  3.212229282769E-003  1.783310783231E+002 -2.056690216495E+003  2.430155114569E+004 -2.651221205079E-013  2.562308435537E-001
  1.896567915983E-001  3.248763033179E-003  1.718121872485E+002 -1.979685874678E+003  2.337832219194E+004 -2.358933804220E-013  2.594313343299E-001
  1.929239580409E-001  3.285624961791E-003  1.654673861569E+002 -1.904780597250E+003  2.248101563651E+004 -2.048312315976E-013  2.627057726891E-001
  1.962281525771E-001  3.322820058613E-003  1.592947387676E+002 -1.831948828184E+003  2.160928458586E+004 -1.721773726649E-013  2.660561328170E-001
  1.995697109023E-001  3.360353390492E-003  1.532922282190E+002 -1.761164098950E+003  2.076277159971E+004 -1.385929870422E-013  2.694844472915E-001
  2.029489738173E-001  3.398230102644E-003  1.474577611169E+002 -1.692399080221E+003  1.994110936807E+004 -1.020583455860E-013  2.729928084193E-001
  2.063662873085E-001  3.436455420218E-003  1.417891715839E+002 -1.625625633419E+003  1.914392138404E+004 -6.644933862673E-014  2.765833695329E-001
  2.098220026275E-001  3.475034649885E-003  1.362842253039E+002 -1.560814862031E+003  1.837082261175E+004 -2.752824574118E-014  2.802583462371E-001
  2.133164763746E-001  3.513973181471E-003  1.309406235571E+002 -1.497937162620E+003  1.762142014819E+004  1.302347979946E-014  2.840200175906E-001
  2.168500705817E-001  3.553276489620E-003  1.257560072378E+002 -1.436962275478E+003  1.689531387843E+004  5.328109682701E-014  2.878707272065E-001
  2.204231527988E-001  3.592950135496E-003  1.207279608530E+002 -1.377859334828E+003  1.619209712295E+004  9.487403596920E-014  2.918128842553E-001
  2.240360961807E-001  3.632999768520E-003  1.158540164928E+002 -1.320596918538E+003  1.551135727665E+004  1.398343783475E-013  2.958489643493E-001
  2.276892795770E-001  3.673431128145E-003  1.111316577711E+002 -1.265143097260E+003  1.485267643844E+004  1.838828781134E-013  2.999815102854E-001
  2.313830876220E-001  3.714250045674E-003  1.065583237285E+002 -1.211465482952E+003  1.421563203086E+004  2.300498311721E-013  3.042131326225E-001
  2.351179108282E-001  3.755462446115E-003  1.021314126951E+002 -1.159531276711E+003  1.359979740888E+004  2.761985354484E-013  3.085465100617E-001
  2.388941456809E-001  3.797074350078E-003  9.784828610695E+001 -1.109307315872E+003  1.300474245719E+004  3.239434506560E-013  3.129843895998E-001
  2.427121947345E-001  3.839091875711E-003  9.370627227203E+001 -1.060760120306E+003  1.243003417540E+004  3.720052646550E-013  3.175295864175E-001
  2.465724667110E-001  3.881521240686E-003  8.970267008233E+001 -1.013855937879E+003  1.187523725045E+004  4.225108292837E-013  3.221849834629E-001
  2.504753766009E-001  3.924368764227E-003  8.583475266647E+001 -9.685607890173E+002  1.133991461568E+004  4.716822012750E-013  3.269535306839E-001
  2.544213457654E-001  3.967640869177E-003  8.209977097995E+001 -9.248405103298E+002  1.082362799600E+004  5.218738914241E-013  3.318382438589E-001
  2.584108020414E-001  4.011344084122E-003  7.849495732882E+001 -8.826607972492E+002  1.032593843861E+004  5.723631009048E-013  3.368422029693E-001
  2.624441798480E-001  4.055485045557E-003  7.501752882319E+001 -8.419872456480E+002  9.846406828910E+003  6.225741470582E-013  3.419685500495E-001
  2.665219202956E-001  4.100070500102E-003  7.166469075732E+001 -8.027853923920E+002  9.384594390993E+003  6.743071231925E-013  3.472204864465E-001
  2.706444712976E-001  4.145107306769E-003  6.843363991287E+001 -7.650207547958E+002  8.940063172488E+003  7.252487249843E-013  3.526012694096E-001
  2.748122876832E-001  4.190602439283E-003  6.532156778254E+001 -7.286588689471E+002  8.512376513282E+003  7.754650317177E-013  3.581142079253E-001
  2.790258313137E-001  4.236562988450E-003  6.232566371101E+001 -6.936653268694E+002  8.101099497855E+003  8.243120000672E-013  3.637626577030E-001
  2.832855712010E-001  4.282996164587E-003  5.944311795076E+001 -6.600058124974E+002  7.705799390920E+003  8.730706465113E-013  3.695500152080E-001
  2.875919836279E-001  4.329909300005E-003  5.667112463033E+001 -6.276461364389E+002  7.326046056143E+003  9.204774968928E-013  3.754797106268E-001
  2.919455522717E-001  4.377309851548E-003  5.400688463268E+001 -5.965522695013E+002  6.961412357718E+003  9.669385434814E-013  3.815551996427E-001
  2.963467683296E-001  4.425205403192E-003  5.144760838176E+001 -5.666903749664E+002  6.611474544644E+003  1.012276983433E-012  3.877799538834E-001
  3.007961306479E-001  4.473603668706E-003  4.899051853546E+001 -5.380268395929E+002  6.275812617561E+003  1.054997582068E-012  3.941574498977E-001
  3.052941458522E-001  4.522512494374E-003  4.663285258329E+001 -5.105283033373E+002  5.954010678062E+003  1.096908482191E-012  4.006911565001E-001
  3.098413284823E-001  4.571939861783E-003  4.437186534741E+001 -4.841616877796E+002  5.645657260411E+003  1.133665952159E-012  4.073845203155E-001
  3.144382011281E-001  4.621893890671E-003  4.220483138587E+001 -4.588942232460E+002  5.350345645649E+003  1.169315078196E-012  4.142409493424E-001
  3.190852945695E-001  4.672382841850E-003  4.012904729689E+001 -4.346934746247E+002  5.067674158108E+003  1.201205172835E-012  4.212637943434E-001
  3.237831479192E-001  4.723415120192E-003  3.814183392358E+001 -4.115273658687E+002  4.797246444358E+003  1.229977148518E-012  4.284563278616E-001
  3.285323087679E-001  4.774999277691E-003  3.624053845834E+001 -3.893642031883E+002  4.538671734692E+003  1.254999027354E-012  4.358217206530E-001
  3.333333333333E-001  4.827144016591E-003  3.442253644656E+001 -3.681726969331E+002  4.291565087236E+003  1.274733682539E-012  4.433630153215E-001
  3.381867866117E-001  4.879858192602E-003  3.268523368943E+001 -3.479219821682E+002  4.055547614845E+003  1.289772039362E-012  4.510830969361E-001
  3.430932425333E-001  4.933150818173E-003  3.102606804573E+001 -3.285816379521E+002  3.830246694940E+003  1.300059507792E-012  4.589846604165E-001
  3.480532841203E-001  4.987031065868E-003  2.944251113283E+001 -3.101217053242E+002  3.615296162499E+003  1.302047803536E-012  4.670701744742E-001
  3.530675036492E-001  5.041508271801E-003  2.793206992708E+001 -2.925127040136E+002  3.410336486429E+003  1.299703345351E-012  4.753418419141E-001
  3.581365028158E-001  5.096591939172E-003  2.649228826427E+001 -2.757256478825E+002  3.215014929565E+003  1.290077521773E-012  4.838015561196E-001
  3.632608929041E-001  5.152291741875E-003  2.512074824053E+001 -2.597320591186E+002  3.028985692586E+003  1.272546397733E-012  4.924508535751E-001
  3.684412949588E-001  5.208617528209E-003  2.381507151483E+001 -2.445039811955E+002  2.851910042147E+003  1.247212828780E-012  5.012908623244E-001
  3.736783399619E-001  5.265579324662E-003  2.257292051363E+001 -2.300139906179E+002  2.683456423556E+003  1.212047330071E-012  5.103222463181E-001
  3.789726690123E-001  5.323187339805E-003  2.139199953925E+001 -2.162352074740E+002  2.523300558335E+003  1.169014216702E-012  5.195451456761E-001
  3.843249335105E-001  5.381451968273E-003  2.027005578280E+001 -2.031413048181E+002  2.371125527054E+003  1.116376295142E-012  5.289591129821E-001
  3.897357953460E-001  5.440383794842E-003  1.920488024338E+001 -1.907065169050E+002  2.226621837793E+003  1.051114032846E-012  5.385630458399E-001
  3.952059270903E-001  5.499993598618E-003  1.819430855490E+001 -1.789056463049E+002  2.089487480658E+003  9.766184524628E-013  5.483551160531E-001
  4.007360121927E-001  5.560292357317E-003  1.723622172231E+001 -1.677140699241E+002  1.959427968770E+003  8.904343039723E-013  5.583326959521E-001
  4.063267451812E-001  5.621291251662E-003  1.632854676883E+001 -1.571077439592E+002  1.836156366134E+003  7.938291166147E-013  5.684922825737E-001
  4.119788318683E-001  5.683001669888E-003  1.546925729631E+001 -1.470632078168E+002  1.719393302869E+003  6.822134883873E-013  5.788294206112E-001
  4.176929895600E-001  5.745435212354E-003  1.465637396049E+001 -1.375575870257E+002  1.608866978225E+003  5.600665605966E-013  5.893386252869E-001
  4.234699472710E-001  5.808603696282E-003  1.388796486340E+001 -1.285685951773E+002  1.504313151868E+003  4.262474182162E-013  6.000133065572E-001
  4.293104459435E-001  5.872519160606E-003  1.316214586501E+001 -1.200745349228E+002  1.405475123903E+003  2.772743262365E-013  6.108456963343E-001
  4.352152386716E-001  5.937193870949E-003  1.247708081641E+001 -1.120542980628E+002  1.312103704122E+003  1.152481804561E-013  6.218267806947E-001
  4.411850909306E-001  6.002640324729E-003  1.183098171686E+001 -1.044873647635E+002  1.223957170952E+003 -5.938214991757E-014  6.329462393291E-001
  4.472207808110E-001  6.068871256391E-003  1.122210879716E+001 -9.735380193169E+001  1.140801220605E+003 -2.438470131202E-013  6.441923947600E-001
  4.533230992589E-001  6.135899642772E-003  1.064877053170E+001 -9.063426078641E+001  1.062408906916E+003 -4.434732294670E-013  6.555521740958E-001
  4.594928503202E-001  6.203738708611E-003  1.010932358192E+001 -8.430997366092E+001  9.885605723739E+002 -6.539222851323E-013  6.670110862808E-001
  4.657308513924E-001  6.272401932198E-003  9.602172673504E+000 -7.836275007133E+001  9.190437708282E+002 -8.744727954138E-013  6.785532179198E-001
  4.720379334802E-001  6.341903051163E-003  9.125770410162E+000 -7.277497208787E+001  8.536531823755E+002 -1.105627951867E-012  6.901612507767E-001
  4.784149414579E-001  6.412256068427E-003  8.678617026466E+000 -6.752958904485E+001  7.921905209153E+002 -1.347012355130E-012  7.018165039421E-001
  4.848627343381E-001  6.483475258298E-003  8.259260082547E+000 -6.261011162538E+001  7.344644348629E+002 -1.591766918223E-012  7.134990034142E-001
  4.913821855461E-001  6.555575172733E-003  7.866294103281E+000 -5.800060535705E+001  6.802904015068E+002 -1.844431238461E-012  7.251875814148E-001
  4.979741832006E-001  6.628570647764E-003  7.498360164708E+000 -5.368568355438E+001  6.294906154865E+002 -2.101948932911E-012  7.368600071557E-001
  5.046396304008E-001  6.702476810086E-003  7.154145430388E+000 -4.965049974387E+001  5.818938718660E+002 -2.357399089322E-012  7.484931499748E-001
  5.113794455212E-001  6.777309083830E-003  6.832382640424E+000 -4.588073960700E+001  5.373354442672E+002 -2.616547721720E-012  7.600631747800E-001
  5.181945625116E-001  6.853083197508E-003  6.531849555869E+000 -4.236261247639E+001  4.956569585195E+002 -2.867609630755E-012  7.715457685956E-001
  5.250859312060E-001  6.929815191146E-003  6.251368361217E+000 -3.908284241952E+001  4.567062622742E+002 -3.115900359238E-012  7.829163957400E-001
  5.320545176366E-001  7.007521423604E-003  5.989805027671E+000 -3.602865894435E+001  4.203372910212E+002 -3.354280137537E-012  7.941505778267E-001
  5.391013043575E-001  7.086218580100E-003  5.746068639856E+000 -3.318778736033E+001  3.864099309343E+002 -3.581653395041E-012  8.052241934444E-001
  5.462272907741E-001  7.165923679926E-003  5.519110688612E+000 -3.054843882766E+001  3.547898789617E+002 -3.793390437407E-012  8.161137911224E-001
  5.534334934816E-001  7.246654084380E-003  5.307924332475E+000 -2.809930012713E+001  3.253485005641E+002 -3.986736361160E-012  8.267969081037E-001
  5.607209466109E-001  7.328427504912E-003  5.111543630420E+000 -2.582952318207E+001  2.979626854921E+002 -4.160145987585E-012  8.372523866336E-001
  5.680907021827E-001  7.411262011483E-003  4.929042748388E+000 -2.372871436302E+001  2.725147019817E+002 -4.315619530542E-012  8.474606789839E-001
  5.755438304707E-001  7.495176041166E-003  4.759535142082E+000 -2.178692360515E+001  2.488920497293E+002 -4.437313712868E-012  8.574041323564E-001
  5.830814203728E-001  7.580188406970E-003  4.602172718462E+000 -1.999463336740E+001  2.269873120009E+002 -4.533264669936E-012  8.670672451596E-001
  5.907045797917E-001  7.666318306912E-003  4.456144978317E+000 -1.834274746143E+001  2.066980072083E+002 -4.600399269963E-012  8.764368869408E-001
  5.984144360243E-001  7.753585333338E-003  4.320678142229E+000 -1.682257977765E+001  1.879264402757E+002 -4.631986848430E-012  8.855024754606E-001
  6.062121361613E-001  7.842009482502E-003  4.195034262198E+000 -1.542584293444E+001  1.705795541038E+002 -4.631934368710E-012  8.942561059366E-001
  6.140988474955E-001  7.931611164409E-003  4.078510321109E+000 -1.414463687585E+001  1.545687814232E+002 -4.598873213622E-012  9.026926292839E-001
  6.220757579409E-001  8.022411212936E-003  3.970437322178E+000 -1.297143744201E+001  1.398098973147E+002 -4.531895392026E-012  9.108096781192E-001
  6.301440764614E-001  8.114430896230E-003  3.870179370433E+000 -1.189908493531E+001  1.262228726584E+002 -4.425367630897E-012  9.186076412597E-001
  6.383050335109E-001  8.207691927403E-003  3.777132748215E+000 -1.092077270456E+001  1.137317287592E+002 -4.284716517367E-012  9.260895893065E-001
  6.465598814833E-001  8.302216475524E-003  3.690724986612E+000 -1.003003576822E+001  1.022643933798E+002 -4.109244297693E-012  9.332611555585E-001
  6.549098951744E-001  8.398027176926E-003  3.610413934671E+000 -9.220739496528E+000  9.175255840058E+001 -3.900464363302E-012  9.401303778625E-001
  6.633563722545E-001  8.495147146827E-003  3.535686828135E+000 -8.487068371676E+000  8.213153930615E+001 -3.659790028246E-012  9.467075080110E-001
  6.719006337539E-001  8.593599991288E-003  3.466059359412E+000 -7.823514843701E+000  7.334013668805E+001 -3.391663644370E-012  9.530047959225E-001
  6.805440245593E-001  8.693409819506E-003  3.401074750346E+000 -7.224868298949E+000  6.532049993649E+001 -3.093409655136E-012  9.590362560797E-001
  6.892879139233E-001  8.794601256469E-003  3.340302829356E+000 -6.686204156814E+000  5.801799327995E+001 -2.769655608137E-012  9.648174235916E-001
  6.981336959871E-001  8.897199455961E-003  3.283339114352E+000 -6.202873109384E+000  5.138106431803E+001 -2.420665155769E-012  9.703651068206E-001
  7.070827903152E-001  9.001230113956E-003  3.229803902817E+000 -5.770490517609E+000  4.536111517891E+001 -2.052559203009E-012  9.756971428564E-001
  7.161366424455E-001  9.106719482390E-003  3.179341370327E+000 -5.384925976546E+000  3.991237641965E+001 -1.667355681732E-012  9.808321612789E-001
  7.252967244510E-001  9.213694383338E-003  3.131618678716E+000 -5.042293061235E+000  3.499178377447E+001 -1.267410793022E-012  9.857893607041E-001
  7.345645355186E-001  9.322182223606E-003  3.086325095019E+000 -4.738939263724E+000  3.055885784354E+001 -8.604581154427E-013  9.905883016267E-001
  7.439416025400E-001  9.432211009745E-003  3.043171122222E+000 -4.471436130805E+000  2.657558680270E+001 -4.401241346986E-013  9.952487180955E-001
  7.534294807203E-001  9.543809363512E-003  3.001887642807E+000 -4.236569611044E+000  2.300631220275E+001 -1.605112682488E-014  9.997903498475E-001
  7.630297542000E-001  9.657006537783E-003  2.962225075964E+000 -4.031330618746E+000  1.981761791529E+001  4.091996614711E-013  1.004232795706E+000
  7.727440366954E-001  9.771832432940E-003  2.923952549302E+000 -3.852905821581E+000  1.697822227163E+001  8.319213824226E-013  1.008595388335E+000
  7.825739721536E-001  9.888317613741E-003  2.886857085782E+000 -3.698668657711E+000  1.445887343043E+001  1.251264446277E-012  1.012897089859E+000
  7.925212354258E-001  1.000649332670E-002  2.850742806552E+000 -3.566170587368E+000  1.223224799980E+001  1.662408124655E-012  1.017156407394E+000
  8.025875329584E-001  1.012639151798E-002  2.815430150280E+000 -3.453132583052E+000  1.027285293020E+001  2.065448563092E-012  1.021391327180E+000
  8.127746035011E-001  1.024804485184E-002  2.780755109502E+000 -3.357436861638E+000  8.556930685188E+000  2.453325867641E-012  1.025619265794E+000
  8.230842188350E-001  1.037148672960E-002  2.746568484453E+000 -3.277118860972E+000  7.062367688505E+000  2.824055610901E-012  1.029857036749E+000
  8.335181845190E-001  1.049675130923E-002  2.712735154773E+000 -3.210359462764E+000  5.768606037995E+000  3.176538267206E-012  1.034120830751E+000
  8.440783406568E-001  1.062387352550E-002  2.679133369423E+000 -3.155477462863E+000  4.656558468963E+000  3.510434155142E-012  1.038426207870E+000
  8.547665626839E-001  1.075288911077E-002  2.645654055074E+000 -3.110922289345E+000  3.708526542549E+000  3.819062315850E-012  1.042788099945E+000
  8.655847621758E-001  1.088383461638E-002  2.612200143186E+000 -3.075266968198E+000  2.908122027906E+000  4.105980402871E-012  1.047220821633E+000
  8.765348876780E-001  1.101674743475E-002  2.578685915945E+000 -3.047201335754E+000  2.240191440710E+000  4.364969399050E-012  1.051738088623E+000
  8.876189255584E-001  1.115166582209E-002  2.545036371142E+000 -3.025525496471E+000  1.690743694730E+000  4.593858366934E-012  1.056353041680E+000
  8.988389008829E-001  1.128862892191E-002  2.511186606071E+000 -3.009143524109E+000  1.246880817819E+000  4.794516099975E-012  1.061078275304E+000
  9.101968783143E-001  1.142767678917E-002  2.477081220438E+000 -2.997057403850E+000  8.967316787696E-001  4.961911204046E-012  1.065925869962E+000
  9.216949630368E-001  1.156885041525E-002  2.442673738250E+000 -2.988361212416E+000  6.293886669985E-001  5.097345186218E-012  1.070907426956E+000
  9.333353017046E-001  1.171219175365E-002  2.407926048619E+000 -2.982235532841E+000  4.348472629445E-001  5.201517728167E-012  1.076034105143E+000
  9.451200834176E-001  1.185774374655E-002  2.372807865335E+000 -2.977942100111E+000  3.039484334284E-001  5.267646419433E-012  1.081316658843E+000
  9.570515407237E-001  1.200555035216E-002  2.337296205093E+000 -2.974818673540E+000  2.283237829614E-001  5.299229973649E-012  1.086765476377E+000
  9.691319506484E-001  1.215565657299E-002  2.301374884160E+000 -2.972274131414E+000  2.003433891247E-001  5.295205092995E-012  1.092390618784E+000
  9.813636357544E-001  1.230810848498E-002  2.265034033289E+000 -2.969783783131E+000  2.130662476709E-001  5.256937319310E-012  1.098201858348E+000
  9.937489652293E-001  1.246295326757E-002  2.228269630627E+000 -2.966884893793E+000  2.601932508720E-001  5.182738993260E-012  1.104208716659E+000
  1.006290356005E+000  1.262023923477E-002  2.191083052362E+000 -2.963172415987E+000  3.360226208748E-001  5.072072674068E-012  1.110420501992E+000
  1.018990273907E+000  1.278001586715E-002  2.153480640816E+000 -2.958294923278E+000  4.354077184091E-001  4.922350911173E-012  1.116846345837E+000
  1.031851234841E+000  1.294233384499E-002  2.115473289695E+000 -2.951950739760E+000  5.537171461008E-001  4.743134172782E-012  1.123495238483E+000
  1.044875806003E+000  1.310724508236E-002  2.077076046157E+000 -2.943884259895E+000  6.867970648602E-001  4.526679111408E-012  1.130376063589E+000
  1.058066607138E+000  1.327480276248E-002  2.038307729394E+000 -2.933882452739E+000  8.309356413462E-001  4.277253744394E-012  1.137497631712E+000
  1.071426311823E+000  1.344506137405E-002  1.999190565360E+000 -2.921771544569E+000  9.828295443292E-001  3.996033172985E-012  1.144868712793E+000
  1.084957648792E+000  1.361807674895E-002  1.959749837315E+000 -2.907413873902E+000  1.139552407855E+000  3.682671969891E-012  1.152498067616E+000
  1.098663403298E+000  1.379390610110E-002  1.920013551828E+000 -2.890704912829E+000  1.298525179484E+000  3.340186477142E-012  1.160394478294E+000
  1.112546418516E+000  1.397260806657E-002  1.880012119872E+000 -2.871570448619E+000  1.457488272477E+000  2.970477039556E-012  1.168566777833E+000
  1.126609596985E+000  1.415424274514E-002  1.839778052662E+000 -2.849963919550E+000  1.614475441635E+000  2.574278127678E-012  1.177023878842E+000
  1.140855902095E+000  1.433887174317E-002  1.799345671874E+000 -2.825863898978E+000  1.767789303584E+000  2.156528650398E-012  1.185774801467E+000
  1.155288359613E+000  1.452655821788E-002  1.758750833895E+000 -2.799271721731E+000  1.915978423534E+000  1.716197245725E-012  1.194828700636E+000
  1.169910059257E+000  1.471736692327E-002  1.718030667736E+000 -2.770209246972E+000  2.057815892046E+000  1.257993354033E-012  1.204194892712E+000
  1.184724156317E+000  1.491136425740E-002  1.677223326282E+000 -2.738716751817E+000  2.192279316934E+000  7.833410773352E-013  1.213882881628E+000
  1.199733873325E+000  1.510861831145E-002  1.636367750521E+000 -2.704850950089E+000  2.318532157282E+000  2.960834004410E-013  1.223902384628E+000
  1.214942501771E+000  1.530919892035E-002  1.595503446435E+000 -2.668683130738E+000  2.435906328474E+000 -2.001945936867E-013  1.234263357688E+000
  1.230353403874E+000  1.551317771520E-002  1.554670274203E+000 -2.630297410599E+000  2.543886009235E+000 -7.036950449359E-013  1.244976020736E+000
  1.245970014403E+000  1.572062817747E-002  1.513908249434E+000 -2.589789096331E+000  2.642092583888E+000 -1.209292418012E-012  1.256050882755E+000
  1.261795842559E+000  1.593162569510E-002  1.473257356091E+000 -2.547263150543E+000  2.730270655331E+000 -1.714780165250E-012  1.267498766888E+000
  1.277834473907E+000  1.614624762054E-002  1.432757370822E+000 -2.502832757287E+000  2.808275066629E+000 -2.215630335574E-012  1.279330835630E+000
  1.294089572372E+000  1.636457333079E-002  1.392447698411E+000 -2.456617982306E+000  2.876058871578E+000 -2.708328344648E-012  1.291558616222E+000
  1.310564882294E+000  1.658668428962E-002  1.352367218065E+000 -2.408744523573E+000  2.933662197122E+000 -3.189382582668E-012  1.304194026343E+000
  1.327264230548E+000  1.681266411190E-002  1.312554140268E+000 -2.359342547899E+000  2.981201943043E+000 -3.653223205237E-012  1.317249400206E+000
  1.344191528724E+000  1.704259863026E-002  1.273045873934E+000 -2.308545609534E+000  3.018862266933E+000 -4.097648019064E-012  1.330737515160E+000
  1.361350775387E+000  1.727657596408E-002  1.233878903619E+000 -2.256489646906E+000  3.046885805035E+000 -4.518709261755E-012  1.344671618912E+000
  1.378746058390E+000  1.751468659100E-002  1.195088676526E+000 -2.203312053816E+000  3.065565582115E+000 -4.911002097719E-012  1.359065457464E+000
  1.396381557275E+000  1.775702342093E-002  1.156709499077E+000 -2.149150821607E+000  3.075237566091E+000 -5.270612630043E-012  1.373933303885E+000
  1.414261545744E+000  1.800368187279E-002  1.118774442809E+000 -2.094143748979E+000  3.076273825645E+000 -5.592623195943E-012  1.389289988028E+000
  1.432390394201E+000  1.825475995395E-002  1.081315259364E+000 -2.038427716325E+000  3.069076251536E+000 -5.878154204556E-012  1.405150927299E+000
  1.450772572390E+000  1.851035834267E-002  1.044362304346E+000 -1.982138021613E+000  3.054070804706E+000 -6.117821811291E-012  1.421532158612E+000
  1.469412652102E+000  1.877058047342E-002  1.007944469812E+000 -1.925407774981E+000  3.031702256645E+000 -6.311987647298E-012  1.438450371638E+000
  1.488315309978E+000  1.903553262542E-002  9.720891251869E-001 -1.868367349390E+000  3.002429389676E+000 -6.454007302006E-012  1.455922943477E+000
  1.507485330398E+000  1.930532401444E-002  9.368220663587E-001 -1.811143884792E+000  2.966720627033E+000 -6.543145794362E-012  1.473967974900E+000
  1.526927608467E+000  1.958006688797E-002  9.021674727383E-001 -1.753860843397E+000  2.925050064606E+000 -6.576050407451E-012  1.492604328274E+000
  1.546647153093E+000  1.985987662391E-002  8.681478720518E-001 -1.696637613758E+000  2.877893878198E+000 -6.551246272260E-012  1.511851667336E+000
  1.566649090169E+000  2.014487183303E-002  8.347841126320E-001 -1.639589161459E+000  2.825727081970E+000 -6.464897979057E-012  1.531730498957E+000
  1.586938665861E+000  2.043517446518E-002  8.020953429709E-001 -1.582825724328E+000  2.769020615428E+000 -6.316514995536E-012  1.552262217058E+000
  1.607521250000E+000  2.073090991960E-002  7.700989982928E-001 -1.526452550131E+000  2.708238737945E+000 -6.104216250297E-012  1.573469148839E+000
  1.628402339588E+000  2.103220715932E-002  7.388107938967E-001 -1.470569674803E+000  2.643836711228E+000 -5.828134908527E-012  1.595374603513E+000
  1.649587562420E+000  2.133919883002E-002  7.082447250148E-001 -1.415271739331E+000  2.576258751507E+000 -5.486964485354E-012  1.618002923714E+000
  1.671082680832E+000  2.165202138333E-002  6.784130729231E-001 -1.360647843422E+000  2.505936234462E+000 -5.082560015939E-012  1.641379539797E+000
  1.692893595565E+000  2.197081520497E-002  6.493264170355E-001 -1.306781434176E+000  2.433286136963E+000 -4.613145488929E-012  1.665531027222E+000
  1.715026349769E+000  2.229572474776E-002  6.209936527022E-001 -1.253750227968E+000  2.358709700743E+000 -4.084714947527E-012  1.690485167259E+000
  1.737487133138E+000  2.262689866987E-002  5.934220144287E-001 -1.201626163808E+000  2.282591303968E+000 -3.496305728423E-012  1.716271011251E+000
  1.760282286187E+000  2.296448997842E-002  5.666171042217E-001 -1.150475386435E+000  2.205297527475E+000 -2.851987897035E-012  1.742918948680E+000
  1.783418304674E+000  2.330865617868E-002  5.405829247614E-001 -1.100358257440E+000  2.127176403118E+000 -2.154898823528E-012  1.770460779324E+000
  1.806901844175E+000  2.365955942924E-002  5.153219170959E-001 -1.051329392701E+000  2.048556832275E+000 -1.409856486231E-012  1.798929789773E+000
  1.830739724818E+000  2.401736670327E-002  4.908350025409E-001 -1.003437724430E+000  1.969748163100E+000 -6.213457949938E-013  1.828360834635E+000
  1.854938936184E+000  2.438224995616E-002  4.671216284700E-001 -9.567265861410E-001  1.891039915525E+000  2.037453694827E-013  1.858790422745E+000
  1.879506642368E+000  2.475438629994E-002  4.441798176710E-001 -9.112338188406E-001  1.812701643466E+000  1.059221386346E-012  1.890256808745E+000
  1.904450187236E+000  2.513395818467E-002  4.220062209421E-001 -8.669918967587E-001  1.734982923967E+000  1.939310043287E-012  1.922800090398E+000
  1.929777099847E+000  2.552115358717E-002  4.005961725994E-001 -8.240280709322E-001  1.658113463396E+000  2.833160474635E-012  1.956462312062E+000
  1.955495100083E+000  2.591616620741E-002  3.799437485663E-001 -7.823645289730E-001  1.582303310992E+000  3.734408134954E-012  1.991287574744E+000
  1.981612104475E+000  2.631919567292E-002  3.600418267147E-001 -7.420185693571E-001  1.507743170406E+000  4.632098684850E-012  2.027322153208E+000
  2.008136232230E+000  2.673044775156E-002  3.408821491297E-001 -7.030027885913E-001  1.434604800021E+000  5.517452513262E-012  2.064614620640E+000
  2.035075811486E+000  2.715013457311E-002  3.224553859729E-001 -6.653252796294E-001  1.363041493139E+000  6.380533999928E-012  2.103215981403E+000
  2.062439385788E+000  2.757847486001E-002  3.047512006223E-001 -6.289898399407E-001  1.293188629296E+000  7.209317287413E-012  2.143179812477E+000
  2.090235720801E+000  2.801569416771E-002  2.877583157752E-001 -5.939961876619E-001  1.225164288218E+000  7.992988956444E-012  2.184562414192E+000
  2.118473811262E+000  2.846202513514E-002  2.714645802024E-001 -5.603401842980E-001  1.159069918171E+000  8.722522509490E-012  2.227422970935E+000
  2.147162888201E+000  2.891770774564E-002  2.558570358579E-001 -5.280140624845E-001  1.094991050700E+000  9.381527956684E-012  2.271823722561E+000
  2.176312426413E+000  2.938298959899E-002  2.409219850497E-001 -4.970066573683E-001  1.032998054029E+000  9.962063587262E-012  2.317830147279E+000
  2.205932152222E+000  2.985812619504E-002  2.266450573953E-001 -4.673036402196E-001  9.731469176782E-001  1.045237888433E-011  2.365511156865E+000
  2.236032051522E+000  3.034338122938E-002  2.130112762931E-001 -4.388877529454E-001  9.154800611614E-001  1.084130118630E-011  2.414939305120E+000
  2.266622378129E+000  3.083902690182E-002  2.000051246554E-001 -4.117390422427E-001  8.600271599639E-001  1.111658646902E-011  2.466191010545E+000
  2.297713662445E+000  3.134534423818E-002  1.876106096643E-001 -3.858350921939E-001  8.068059823345E-001  1.126862943865E-011  2.519346794323E+000
  2.329316720450E+000  3.186262342603E-002  1.758113263239E-001 -3.611512541856E-001  7.558232308049E-001  1.128969768289E-011  2.574491534746E+000
  2.361442663038E+000  3.239116416519E-002  1.645905195995E-001 -3.376608731049E-001  7.070753827301E-001  1.116922725568E-011  2.631714739365E+000
  2.394102905709E+000  3.293127603351E-002  1.539311449518E-001 -3.153355088514E-001  6.605495245439E-001  1.090091988820E-011  2.691110836220E+000
  2.427309178642E+000  3.348327886897E-002  1.438159270877E-001 -2.941451522810E-001  6.162241748369E-001  1.047936783409E-011  2.752779485648E+000
  2.461073537146E+000  3.404750316862E-002  1.342274167693E-001 -2.740584347879E-001  5.740700917882E-001  9.899706724371E-012  2.816825914274E+000
  2.495408372530E+000  3.462429050548E-002  1.251480455386E-001 -2.550428308119E-001  5.340510609084E-001  9.157597849912E-012  2.883361272986E+000
  2.530326423398E+000  3.521399396401E-002  1.165601782318E-001 -2.370648526471E-001  4.961246594889E-001  8.255401859547E-012  2.952503020800E+000
  2.565840787378E+000  3.581697859546E-002  1.084461631765E-001 -2.200902370109E-001  4.602429945815E-001  7.191495010909E-012  3.024375336753E+000
  2.601964933334E+000  3.643362189376E-002  1.007883799786E-001 -2.040841229211E-001  4.263534117621E-001  5.970615214278E-012  3.099109562156E+000
  2.638712714049E+000  3.706431429322E-002  9.356928482691E-002 -1.890112205065E-001  3.943991723573E-001  4.599490285708E-012  3.176844675732E+000
  2.676098379430E+000  3.770945968912E-002  8.677145325443E-002 -1.748359704619E-001  3.643200972211E-001  3.086264679032E-012  3.257727804488E+000
  2.714136590232E+000  3.836947598236E-002  8.037762031458E-002 -1.615226939333E-001  3.360531755531E-001  1.441084663674E-012  3.341914773391E+000
  2.752842432351E+000  3.904479564947E-002  7.437071814428E-002 -1.490357326946E-001  3.095331376296E-001 -3.214234055477E-013  3.429570697287E+000
  2.792231431696E+000  3.973586633921E-002  6.873391089964E-002 -1.373395795487E-001  2.846929906860E-001 -2.183411294213E-012  3.520870618831E+000
  2.832319569669E+000  4.044315149734E-002  6.345062706378E-002 -1.263989989489E-001  2.614645175350E-001 -4.126003795634E-012  3.616000196647E+000
  2.873123299289E+000  4.116713102086E-002  5.850458913874E-002 -1.161791379038E-001  2.397787378241E-001 -6.127274333414E-012  3.715156448339E+000
  2.914659561979E+000  4.190830194354E-002  5.387984074505E-002 -1.066456272795E-001  2.195663321388E-001 -8.160565158228E-012  3.818548553564E+000
  2.956945805065E+000  4.266717915414E-002  4.956077116307E-002 -9.776467366952E-002  2.007580294253E-001 -1.019907727238E-011  3.926398722894E+000
  3.000000000000E+000  4.344429614932E-002  4.553213735989E-002 -8.950314204612E-002  1.832849584565E-001 -1.221305344203E-011  4.038943138915E+000
  3.043840661365E+000  4.424020582308E-002  4.177908355461E-002 -8.182862944914E-002  1.670789642818E-001 -1.416865855187E-011  4.156432976731E+000
  3.088486866678E+000  4.505548129460E-002  3.828715838220E-002 -7.470953000357E-002  1.520728907917E-001 -1.603132130963E-011  4.279135511891E+000
  3.133958277047E+000  4.589071677685E-002  3.504232972342E-002 -6.811509158731E-002  1.382008306947E-001 -1.776755559835E-011  4.407335324746E+000
  3.180275158719E+000  4.674652848797E-002  3.203099727393E-002 -6.201546449550E-002  1.253983443358E-001 -1.933893789960E-011  4.541335611292E+000
  3.227458405560E+000  4.762355560797E-002  2.924000293117E-002 -5.638174246806E-002  1.136026488991E-001 -2.070763648442E-011  4.681459611833E+000
  3.275529562509E+000  4.852246128332E-002  2.665663908181E-002 -5.118599646208E-002  1.027527796175E-001 -2.183723451629E-011  4.828052170184E+000
  3.324510850077E+000  4.944393368200E-002  2.426865487623E-002 -4.640130156141E-002  9.278972467609E-002 -2.269146929256E-011  4.981481437721E+000
  3.374425189910E+000  5.038868710203E-002  2.206426057953E-002 -4.200175742283E-002  8.365653552551E-002 -2.323451622894E-011  5.142140738416E+000
  3.425296231502E+000  5.135746313639E-002  2.003213009092E-002 -3.796250266072E-002  7.529841434375E-002 -2.343489508795E-011  5.310450613040E+000
  3.477148380094E+000  5.235103189784E-002  1.816140172536E-002 -3.425972357200E-002  6.766278037473E-002 -2.326183974311E-011  5.486861063065E+000
  3.530006825834E+000  5.337019330676E-002  1.644167735247E-002 -3.087065759987E-002  6.069931685372E-002 -2.268942976508E-011  5.671854017452E+000
  3.583897574256E+000  5.441577844603E-002  1.486301998902E-002 -2.777359192917E-002  5.436000019184E-002 -2.169702790542E-011  5.865946048561E+000
  3.638847478148E+000  5.548865098670E-002  1.341594994195E-002 -2.494785759851E-002  4.859911304314E-002 -2.026870833360E-011  6.069691366844E+000
  3.694884270887E+000  5.658970868864E-002  1.209143959902E-002 -2.237381950494E-002  4.337324281800E-002 -1.839520493361E-011  6.283685127958E+000
  3.752036601308E+000  5.771988498079E-002  1.088090696475E-002 -2.003286266661E-002  3.864126713920E-002 -1.607634171265E-011  6.508567090383E+000
  3.810334070199E+000  5.888015062562E-002  9.776208038851E-003 -1.790737509717E-002  3.436432766347E-002 -1.331739243272E-011  6.745025666794E+000
  3.869807268505E+000  6.007151547295E-002  8.769628134246E-003 -1.598072763399E-002  3.050579361396E-002 -1.013481483264E-011  6.993802418248E+000
  3.930487817331E+000  6.129503030858E-002  7.853872231274E-003 -1.423725104969E-002  2.703121628992E-002 -6.549714724164E-012  7.255697046967E+000
  3.992408409843E+000  6.255178880352E-002  7.022054463972E-003 -1.266221076419E-002  2.390827574017E-002 -2.602065031852E-012  7.531572951118E+000
  4.055602855172E+000  6.384292957002E-002  6.267686833424E-003 -1.124177946183E-002  2.110672070821E-002  1.666724112096E-012  7.822363413775E+000
  4.120106124432E+000  6.516963833101E-002  5.584667242105E-003 -9.963007906001E-003  1.859830288062E-002  6.201734151409E-012  8.129078508241E+000
  4.185954398964E+000  6.653315021009E-002  4.967266941731E-003 -8.813794231162E-003  1.635670639651E-002  1.093215181855E-011  8.452812813426E+000
  4.253185120935E+000  6.793475214960E-002  4.410117485569E-003 -7.782851980221E-003  1.435747350593E-002  1.578949660118E-011  8.794754046161E+000
  4.321837046422E+000  6.937578546490E-002  3.908197274177E-003 -6.859677143068E-003  1.257792719882E-002  2.068602150884E-011  9.156192732466E+000
  4.391950301120E+000  7.085764854355E-002  3.456817781355E-003 -6.034514440070E-003  1.099709156345E-002  2.552723445654E-011  9.538533057225E+000
  4.463566438835E+000  7.238179969882E-002  3.051609544483E-003 -5.298323082204E-003  9.595610574943E-003  3.021324763904E-011  9.943305051708E+000
  4.536728502895E+000  7.394976018725E-002  2.688508000508E-003 -4.642742227247E-003  8.355665958480E-003  3.463540779051E-011  1.037217830151E+001
  4.611481090679E+000  7.556311740127E-002  2.363739245525E-003 -4.060056338985E-003  7.260894720101E-003  3.868395910205E-011  1.082697738399E+001
  4.687870421430E+000  7.722352824817E-002  2.073805792272E-003 -3.543160643567E-003  6.296306887654E-003  4.224455602847E-011  1.130969927508E+001
  4.765944407533E+000  7.893272272784E-002  1.815472395824E-003 -3.085526864007E-003  5.448203957045E-003  4.520245238940E-011  1.182253300062E+001
  4.845752729492E+000  8.069250772248E-002  1.585752013443E-003 -2.681169400343E-003  4.704098492728E-003  4.744810009840E-011  1.236788184854E+001
  4.927346914797E+000  8.250477101257E-002  1.381891959879E-003 -2.324612109017E-003  4.052635286619E-003  4.887364531475E-011  1.294838850544E+001
  5.010780420931E+000  8.437148553436E-002  1.201360314526E-003 -2.010855820888E-003  3.483514435835E-003  4.937930610049E-011  1.356696353621E+001
  5.096108722763E+000  8.629471389541E-002  1.041832631651E-003 -1.735346722746E-003  2.987416656687E-003  4.888154196492E-011  1.422681768894E+001
  5.183389404586E+000  8.827661316581E-002  9.011789996114E-004 -1.493945712542E-003  2.555931110192E-003  4.730435466009E-011  1.493149858132E+001
  5.272682257105E+000  9.031943996425E-002  7.774514895337E-004 -1.282898823812E-003  2.181485972975E-003  4.459242683835E-011  1.568493241076E+001
  5.364049379651E+000  9.242555585946E-002  6.688720283680E-004 -1.098808800062E-003  1.857281947034E-003  4.071512315349E-011  1.649147143002E+001
  5.457555287978E+000  9.459743310926E-002  5.738207257330E-004 -9.386078853662E-004  1.577228862604E-003  3.565409318214E-011  1.735594804660E+001
  5.553267027968E+000  9.683766076100E-002  4.908246784481E-004 -7.995318832397E-004  1.335885490530E-003  2.942804839819E-011  1.828373653899E+001
  5.651254295630E+000  9.914895113938E-002  4.185472712632E-004 -6.790955220792E-004  1.128402644488E-003  2.208200451677E-011  1.928082354030E+001
  5.751589563796E+000  1.015341467494E-001  3.557779870498E-004 -5.750691522666E-004  9.504696193118E-004  1.369072779192E-011  2.035388862249E+001
  5.854348215936E+000  1.039962276248E-001  3.014227346744E-004 -4.854567875038E-004  7.982639798842E-004  4.362109848973E-012  2.151039652764E+001
  5.959608687557E+000  1.065383191537E-001  2.544946979854E-004 -4.084754911707E-004  6.684046856965E-004 -5.762047519848E-012  2.275870283947E+001
  6.067452615683E+000  1.091637004188E-001  2.141057048454E-004 -3.425360975675E-004  5.579085095338E-004 -1.650756368021E-011  2.410817517599E+001
  6.177964996951E+000  1.118758130872E-001  1.794581109840E-004 -2.862252478608E-004  4.641496847755E-004 -2.765844200929E-011  2.556933231653E+001
  6.291234354880E+000  1.146782708938E-001  1.498371896585E-004 -2.382887114685E-004  3.848226946585E-004 -3.898134111103E-011  2.715400406183E+001
  6.407352916949E+000  1.175748697626E-001  1.246040147374E-004 -1.976159555134E-004  3.179080984559E-004 -5.019581203644E-011  2.887551506978E+001
  6.526416802128E+000  1.205695986129E-001  1.031888218830E-004 -1.632259178912E-004  2.616412738478E-004 -6.100644072135E-011  3.074889642056E+001
  6.648526219580E+000  1.236666509049E-001  8.508483003846E-005 -1.342539334565E-004  2.144839417146E-004 -7.109440421866E-011  3.279112925011E+001
  6.773785679311E+000  1.268704369821E-001  6.984250343369E-005 -1.099397578440E-004  1.750983290517E-004 -8.012120546492E-011  3.502142545858E+001
  6.902304215570E+000  1.301855972713E-001  5.706423282733E-005 -8.961662952907E-005  1.423238175992E-004 -8.774313545032E-011  3.746155125707E+001
  7.034195623922E+000  1.336170164087E-001  4.639941369558E-005 -7.270130789512E-005  1.151559199865E-004 -9.362519509754E-011  4.013620016950E+001
  7.169578712934E+000  1.371698383673E-001  3.753989855660E-005 -5.868502330482E-005  9.272742161548E-005 -9.743603815236E-011  4.307342306045E+001
  7.308577571516E+000  1.408494826628E-001  3.021580055581E-005 -4.712527445360E-005  7.429152506450E-005 -9.886651983461E-011  4.630512381962E+001
  7.451321853057E+000  1.446616617293E-001  2.419162579920E-005 -3.763840857785E-005  5.920683440182E-005 -9.766127227967E-011  4.986763050049E+001
  7.597947077547E+000  1.486123995567E-001  1.926271265820E-005 -2.989292133758E-005  4.692401935224E-005 -9.360761721654E-011  5.380235298609E+001
  7.748594953021E+000  1.527080516973E-001  1.525195732201E-005 -2.360341531301E-005  3.697400366501E-005 -8.655304768588E-011  5.815653964411E+001
  7.903413717736E+000  1.569553267535E-001  1.200680616788E-005 -1.852515893950E-005  2.895752813629E-005 -7.643694531662E-011  6.298414694871E+001
  8.062558504629E+000  1.613613094717E-001  9.396496979241E-006 -1.444919122293E-005  2.253594637277E-005 -6.327225020015E-011  6.834683772564E+001
  8.226191729726E+000  1.659334855793E-001  7.309532581039E-006 -1.119792157660E-005  1.742312032091E-005 -4.718483799120E-011  7.431512560521E+001
  8.394483506327E+000  1.706797685137E-001  5.651371999265E-006 -8.621178431401E-006  1.337829256150E-005 -2.837291157527E-011  8.096968562461E+001
  8.567612086926E+000  1.756085282071E-001  4.342325708144E-006 -6.592664718609E-006  1.019982307482E-005 -7.139257724240E-012  8.840285405975E+001
  8.745764335025E+000  1.807286221064E-001  3.315642836845E-006 -5.006782732767E-006  7.719689279796E-006  1.615564951360E-011  9.672034513866E+001
  8.929136229160E+000  1.860494286260E-001  2.515779313143E-006 -3.775795088470E-006  5.798659290909E-006  4.110818561446E-011  1.060432194500E+002
  9.117933401693E+000  1.915808832504E-001  1.896836788721E-006 -2.827292347752E-006  4.322059174957E-006  6.733972228206E-011  1.165101505778E+002
  9.312371715124E+000  1.973335175235E-001  1.421162803886E-006 -2.101941303407E-006  3.196065209078E-006  9.450658961699E-011  1.282800560013E+002
  9.512677878945E+000  2.033185011886E-001  1.058103013753E-006 -1.551490785544E-006  2.344461474820E-006  1.223979535886E-010  1.415351907175E+002
  9.719090110332E+000  2.095476877688E-001  7.828964385839E-007 -1.137014183176E-006  1.705811369443E-006  1.509278603917E-010  1.564848552250E+002
  9.931858842267E+000  2.160336639044E-001  5.757046607294E-007 -8.273696514082E-007  1.230998654243E-006  1.802173250551E-010  1.733699549938E+002
  1.015124748302E+001  2.227898028021E-001  4.207657249166E-007 -5.978602587653E-007  8.810994549340E-007  2.105041666422E-010  1.924687827865E+002
  1.037753323129E+001  2.298303221843E-001  3.056632707239E-007 -4.290772018715E-007  6.255512289130E-007  2.420038177178E-010  2.141046007198E+002
  1.061100795175E+001  2.371703471699E-001  2.207012005506E-007 -3.059097821911E-007  4.405882402497E-007  2.747518192980E-010  2.386559060457E+002
  1.085197911611E+001  2.448259785618E-001  1.583740231198E-007 -2.167062194307E-007  3.079157142465E-007  3.081566820193E-010  2.665707139906E+002
  1.110077081537E+001  2.528143670735E-001  1.129229613258E-007 -1.525696849398E-007  2.135967941086E-007  3.405408293835E-010  2.983868401137E+002
  1.135772484956E+001  2.611537940784E-001  7.996800933120E-008 -1.067742801716E-007  1.471279191970E-007  3.687050401227E-010  3.347611027884E+002
  1.162320190175E+001  2.698637595360E-001  5.620638556723E-008 -7.428614214514E-008  1.006795027364E-007  3.871889828777E-010  3.765117483960E+002
  1.189758280382E+001  2.789650778206E-001  3.916825643685E-008 -5.137548381489E-008  6.847999020364E-008  3.881080343830E-010  4.246805179979E+002
  1.218126990242E+001  2.884799822596E-001  2.702118462375E-008 -3.530619521438E-008  4.632266493571E-008  3.614764680735E-010  4.806241878704E+002
  1.247468853413E+001  2.984322392826E-001  1.841545745039E-008 -2.409063430651E-008  3.117601739502E-008  2.960097512101E-010  5.461512279239E+002
  1.277828862002E+001  3.088472731875E-001  1.236323747886E-008 -1.629839254101E-008  2.088013680117E-008  1.820155133091E-010  6.237295901401E+002
  1.309254639077E+001  3.197523026463E-001  8.145308534017E-009 -1.090907917204E-008  1.391339788062E-008  1.682205327594E-011  7.168108522243E+002
  1.341796625462E+001  3.311764902095E-001  5.240025701223E-009 -7.200471153703E-009  9.215644149701E-009 -1.828780809771E-010  8.303527198219E+002
  1.375508282195E+001  3.431511062169E-001  3.269883022248E-009 -4.664662192329E-009  6.056033671280E-009 -3.555217914184E-010  9.716943543817E+002
  1.410446310162E+001  3.557097086969E-001  1.961861053792E-009 -2.946062707628E-009  3.935628921431E-009 -3.326697946792E-010  1.152084506858E+003
  1.446670888596E+001  3.688883410292E-001  1.118391136818E-009 -1.796212133036E-009  2.516602387074E-009  3.192130554043E-010  1.389448686933E+003
  1.484245934302E+001  3.827257493700E-001  5.963662367080E-010 -1.041341595202E-009  1.571535198046E-009  2.750322153863E-009  1.713441976840E+003
  1.523239383723E+001  3.972636220891E-001  2.921394411837E-010 -5.594593771151E-010  9.476723390612E-010  1.019932242095E-008  2.173586961103E+003
  1.563723500136E+001  4.125468537596E-001  1.308859045739E-010 -2.644275858215E-010  5.421541455252E-010  3.201813595454E-008  2.840595918070E+003
  1.605775208607E+001  4.286238365683E-001  5.907030893943E-011 -9.506918097325E-011  2.851800434338E-010  8.697403688871E-008  3.703258293868E+003
  1.649476461582E+001  4.455467823929E-001  3.906843603274E-011 -7.807885036410E-012  1.288018326223E-010  1.469322713579E-007  4.250418986291E+003
  1.694914638379E+001  4.633720792263E-001  4.524576055611E-011  2.828193001085E-011  3.962278742589E-011  1.320686258734E-007  4.047446534972E+003
  1.742182982203E+001  4.821606861220E-001  6.100383476404E-011  3.483604141140E-011 -5.871093553834E-012  9.617701545466E-008  3.663712387329E+003
  1.791381078784E+001  5.019785714107E-001  7.647064216821E-011  2.654995770198E-011 -2.427072218169E-011  7.159598517690E-008  3.397886274503E+003
  1.842615381215E+001  5.228971995942E-001  8.663706387319E-011  1.290365242642E-011 -2.714345204186E-011  5.631718259255E-008  3.259411371269E+003
  1.895999786176E+001  5.449940730840E-001  8.983112810664E-011 -4.990191552651E-013 -2.230826274697E-011  4.637099565682E-008  3.220313359435E+003
  1.951656267356E+001  5.683533358366E-001  8.647868161100E-011 -1.084316363578E-011 -1.475965566995E-011  3.947608306876E-008  3.261399985124E+003
  2.009715572669E+001  5.930664469535E-001  7.812878480722E-011 -1.720556437816E-011 -7.394417471021E-012  3.441646001287E-008  3.373676182240E+003
  2.070317992707E+001  6.192329335039E-001  6.673105453799E-011 -1.982526769333E-011 -1.614748886761E-012  3.052192928859E-008  3.555748937303E+003
  2.133614208874E+001  6.469612332096E-001  5.414767648443E-011 -1.953689485070E-011  2.167078964081E-012  2.740373031552E-008  3.812242128931E+003
  2.199766230782E+001  6.763696392388E-001  4.187205299833E-011 -1.736239210517E-011  4.120325322180E-012  2.482506280630E-008  4.153354490560E+003
  2.268948433818E+001  7.075873612439E-001  3.091510341546E-011 -1.424922854258E-011  4.686647282407E-012  2.263526504215E-008  4.595331544377E+003
  2.341348709294E+001  7.407557189842E-001  2.181332017843E-011 -1.093319223315E-011  4.368415414123E-012  2.073496675015E-008  5.161783997535E+003
  2.417169741362E+001  7.760294874639E-001  1.471181048027E-011 -7.896417941100E-012  3.604224783662E-012  1.905638937163E-008  5.885974519522E+003
  2.496630426925E+001  8.135784155747E-001  9.480677024617E-012 -5.388485688333E-012  2.714056486813E-012  1.755210530821E-008  6.814394951154E+003
  2.579967457140E+001  8.535889438281E-001  5.832620662590E-012 -3.480668117514E-012  1.892895844385E-012  1.618809187126E-008  8.012213393299E+003
  2.667437081864E+001  8.962661510291E-001  3.421160596279E-012 -2.129460504641E-012  1.232071249084E-012  1.493945238762E-008  9.571557172411E+003
  2.759317081651E+001  9.418359647997E-001  1.909984305684E-012 -1.233485670476E-012  7.513098254254E-013  1.378762249596E-008  1.162421994266E+004
  2.855908975674E+001  9.905476768748E-001  1.012812165155E-012 -6.757463436941E-013  4.299064062537E-013  1.271856242711E-008  1.436142215580E+004
  2.957540498378E+001  1.042676811269E+000  5.088665993639E-013 -3.495241672945E-013  2.308597321001E-013  0.000000000000E+000  0.000000000000E+000
  3.064568382919E+001  1.098528402000E+000  2.415588686654E-013 -1.703076368824E-013  1.162293889832E-013  0.000000000000E+000  0.000000000000E+000
  3.177381495601E+001  1.158440747351E+000  1.079899071951E-013 -7.795592352662E-014  5.476137103743E-014  0.000000000000E+000  0.000000000000E+000
  3.296404372807E+001  1.222789720048E+000  4.530023917993E-014 -3.341142158499E-014  2.408215413158E-014  0.000000000000E+000  0.000000000000E+000
  3.422101220608E+001  1.291993727721E+000  1.775817970662E-014 -1.335743719182E-014  9.852845451315E-015  0.000000000000E+000  0.000000000000E+000
  3.554980447538E+001  1.366519436102E+000  6.475769462752E-015 -4.959654066083E-015  3.735664341559E-015  0.000000000000E+000  0.000000000000E+000
  3.695599813319E+001  1.446888389511E+000  2.185572336961E-015 -1.701970696576E-015  1.306558432149E-015  0.000000000000E+000  0.000000000000E+000
  3.844572291106E+001  1.533684690030E+000  6.788214328159E-016 -5.368244735892E-016  4.193384524342E-016  0.000000000000E+000  0.000000000000E+000
  4.002572758518E+001  1.627563929686E+000  1.928057067859E-016 -1.546713376892E-016  1.227681346374E-016  0.000000000000E+000  0.000000000000E+000
  4.170345654134E+001  1.729263610453E+000  4.972870420654E-017 -4.042823103780E-017  3.256625533387E-017  0.000000000000E+000  0.000000000000E+000
  4.348713762001E+001  1.839615336740E+000  1.155635656467E-017 -9.512708127323E-018  7.768219205683E-018  0.000000000000E+000  0.000000000000E+000
  4.538588318162E+001  1.959559126947E+000  2.391859491039E-018 -1.990811856523E-018  1.645314960945E-018  0.000000000000E+000  0.000000000000E+000
  4.740980671574E+001  2.090160267552E+000  4.395037512643E-019 -3.817575959192E-019  3.210208218016E-019  0.000000000000E+000  0.000000000000E+000
  4.957015778746E+001  2.232629229408E+000  7.210794682374E-020 -5.903159175981E-020  4.408448430879E-020  0.000000000000E+000  0.000000000000E+000
  5.187947869225E+001  2.388345286640E+000  9.004319683889E-021 -7.652477870604E-021  1.010171118640E-020  0.000000000000E+000  0.000000000000E+000
  5.435178690397E+001  2.558884630889E+000  1.485310842071E-021 -1.132548441399E-021 -7.950305672095E-023  0.000000000000E+000  0.000000000000E+000
  5.700278828629E+001  2.746053966795E+000  1.910431515526E-023 -2.914125283600E-022  2.601376174942E-022  0.000000000000E+000  0.000000000000E+000
  5.985012714155E+001  2.951930820846E+000  2.530700275253E-023  0.000000000000E+000  0.000000000000E+000  0.000000000000E+000  0.000000000000E+000
  6.291368055481E+001  3.178912111311E+000  0.000000000000E+000  0.000000000000E+000  0.000000000000E+000  0.000000000000E+000  0.000000000000E+000
  6.621590623276E+001  3.429772933797E+000  0.000000000000E+000  0.000000000000E+000  0.000000000000E+000  0.000000000000E+000  0.000000000000E+000
  6.978225524452E+001  3.707738044625E+000  0.000000000000E+000  0.000000000000E+000  0.000000000000E+000  0.000000000000E+000  0.000000000000E+000
  7.364166388185E+001  4.016569212832E+000  0.000000000000E+000  0.000000000000E+000  0.000000000000E+000  0.000000000000E+000  0.000000000000E+000
  7.782714245929E+001  4.360672516382E+000  0.000000000000E+000  0.000000000000E+000  0.000000000000E+000  0.000000000000E+000  0.000000000000E+000
  8.237648351994E+001  4.745230855210E+000  0.000000000000E+000  0.000000000000E+000  0.000000000000E+000  0.000000000000E+000  0.000000000000E+000
  8.733311794503E+001  5.176368549127E+000  0.000000000000E+000  0.000000000000E+000  0.000000000000E+000  0.000000000000E+000  0.000000000000E+000
  9.274715535088E+001  5.661357031559E+000  0.000000000000E+000  0.000000000000E+000  0.000000000000E+000  0.000000000000E+000  0.000000000000E+000
  9.867665554529E+001  6.208873552072E+000  0.000000000000E+000  0.000000000000E+000  0.000000000000E+000  0.000000000000E+000  0.000000000000E+000
  1.051891916055E+002  6.829328764649E+000  0.000000000000E+000  0.000000000000E+000  0.000000000000E+000  0.000000000000E+000  0.000000000000E+000
  1.123637836013E+002  7.535284543316E+000  0.000000000000E+000  0.000000000000E+000  0.000000000000E+000  0.000000000000E+000  0.000000000000E+000
  1.202933069206E+002  8.341990973528E+000  0.000000000000E+000  0.000000000000E+000  0.000000000000E+000  0.000000000000E+000  0.000000000000E+000
  1.290875131414E+002  9.268082166539E+000  0.000000000000E+000  0.000000000000E+000  0.000000000000E+000  0.000000000000E+000  0.000000000000E+000
  1.388768482001E+002  1.033648575811E+001  0.000000000000E+000  0.000000000000E+000  0.000000000000E+000  0.000000000000E+000  0.000000000000E+000
  1.498173177370E+002  1.157562284364E+001  0.000000000000E+000  0.000000000000E+000  0.000000000000E+000  0.000000000000E+000  0.000000000000E+000
  1.620967411853E+002  1.302100699722E+001  0.000000000000E+000  0.000000000000E+000  0.000000000000E+000  0.000000000000E+000  0.000000000000E+000
  1.759428668168E+002  1.471739812515E+001  0.000000000000E+000  0.000000000000E+000  0.000000000000E+000  0.000000000000E+000  0.000000000000E+000
  1.916340085825E+002  1.672173748087E+001  0.000000000000E+000  0.000000000000E+000  0.000000000000E+000  0.000000000000E+000  0.000000000000E+000
  2.095131417987E+002  1.910719757888E+001  0.000000000000E+000  0.000000000000E+000  0.000000000000E+000  0.000000000000E+000  0.000000000000E+000
  2.300068054477E+002  2.196884699990E+001  0.000000000000E+000  0.000000000000E+000  0.000000000000E+000  0.000000000000E+000  0.000000000000E+000
  2.536507797910E+002  2.543169216868E+001  0.000000000000E+000  0.000000000000E+000  0.000000000000E+000  0.000000000000E+000  0.000000000000E+000
  2.811254638474E+002  2.966227967912E+001  0.000000000000E+000  0.000000000000E+000  0.000000000000E+000  0.000000000000E+000  0.000000000000E+000
  3.133053780630E+002  3.488573552677E+001  0.000000000000E+000  0.000000000000E+000  0.000000000000E+000  0.000000000000E+000  0.000000000000E+000
  3.513296254502E+002  4.141128389041E+001  0.000000000000E+000  0.000000000000E+000  0.000000000000E+000  0.000000000000E+000  0.000000000000E+000
  3.967041014106E+002  4.967130404214E+001  0.000000000000E+000  0.000000000000E+000  0.000000000000E+000  0.000000000000E+000  0.000000000000E+000
  4.514529193349E+002  6.028257212519E+001  0.000000000000E+000  0.000000000000E+000  0.000000000000E+000  0.000000000000E+000  0.000000000000E+000
  5.183481233601E+002  7.414493328740E+001  0.000000000000E+000  0.000000000000E+000  0.000000000000E+000  0.000000000000E+000  0.000000000000E+000
  6.012676077950E+002  9.260523890243E+001  0.000000000000E+000  0.000000000000E+000  0.000000000000E+000  0.000000000000E+000  0.000000000000E+000
  7.057700503752E+002  1.177394213729E+002  0.000000000000E+000  0.000000000000E+000  0.000000000000E+000  0.000000000000E+000  0.000000000000E+000
  8.400513767914E+002  1.528577972397E+002  0.000000000000E+000  0.000000000000E+000  0.000000000000E+000  0.000000000000E+000  0.000000000000E+000
  1.016602135495E+003  2.034537342122E+002  0.000000000000E+000  0.000000000000E+000  0.000000000000E+000  0.000000000000E+000  0.000000000000E+000
  1.255220715580E+003  2.790860613466E+002  0.000000000000E+000  0.000000000000E+000  0.000000000000E+000  0.000000000000E+000  0.000000000000E+000
  1.588815776243E+003  3.973705897531E+002  0.000000000000E+000  0.000000000000E+000  0.000000000000E+000  0.000000000000E+000  0.000000000000E+000
  2.075392011604E+003  5.931596040112E+002  0.000000000000E+000  0.000000000000E+000  0.000000000000E+000  0.000000000000E+000  0.000000000000E+000
  2.825079847529E+003  9.419154890021E+002  0.000000000000E+000  0.000000000000E+000  0.000000000000E+000  0.000000000000E+000  0.000000000000E+000
  4.068408296184E+003  1.627629972033E+003  0.000000000000E+000  0.000000000000E+000  0.000000000000E+000  0.000000000000E+000  0.000000000000E+000
  6.357262947674E+003  3.178964796686E+003  0.000000000000E+000  0.000000000000E+000  0.000000000000E+000  0.000000000000E+000  0.000000000000E+000
  1.130231930164E+004  7.535323971013E+003  0.000000000000E+000  0.000000000000E+000  0.000000000000E+000  0.000000000000E+000  0.000000000000E+000
  2.543105175140E+004  2.543171841285E+004  0.000000000000E+000  0.000000000000E+000  0.000000000000E+000  0.000000000000E+000  0.000000000000E+000
  1.017262069958E+005  2.034537473226E+005  0.000000000000E+000  0.000000000000E+000  0.000000000000E+000  0.000000000000E+000  0.000000000000E+000
