# 1st line: number of mesh points
# abcissa weight wavefunction wavefunction_1st wavefunction_2nd
500
# Principal QN=   1 , l=   1 , Occupation=   1.9900
  9.830308526508E-006  1.966074589941E-005  6.116412755974E-005  6.221822789705E+000 -3.497520943037E+001
  3.932200719717E-005  3.932303800261E-005  2.446410411231E-004  6.220791381683E+000 -3.497044102503E+001
  8.847741541455E-005  5.898842277178E-005  5.503843353885E-004  6.219072590697E+000 -3.496249425655E+001
  1.573003992804E-004  7.865844718600E-005  9.783166750117E-004  6.216666750335E+000 -3.495136998615E+001
  2.457963722417E-004  9.833465899987E-005  1.528329804848E-003  6.213574327643E+000 -3.493706942075E+001
  3.539722959954E-004  1.180186070023E-004  2.200284564313E-003  6.209795923143E+000 -3.491959411424E+001
  4.818366816528E-004  1.377118412759E-004  2.994010905874E-003  6.205332270865E+000 -3.489894596894E+001
  6.293995911626E-004  1.574159134560E-004  3.909307917690E-003  6.200184238377E+000 -3.487512723759E+001
  7.966726389934E-004  1.771323769912E-004  4.945943850440E-003  6.194352826825E+000 -3.484814052555E+001
  9.836689940782E-004  1.968627874036E-004  6.103656148353E-003  6.187839170977E+000 -3.481798879340E+001
  1.190403382016E-003  2.166087025496E-004  7.382151484485E-003  6.180644539269E+000 -3.478467535983E+001
  1.416892087541E-003  2.363716828821E-004  8.781105800290E-003  6.172770333859E+000 -3.474820390489E+001
  1.663152957245E-003  2.561532917128E-004  1.030016434951E-002  6.164218090681E+000 -3.470857847357E+001
  1.929205402573E-003  2.759550954757E-004  1.193894174647E-002  6.154989479508E+000 -3.466580347964E+001
  2.215070403074E-003  2.957786639908E-004  1.369702201877E-002  6.145086304009E+000 -3.461988370989E+001
  2.520770509919E-003  3.156255707300E-004  1.557395866449E-002  6.134510501816E+000 -3.457082432861E+001
  2.846329849692E-003  3.354973930828E-004  1.756927471398E-002  6.123264144588E+000 -3.451863088240E+001
  3.191774128432E-003  3.553957126240E-004  1.968246279621E-002  6.111349438074E+000 -3.446330930526E+001
  3.557130635959E-003  3.753221153821E-004  2.191298520986E-002  6.098768722183E+000 -3.440486592398E+001
  3.942428250463E-003  3.952781921092E-004  2.426027399919E-002  6.085524471044E+000 -3.434330746378E+001
  4.347697443358E-003  4.152655385525E-004  2.672373103470E-002  6.071619293070E+000 -3.427864105427E+001
  4.772970284417E-003  4.352857557265E-004  2.930272809878E-002  6.057055931016E+000 -3.421087423560E+001
  5.218280447175E-003  4.553404501876E-004  3.199660697632E-002  6.041837262035E+000 -3.414001496495E+001
  5.683663214611E-003  4.754312343099E-004  3.480467955051E-002  6.025966297729E+000 -3.406607162316E+001
  6.169155485101E-003  4.955597265624E-004  3.772622790379E-002  6.009446184193E+000 -3.398905302168E+001
  6.674795778653E-003  5.157275517886E-004  4.076050442404E-002  5.992280202053E+000 -3.390896840968E+001
  7.200624243425E-003  5.359363414876E-004  4.390673191633E-002  5.974471766494E+000 -3.382582748142E+001
  7.746682662519E-003  5.561877340970E-004  4.716410372001E-002  5.956024427283E+000 -3.373964038374E+001
  8.313014461060E-003  5.764833752781E-004  5.053178383152E-002  5.936941868776E+000 -3.365041772386E+001
  8.899664713569E-003  5.968249182030E-004  5.400890703286E-002  5.917227909917E+000 -3.355817057720E+001
  9.506680151615E-003  6.172140238444E-004  5.759457902595E-002  5.896886504221E+000 -3.346291049548E+001
  1.013410917176E-002  6.376523612666E-004  6.128787657286E-002  5.875921739750E+000 -3.336464951496E+001
  1.078200184380E-002  6.581416079202E-004  6.508784764222E-002  5.854337839059E+000 -3.326340016471E+001
  1.145040991929E-002  6.786834499385E-004  6.899351156168E-002  5.832139159140E+000 -3.315917547511E+001
  1.213938684040E-002  6.992795824361E-004  7.300385917679E-002  5.809330191340E+000 -3.305198898643E+001
  1.284898774901E-002  7.199317098113E-004  7.711785301627E-002  5.785915561256E+000 -3.294185475747E+001
  1.357926949620E-002  7.406415460502E-004  8.133442746383E-002  5.761900028618E+000 -3.282878737429E+001
  1.433029065191E-002  7.614108150341E-004  8.565248893666E-002  5.737288487137E+000 -3.271280195902E+001
  1.510211151509E-002  7.822412508494E-004  9.007091607078E-002  5.712085964340E+000 -3.259391417869E+001
  1.589479412397E-002  8.031345981016E-004  9.458855991331E-002  5.686297621372E+000 -3.247214025411E+001
  1.670840226680E-002  8.240926122311E-004  9.920424412175E-002  5.659928752769E+000 -3.234749696874E+001
  1.754300149280E-002  8.451170598329E-004  1.039167651706E-001  5.632984786207E+000 -3.222000167758E+001
  1.839865912351E-002  8.662097189796E-004  1.087248925651E-001  5.605471282220E+000 -3.208967231601E+001
  1.927544426443E-002  8.873723795480E-004  1.136273690626E-001  5.577393933875E+000 -3.195652740864E+001
  2.017342781695E-002  9.086068435487E-004  1.186229109017E-001  5.548758566428E+000 -3.182058607804E+001
  2.109268249069E-002  9.299149254598E-004  1.237102080384E-001  5.519571136932E+000 -3.168186805346E+001
  2.203328281612E-002  9.512984525641E-004  1.288879243912E-001  5.489837733815E+000 -3.154039367942E+001
  2.299530515754E-002  9.727592652906E-004  1.341546980930E-001  5.459564576412E+000 -3.139618392418E+001
  2.397882772639E-002  9.942992175591E-004  1.395091417521E-001  5.428758014461E+000 -3.124926038816E+001
  2.498393059493E-002  1.015920177130E-003  1.449498427208E-001  5.397424527554E+000 -3.109964531209E+001
  2.601069571024E-002  1.037624025957E-003  1.504753633726E-001  5.365570724545E+000 -3.094736158510E+001
  2.705920690860E-002  1.059412660547E-003  1.560842413881E-001  5.333203342907E+000 -3.079243275260E+001
  2.812954993023E-002  1.081287992318E-003  1.617749900489E-001  5.300329248050E+000 -3.063488302391E+001
  2.922181243436E-002  1.103251947969E-003  1.675460985408E-001  5.266955432578E+000 -3.047473727974E+001
  3.033608401473E-002  1.125306469854E-003  1.733960322656E-001  5.233089015504E+000 -3.031202107937E+001
  3.147245621542E-002  1.147453516351E-003  1.793232331620E-001  5.198737241408E+000 -3.014676066760E+001
  3.263102254705E-002  1.169695062249E-003  1.853261200352E-001  5.163907479536E+000 -2.997898298142E+001
  3.381187850339E-002  1.192033099133E-003  1.914030888959E-001  5.128607222853E+000 -2.980871565636E+001
  3.501512157837E-002  1.214469635775E-003  1.975525133087E-001  5.092844087028E+000 -2.963598703254E+001
  3.624085128345E-002  1.237006698530E-003  2.037727447497E-001  5.056625809360E+000 -2.946082616037E+001
  3.748916916538E-002  1.259646331739E-003  2.100621129736E-001  5.019960247651E+000 -2.928326280592E+001
  3.876017882444E-002  1.282390598136E-003  2.164189263900E-001  4.982855379005E+000 -2.910332745584E+001
  4.005398593302E-002  1.305241579266E-003  2.228414724499E-001  4.945319298569E+000 -2.892105132200E+001
  4.137069825459E-002  1.328201375897E-003  2.293280180416E-001  4.907360218205E+000 -2.873646634557E+001
  4.271042566323E-002  1.351272108452E-003  2.358768098963E-001  4.868986465095E+000 -2.854960520080E+001
  4.407328016341E-002  1.374455917436E-003  2.424860750035E-001  4.830206480279E+000 -2.836050129824E+001
  4.545937591035E-002  1.397754963880E-003  2.491540210364E-001  4.791028817115E+000 -2.816918878757E+001
  4.686882923075E-002  1.421171429779E-003  2.558788367874E-001  4.751462139677E+000 -2.797570255985E+001
  4.830175864396E-002  1.444707518548E-003  2.626586926130E-001  4.711515221071E+000 -2.778007824935E+001
  4.975828488365E-002  1.468365455478E-003  2.694917408895E-001  4.671196941678E+000 -2.758235223476E+001
  5.123853091993E-002  1.492147488203E-003  2.763761164778E-001  4.630516287328E+000 -2.738256163992E+001
  5.274262198188E-002  1.516055887169E-003  2.833099371993E-001  4.589482347383E+000 -2.718074433395E+001
  5.427068558066E-002  1.540092946119E-003  2.902913043205E-001  4.548104312755E+000 -2.697693893081E+001
  5.582285153302E-002  1.564260982573E-003  2.973183030495E-001  4.506391473838E+000 -2.677118478823E+001
  5.739925198530E-002  1.588562338332E-003  3.043890030404E-001  4.464353218356E+000 -2.656352200607E+001
  5.900002143803E-002  1.612999379973E-003  3.115014589095E-001  4.421999029138E+000 -2.635399142399E+001
  6.062529677088E-002  1.637574499364E-003  3.186537107606E-001  4.379338481804E+000 -2.614263461849E+001
  6.227521726827E-002  1.662290114181E-003  3.258437847201E-001  4.336381242369E+000 -2.592949389933E+001
  6.394992464542E-002  1.687148668440E-003  3.330696934831E-001  4.293137064765E+000 -2.571461230515E+001
  6.564956307496E-002  1.712152633027E-003  3.403294368674E-001  4.249615788273E+000 -2.549803359854E+001
  6.737427921404E-002  1.737304506249E-003  3.476210023795E-001  4.205827334881E+000 -2.527980226026E+001
  6.912422223211E-002  1.762606814387E-003  3.549423657884E-001  4.161781706538E+000 -2.505996348281E+001
  7.089954383907E-002  1.788062112257E-003  3.622914917102E-001  4.117488982343E+000 -2.483856316328E+001
  7.270039831418E-002  1.813672983787E-003  3.696663342012E-001  4.072959315629E+000 -2.461564789536E+001
  7.452694253540E-002  1.839442042599E-003  3.770648373612E-001  4.028202930971E+000 -2.439126496067E+001
  7.637933600943E-002  1.865371932600E-003  3.844849359453E-001  3.983230121105E+000 -2.416546231925E+001
  7.825774090225E-002  1.891465328589E-003  3.919245559852E-001  3.938051243758E+000 -2.393828859936E+001
  8.016232207035E-002  1.917724936867E-003  3.993816154189E-001  3.892676718395E+000 -2.370979308633E+001
  8.209324709253E-002  1.944153495867E-003  4.068540247296E-001  3.847117022871E+000 -2.348002571076E+001
  8.405068630235E-002  1.970753776782E-003  4.143396875927E-001  3.801382690011E+000 -2.324903703582E+001
  8.603481282122E-002  1.997528584221E-003  4.218365015313E-001  3.755484304091E+000 -2.301687824374E+001
  8.804580259214E-002  2.024480756857E-003  4.293423585795E-001  3.709432497242E+000 -2.278360112149E+001
  9.008383441408E-002  2.051613168108E-003  4.368551459539E-001  3.663237945761E+000 -2.254925804561E+001
  9.214908997710E-002  2.078928726810E-003  4.443727467322E-001  3.616911366352E+000 -2.231390196622E+001
  9.424175389809E-002  2.106430377918E-003  4.518930405396E-001  3.570463512272E+000 -2.207758639017E+001
  9.636201375725E-002  2.134121103210E-003  4.594139042416E-001  3.523905169397E+000 -2.184036536335E+001
  9.851006013526E-002  2.162003922007E-003  4.669332126441E-001  3.477247152216E+000 -2.160229345216E+001
  1.006860866512E-001  2.190081891910E-003  4.744488391996E-001  3.430500299736E+000 -2.136342572412E+001
  1.028902900012E-001  2.218358109541E-003  4.819586567192E-001  3.383675471317E+000 -2.112381772767E+001
  1.051228699979E-001  2.246835711311E-003  4.894605380909E-001  3.336783542425E+000 -2.088352547105E+001
  1.073840296104E-001  2.275517874190E-003  4.969523570026E-001  3.289835400318E+000 -2.064260540043E+001
  1.096739750056E-001  2.304407816497E-003  5.044319886707E-001  3.242841939650E+000 -2.040111437712E+001
  1.119929155896E-001  2.333508798707E-003  5.118973105723E-001  3.195814058017E+000 -2.015910965401E+001
  1.143410640503E-001  2.362824124271E-003  5.193462031829E-001  3.148762651427E+000 -1.991664885111E+001
  1.167186364011E-001  2.392357140448E-003  5.267765507165E-001  3.101698609705E+000 -1.967378993036E+001
  1.191258520249E-001  2.422111239159E-003  5.341862418697E-001  3.054632811842E+000 -1.943059116957E+001
  1.215629337189E-001  2.452089857854E-003  5.415731705683E-001  3.007576121273E+000 -1.918711113556E+001
  1.240301077413E-001  2.482296480400E-003  5.489352367165E-001  2.960539381110E+000 -1.894340865650E+001
  1.265276038575E-001  2.512734637975E-003  5.562703469477E-001  2.913533409311E+000 -1.869954279356E+001
  1.290556553882E-001  2.543407909995E-003  5.635764153765E-001  2.866568993807E+000 -1.845557281166E+001
  1.316144992580E-001  2.574319925047E-003  5.708513643519E-001  2.819656887569E+000 -1.821155814959E+001
  1.342043760450E-001  2.605474361847E-003  5.780931252102E-001  2.772807803648E+000 -1.796755838935E+001
  1.368255300316E-001  2.636874950214E-003  5.852996390283E-001  2.726032410158E+000 -1.772363322475E+001
  1.394782092560E-001  2.668525472060E-003  5.924688573754E-001  2.679341325235E+000 -1.747984242942E+001
  1.421626655646E-001  2.700429762411E-003  5.995987430639E-001  2.632745111957E+000 -1.723624582400E+001
  1.448791546661E-001  2.732591710434E-003  6.066872708977E-001  2.586254273236E+000 -1.699290324283E+001
  1.476279361856E-001  2.765015260497E-003  6.137324284179E-001  2.539879246691E+000 -1.674987449994E+001
  1.504092737207E-001  2.797704413242E-003  6.207322166460E-001  2.493630399497E+000 -1.650721935441E+001
  1.532234348983E-001  2.830663226680E-003  6.276846508219E-001  2.447518023218E+000 -1.626499747528E+001
  1.560706914324E-001  2.863895817319E-003  6.345877611387E-001  2.401552328639E+000 -1.602326840579E+001
  1.589513191834E-001  2.897406361298E-003  6.414395934711E-001  2.355743440579E+000 -1.578209152718E+001
  1.618655982178E-001  2.931199095559E-003  6.482382100986E-001  2.310101392720E+000 -1.554152602202E+001
  1.648138128702E-001  2.965278319033E-003  6.549816904221E-001  2.264636122427E+000 -1.530163083705E+001
  1.677962518056E-001  2.999648393860E-003  6.616681316733E-001  2.219357465587E+000 -1.506246464563E+001
  1.708132080832E-001  3.034313746623E-003  6.682956496157E-001  2.174275151467E+000 -1.482408580983E+001
  1.738649792215E-001  3.069278869616E-003  6.748623792376E-001  2.129398797583E+000 -1.458655234219E+001
  1.769518672648E-001  3.104548322136E-003  6.813664754358E-001  2.084737904608E+000 -1.434992186714E+001
  1.800741788507E-001  3.140126731803E-003  6.878061136883E-001  2.040301851306E+000 -1.411425158220E+001
  1.832322252791E-001  3.176018795904E-003  6.941794907180E-001  1.996099889513E+000 -1.387959821900E+001
  1.864263225826E-001  3.212229282769E-003  7.004848251433E-001  1.952141139157E+000 -1.364601800401E+001
  1.896567915983E-001  3.248763033179E-003  7.067203581173E-001  1.908434583333E+000 -1.341356661932E+001
  1.929239580409E-001  3.285624961791E-003  7.128843539545E-001  1.864989063438E+000 -1.318229916318E+001
  1.962281525771E-001  3.322820058613E-003  7.189751007433E-001  1.821813274371E+000 -1.295227011061E+001
  1.995697109023E-001  3.360353390492E-003  7.249909109447E-001  1.778915759799E+000 -1.272353327399E+001
  2.029489738173E-001  3.398230102644E-003  7.309301219753E-001  1.736304907508E+000 -1.249614176374E+001
  2.063662873085E-001  3.436455420218E-003  7.367910967761E-001  1.693988944836E+000 -1.227014794908E+001
  2.098220026275E-001  3.475034649885E-003  7.425722243632E-001  1.651975934197E+000 -1.204560341903E+001
  2.133164763746E-001  3.513973181471E-003  7.482719203630E-001  1.610273768706E+000 -1.182255894355E+001
  2.168500705817E-001  3.553276489620E-003  7.538886275287E-001  1.568890167901E+000 -1.160106443504E+001
  2.204231527988E-001  3.592950135496E-003  7.594208162389E-001  1.527832673587E+000 -1.138116891012E+001
  2.240360961807E-001  3.632999768520E-003  7.648669849772E-001  1.487108645797E+000 -1.116292045188E+001
  2.276892795770E-001  3.673431128145E-003  7.702256607925E-001  1.446725258867E+000 -1.094636617244E+001
  2.313830876220E-001  3.714250045674E-003  7.754953997381E-001  1.406689497660E+000 -1.073155217618E+001
  2.351179108282E-001  3.755462446115E-003  7.806747872912E-001  1.367008153918E+000 -1.051852352341E+001
  2.388941456809E-001  3.797074350078E-003  7.857624387507E-001  1.327687822762E+000 -1.030732419477E+001
  2.427121947345E-001  3.839091875711E-003  7.907569996122E-001  1.288734899348E+000 -1.009799705619E+001
  2.465724667110E-001  3.881521240686E-003  7.956571459224E-001  1.250155575677E+000 -9.890583824745E+000
  2.504753766009E-001  3.924368764227E-003  8.004615846087E-001  1.211955837573E+000 -9.685125035168E+000
  2.544213457654E-001  3.967640869177E-003  8.051690537867E-001  1.174141461834E+000 -9.481660007342E+000
  2.584108020414E-001  4.011344084122E-003  8.097783230434E-001  1.136718013563E+000 -9.280226814659E+000
  2.624441798480E-001  4.055485045557E-003  8.142881936967E-001  1.099690843675E+000 -9.080862253379E+000
  2.665219202956E-001  4.100070500102E-003  8.186974990296E-001  1.063065086606E+000 -8.883601813044E+000
  2.706444712976E-001  4.145107306769E-003  8.230051045005E-001  1.026845658210E+000 -8.688479647989E+000
  2.748122876832E-001  4.190602439283E-003  8.272099079273E-001  9.910372538610E-001 -8.495528550024E+000
  2.790258313137E-001  4.236562988450E-003  8.313108396472E-001  9.556443467652E-001 -8.304779922343E+000
  2.832855712010E-001  4.282996164587E-003  8.353068626504E-001  9.206711864798E-001 -8.116263754715E+000
  2.875919836279E-001  4.329909300005E-003  8.391969726879E-001  8.861217976550E-001 -7.930008600013E+000
  2.919455522717E-001  4.377309851548E-003  8.429801983541E-001  8.519999789961E-001 -7.746041552153E+000
  2.963467683296E-001  4.425205403192E-003  8.466556011429E-001  8.183093024533E-001 -7.564388225469E+000
  3.007961306479E-001  4.473603668706E-003  8.502222754786E-001  7.850531126423E-001 -7.385072735615E+000
  3.052941458522E-001  4.522512494374E-003  8.536793487203E-001  7.522345264999E-001 -7.208117682012E+000
  3.098413284823E-001  4.571939861783E-003  8.570259811411E-001  7.198564331790E-001 -7.033544131916E+000
  3.144382011281E-001  4.621893890671E-003  8.602613658820E-001  6.879214941839E-001 -6.861371606149E+000
  3.190852945695E-001  4.672382841850E-003  8.633847288796E-001  6.564321437516E-001 -6.691618066527E+000
  3.237831479192E-001  4.723415120192E-003  8.663953287698E-001  6.253905894790E-001 -6.524299905064E+000
  3.285323087679E-001  4.774999277691E-003  8.692924567661E-001  5.947988131993E-001 -6.359431934953E+000
  3.333333333333E-001  4.827144016591E-003  8.720754365144E-001  5.646585721095E-001 -6.197027383405E+000
  3.381867866117E-001  4.879858192602E-003  8.747436239231E-001  5.349714001485E-001 -6.037097886353E+000
  3.430932425333E-001  4.933150818173E-003  8.772964069712E-001  5.057386096285E-001 -5.879653485081E+000
  3.480532841203E-001  4.987031065868E-003  8.797332054923E-001  4.769612931184E-001 -5.724702624796E+000
  3.530675036492E-001  5.041508271801E-003  8.820534709383E-001  4.486403255792E-001 -5.572252155179E+000
  3.581365028158E-001  5.096591939172E-003  8.842566861205E-001  4.207763667513E-001 -5.422307332944E+000
  3.632608929041E-001  5.152291741875E-003  8.863423649314E-001  3.933698637915E-001 -5.274871826419E+000
  3.684412949588E-001  5.208617528209E-003  8.883100520465E-001  3.664210541578E-001 -5.129947722186E+000
  3.736783399619E-001  5.265579324662E-003  8.901593226077E-001  3.399299687404E-001 -4.987535533782E+000
  3.789726690123E-001  5.323187339805E-003  8.918897818893E-001  3.138964352352E-001 -4.847634212479E+000
  3.843249335105E-001  5.381451968273E-003  8.935010649475E-001  2.883200817559E-001 -4.710241160151E+000
  3.897357953460E-001  5.440383794842E-003  8.949928362550E-001  2.632003406812E-001 -4.575352244240E+000
  3.952059270903E-001  5.499993598618E-003  8.963647893211E-001  2.385364527323E-001 -4.442961814808E+000
  4.007360121927E-001  5.560292357317E-003  8.976166462998E-001  2.143274712745E-001 -4.313062723686E+000
  4.063267451812E-001  5.621291251662E-003  8.987481575862E-001  1.905722668377E-001 -4.185646345697E+000
  4.119788318683E-001  5.683001669888E-003  8.997591014028E-001  1.672695318487E-001 -4.060702601958E+000
  4.176929895600E-001  5.745435212354E-003  9.006492833784E-001  1.444177855682E-001 -3.938219985228E+000
  4.234699472710E-001  5.808603696282E-003  9.014185361189E-001  1.220153792246E-001 -3.818185587287E+000
  4.293104459435E-001  5.872519160606E-003  9.020667187742E-001  1.000605013360E-001 -3.700585128320E+000
  4.352152386716E-001  5.937193870949E-003  9.025937166009E-001  7.855118321126E-002 -3.585402988271E+000
  4.411850909306E-001  6.002640324729E-003  9.029994405234E-001  5.748530462036E-002 -3.472622240132E+000
  4.472207808110E-001  6.068871256391E-003  9.032838266949E-001  3.686059962385E-002 -3.362224685124E+000
  4.533230992589E-001  6.135899642772E-003  9.034468360608E-001  1.667466254996E-002 -3.254190889721E+000
  4.594928503202E-001  6.203738708611E-003  9.034884539250E-001 -3.075045891701E-003 -3.148500224477E+000
  4.657308513924E-001  6.272401932198E-003  9.034086895230E-001 -2.239119237251E-002 -3.045130904573E+000
  4.720379334802E-001  6.341903051163E-003  9.032075756011E-001 -4.127656459561E-002 -2.944060032052E+000
  4.784149414579E-001  6.412256068427E-003  9.028851680067E-001 -5.973406484872E-002 -2.845263639654E+000
  4.848627343381E-001  6.483475258298E-003  9.024415452893E-001 -7.776670347256E-002 -2.748716736177E+000
  4.913821855461E-001  6.555575172733E-003  9.018768083150E-001 -9.537759225946E-002 -2.654393353307E+000
  4.979741832006E-001  6.628570647764E-003  9.011910798975E-001 -1.125699377968E-001 -2.562266593806E+000
  5.046396304008E-001  6.702476810086E-003  9.003845044456E-001 -1.293470347706E-001 -2.472308680995E+000
  5.113794455212E-001  6.777309083830E-003  8.994572476315E-001 -1.457122592452E-001 -2.384491009423E+000
  5.181945625116E-001  6.853083197508E-003  8.984094960801E-001 -1.616690619346E-001 -2.298784196631E+000
  5.250859312060E-001  6.929815191146E-003  8.972414570820E-001 -1.772209614827E-001 -2.215158135908E+000
  5.320545176366E-001  7.007521423604E-003  8.959533583331E-001 -1.923715377684E-001 -2.133582049936E+000
  5.391013043575E-001  7.086218580100E-003  8.945454477006E-001 -2.071244252533E-001 -2.054024545209E+000
  5.462272907741E-001  7.165923679926E-003  8.930179930199E-001 -2.214833063885E-001 -1.976453667113E+000
  5.534334934816E-001  7.246654084380E-003  8.913712819219E-001 -2.354519050993E-001 -1.900836955547E+000
  5.607209466109E-001  7.328427504912E-003  8.896056216941E-001 -2.490339803636E-001 -1.827141500973E+000
  5.680907021827E-001  7.411262011483E-003  8.877213391767E-001 -2.622333199036E-001 -1.755334000752E+000
  5.755438304707E-001  7.495176041166E-003  8.857187806954E-001 -2.750537340064E-001 -1.685380815656E+000
  5.830814203728E-001  7.580188406970E-003  8.835983120322E-001 -2.874990494936E-001 -1.617248026414E+000
  5.907045797917E-001  7.666318306912E-003  8.813603184361E-001 -2.995731038552E-001 -1.550901490165E+000
  5.984144360243E-001  7.753585333338E-003  8.790052046753E-001 -3.112797395670E-001 -1.486306896680E+000
  6.062121361613E-001  7.842009482502E-003  8.765333951312E-001 -3.226227986075E-001 -1.423429824214E+000
  6.140988474955E-001  7.931611164409E-003  8.739453339362E-001 -3.336061171918E-001 -1.362235794861E+000
  6.220757579409E-001  8.022411212936E-003  8.712414851561E-001 -3.442335207392E-001 -1.302690329257E+000
  6.301440764614E-001  8.114430896230E-003  8.684223330179E-001 -3.545088190901E-001 -1.244759000510E+000
  6.383050335109E-001  8.207691927403E-003  8.654883821839E-001 -3.644358019887E-001 -1.188407487202E+000
  6.465598814833E-001  8.302216475524E-003  8.624401580715E-001 -3.740182348453E-001 -1.133601625338E+000
  6.549098951744E-001  8.398027176926E-003  8.592782072215E-001 -3.832598547947E-001 -1.080307459094E+000
  6.633563722545E-001  8.495147146827E-003  8.560030977124E-001 -3.921643670617E-001 -1.028491290238E+000
  6.719006337539E-001  8.593599991288E-003  8.526154196223E-001 -4.007354416491E-001 -9.781197260799E-001
  6.805440245593E-001  8.693409819506E-003  8.491157855376E-001 -4.089767103598E-001 -9.291597258356E-001
  6.892879139233E-001  8.794601256469E-003  8.455048311087E-001 -4.168917641620E-001 -8.815786452539E-001
  6.981336959871E-001  8.897199455961E-003  8.417832156509E-001 -4.244841509115E-001 -8.353442794042E-001
  7.070827903152E-001  9.001230113956E-003  8.379516227905E-001 -4.317573734365E-001 -7.904249034923E-001
  7.161366424455E-001  9.106719482390E-003  8.340107611555E-001 -4.387148879950E-001 -7.467893115917E-001
  7.252967244510E-001  9.213694383338E-003  8.299613651073E-001 -4.453601031108E-001 -7.044068531822E-001
  7.345645355186E-001  9.322182223606E-003  8.258041955152E-001 -4.516963787940E-001 -6.632474673882E-001
  7.439416025400E-001  9.432211009745E-003  8.215400405685E-001 -4.577270261489E-001 -6.232817148207E-001
  7.534294807203E-001  9.543809363512E-003  8.171697166262E-001 -4.634553073738E-001 -5.844808069314E-001
  7.630297542000E-001  9.657006537783E-003  8.126940691017E-001 -4.688844361522E-001 -5.468166327943E-001
  7.727440366954E-001  9.771832432940E-003  8.081139733788E-001 -4.740175784360E-001 -5.102617832393E-001
  7.825739721536E-001  9.888317613741E-003  8.034303357572E-001 -4.788578536191E-001 -4.747895722698E-001
  7.925212354258E-001  1.000649332670E-002  7.986440944244E-001 -4.834083360969E-001 -4.403740557059E-001
  8.025875329584E-001  1.012639151798E-002  7.937562204495E-001 -4.876720572076E-001 -4.069900470028E-001
  8.127746035011E-001  1.024804485184E-002  7.887677187967E-001 -4.916520075483E-001 -3.746131302054E-001
  8.230842188350E-001  1.037148672960E-002  7.836796293531E-001 -4.953511396567E-001 -3.432196700076E-001
  8.335181845190E-001  1.049675130923E-002  7.784930279685E-001 -4.987723710497E-001 -3.127868188993E-001
  8.440783406568E-001  1.062387352550E-002  7.732090275009E-001 -5.019185876050E-001 -2.832925213900E-001
  8.547665626839E-001  1.075288911077E-002  7.678287788642E-001 -5.047926472744E-001 -2.547155153124E-001
  8.655847621758E-001  1.088383461638E-002  7.623534720733E-001 -5.073973841113E-001 -2.270353302199E-001
  8.765348876780E-001  1.101674743475E-002  7.567843372808E-001 -5.097356125966E-001 -2.002322829019E-001
  8.876189255584E-001  1.115166582209E-002  7.511226458014E-001 -5.118101322443E-001 -1.742874700548E-001
  8.988389008829E-001  1.128862892191E-002  7.453697111166E-001 -5.136237324652E-001 -1.491827581560E-001
  9.101968783143E-001  1.142767678917E-002  7.395268898564E-001 -5.151791976686E-001 -1.249007706017E-001
  9.216949630368E-001  1.156885041525E-002  7.335955827504E-001 -5.164793125769E-001 -1.014248721798E-001
  9.333353017046E-001  1.171219175365E-002  7.275772355433E-001 -5.175268677283E-001 -7.873915096157E-002
  9.451200834176E-001  1.185774374655E-002  7.214733398693E-001 -5.183246651420E-001 -5.682839770680E-002
  9.570515407237E-001  1.200555035216E-002  7.152854340781E-001 -5.188755241173E-001 -3.567808288952E-002
  9.691319506484E-001  1.215565657299E-002  7.090151040073E-001 -5.191822871377E-001 -1.527433146036E-002
  9.813636357544E-001  1.230810848498E-002  7.026639836955E-001 -5.192478258501E-001  4.396104525378E-003
  9.937489652293E-001  1.246295326757E-002  6.962337560280E-001 -5.190750470872E-001  2.334587527595E-002
  1.006290356005E+000  1.262023923477E-002  6.897261533120E-001 -5.186668989020E-001  4.158706447943E-002
  1.018990273907E+000  1.278001586715E-002  6.831429577720E-001 -5.180263765807E-001  5.913122221023E-002
  1.031851234841E+000  1.294233384499E-002  6.764860019623E-001 -5.171565286006E-001  7.598939935961E-002
  1.044875806003E+000  1.310724508236E-002  6.697571690885E-001 -5.160604624988E-001  9.217218341569E-002
  1.058066607138E+000  1.327480276248E-002  6.629583932337E-001 -5.147413506183E-001  1.076897354110E-001
  1.071426311823E+000  1.344506137405E-002  6.560916594832E-001 -5.132024356956E-001  1.225518278492E-001
  1.084957648792E+000  1.361807674895E-002  6.491590039430E-001 -5.114470362562E-001  1.367678834166E-001
  1.098663403298E+000  1.379390610110E-002  6.421625136462E-001 -5.094785517835E-001  1.503470142798E-001
  1.112546418516E+000  1.397260806657E-002  6.351043263427E-001 -5.073004676271E-001  1.632980617656E-001
  1.126609596985E+000  1.415424274514E-002  6.279866301691E-001 -5.049163596170E-001  1.756296362181E-001
  1.140855902095E+000  1.433887174317E-002  6.208116631928E-001 -5.023298983515E-001  1.873501568251E-001
  1.155288359613E+000  1.452655821788E-002  6.135817128271E-001 -4.995448531268E-001  1.984678912046E-001
  1.169910059257E+000  1.471736692327E-002  6.062991151156E-001 -4.965650954779E-001  2.089909945437E-001
  1.184724156317E+000  1.491136425740E-002  5.989662538806E-001 -4.933946023020E-001  2.189275480832E-001
  1.199733873325E+000  1.510861831145E-002  5.915855597352E-001 -4.900374585363E-001  2.282855967433E-001
  1.214942501771E+000  1.530919892035E-002  5.841595089560E-001 -4.864978593649E-001  2.370731856903E-001
  1.230353403874E+000  1.551317771520E-002  5.766906222161E-001 -4.827801119306E-001  2.452983956496E-001
  1.245970014403E+000  1.572062817747E-002  5.691814631768E-001 -4.788886365303E-001  2.529693767744E-001
  1.261795842559E+000  1.593162569510E-002  5.616346369386E-001 -4.748279672736E-001  2.600943808900E-001
  1.277834473907E+000  1.614624762054E-002  5.540527883520E-001 -4.706027521893E-001  2.666817919390E-001
  1.294089572372E+000  1.636457333079E-002  5.464386001884E-001 -4.662177527638E-001  2.727401544652E-001
  1.310564882294E+000  1.658668428962E-002  5.387947911746E-001 -4.616778429012E-001  2.782781999814E-001
  1.327264230548E+000  1.681266411190E-002  5.311241138913E-001 -4.569880072958E-001  2.833048710824E-001
  1.344191528724E+000  1.704259863026E-002  5.234293525407E-001 -4.521533392116E-001  2.878293431725E-001
  1.361350775387E+000  1.727657596408E-002  5.157133205857E-001 -4.471790376670E-001  2.918610436946E-001
  1.378746058390E+000  1.751468659100E-002  5.079788582661E-001 -4.420704040248E-001  2.954096687598E-001
  1.396381557275E+000  1.775702342093E-002  5.002288299966E-001 -4.368328379928E-001  2.984851970938E-001
  1.414261545744E+000  1.800368187279E-002  4.924661216521E-001 -4.314718330409E-001  3.010979012297E-001
  1.432390394201E+000  1.825475995395E-002  4.846936377482E-001 -4.259929712487E-001  3.032583558978E-001
  1.450772572390E+000  1.851035834267E-002  4.769142985225E-001 -4.204019175943E-001  3.049774435744E-001
  1.469412652102E+000  1.877058047342E-002  4.691310369254E-001 -4.147044137058E-001  3.062663571757E-001
  1.488315309978E+000  1.903553262542E-002  4.613467955289E-001 -4.089062710945E-001  3.071365998936E-001
  1.507485330398E+000  1.930532401444E-002  4.535645233619E-001 -4.030133638949E-001  3.075999821951E-001
  1.526927608467E+000  1.958006688797E-002  4.457871726819E-001 -3.970316211404E-001  3.076686160195E-001
  1.546647153093E+000  1.985987662391E-002  4.380176956925E-001 -3.909670186040E-001  3.073549062284E-001
  1.566649090169E+000  2.014487183303E-002  4.302590412183E-001 -3.848255702393E-001  3.066715393810E-001
  1.586938665861E+000  2.043517446518E-002  4.225141513469E-001 -3.786133192584E-001  3.056314699220E-001
  1.607521250000E+000  2.073090991960E-002  4.147859580493E-001 -3.723363288853E-001  3.042479038905E-001
  1.628402339588E+000  2.103220715932E-002  4.070773797909E-001 -3.660006728280E-001  3.025342802705E-001
  1.649587562420E+000  2.133919883002E-002  3.993913181437E-001 -3.596124255125E-001  3.005042501202E-001
  1.671082680832E+000  2.165202138333E-002  3.917306544125E-001 -3.531776521255E-001  2.981716536334E-001
  1.692893595565E+000  2.197081520497E-002  3.840982462861E-001 -3.467023985129E-001  2.955504952977E-001
  1.715026349769E+000  2.229572474776E-002  3.764969245258E-001 -3.401926809838E-001  2.926549173274E-001
  1.737487133138E+000  2.262689866987E-002  3.689294897029E-001 -3.336544760707E-001  2.894991715604E-001
  1.760282286187E+000  2.296448997842E-002  3.613987089963E-001 -3.270937102960E-001  2.860975900184E-001
  1.783418304674E+000  2.330865617868E-002  3.539073130629E-001 -3.205162499969E-001  2.824645543371E-001
  1.806901844175E+000  2.365955942924E-002  3.464579929901E-001 -3.139278912606E-001  2.786144642806E-001
  1.830739724818E+000  2.401736670327E-002  3.390533973423E-001 -3.073343500210E-001  2.745617055614E-001
  1.854938936184E+000  2.438224995616E-002  3.316961293109E-001 -3.007412523663E-001  2.703206171862E-001
  1.879506642368E+000  2.475438629994E-002  3.243887439777E-001 -2.941541251099E-001  2.659054585570E-001
  1.904450187236E+000  2.513395818467E-002  3.171337457006E-001 -2.875783866700E-001  2.613303765490E-001
  1.929777099847E+000  2.552115358717E-002  3.099335856296E-001 -2.810193383066E-001  2.566093727940E-001
  1.955495100083E+000  2.591616620741E-002  3.027906593607E-001 -2.744821557590E-001  2.517562713881E-001
  1.981612104475E+000  2.631919567292E-002  2.957073047343E-001 -2.679718813266E-001  2.467846872408E-001
  2.008136232230E+000  2.673044775156E-002  2.886857997833E-001 -2.614934164321E-001  2.417079952769E-001
  2.035075811486E+000  2.715013457311E-002  2.817283608367E-001 -2.550515147029E-001  2.365393006929E-001
  2.062439385788E+000  2.757847486001E-002  2.748371407805E-001 -2.486507756031E-001  2.312914104600E-001
  2.090235720801E+000  2.801569416771E-002  2.680142274804E-001 -2.422956386459E-001  2.259768062560E-001
  2.118473811262E+000  2.846202513514E-002  2.612616423662E-001 -2.359903782109E-001  2.206076189957E-001
  2.147162888201E+000  2.891770774564E-002  2.545813391790E-001 -2.297390989867E-001  2.151956051127E-001
  2.176312426413E+000  2.938298959899E-002  2.479752028806E-001 -2.235457320557E-001  2.097521247363E-001
  2.205932152222E+000  2.985812619504E-002  2.414450487218E-001 -2.174140316326E-001  2.042881218839E-001
  2.236032051522E+000  3.034338122938E-002  2.349926214683E-001 -2.113475724640E-001  1.988141067786E-001
  2.266622378129E+000  3.083902690182E-002  2.286195947779E-001 -2.053497478908E-001  1.933401403805E-001
  2.297713662445E+000  3.134534423818E-002  2.223275707258E-001 -1.994237685716E-001  1.878758212013E-001
  2.329316720450E+000  3.186262342603E-002  2.161180794692E-001 -1.935726618587E-001  1.824302744554E-001
  2.361442663038E+000  3.239116416519E-002  2.099925790459E-001 -1.877992718153E-001  1.770121435790E-001
  2.394102905709E+000  3.293127603351E-002  2.039524552965E-001 -1.821062598567E-001  1.716295841307E-001
  2.427309178642E+000  3.348327886897E-002  1.979990219028E-001 -1.764961059936E-001  1.662902600664E-001
  2.461073537146E+000  3.404750316862E-002  1.921335205309E-001 -1.709711106512E-001  1.610013423633E-001
  2.495408372530E+000  3.462429050548E-002  1.863571210688E-001 -1.655333970348E-001  1.557695099484E-001
  2.530326423398E+000  3.521399396401E-002  1.806709219476E-001 -1.601849140058E-001  1.506009528682E-001
  2.565840787378E+000  3.581697859546E-002  1.750759505338E-001 -1.549274394327E-001  1.455013776182E-001
  2.601964933334E+000  3.643362189376E-002  1.695731635814E-001 -1.497625839724E-001  1.404760145367E-001
  2.638712714049E+000  3.706431429322E-002  1.641634477312E-001 -1.446917952410E-001  1.355296271475E-001
  2.676098379430E+000  3.770945968912E-002  1.588476200454E-001 -1.397163623244E-001  1.306665233245E-001
  2.714136590232E+000  3.836947598236E-002  1.536264285658E-001 -1.348374205826E-001  1.258905681371E-001
  2.752842432351E+000  3.904479564947E-002  1.485005528833E-001 -1.300559566945E-001  1.212051982234E-001
  2.792231431696E+000  3.973586633921E-002  1.434706047081E-001 -1.253728138947E-001  1.166134375273E-001
  2.832319569669E+000  4.044315149734E-002  1.385371284307E-001 -1.207886973485E-001  1.121179142283E-001
  2.873123299289E+000  4.116713102086E-002  1.337006016626E-001 -1.163041796147E-001  1.077208786843E-001
  2.914659561979E+000  4.190830194354E-002  1.289614357501E-001 -1.119197061447E-001  1.034242222053E-001
  2.956945805065E+000  4.266717915414E-002  1.243199762526E-001 -1.076356007684E-001  9.922949646944E-002
  3.000000000000E+000  4.344429614932E-002  1.197765033797E-001 -1.034520711200E-001  9.513793339488E-002
  3.043840661365E+000  4.424020582308E-002  1.153312323826E-001 -9.936921395789E-002  9.115046528017E-002
  3.088486866678E+000  4.505548129460E-002  1.109843138976E-001 -9.538702033683E-002  8.726774502949E-002
  3.133958277047E+000  4.589071677685E-002  1.067358342387E-001 -9.150538059467E-002  8.349016628386E-002
  3.180275158719E+000  4.674652848797E-002  1.025858156425E-001 -8.772408911907E-002  7.981788328640E-002
  3.227458405560E+000  4.762355560797E-002  9.853421646546E-002 -8.404284886508E-002  7.625083031885E-002
  3.275529562509E+000  4.852246128332E-002  9.458093133914E-002 -8.046127559955E-002  7.278874055702E-002
  3.324510850077E+000  4.944393368200E-002  9.072579128962E-002 -7.697890185346E-002  6.943116420557E-002
  3.374425189910E+000  5.038868710203E-002  8.696856382885E-002 -7.359518056961E-002  6.617748578664E-002
  3.425296231502E+000  5.135746313639E-002  8.330895302803E-002 -7.030948843880E-002  6.302694047226E-002
  3.477148380094E+000  5.235103189784E-002  7.974659958469E-002 -6.712112892398E-002  5.997862936764E-002
  3.530006825834E+000  5.337019330676E-002  7.628108089648E-002 -6.402933497836E-002  5.703153367034E-002
  3.583897574256E+000  5.441577844603E-002  7.291191115637E-002 -6.103327146919E-002  5.418452764899E-002
  3.638847478148E+000  5.548865098670E-002  6.963854148481E-002 -5.813203732571E-002  5.143639040505E-002
  3.694884270887E+000  5.658970868864E-002  6.646036011549E-002 -5.532466743483E-002  4.878581640071E-002
  3.752036601308E+000  5.771988498079E-002  6.337669265195E-002 -5.261013431430E-002  4.623142475584E-002
  3.810334070199E+000  5.888015062562E-002  6.038680241223E-002 -4.998734959746E-002  4.377176733677E-002
  3.869807268505E+000  6.007151547295E-002  5.748989087925E-002 -4.745516536847E-002  4.140533567846E-002
  3.930487817331E+000  6.129503030858E-002  5.468509827343E-002 -4.501237539026E-002  3.913056680011E-002
  3.992408409843E+000  6.255178880352E-002  5.197150426379E-002 -4.265771627046E-002  3.694584799084E-002
  4.055602855172E+000  6.384292957002E-002  4.934812883206E-002 -4.038986861225E-002  3.484952065783E-002
  4.120106124432E+000  6.516963833101E-002  4.681393330273E-002 -3.820745819831E-002  3.283988334275E-002
  4.185954398964E+000  6.653315021009E-002  4.436782154995E-002 -3.610905725538E-002  3.091519402371E-002
  4.253185120935E+000  6.793475214960E-002  4.200864138940E-002 -3.409318584619E-002  2.907367182920E-002
  4.321837046422E+000  6.937578546490E-002  3.973518616057E-002 -3.215831343270E-002  2.731349829668E-002
  4.391950301120E+000  7.085764854355E-002  3.754619650156E-002 -3.030286065111E-002  2.563281831237E-002
  4.463566438835E+000  7.238179969882E-002  3.544036231482E-002 -2.852520133448E-002  2.402974086922E-002
  4.536728502895E+000  7.394976018725E-002  3.341632491887E-002 -2.682366481282E-002  2.250233977784E-002
  4.611481090679E+000  7.556311740127E-002  3.147267937685E-002 -2.519653851383E-002  2.104865445952E-002
  4.687870421430E+000  7.722352824817E-002  2.960797698878E-002 -2.364207087968E-002  1.966669094235E-002
  4.765944407533E+000  7.893272272784E-002  2.782072793090E-002 -2.215847460680E-002  1.835442316960E-002
  4.845752729492E+000  8.069250772248E-002  2.610940402119E-002 -2.074393020656E-002  1.710979471600E-002
  4.927346914797E+000  8.250477101257E-002  2.447244158723E-002 -1.939658987530E-002  1.593072099052E-002
  5.010780420931E+000  8.437148553436E-002  2.290824440895E-002 -1.811458165249E-002  1.481509198591E-002
  5.096108722763E+000  8.629471389541E-002  2.141518670672E-002 -1.689601383645E-002  1.376077561497E-002
  5.183389404586E+000  8.827661316581E-002  1.999161614296E-002 -1.573897961757E-002  1.276562165166E-002
  5.272682257105E+000  9.031943996425E-002  1.863585680436E-002 -1.464156188064E-002  1.182746627318E-002
  5.364049379651E+000  9.242555585946E-002  1.734621213146E-002 -1.360183812018E-002  1.094413717671E-002
  5.457555287978E+000  9.459743310926E-002  1.612096776284E-002 -1.261788540589E-002  1.011345922240E-002
  5.553267027968E+000  9.683766076100E-002  1.495839426279E-002 -1.168778533069E-002  9.333260533767E-003
  5.651254295630E+000  9.914895113938E-002  1.385674970406E-002 -1.080962886987E-002  8.601378967166E-003
  5.751589563796E+000  1.015341467494E-001  1.281428208069E-002 -9.981521078779E-003  7.915668845576E-003
  5.854348215936E+000  1.039962276248E-001  1.182923153122E-002 -9.201585556639E-003  7.274007837966E-003
  5.959608687557E+000  1.065383191537E-001  1.089983235771E-002 -8.467968606884E-003  6.674303855034E-003
  6.067452615683E+000  1.091637004188E-001  1.002431483326E-002 -7.778843029300E-003  6.114501825540E-003
  6.177964996951E+000  1.118758130872E-001  9.200906797833E-003 -7.132411486238E-003  5.592590214939E-003
  6.291234354880E+000  1.146782708938E-001  8.427835050564E-003 -6.526909394500E-003  5.106607149939E-003
  6.407352916949E+000  1.175748697626E-001  7.703326554896E-003 -5.960607305640E-003  4.654646018943E-003
  6.526416802128E+000  1.205695986129E-001  7.025609481900E-003 -5.431812750421E-003  4.234860429076E-003
  6.648526219580E+000  1.236666509049E-001  6.392914125334E-003 -4.938871537513E-003  3.845468415443E-003
  6.773785679311E+000  1.268704369821E-001  5.803473730166E-003 -4.480168511977E-003  3.484755817033E-003
  6.902304215570E+000  1.301855972713E-001  5.255525283398E-003 -4.054127795062E-003  3.151078755813E-003
  7.034195623922E+000  1.336170164087E-001  4.747310322128E-003 -3.659212542909E-003  2.842865180322E-003
  7.169578712934E+000  1.371698383673E-001  4.277075818213E-003 -3.293924277327E-003  2.558615461870E-003
  7.308577571516E+000  1.408494826628E-001  3.843075201576E-003 -2.956801856278E-003  2.296902059157E-003
  7.451321853057E+000  1.446616617293E-001  3.443569584603E-003 -2.646420164444E-003  2.056368295044E-003
  7.597947077547E+000  1.486123995567E-001  3.076829248110E-003 -2.361388614767E-003  1.835726316137E-003
  7.748594953021E+000  1.527080516973E-001  2.741135444682E-003 -2.100349559450E-003  1.633754330859E-003
  7.903413717736E+000  1.569553267535E-001  2.434782567798E-003 -1.861976713222E-003  1.449293243731E-003
  8.062558504629E+000  1.613613094717E-001  2.156080724934E-003 -1.644973692250E-003  1.281242821798E-003
  8.226191729726E+000  1.659334855793E-001  1.903358739968E-003 -1.448072768632E-003  1.128557542546E-003
  8.394483506327E+000  1.706797685137E-001  1.674967594808E-003 -1.270033932817E-003  9.902422807584E-004
  8.567612086926E+000  1.756085282071E-001  1.469284302698E-003 -1.109644344592E-003  8.653479938949E-004
  8.745764335025E+000  1.807286221064E-001  1.284716186486E-003 -9.657182376212E-004  7.529675615463E-004
  8.929136229160E+000  1.860494286260E-001  1.119705514976E-003 -8.370973233509E-004  6.522319242700E-004
  9.117933401693E+000  1.915808832504E-001  9.727344300106E-004 -7.226517179405E-004  5.623066508809E-004
  9.312371715124E+000  1.973335175235E-001  8.423300770399E-004 -6.212813915437E-004  4.823890415491E-004
  9.512677878945E+000  2.033185011886E-001  7.270698334566E-004 -5.319181136565E-004  4.117058476523E-004
  9.719090110332E+000  2.095476877688E-001  6.255865129876E-004 -4.535278424386E-004  3.495116592506E-004
  9.931858842267E+000  2.160336639044E-001  5.365734118016E-004 -3.851134810815E-004  2.950879785777E-004
  1.015124748302E+001  2.227898028021E-001  4.587890536768E-004 -3.257179016614E-004  2.477429645058E-004
  1.037753323129E+001  2.298303221843E-001  3.910614883722E-004 -2.744271176853E-004  2.068118000914E-004
  1.061100795175E+001  2.371703471699E-001  3.322919999044E-004 -2.303734718805E-004  1.716576046750E-004
  1.085197911611E+001  2.448259785618E-001  2.814580901895E-004 -1.927386966773E-004  1.416727851306E-004
  1.110077081537E+001  2.528143670735E-001  2.376156186229E-004 -1.607567021016E-004  1.162806992190E-004
  1.135772484956E+001  2.611537940784E-001  1.998999995007E-004 -1.337159499390E-004  9.493748880317E-005
  1.162320190175E+001  2.698637595360E-001  1.675263862341E-004 -1.109612842400E-004  7.713393289205E-005
  1.189758280382E+001  2.789650778206E-001  1.397888032395E-004 -9.189510631035E-005  6.239717063947E-005
  1.218126990242E+001  2.884799822596E-001  1.160582219971E-004 -7.597780667548E-005  5.029215267398E-005
  1.247468853413E+001  2.984322392826E-001  9.577961556179E-005 -6.272739611820E-005  4.042269512993E-005
  1.277828862002E+001  3.088472731875E-001  7.846806400489E-005 -5.171831139734E-005  3.243203366989E-005
  1.309254639077E+001  3.197523026463E-001  6.370401992792E-005 -4.257940695989E-005  2.600280336254E-005
  1.341796625462E+001  3.311764902095E-001  5.112787630093E-005 -3.499117994315E-005  2.085640284251E-005
  1.375508282195E+001  3.431511062169E-001  4.043400648556E-005 -2.868230997781E-005  1.675173576378E-005
  1.410446310162E+001  3.557097086969E-001  3.136446663077E-005 -2.342562571580E-005  1.348335702617E-005
  1.446670888596E+001  3.688883410292E-001  2.370256223786E-005 -1.903363473964E-005  1.087908343376E-005
  1.484245934302E+001  3.827257493700E-001  1.726648258705E-005 -1.535377098318E-005  8.797156293969E-006
  1.523239383723E+001  3.972636220891E-001  1.190319846665E-005 -1.226352285904E-005  7.123065232978E-006
  1.563723500136E+001  4.125468537596E-001  7.482800446345E-006 -9.665605334486E-006  5.766156863758E-006
  1.605775208607E+001  4.286238365683E-001  3.893427641674E-006 -7.483330223094E-006  4.656158118337E-006
  1.649476461582E+001  4.455467823929E-001  1.036902025554E-006 -5.656311593343E-006  3.739741881188E-006
  1.694914638379E+001  4.633720792263E-001 -1.174857088717E-006 -4.136618668844E-006  2.977252503967E-006
  1.742182982203E+001  4.821606861220E-001 -2.822607240243E-006 -2.885458658651E-006  2.339691904550E-006
  1.791381078784E+001  5.019785714107E-001 -3.981758283232E-006 -1.870438747060E-006  1.806044815365E-006
  1.842615381215E+001  5.228971995942E-001 -4.723602902711E-006 -1.063422344002E-006  1.360996262390E-006
  1.895999786176E+001  5.449940730840E-001 -5.115891916296E-006 -4.389620249287E-007  9.930676199512E-007
  1.951656267356E+001  5.683533358366E-001 -5.222872489781E-006  2.673742708416E-008  6.931716758115E-007
  2.009715572669E+001  5.930664469535E-001 -5.104926473098E-006  3.563959824442E-007  4.535639324016E-007
  2.070317992707E+001  6.192329335039E-001 -4.817954769202E-006  5.718621184789E-007  2.671483777652E-007
  2.133614208874E+001  6.469612332096E-001 -4.412651721272E-006  6.940392705281E-007  1.270822191976E-007
  2.199766230782E+001  6.763696392388E-001 -3.933801505695E-006  7.426323452518E-007  2.661607957596E-008
  2.268948433818E+001  7.075873612439E-001 -3.419707793050E-006  7.358059957943E-007 -4.089613438546E-008
  2.341348709294E+001  7.407557189842E-001 -2.901840503019E-006  6.898346480901E-007 -8.188060369752E-008
  2.417169741362E+001  7.760294874639E-001 -2.404751854966E-006  6.188080143764E-007 -1.023759924151E-007
  2.496630426925E+001  8.135784155747E-001 -1.946280922772E-006  5.344368074989E-007 -1.078604563956E-007
  2.579967457140E+001  8.535889438281E-001 -1.538034413721E-006  4.459834543201E-007 -1.031068994838E-007
  2.667437081864E+001  8.962661510291E-001 -1.186104080772E-006  3.603236094984E-007 -9.208768811314E-008
  2.759317081651E+001  9.418359647997E-001 -8.919602733680E-007  2.821277822798E-007 -7.793831226669E-008
  2.855908975674E+001  9.905476768748E-001 -6.534481977659E-007  2.141396463602E-007 -6.297940767937E-008
  2.957540498378E+001  1.042676811269E+000 -4.658092261673E-007  1.575193923382E-007 -4.878880266878E-008
  3.064568382919E+001  1.098528402000E+000 -3.226538743572E-007  1.122170795542E-007 -3.631018450609E-008
  3.177381495601E+001  1.158440747351E+000 -2.168247519769E-007  7.734210388411E-008 -2.598264277066E-008
  3.296404372807E+001  1.222789720048E+000 -1.411049680700E-007  5.149989626969E-008 -1.787549891796E-008
  3.422101220608E+001  1.291993727721E+000 -8.874766486118E-008  3.307469837159E-008 -1.181499025825E-008
  3.554980447538E+001  1.366519436102E+000 -5.382282485734E-008  2.044638902040E-008 -7.492893137687E-009
  3.695599813319E+001  1.446888389511E+000 -3.139565417242E-008  1.213847255313E-008 -4.551318590059E-009
  3.844572291106E+001  1.533684690030E+000 -1.756460502105E-008  6.902251082725E-009 -2.641992721950E-009
  4.002572758518E+001  1.627563929686E+000 -9.395197601312E-009  3.747975830303E-009 -1.461762802382E-009
  4.170345654134E+001  1.729263610453E+000 -4.787955573962E-009  1.936942583334E-009 -7.684636499373E-010
  4.348713762001E+001  1.839615336740E+000 -2.315666407142E-009  9.490821897844E-010 -3.824881144406E-010
  4.538588318162E+001  1.959559126947E+000 -1.058265380196E-009  4.390462246766E-010 -1.795106084912E-010
  4.740980671574E+001  2.090160267552E+000 -4.547768962367E-010  1.908376362551E-010 -7.907366873306E-011
  4.957015778746E+001  2.232629229408E+000 -1.827817511258E-010  7.752492746108E-011 -3.252168901933E-011
  5.187947869225E+001  2.388345286640E+000 -6.829091718285E-011  2.925729141951E-011 -1.241511928344E-011
  5.435178690397E+001  2.558884630889E+000 -2.355778390130E-011  1.018852844748E-011 -4.369915741776E-012
  5.700278828629E+001  2.746053966795E+000 -7.446085846382E-012  3.249187708744E-012 -1.407583145603E-012
  5.985012714155E+001  2.951930820846E+000 -2.137991175572E-012  9.408156497460E-013 -4.113985934617E-013
  6.291368055481E+001  3.178912111311E+000 -5.522660685528E-013  2.449611221885E-013 -1.080589026308E-013
  6.621590623276E+001  3.429772933797E+000 -1.269343211938E-013  5.672712467471E-014 -2.523056504387E-014
  6.978225524452E+001  3.707738044625E+000 -2.563752899292E-014  1.153921789605E-014 -5.172160760505E-015
  7.364166388185E+001  4.016569212832E+000 -4.486072414554E-015  2.032788185324E-015 -9.178051433722E-016
  7.782714245929E+001  4.360672516382E+000 -6.691100118902E-016  3.051381558352E-016 -1.387188925425E-016
  8.237648351994E+001  4.745230855210E+000 -8.350004463037E-017  3.831031143897E-017 -1.752938231162E-017
  8.733311794503E+001  5.176368549127E+000 -8.533642975052E-018  3.937845900564E-018 -1.812859856918E-018
  9.274715535088E+001  5.661357031559E+000 -6.967879126402E-019  3.232905873645E-019 -1.496946659432E-019
  9.867665554529E+001  6.208873552072E+000 -4.417019750713E-020  2.060012554892E-020 -9.590767966931E-021
  1.051891916055E+002  6.829328764649E+000 -2.102381146687E-021  9.853402706349E-022 -4.611167490866E-022
  1.123637836013E+002  7.535284543316E+000 -7.225471601246E-023  3.402257335342E-023 -1.599968505715E-023
  1.202933069206E+002  8.341990973528E+000 -1.712459967606E-024  8.099248867436E-025 -3.826431361133E-025
  1.290875131414E+002  9.268082166539E+000 -2.650666292652E-026  1.258939024571E-026 -5.973794465997E-027
  1.388768482001E+002  1.033648575811E+001 -2.511763947523E-028  1.197733357683E-028 -5.706886370622E-029
  1.498173177370E+002  1.157562284364E+001 -1.348575287054E-030  6.455034682801E-031 -3.087687694723E-031
  1.620967411853E+002  1.302100699722E+001 -3.737217416408E-033  1.795262151286E-033 -8.619165502338E-034
  1.759428668168E+002  1.471739812515E+001 -4.773818823530E-036  2.301012745305E-036 -1.108587589179E-036
  1.916340085825E+002  1.672173748087E+001 -2.447682383861E-039  1.183592756158E-039 -5.721130806923E-040
  2.095131417987E+002  1.910719757888E+001 -4.247650875021E-043  2.060220089753E-043 -9.989419781921E-044
  2.300068054477E+002  2.196884699990E+001 -2.017857156383E-047  9.815192977119E-048 -4.773031012514E-048
  2.536507797910E+002  2.543169216868E+001 -2.009872298540E-052  9.802773674848E-053 -4.780109066473E-053
  2.811254638474E+002  2.966227967912E+001 -2.991221597077E-058  1.462621246651E-058 -7.150583301103E-059
  3.133053780630E+002  3.488573552677E+001 -4.302705951967E-065  2.108921763901E-065 -1.033524165359E-065
  3.513296254502E+002  4.141128389041E+001 -3.390985609877E-073  1.665769352208E-073 -8.181966088323E-074
  3.967041014106E+002  4.967130404214E+001 -6.911652057535E-083  3.402336270124E-083 -1.674699188168E-083
  4.514529193349E+002  6.028257212519E+001 -1.327850935088E-094  6.549211909534E-095 -3.229991583409E-095
  5.183481233601E+002  7.414493328740E+001 -6.032516576105E-109  2.980725200327E-109 -1.472735576831E-109
  6.012676077950E+002  9.260523890243E+001 -9.360101200180E-127  4.632637468641E-127 -2.292772270812E-127
  7.057700503752E+002  1.177394213729E+002 -3.094444635645E-149  1.533898768989E-149 -7.603258525105E-150
  8.400513767914E+002  1.528577972397E+002 -3.642330940925E-178  1.808017103591E-178 -8.974660099749E-179
  1.016602135495E+003  2.034537342122E+002 -2.984358903545E-216  1.483294025148E-216 -7.372219354414E-217
  1.255220715580E+003  2.790860613466E+002 -8.637707535985E-268  4.298060738553E-268 -2.138667223266E-268
  1.588815776243E+003  3.973705897531E+002  0.000000000000E+000  0.000000000000E+000  0.000000000000E+000
  2.075392011604E+003  5.931596040112E+002  0.000000000000E+000  0.000000000000E+000  0.000000000000E+000
  2.825079847529E+003  9.419154890021E+002  0.000000000000E+000  0.000000000000E+000  0.000000000000E+000
  4.068408296184E+003  1.627629972033E+003  0.000000000000E+000  0.000000000000E+000  0.000000000000E+000
  6.357262947674E+003  3.178964796686E+003  0.000000000000E+000  0.000000000000E+000  0.000000000000E+000
  1.130231930164E+004  7.535323971013E+003  0.000000000000E+000  0.000000000000E+000  0.000000000000E+000
  2.543105175140E+004  2.543171841285E+004  0.000000000000E+000  0.000000000000E+000  0.000000000000E+000
  1.017262069958E+005  2.034537473226E+005  0.000000000000E+000  0.000000000000E+000  0.000000000000E+000
