# 1st line: number of mesh points
# abcissa weight wavefunction wavefunction_1st wavefunction_2nd
500
# Principal QN=   1 , l=   1 , Occupation=   4.0000
  9.830308526508E-006  1.966074589941E-005  1.476839080639E-004  1.502275833775E+001 -1.150426560988E+002
  3.932200719717E-005  3.932303800261E-005  5.906805434510E-004  1.501936584516E+001 -1.150215818587E+002
  8.847741541455E-005  5.898842277178E-005  1.328824656192E-003  1.501371277555E+001 -1.149864620912E+002
  1.573003992804E-004  7.865844718600E-005  2.361840884505E-003  1.500580075585E+001 -1.149373027499E+002
  2.457963722417E-004  9.833465899987E-005  3.689343837061E-003  1.499563206364E+001 -1.148741121796E+002
  3.539722959954E-004  1.180186070023E-004  5.310838208240E-003  1.498320962695E+001 -1.147969011252E+002
  4.818366816528E-004  1.377118412759E-004  7.225718926407E-003  1.496853702403E+001 -1.147056827444E+002
  6.293995911626E-004  1.574159134560E-004  9.433271335304E-003  1.495161848310E+001 -1.146004726222E+002
  7.966726389934E-004  1.771323769912E-004  1.193267140865E-002  1.493245888206E+001 -1.144812887881E+002
  9.836689940782E-004  1.968627874036E-004  1.472298599805E-002  1.491106374805E+001 -1.143481517364E+002
  1.190403382016E-003  2.166087025496E-004  1.780317311437E-002  1.488743925704E+001 -1.142010844480E+002
  1.416892087541E-003  2.363716828821E-004  2.117208224269E-002  1.486159223336E+001 -1.140401124157E+002
  1.663152957245E-003  2.561532917128E-004  2.482845469099E-002  1.483353014906E+001 -1.138652636714E+002
  1.929205402573E-003  2.759550954757E-004  2.877092397279E-002  1.480326112333E+001 -1.136765688150E+002
  2.215070403074E-003  2.957786639908E-004  3.299801622387E-002  1.477079392177E+001 -1.134740610466E+002
  2.520770509919E-003  3.156255707300E-004  3.750815065330E-002  1.473613795556E+001 -1.132577762003E+002
  2.846329849692E-003  3.354973930828E-004  4.229964002901E-002  1.469930328059E+001 -1.130277527798E+002
  3.191774128432E-003  3.553957126240E-004  4.737069119808E-002  1.466030059648E+001 -1.127840319960E+002
  3.557130635959E-003  3.753221153821E-004  5.271940564197E-002  1.461914124549E+001 -1.125266578072E+002
  3.942428250463E-003  3.952781921092E-004  5.834378006707E-002  1.457583721134E+001 -1.122556769598E+002
  4.347697443358E-003  4.152655385525E-004  6.424170703057E-002  1.453040111791E+001 -1.119711390317E+002
  4.772970284417E-003  4.352857557265E-004  7.041097560218E-002  1.448284622781E+001 -1.116730964763E+002
  5.218280447175E-003  4.553404501876E-004  7.684927206175E-002  1.443318644082E+001 -1.113616046684E+002
  5.683663214611E-003  4.754312343099E-004  8.355418063319E-002  1.438143629224E+001 -1.110367219513E+002
  6.169155485101E-003  4.955597265624E-004  9.052318425492E-002  1.432761095102E+001 -1.106985096846E+002
  6.674795778653E-003  5.157275517886E-004  9.775366538707E-002  1.427172621782E+001 -1.103470322934E+002
  7.200624243425E-003  5.359363414876E-004  1.052429068558E-001  1.421379852283E+001 -1.099823573180E+002
  7.746682662519E-003  5.561877340970E-004  1.129880927349E-001  1.415384492351E+001 -1.096045554643E+002
  8.313014461060E-003  5.764833752781E-004  1.209863092652E-001  1.409188310206E+001 -1.092137006549E+002
  8.899664713569E-003  5.968249182030E-004  1.292345458115E-001  1.402793136278E+001 -1.088098700799E+002
  9.506680151615E-003  6.172140238444E-004  1.377296958582E-001  1.396200862919E+001 -1.083931442489E+002
  1.013410917176E-002  6.376523612666E-004  1.464685580428E-001  1.389413444094E+001 -1.079636070420E+002
  1.078200184380E-002  6.581416079202E-004  1.554478372280E-001  1.382432895058E+001 -1.075213457612E+002
  1.145040991929E-002  6.786834499385E-004  1.646641456138E-001  1.375261291999E+001 -1.070664511814E+002
  1.213938684040E-002  6.992795824361E-004  1.741140038869E-001  1.367900771671E+001 -1.065990176004E+002
  1.284898774901E-002  7.199317098113E-004  1.837938424114E-001  1.360353530987E+001 -1.061191428892E+002
  1.357926949620E-002  7.406415460502E-004  1.937000024571E-001  1.352621826606E+001 -1.056269285404E+002
  1.433029065191E-002  7.614108150341E-004  2.038287374694E-001  1.344707974474E+001 -1.051224797164E+002
  1.510211151509E-002  7.822412508494E-004  2.141762143777E-001  1.336614349355E+001 -1.046059052952E+002
  1.589479412397E-002  8.031345981016E-004  2.247385149441E-001  1.328343384324E+001 -1.040773179168E+002
  1.670840226680E-002  8.240926122311E-004  2.355116371533E-001  1.319897570234E+001 -1.035368340254E+002
  1.754300149280E-002  8.451170598329E-004  2.464914966409E-001  1.311279455155E+001 -1.029845739124E+002
  1.839865912351E-002  8.662097189796E-004  2.576739281640E-001  1.302491643778E+001 -1.024206617554E+002
  1.927544426443E-002  8.873723795480E-004  2.690546871104E-001  1.293536796793E+001 -1.018452256565E+002
  2.017342781695E-002  9.086068435487E-004  2.806294510499E-001  1.284417630230E+001 -1.012583976772E+002
  2.109268249069E-002  9.299149254598E-004  2.923938213243E-001  1.275136914771E+001 -1.006603138717E+002
  2.203328281612E-002  9.512984525641E-004  3.043433246791E-001  1.265697475025E+001 -1.000511143170E+002
  2.299530515754E-002  9.727592652906E-004  3.164734149348E-001  1.256102188768E+001 -9.943094313997E+001
  2.397882772639E-002  9.942992175591E-004  3.287794746985E-001  1.246353986150E+001 -9.879994854218E+001
  2.498393059493E-002  1.015920177130E-003  3.412568171154E-001  1.236455848865E+001 -9.815828282064E+001
  2.601069571024E-002  1.037624025957E-003  3.539006876600E-001  1.226410809283E+001 -9.750610238568E+001
  2.705920690860E-002  1.059412660547E-003  3.667062659677E-001  1.216221949545E+001 -9.684356777516E+001
  2.812954993023E-002  1.081287992318E-003  3.796686677044E-001  1.205892400622E+001 -9.617084366495E+001
  2.922181243436E-002  1.103251947969E-003  3.927829464763E-001  1.195425341331E+001 -9.548809887559E+001
  3.033608401473E-002  1.125306469854E-003  4.060440957773E-001  1.184823997318E+001 -9.479550637485E+001
  3.147245621542E-002  1.147453516351E-003  4.194470509755E-001  1.174091639994E+001 -9.409324327626E+001
  3.263102254705E-002  1.169695062249E-003  4.329866913371E-001  1.163231585437E+001 -9.338149083312E+001
  3.381187850339E-002  1.192033099133E-003  4.466578420871E-001  1.152247193253E+001 -9.266043442828E+001
  3.501512157837E-002  1.214469635775E-003  4.604552765076E-001  1.141141865394E+001 -9.193026355912E+001
  3.624085128345E-002  1.237006698530E-003  4.743737180716E-001  1.129919044934E+001 -9.119117181793E+001
  3.748916916538E-002  1.259646331739E-003  4.884078426122E-001  1.118582214810E+001 -9.044335686743E+001
  3.876017882444E-002  1.282390598136E-003  5.025522805268E-001  1.107134896517E+001 -8.968702041127E+001
  4.005398593302E-002  1.305241579266E-003  5.168016190151E-001  1.095580648761E+001 -8.892236815951E+001
  4.137069825459E-002  1.328201375897E-003  5.311504043501E-001  1.083923066075E+001 -8.814960978890E+001
  4.271042566323E-002  1.351272108452E-003  5.455931441814E-001  1.072165777391E+001 -8.736895889793E+001
  4.407328016341E-002  1.374455917436E-003  5.601243098703E-001  1.060312444574E+001 -8.658063295645E+001
  4.545937591035E-002  1.397754963880E-003  5.747383388539E-001  1.048366760910E+001 -8.578485324992E+001
  4.686882923075E-002  1.421171429779E-003  5.894296370398E-001  1.036332449558E+001 -8.498184481816E+001
  4.830175864396E-002  1.444707518548E-003  6.041925812280E-001  1.024213261963E+001 -8.417183638848E+001
  4.975828488365E-002  1.468365455478E-003  6.190215215603E-001  1.012012976226E+001 -8.335506030322E+001
  5.123853091993E-002  1.492147488203E-003  6.339107839950E-001  9.997353954374E+000 -8.253175244167E+001
  5.274262198188E-002  1.516055887169E-003  6.488546728058E-001  9.873843459709E+000 -8.170215213624E+001
  5.427068558066E-002  1.540092946119E-003  6.638474731044E-001  9.749636757407E+000 -8.086650208295E+001
  5.582285153302E-002  1.564260982573E-003  6.788834533842E-001  9.624772524218E+000 -8.002504824618E+001
  5.739925198530E-002  1.588562338332E-003  6.939568680842E-001  9.499289616342E+000 -7.917803975769E+001
  5.900002143803E-002  1.612999379973E-003  7.090619601715E-001  9.373227050918E+000 -7.832572880993E+001
  6.062529677088E-002  1.637574499364E-003  7.241929637411E-001  9.246623987184E+000 -7.746837054364E+001
  6.227521726827E-002  1.662290114181E-003  7.393441066301E-001  9.119519707301E+000 -7.660622292977E+001
  6.394992464542E-002  1.687148668440E-003  7.545096130471E-001  8.991953596864E+000 -7.573954664578E+001
  6.564956307496E-002  1.712152633027E-003  7.696837062119E-001  8.863965125113E+000 -7.486860494636E+001
  6.737427921404E-002  1.737304506249E-003  7.848606110063E-001  8.735593824854E+000 -7.399366352865E+001
  6.912422223211E-002  1.762606814387E-003  8.000345566324E-001  8.606879272105E+000 -7.311499039197E+001
  7.089954383907E-002  1.788062112257E-003  8.151997792778E-001  8.477861065487E+000 -7.223285569224E+001
  7.270039831418E-002  1.813672983787E-003  8.303505247843E-001  8.348578805374E+000 -7.134753159116E+001
  7.452694253540E-002  1.839442042599E-003  8.454810513199E-001  8.219072072814E+000 -7.045929210020E+001
  7.637933600943E-002  1.865371932600E-003  8.605856320498E-001  8.089380408251E+000 -6.956841291960E+001
  7.825774090225E-002  1.891465328589E-003  8.756585578066E-001  7.959543290055E+000 -6.867517127246E+001
  8.016232207035E-002  1.917724936867E-003  8.906941397556E-001  7.829600112886E+000 -6.777984573414E+001
  8.209324709253E-002  1.944153495867E-003  9.056867120543E-001  7.699590165913E+000 -6.688271605700E+001
  8.405068630235E-002  1.970753776782E-003  9.206306345030E-001  7.569552610908E+000 -6.598406299076E+001
  8.603481282122E-002  1.997528584221E-003  9.355202951855E-001  7.439526460233E+000 -6.508416809867E+001
  8.804580259214E-002  2.024480756857E-003  9.503501130959E-001  7.309550554751E+000 -6.418331356956E+001
  9.008383441408E-002  2.051613168108E-003  9.651145407500E-001  7.179663541681E+000 -6.328178202611E+001
  9.214908997710E-002  2.078928726810E-003  9.798080667801E-001  7.049903852413E+000 -6.237985632947E+001
  9.424175389809E-002  2.106430377918E-003  9.944252185085E-001  6.920309680325E+000 -6.147781938049E+001
  9.636201375725E-002  2.134121103210E-003  1.008960564499E+000  6.790918958610E+000 -6.057595391779E+001
  9.851006013526E-002  2.162003922007E-003  1.023408717084E+000  6.661769338153E+000 -5.967454231294E+001
  1.006860866512E-001  2.190081891910E-003  1.037764334865E+000  6.532898165473E+000 -5.877386636292E+001
  1.028902900012E-001  2.218358109541E-003  1.052022125180E+000  6.404342460765E+000 -5.787420708029E+001
  1.051228699979E-001  2.246835711311E-003  1.066176846542E+000  6.276138896066E+000 -5.697584448120E+001
  1.073840296104E-001  2.275517874190E-003  1.080223311047E+000  6.148323773577E+000 -5.607905737153E+001
  1.096739750056E-001  2.304407816497E-003  1.094156386734E+000  6.020933004162E+000 -5.518412313163E+001
  1.119929155896E-001  2.333508798707E-003  1.107970999915E+000  5.894002086057E+000 -5.429131749973E+001
  1.143410640503E-001  2.362824124271E-003  1.121662137465E+000  5.767566083824E+000 -5.340091435447E+001
  1.167186364011E-001  2.392357140448E-003  1.135224849057E+000  5.641659607566E+000 -5.251318549691E+001
  1.191258520249E-001  2.422111239159E-003  1.148654249364E+000  5.516316792444E+000 -5.162840043220E+001
  1.215629337189E-001  2.452089857854E-003  1.161945520202E+000  5.391571278517E+000 -5.074682615138E+001
  1.240301077413E-001  2.482296480400E-003  1.175093912630E+000  5.267456190943E+000 -4.986872691356E+001
  1.265276038575E-001  2.512734637975E-003  1.188094748992E+000  5.144004120564E+000 -4.899436402895E+001
  1.290556553882E-001  2.543407909995E-003  1.200943424907E+000  5.021247104906E+000 -4.812399564289E+001
  1.316144992580E-001  2.574319925047E-003  1.213635411200E+000  4.899216609622E+000 -4.725787652146E+001
  1.342043760450E-001  2.605474361847E-003  1.226166255775E+000  4.777943510417E+000 -4.639625783888E+001
  1.368255300316E-001  2.636874950214E-003  1.238531585428E+000  4.657458075467E+000 -4.553938696710E+001
  1.394782092560E-001  2.668525472060E-003  1.250727107592E+000  4.537789948371E+000 -4.468750726804E+001
  1.421626655646E-001  2.700429762411E-003  1.262748612027E+000  4.418968131672E+000 -4.384085788861E+001
  1.448791546661E-001  2.732591710434E-003  1.274591972430E+000  4.301020970952E+000 -4.299967355922E+001
  1.476279361856E-001  2.765015260497E-003  1.286253147992E+000  4.183976139554E+000 -4.216418439578E+001
  1.504092737207E-001  2.797704413242E-003  1.297728184873E+000  4.067860623936E+000 -4.133461570593E+001
  1.532234348983E-001  2.830663226680E-003  1.309013217611E+000  3.952700709700E+000 -4.051118779948E+001
  1.560706914324E-001  2.863895817319E-003  1.320104470462E+000  3.838521968307E+000 -3.969411580380E+001
  1.589513191834E-001  2.897406361298E-003  1.330998258659E+000  3.725349244516E+000 -3.888360948423E+001
  1.618655982178E-001  2.931199095559E-003  1.341690989602E+000  3.613206644558E+000 -3.807987307004E+001
  1.648138128702E-001  2.965278319033E-003  1.352179163969E+000  3.502117525074E+000 -3.728310508622E+001
  1.677962518056E-001  2.999648393860E-003  1.362459376753E+000  3.392104482841E+000 -3.649349819143E+001
  1.708132080832E-001  3.034313746623E-003  1.372528318221E+000  3.283189345299E+000 -3.571123902257E+001
  1.738649792215E-001  3.069278869616E-003  1.382382774795E+000  3.175393161903E+000 -3.493650804614E+001
  1.769518672648E-001  3.104548322136E-003  1.392019629851E+000  3.068736196317E+000 -3.416947941681E+001
  1.800741788507E-001  3.140126731803E-003  1.401435864446E+000  2.963237919469E+000 -3.341032084352E+001
  1.832322252791E-001  3.176018795904E-003  1.410628557966E+000  2.858917003474E+000 -3.265919346340E+001
  1.864263225826E-001  3.212229282769E-003  1.419594888683E+000  2.755791316452E+000 -3.191625172376E+001
  1.896567915983E-001  3.248763033179E-003  1.428332134251E+000  2.653877918237E+000 -3.118164327251E+001
  1.929239580409E-001  3.285624961791E-003  1.436837672115E+000  2.553193057001E+000 -3.045550885722E+001
  1.962281525771E-001  3.322820058613E-003  1.445108979834E+000  2.453752166800E+000 -2.973798223309E+001
  1.995697109023E-001  3.360353390492E-003  1.453143635347E+000  2.355569866036E+000 -2.902919008011E+001
  2.029489738173E-001  3.398230102644E-003  1.460939317140E+000  2.258659956860E+000 -2.832925192960E+001
  2.063662873085E-001  3.436455420218E-003  1.468493804356E+000  2.163035425505E+000 -2.763828010026E+001
  2.098220026275E-001  3.475034649885E-003  1.475804976817E+000  2.068708443558E+000 -2.695637964412E+001
  2.133164763746E-001  3.513973181471E-003  1.482870814982E+000  1.975690370166E+000 -2.628364830239E+001
  2.168500705817E-001  3.553276489620E-003  1.489689399831E+000  1.883991755175E+000 -2.562017647139E+001
  2.204231527988E-001  3.592950135496E-003  1.496258912672E+000  1.793622343204E+000 -2.496604717876E+001
  2.240360961807E-001  3.632999768520E-003  1.502577634891E+000  1.704591078637E+000 -2.432133607006E+001
  2.276892795770E-001  3.673431128145E-003  1.508643947629E+000  1.616906111528E+000 -2.368611140574E+001
  2.313830876220E-001  3.714250045674E-003  1.514456331395E+000  1.530574804421E+000 -2.306043406868E+001
  2.351179108282E-001  3.755462446115E-003  1.520013365618E+000  1.445603740047E+000 -2.244435758232E+001
  2.388941456809E-001  3.797074350078E-003  1.525313728138E+000  1.361998729911E+000 -2.183792813933E+001
  2.427121947345E-001  3.839091875711E-003  1.530356194646E+000  1.279764823729E+000 -2.124118464092E+001
  2.465724667110E-001  3.881521240686E-003  1.535139638059E+000  1.198906319709E+000 -2.065415874671E+001
  2.504753766009E-001  3.924368764227E-003  1.539663027852E+000  1.119426775659E+000 -2.007687493513E+001
  2.544213457654E-001  3.967640869177E-003  1.543925429340E+000  1.041329020875E+000 -1.950935057426E+001
  2.584108020414E-001  4.011344084122E-003  1.547926002911E+000  9.646151688162E-001 -1.895159600307E+001
  2.624441798480E-001  4.055485045557E-003  1.551664003221E+000  8.892866305130E-001 -1.840361462285E+001
  2.665219202956E-001  4.100070500102E-003  1.555138778349E+000  8.153441286920E-001 -1.786540299875E+001
  2.706444712976E-001  4.145107306769E-003  1.558349768913E+000  7.427877125825E-001 -1.733695097127E+001
  2.748122876832E-001  4.190602439283E-003  1.561296507159E+000  6.716167733713E-001 -1.681824177738E+001
  2.790258313137E-001  4.236562988450E-003  1.563978616020E+000  6.018300602694E-001 -1.630925218124E+001
  2.832855712010E-001  4.282996164587E-003  1.566395808149E+000  5.334256971554E-001 -1.580995261408E+001
  2.875919836279E-001  4.329909300005E-003  1.568547884935E+000  4.664011997534E-001 -1.532030732308E+001
  2.919455522717E-001  4.377309851548E-003  1.570434735494E+000  4.007534933075E-001 -1.484027452892E+001
  2.963467683296E-001  4.425205403192E-003  1.572056335657E+000  3.364789307087E-001 -1.436980659165E+001
  3.007961306479E-001  4.473603668706E-003  1.573412746942E+000  2.735733110300E-001 -1.390885018455E+001
  3.052941458522E-001  4.522512494374E-003  1.574504115523E+000  2.120318984262E-001 -1.345734647566E+001
  3.098413284823E-001  4.571939861783E-003  1.575330671194E+000  1.518494413494E-001 -1.301523131645E+001
  3.144382011281E-001  4.621893890671E-003  1.575892726342E+000  9.302019203324E-002 -1.258243543734E+001
  3.190852945695E-001  4.672382841850E-003  1.576190674918E+000  3.553792619800E-002 -1.215888464959E+001
  3.237831479192E-001  4.723415120192E-003  1.576224991427E+000 -2.060403707557E-002 -1.174450005305E+001
  3.285323087679E-001  4.774999277691E-003  1.575996229922E+000 -7.541281535246E-002 -1.133919824939E+001
  3.333333333333E-001  4.827144016591E-003  1.575505023020E+000 -1.288959427820E-001 -1.094289156017E+001
  3.381867866117E-001  4.879858192602E-003  1.574752080943E+000 -1.810613500204E-001 -1.055548824940E+001
  3.430932425333E-001  4.933150818173E-003  1.573738190575E+000 -2.319173441890E-001 -1.017689274994E+001
  3.480532841203E-001  4.987031065868E-003  1.572464214552E+000 -2.814725889218E-001 -9.807005893183E+000
  3.530675036492E-001  5.041508271801E-003  1.570931090379E+000 -3.297360845525E-001 -9.445725141572E+000
  3.581365028158E-001  5.096591939172E-003  1.569139829588E+000 -3.767171484955E-001 -9.092944823277E+000
  3.632608929041E-001  5.152291741875E-003  1.567091516919E+000 -4.224253958706E-001 -8.748556368484E+000
  3.684412949588E-001  5.208617528209E-003  1.564787309557E+000 -4.668707204242E-001 -8.412448546710E+000
  3.736783399619E-001  5.265579324662E-003  1.562228436397E+000 -5.100632757960E-001 -8.084507704537E+000
  3.789726690123E-001  5.323187339805E-003  1.559416197357E+000 -5.520134571820E-001 -7.764618003170E+000
  3.843249335105E-001  5.381451968273E-003  1.556351962741E+000 -5.927318834412E-001 -7.452661655214E+000
  3.897357953460E-001  5.440383794842E-003  1.553037172642E+000 -6.322293796935E-001 -7.148519160053E+000
  3.952059270903E-001  5.499993598618E-003  1.549473336400E+000 -6.705169604546E-001 -6.852069537238E+000
  4.007360121927E-001  5.560292357317E-003  1.545662032104E+000 -7.076058133504E-001 -6.563190557279E+000
  4.063267451812E-001  5.621291251662E-003  1.541604906150E+000 -7.435072834548E-001 -6.281758969235E+000
  4.119788318683E-001  5.683001669888E-003  1.537303672847E+000 -7.782328582887E-001 -6.007650724527E+000
  4.176929895600E-001  5.745435212354E-003  1.532760114074E+000 -8.117941535187E-001 -5.740741196381E+000
  4.234699472710E-001  5.808603696282E-003  1.527976078991E+000 -8.442028993902E-001 -5.480905394335E+000
  4.293104459435E-001  5.872519160606E-003  1.522953483796E+000 -8.754709279273E-001 -5.228018173266E+000
  4.352152386716E-001  5.937193870949E-003  1.517694311534E+000 -9.056101609283E-001 -4.981954436372E+000
  4.411850909306E-001  6.002640324729E-003  1.512200611959E+000 -9.346325987841E-001 -4.742589331623E+000
  4.472207808110E-001  6.068871256391E-003  1.506474501431E+000 -9.625503101417E-001 -4.509798441151E+000
  4.533230992589E-001  6.135899642772E-003  1.500518162870E+000 -9.893754224338E-001 -4.283457963110E+000
  4.594928503202E-001  6.203738708611E-003  1.494333845745E+000 -1.015120113289E+000 -4.063444885562E+000
  4.657308513924E-001  6.272401932198E-003  1.487923866107E+000 -1.039796602839E+000 -3.849637151948E+000
  4.720379334802E-001  6.341903051163E-003  1.481290606653E+000 -1.063417146923E+000 -3.641913817752E+000
  4.784149414579E-001  6.412256068427E-003  1.474436516828E+000 -1.085994031211E+000 -3.440155197991E+000
  4.848627343381E-001  6.483475258298E-003  1.467364112954E+000 -1.107539566226E+000 -3.244243005191E+000
  4.913821855461E-001  6.555575172733E-003  1.460075978384E+000 -1.128066083278E+000 -3.054060477549E+000
  4.979741832006E-001  6.628570647764E-003  1.452574763675E+000 -1.147585931302E+000 -2.869492497020E+000
  5.046396304008E-001  6.702476810086E-003  1.444863186780E+000 -1.166111474571E+000 -2.690425697093E+000
  5.113794455212E-001  6.777309083830E-003  1.436944033244E+000 -1.183655091301E+000 -2.516748560066E+000
  5.181945625116E-001  6.853083197508E-003  1.428820156409E+000 -1.200229173092E+000 -2.348351503679E+000
  5.250859312060E-001  6.929815191146E-003  1.420494477619E+000 -1.215846125213E+000 -2.185126956983E+000
  5.320545176366E-001  7.007521423604E-003  1.411969986408E+000 -1.230518367677E+000 -2.026969425392E+000
  5.391013043575E-001  7.086218580100E-003  1.403249740687E+000 -1.244258337099E+000 -1.873775544877E+000
  5.462272907741E-001  7.165923679926E-003  1.394336866899E+000 -1.257078489275E+000 -1.725444125336E+000
  5.534334934816E-001  7.246654084380E-003  1.385234560151E+000 -1.268991302468E+000 -1.581876183198E+000
  5.607209466109E-001  7.328427504912E-003  1.375946084312E+000 -1.280009281336E+000 -1.442974963361E+000
  5.680907021827E-001  7.411262011483E-003  1.366474772070E+000 -1.290144961464E+000 -1.308645950625E+000
  5.755438304707E-001  7.495176041166E-003  1.356824024931E+000 -1.299410914456E+000 -1.178796870813E+000
  5.830814203728E-001  7.580188406970E-003  1.346997313175E+000 -1.307819753514E+000 -1.053337681809E+000
  5.907045797917E-001  7.666318306912E-003  1.336998175734E+000 -1.315384139467E+000 -9.321805548092E-001
  5.984144360243E-001  7.753585333338E-003  1.326830220011E+000 -1.322116787174E+000 -8.152398460982E-001
  6.062121361613E-001  7.842009482502E-003  1.316497121610E+000 -1.328030472249E+000 -7.024320597217E-001
  6.140988474955E-001  7.931611164409E-003  1.306002623983E+000 -1.333138038034E+000 -5.936758014561E-001
  6.220757579409E-001  8.022411212936E-003  1.295350537985E+000 -1.337452402763E+000 -4.888917245192E-001
  6.301440764614E-001  8.114430896230E-003  1.284544741329E+000 -1.340986566832E+000 -3.880024675020E-001
  6.383050335109E-001  8.207691927403E-003  1.273589177924E+000 -1.343753620123E+000 -2.909325850338E-001
  6.465598814833E-001  8.302216475524E-003  1.262487857116E+000 -1.345766749298E+000 -1.976084717277E-001
  6.549098951744E-001  8.398027176926E-003  1.251244852789E+000 -1.347039244992E+000 -1.079582799822E-001
  6.633563722545E-001  8.495147146827E-003  1.239864302355E+000 -1.347584508833E+000 -2.191183224287E-002
  6.719006337539E-001  8.593599991288E-003  1.228350405600E+000 -1.347416060224E+000  6.059947164858E-002
  6.805440245593E-001  8.693409819506E-003  1.216707423405E+000 -1.346547542801E+000  1.396427513670E-001
  6.892879139233E-001  8.794601256469E-003  1.204939676310E+000 -1.344992730501E+000  2.152837466112E-001
  6.981336959871E-001  8.897199455961E-003  1.193051542947E+000 -1.342765533183E+000  2.875869205223E-001
  7.070827903152E-001  9.001230113956E-003  1.181047458311E+000 -1.339880001706E+000  3.566155653179E-001
  7.161366424455E-001  9.106719482390E-003  1.168931911884E+000 -1.336350332426E+000  4.224319094406E-001
  7.252967244510E-001  9.213694383338E-003  1.156709445604E+000 -1.332190871027E+000  4.850972255110E-001
  7.345645355186E-001  9.322182223606E-003  1.144384651675E+000 -1.327416115641E+000  5.446719383814E-001
  7.439416025400E-001  9.432211009745E-003  1.131962170220E+000 -1.322040719188E+000  6.012157325824E-001
  7.534294807203E-001  9.543809363512E-003  1.119446686775E+000 -1.316079490887E+000  6.547876584685E-001
  7.630297542000E-001  9.657006537783E-003  1.106842929627E+000 -1.309547396892E+000  7.054462363753E-001
  7.727440366954E-001  9.771832432940E-003  1.094155666998E+000 -1.302459560001E+000  7.532495581206E-001
  7.825739721536E-001  9.888317613741E-003  1.081389704064E+000 -1.294831258406E+000  7.982553851962E-001
  7.925212354258E-001  1.000649332670E-002  1.068549879840E+000 -1.286677923439E+000  8.405212430254E-001
  8.025875329584E-001  1.012639151798E-002  1.055641063905E+000 -1.278015136301E+000  8.801045106849E-001
  8.127746035011E-001  1.024804485184E-002  1.042668152986E+000 -1.268858623736E+000  9.170625055214E-001
  8.230842188350E-001  1.037148672960E-002  1.029636067410E+000 -1.259224252636E+000  9.514525621286E-001
  8.335181845190E-001  1.049675130923E-002  1.016549747426E+000 -1.249128023580E+000  9.833321051881E-001
  8.440783406568E-001  1.062387352550E-002  1.003414149394E+000 -1.238586063278E+000  1.012758715717E+000
  8.547665626839E-001  1.075288911077E-002  9.902342418715E-001 -1.227614615957E+000  1.039790190310E+000
  8.655847621758E-001  1.088383461638E-002  9.770150015830E-001 -1.216230033660E+000  1.064484593017E+000
  8.765348876780E-001  1.101674743475E-002  9.637614093016E-001 -1.204448765510E+000  1.086900299532E+000
  8.876189255584E-001  1.115166582209E-002  9.504784456382E-001 -1.192287345939E+000  1.107096033442E+000
  8.988389008829E-001  1.128862892191E-002  9.371710867581E-001 -1.179762381924E+000  1.125130894310E+000
  9.101968783143E-001  1.142767678917E-002  9.238443000342E-001 -1.166890539267E+000  1.141064377461E+000
  9.216949630368E-001  1.156885041525E-002  9.105030396490E-001 -1.153688527961E+000  1.154956385352E+000
  9.333353017046E-001  1.171219175365E-002  8.971522421580E-001 -1.140173086690E+000  1.166867230504E+000
  9.451200834176E-001  1.185774374655E-002  8.837968220295E-001 -1.126360966528E+000  1.176857630000E+000
  9.570515407237E-001  1.200555035216E-002  8.704416671731E-001 -1.112268913900E+000  1.184988691641E+000
  9.691319506484E-001  1.215565657299E-002  8.570916344714E-001 -1.097913652866E+000  1.191321891881E+000
  9.813636357544E-001  1.230810848498E-002  8.437515453303E-001 -1.083311866812E+000  1.195919045747E+000
  9.937489652293E-001  1.246295326757E-002  8.304261812610E-001 -1.068480179624E+000  1.198842268977E+000
  1.006290356005E+000  1.262023923477E-002  8.171202795099E-001 -1.053435136432E+000  1.200153932692E+000
  1.018990273907E+000  1.278001586715E-002  8.038385287505E-001 -1.038193184013E+000  1.199916610956E+000
  1.031851234841E+000  1.294233384499E-002  7.905855648517E-001 -1.022770650937E+000  1.198193021617E+000
  1.044875806003E+000  1.310724508236E-002  7.773659667380E-001 -1.007183727567E+000  1.195045960896E+000
  1.058066607138E+000  1.327480276248E-002  7.641842523540E-001 -9.914484459964E-001  1.190538232221E+000
  1.071426311823E+000  1.344506137405E-002  7.510448747497E-001 -9.755806600322E-001  1.184732569824E+000
  1.084957648792E+000  1.361807674895E-002  7.379522182974E-001 -9.595960253177E-001  1.177691557705E+000
  1.098663403298E+000  1.379390610110E-002  7.249105950548E-001 -9.435099797019E-001  1.169477544547E+000
  1.112546418516E+000  1.397260806657E-002  7.119242412850E-001 -9.273377239517E-001  1.160152555218E+000
  1.126609596985E+000  1.415424274514E-002  6.989973141467E-001 -9.110942029080E-001  1.149778199537E+000
  1.140855902095E+000  1.433887174317E-002  6.861338885628E-001 -8.947940871823E-001  1.138415578950E+000
  1.155288359613E+000  1.452655821788E-002  6.733379542794E-001 -8.784517554896E-001  1.126125191834E+000
  1.169910059257E+000  1.471736692327E-002  6.606134131214E-001 -8.620812777081E-001  1.112966838105E+000
  1.184724156317E+000  1.491136425740E-002  6.479640764548E-001 -8.456963987544E-001  1.098999523829E+000
  1.199733873325E+000  1.510861831145E-002  6.353936628594E-001 -8.293105233563E-001  1.084281366553E+000
  1.214942501771E+000  1.530919892035E-002  6.229057960190E-001 -8.129367018009E-001  1.068869502006E+000
  1.230353403874E+000  1.551317771520E-002  6.105040028323E-001 -7.965876167292E-001  1.052819992872E+000
  1.245970014403E+000  1.572062817747E-002  5.981917117464E-001 -7.802755710426E-001  1.036187740274E+000
  1.261795842559E+000  1.593162569510E-002  5.859722513156E-001 -7.640124769785E-001  1.019026398593E+000
  1.277834473907E+000  1.614624762054E-002  5.738488489830E-001 -7.478098464050E-001  1.001388294222E+000
  1.294089572372E+000  1.636457333079E-002  5.618246300860E-001 -7.316787823769E-001  9.833243488215E-001
  1.310564882294E+000  1.658668428962E-002  5.499026170807E-001 -7.156299719859E-001  9.648840075859E-001
  1.327264230548E+000  1.681266411190E-002  5.380857289816E-001 -6.996736805298E-001  9.461151730108E-001
  1.344191528724E+000  1.704259863026E-002  5.263767810106E-001 -6.838197470166E-001  9.270641445862E-001
  1.361350775387E+000  1.727657596408E-002  5.147784844492E-001 -6.680775810088E-001  9.077755647961E-001
  1.378746058390E+000  1.751468659100E-002  5.032934466845E-001 -6.524561608057E-001  8.882923717519E-001
  1.396381557275E+000  1.775702342093E-002  4.919241714394E-001 -6.369640329507E-001  8.686557587268E-001
  1.414261545744E+000  1.800368187279E-002  4.806730591781E-001 -6.216093130431E-001  8.489051408054E-001
  1.432390394201E+000  1.825475995395E-002  4.695424076728E-001 -6.063996878213E-001  8.290781287972E-001
  1.450772572390E+000  1.851035834267E-002  4.585344127213E-001 -5.913424184811E-001  8.092105105072E-001
  1.469412652102E+000  1.877058047342E-002  4.476511690000E-001 -5.764443451782E-001  7.893362393919E-001
  1.488315309978E+000  1.903553262542E-002  4.368946710398E-001 -5.617118926602E-001  7.694874305721E-001
  1.507485330398E+000  1.930532401444E-002  4.262668143096E-001 -5.471510769637E-001  7.496943641097E-001
  1.526927608467E+000  1.958006688797E-002  4.157693963910E-001 -5.327675131062E-001  7.299854954029E-001
  1.546647153093E+000  1.985987662391E-002  4.054041182310E-001 -5.185664236948E-001  7.103874724915E-001
  1.566649090169E+000  2.014487183303E-002  3.951725854555E-001 -5.045526483699E-001  6.909251600171E-001
  1.586938665861E+000  2.043517446518E-002  3.850763097277E-001 -4.907306539945E-001  6.716216695251E-001
  1.607521250000E+000  2.073090991960E-002  3.751167101370E-001 -4.771045454986E-001  6.524983957547E-001
  1.628402339588E+000  2.103220715932E-002  3.652951146034E-001 -4.636780772826E-001  6.335750585152E-001
  1.649587562420E+000  2.133919883002E-002  3.556127612805E-001 -4.504546650825E-001  6.148697497099E-001
  1.671082680832E+000  2.165202138333E-002  3.460707999468E-001 -4.374373981982E-001  5.963989850354E-001
  1.692893595565E+000  2.197081520497E-002  3.366702933685E-001 -4.246290519849E-001  5.781777598535E-001
  1.715026349769E+000  2.229572474776E-002  3.274122186239E-001 -4.120321005098E-001  5.602196087104E-001
  1.737487133138E+000  2.262689866987E-002  3.182974683775E-001 -3.996487292760E-001  5.425366679592E-001
  1.760282286187E+000  2.296448997842E-002  3.093268520941E-001 -3.874808479194E-001  5.251397409294E-001
  1.783418304674E+000  2.330865617868E-002  3.005010971838E-001 -3.755301027868E-001  5.080383650811E-001
  1.806901844175E+000  2.365955942924E-002  2.918208500723E-001 -3.637978893086E-001  4.912408805784E-001
  1.830739724818E+000  2.401736670327E-002  2.832866771898E-001 -3.522853640842E-001  4.747544997241E-001
  1.854938936184E+000  2.438224995616E-002  2.748990658743E-001 -3.409934566041E-001  4.585853767069E-001
  1.879506642368E+000  2.475438629994E-002  2.666584251898E-001 -3.299228805399E-001  4.427386771275E-001
  1.904450187236E+000  2.513395818467E-002  2.585650866559E-001 -3.190741445403E-001  4.272186467922E-001
  1.929777099847E+000  2.552115358717E-002  2.506193048919E-001 -3.084475624804E-001  4.120286792879E-001
  1.955495100083E+000  2.591616620741E-002  2.428212581798E-001 -2.980432631183E-001  3.971713818837E-001
  1.981612104475E+000  2.631919567292E-002  2.351710489484E-001 -2.878611991237E-001  3.826486393376E-001
  2.008136232230E+000  2.673044775156E-002  2.276687041877E-001 -2.779011554516E-001  3.684616752272E-001
  2.035075811486E+000  2.715013457311E-002  2.203141758016E-001 -2.681627570443E-001  3.546111104633E-001
  2.062439385788E+000  2.757847486001E-002  2.131073409069E-001 -2.586454758536E-001  3.410970186903E-001
  2.090235720801E+000  2.801569416771E-002  2.060480020939E-001 -2.493486371856E-001  3.279189783249E-001
  2.118473811262E+000  2.846202513514E-002  1.991358876566E-001 -2.402714253795E-001  3.150761210311E-001
  2.147162888201E+000  2.891770774564E-002  1.923706518107E-001 -2.314128888411E-001  3.025671764799E-001
  2.176312426413E+000  2.938298959899E-002  1.857518749112E-001 -2.227719444601E-001  2.903905132922E-001
  2.205932152222E+000  2.985812619504E-002  1.792790636871E-001 -2.143473814502E-001  2.785441761109E-001
  2.236032051522E+000  3.034338122938E-002  1.729516515075E-001 -2.061378646550E-001  2.670259187993E-001
  2.266622378129E+000  3.083902690182E-002  1.667689986978E-001 -1.981419373756E-001  2.558332338093E-001
  2.297713662445E+000  3.134534423818E-002  1.607303929202E-001 -1.903580237759E-001  2.449633778078E-001
  2.329316720450E+000  3.186262342603E-002  1.548350496366E-001 -1.827844309303E-001  2.344133936929E-001
  2.361442663038E+000  3.239116416519E-002  1.490821126688E-001 -1.754193505841E-001  2.241801291736E-001
  2.394102905709E+000  3.293127603351E-002  1.434706548703E-001 -1.682608606950E-001  2.142602521189E-001
  2.427309178642E+000  3.348327886897E-002  1.379996789262E-001 -1.613069268320E-001  2.046502629201E-001
  2.461073537146E+000  3.404750316862E-002  1.326681182913E-001 -1.545554035066E-001  1.953465041348E-001
  2.495408372530E+000  3.462429050548E-002  1.274748382786E-001 -1.480040355093E-001  1.863451677060E-001
  2.530326423398E+000  3.521399396401E-002  1.224186373092E-001 -1.416504593266E-001  1.776423000693E-001
  2.565840787378E+000  3.581697859546E-002  1.174982483279E-001 -1.354922047085E-001  1.692338054762E-001
  2.601964933334E+000  3.643362189376E-002  1.127123403929E-001 -1.295266964537E-001  1.611154478660E-001
  2.638712714049E+000  3.706431429322E-002  1.080595204403E-001 -1.237512564758E-001  1.532828516287E-001
  2.676098379430E+000  3.770945968912E-002  1.035383352249E-001 -1.181631062046E-001  1.457315015938E-001
  2.714136590232E+000  3.836947598236E-002  9.914727343409E-002 -1.127593693754E-001  1.384567425764E-001
  2.752842432351E+000  3.904479564947E-002  9.488476797089E-002 -1.075370752442E-001  1.314537787999E-001
  2.792231431696E+000  3.973586633921E-002  9.074919839711E-002 -1.024931622646E-001  1.247176734948E-001
  2.832319569669E+000  4.044315149734E-002  8.673889352689E-002 -9.762448224876E-002  1.182433489567E-001
  2.873123299289E+000  4.116713102086E-002  8.285213415708E-002 -9.292780502566E-002  1.120255873161E-001
  2.914659561979E+000  4.190830194354E-002  7.908715591868E-002 -8.839982360135E-002  1.060590322478E-001
  2.956945805065E+000  4.266717915414E-002  7.544215223117E-002 -8.403715981299E-002  1.003381918112E-001
  3.000000000000E+000  4.344429614932E-002  7.191527733921E-002 -7.983637045958E-002  9.485744258055E-002
  3.043840661365E+000  4.424020582308E-002  6.850464940951E-002 -7.579395388102E-002  8.961103518567E-002
  3.088486866678E+000  4.505548129460E-002  6.520835366377E-002 -7.190635694758E-002  8.459310134442E-002
  3.133958277047E+000  4.589071677685E-002  6.202444552255E-002 -6.816998241180E-002  7.979766242928E-002
  3.180275158719E+000  4.674652848797E-002  5.895095373388E-002 -6.458119656638E-002  7.521863957022E-002
  3.227458405560E+000  4.762355560797E-002  5.598588346029E-002 -6.113633714343E-002  7.084986525679E-002
  3.275529562509E+000  4.852246128332E-002  5.312721929753E-002 -5.783172138353E-002  6.668509636461E-002
  3.324510850077E+000  4.944393368200E-002  5.037292819927E-002 -5.466365419756E-002  6.271802849544E-002
  3.374425189910E+000  5.038868710203E-002  4.772096228281E-002 -5.162843633965E-002  5.894231148673E-002
  3.425296231502E+000  5.135746313639E-002  4.516926149243E-002 -4.872237250707E-002  5.535156591681E-002
  3.477148380094E+000  5.235103189784E-002  4.271575609922E-002 -4.594177928153E-002  5.193940040576E-002
  3.530006825834E+000  5.337019330676E-002  4.035836901854E-002 -4.328299282667E-002  4.869942949054E-002
  3.583897574256E+000  5.441577844603E-002  3.809501792963E-002 -4.074237625897E-002  4.562529183620E-002
  3.638847478148E+000  5.548865098670E-002  3.592361718496E-002 -3.831632661281E-002  4.271066853395E-002
  3.694884270887E+000  5.658970868864E-002  3.384207950103E-002 -3.600128132622E-002  3.994930123037E-002
  3.752036601308E+000  5.771988498079E-002  3.184831742637E-002 -3.379372418075E-002  3.733500983257E-002
  3.810334070199E+000  5.888015062562E-002  2.994024458684E-002 -3.169019063762E-002  3.486170953881E-002
  3.869807268505E+000  6.007151547295E-002  2.811577671312E-002 -2.968727252234E-002  3.252342695576E-002
  3.930487817331E+000  6.129503030858E-002  2.637283245942E-002 -2.778162202091E-002  3.031431507943E-002
  3.992408409843E+000  6.255178880352E-002  2.470933402776E-002 -2.596995496314E-002  2.822866693849E-002
  4.055602855172E+000  6.384292957002E-002  2.312320761585E-002 -2.424905338090E-002  2.626092772448E-002
  4.120106124432E+000  6.516963833101E-002  2.161238371155E-002 -2.261576734305E-002  2.440570526323E-002
  4.185954398964E+000  6.653315021009E-002  2.017479726025E-002 -2.106701608143E-002  2.265777871474E-002
  4.253185120935E+000  6.793475214960E-002  1.880838773522E-002 -1.959978843601E-002  2.101210542456E-002
  4.321837046422E+000  6.937578546490E-002  1.751109914391E-002 -1.821114265982E-002  1.946382588651E-002
  4.391950301120E+000  7.085764854355E-002  1.628088000508E-002 -1.689820563625E-002  1.800826681436E-002
  4.463566438835E+000  7.238179969882E-002  1.511568333371E-002 -1.565817157208E-002  1.664094235785E-002
  4.536728502895E+000  7.394976018725E-002  1.401346667072E-002 -1.448830023912E-002  1.535755353448E-002
  4.611481090679E+000  7.556311740127E-002  1.297219219502E-002 -1.338591484532E-002  1.415398598264E-002
  4.687870421430E+000  7.722352824817E-002  1.198982695383E-002 -1.234839962171E-002  1.302630617319E-002
  4.765944407533E+000  7.893272272784E-002  1.106434324582E-002 -1.137319721613E-002  1.197075624349E-002
  4.845752729492E+000  8.069250772248E-002  1.019371918832E-002 -1.045780598582E-002  1.098374764117E-002
  4.927346914797E+000  8.250477101257E-002  9.375939496579E-003 -9.599777281050E-003  1.006185378265E-002
  5.010780420931E+000  8.437148553436E-002  8.608996498396E-003 -8.796712808794E-003  9.201801943653E-003
  5.096108722763E+000  8.629471389541E-002  7.890891402222E-003 -8.046262160855E-003  8.400464605780E-003
  5.183389404586E+000  8.827661316581E-002  7.219635831168E-003 -7.346120583733E-003  7.654850483729E-003
  5.272682257105E+000  9.031943996425E-002  6.593253628878E-003 -6.694027058595E-003  6.962095452855E-003
  5.364049379651E+000  9.242555585946E-002  6.009782936644E-003 -6.087762749140E-003  6.319453586078E-003
  5.457555287978E+000  9.459743310926E-002  5.467278534173E-003 -5.525149863131E-003  5.724288493448E-003
  5.553267027968E+000  9.683766076100E-002  4.963814429547E-003 -5.004050960250E-003  5.174065137410E-003
  5.651254295630E+000  9.914895113938E-002  4.497486677054E-003 -4.522368725163E-003  4.666342272640E-003
  5.751589563796E+000  1.015341467494E-001  4.066416395075E-003 -4.078046210460E-003  4.198765632133E-003
  5.854348215936E+000  1.039962276248E-001  3.668752950200E-003 -3.669067540086E-003  3.769061951895E-003
  5.959608687557E+000  1.065383191537E-001  3.302677268317E-003 -3.293459050203E-003  3.375033895999E-003
  6.067452615683E+000  1.091637004188E-001  2.966405228842E-003 -2.949290831593E-003  3.014555913015E-003
  6.177964996951E+000  1.118758130872E-001  2.658191094545E-003 -2.634678626105E-003  2.685571024700E-003
  6.291234354880E+000  1.146782708938E-001  2.376330926789E-003 -2.347786019501E-003  2.386088519379E-003
  6.407352916949E+000  1.175748697626E-001  2.119165934455E-003 -2.086826864702E-003  2.114182496378E-003
  6.526416802128E+000  1.205695986129E-001  1.885085704462E-003 -1.850067863097E-003  1.867991184982E-003
  6.648526219580E+000  1.236666509049E-001  1.672531262608E-003 -1.635831227328E-003  1.645716942147E-003
  6.773785679311E+000  1.268704369821E-001  1.479997915497E-003 -1.442497346984E-003  1.445626818171E-003
  6.902304215570E+000  1.301855972713E-001  1.306037827479E-003 -1.268507378866E-003  1.266053568854E-003
  7.034195623922E+000  1.336170164087E-001  1.149262290778E-003 -1.112365685904E-003  1.105396986572E-003
  7.169578712934E+000  1.371698383673E-001  1.008343652229E-003 -9.726420532916E-004  9.621254209764E-004
  7.308577571516E+000  1.408494826628E-001  8.820168661055E-004 -8.479736167247E-004  8.347773626699E-004
  7.451321853057E+000  1.446616617293E-001  7.690806493322E-004 -7.370664456633E-004  7.219629696580E-004
  7.597947077547E+000  1.486123995567E-001  6.683982226730E-004 -6.386967338542E-004  6.223654263519E-004
  7.748594953021E+000  1.527080516973E-001  5.788976291660E-004 -5.517115597769E-004  5.347420377377E-004
  7.903413717736E+000  1.569553267535E-001  4.995716288884E-004 -4.750291907862E-004  4.579249764635E-004
  8.062558504629E+000  1.613613094717E-001  4.294771769208E-004 -4.076389162246E-004  3.908216173501E-004
  8.226191729726E+000  1.659334855793E-001  3.677344989162E-004 -3.486004062996E-004  3.324144115537E-004
  8.394483506327E+000  1.706797685137E-001  3.135257858005E-004 -2.970426047434E-004  2.817602706241E-004
  8.567612086926E+000  1.756085282071E-001  2.660935356443E-004 -2.521621738894E-004  2.379894484145E-004
  8.745764335025E+000  1.807286221064E-001  2.247385765032E-004 -2.132215205191E-004  2.003039256275E-004
  8.929136229160E+000  1.860494286260E-001  1.888178088810E-004 -1.795464394324E-004  1.679753172568E-004
  9.117933401693E+000  1.915808832504E-001  1.577417103192E-004 -1.505234189569E-004  1.403423368856E-004
  9.312371715124E+000  1.973335175235E-001  1.309716473726E-004 -1.255966584046E-004  1.168078634300E-004
  9.512677878945E+000  2.033185011886E-001  1.080170418348E-004 -1.042648516950E-004  9.683566524591E-005
  9.719090110332E+000  2.095476877688E-001  8.843243851513E-005 -8.607779394969E-005  7.994684342359E-005
  9.931858842267E+000  2.160336639044E-001  7.181452114539E-005 -7.063286882643E-005  6.571606055312E-005
  1.015124748302E+001  2.227898028021E-001  5.779912115737E-005 -5.757147374747E-005  5.376762329663E-005
  1.037753323129E+001  2.298303221843E-001  4.605826118900E-005 -4.657543808224E-005  4.377148688377E-005
  1.061100795175E+001  2.371703471699E-001  3.629727136334E-005 -3.736348590884E-005  3.543924734585E-005
  1.085197911611E+001  2.448259785618E-001  2.825201176007E-005 -2.968779036572E-005  2.852018316715E-005
  1.110077081537E+001  2.528143670735E-001  2.168622922662E-005 -2.333066101816E-005  2.279740234975E-005
  1.135772484956E+001  2.611537940784E-001  1.638907092398E-005 -1.810139932192E-005  1.808414397576E-005
  1.162320190175E+001  2.698637595360E-001  1.217277095968E-005 -1.383335040401E-005  1.422027554344E-005
  1.189758280382E+001  2.789650778206E-001  8.870520321630E-006 -1.038117223758E-005  1.106901898768E-005
  1.218126990242E+001  2.884799822596E-001  6.334524288822E-006 -7.618336102363E-006  8.513929699672E-006
  1.247468853413E+001  2.984322392826E-001  4.434245751383E-006 -5.434865223121E-006  6.456144346120E-006
  1.277828862002E+001  3.088472731875E-001  3.054827606371E-006 -3.735311876504E-006  4.811905134161E-006
  1.309254639077E+001  3.197523026463E-001  2.095682773334E-006 -2.436967240419E-006  3.510360619962E-006
  1.341796625462E+001  3.311764902095E-001  1.469236540016E-006 -1.468292988279E-006  2.491636416053E-006
  1.375508282195E+001  3.431511062169E-001  1.099803020902E-006 -7.675592300753E-007  1.705163368940E-006
  1.410446310162E+001  3.557097086969E-001  9.225755750243E-007 -2.816699634937E-007  1.108246058568E-006
  1.446670888596E+001  3.688883410292E-001  8.827101340770E-007  3.484522536564E-008  6.648508704190E-007
  1.484245934302E+001  3.827257493700E-001  9.344805475023E-007  2.206958653255E-007  3.445904187592E-007
  1.523239383723E+001  3.972636220891E-001  1.040486226561E-006  3.085747454583E-007  1.218797228310E-007
  1.563723500136E+001  4.125468537596E-001  1.170894490281E-006  3.258039725451E-007 -2.476081328384E-008
  1.605775208607E+001  4.286238365683E-001  1.302702965615E-006  2.949039806029E-007 -1.132799923612E-007
  1.649476461582E+001  4.455467823929E-001  1.419011013870E-006  2.341043590795E-007 -1.585709882439E-007
  1.694914638379E+001  4.633720792263E-001  1.508293249165E-006  1.578125949188E-007 -1.728680515513E-007
  1.742182982203E+001  4.821606861220E-001  1.563672553733E-006  7.705362059629E-008 -1.660831905050E-007
  1.791381078784E+001  5.019785714107E-001  1.582194326179E-006 -1.103922716444E-010 -1.460983820219E-007
  1.842615381215E+001  5.228971995942E-001  1.564107755973E-006 -6.817406406434E-008 -1.190258078982E-007
  1.895999786176E+001  5.449940730840E-001  1.512163434169E-006 -1.237941065569E-007 -8.944552604470E-008
  1.951656267356E+001  5.683533358366E-001  1.430939337272E-006 -1.654063829555E-007 -6.062702596573E-008
  2.009715572669E+001  5.930664469535E-001  1.326208943889E-006 -1.928577742673E-007 -3.473841613536E-008
  2.070317992707E+001  6.192329335039E-001  1.204365802654E-006 -2.070578115369E-007 -1.304466505134E-008
  2.133614208874E+001  6.469612332096E-001  1.071918178528E-006 -2.096562020630E-007  3.905539974858E-009
  2.199766230782E+001  6.763696392388E-001  9.350654661928E-007 -2.027527438418E-007  1.610607858746E-008
  2.268948433818E+001  7.075873612439E-001  7.993649775732E-007 -1.886456858770E-007  2.393535568703E-008
  2.341348709294E+001  7.407557189842E-001  6.694936933522E-007 -1.696234143527E-007  2.801667325153E-008
  2.417169741362E+001  7.760294874639E-001  5.491049210959E-007 -1.478025499428E-007  2.909946367316E-008
  2.496630426925E+001  8.135784155747E-001  4.407749104785E-007 -1.250133102821E-007  2.796311729807E-008
  2.579967457140E+001  8.535889438281E-001  3.460297744460E-007 -1.027305486981E-007  2.534411492811E-008
  2.667437081864E+001  8.962661510291E-001  2.654389989604E-007 -8.204647588589E-008  2.188598639573E-008
  2.759317081651E+001  9.418359647997E-001  1.987587998949E-007 -6.367895648536E-008  1.811040882151E-008
  2.855908975674E+001  9.905476768748E-001  1.451069214766E-007 -4.800767185655E-008  1.440667880945E-008
  2.957540498378E+001  1.042676811269E+000  1.031503491501E-007 -3.512952360527E-008  1.103596786198E-008
  3.064568382919E+001  1.098528402000E+000  7.128884461970E-008 -2.492451115484E-008  8.146291233889E-009
  3.177381495601E+001  1.158440747351E+000  4.782003273087E-008 -1.712394882284E-008  5.794032479009E-009
  3.296404372807E+001  1.222789720048E+000  3.107563763198E-008 -1.137419447933E-008  3.968161856709E-009
  3.422101220608E+001  1.291993727721E+000  1.952290553506E-008 -7.290858282915E-009  2.613908134953E-009
  3.554980447538E+001  1.366519436102E+000  1.182972094336E-008 -4.500501478194E-009  1.653489671211E-009
  3.695599813319E+001  1.446888389511E+000  6.895891721795E-009 -2.668854027267E-009  1.002455695042E-009
  3.844572291106E+001  1.533684690030E+000  3.856110036726E-009 -1.516327767049E-009  5.811013895604E-010
  4.002572758518E+001  1.627563929686E+000  2.061919722938E-009 -8.228904623273E-010  3.211867906028E-010
  4.170345654134E+001  1.729263610453E+000  1.050569827423E-009 -4.250962890344E-010  1.687315141162E-010
  4.348713762001E+001  1.839615336740E+000  5.080484825229E-010 -2.082412921541E-010  8.394340420773E-011
  4.538588318162E+001  1.959559126947E+000  2.321753306994E-010 -9.632089146793E-011  3.938551003365E-011
  4.740980671574E+001  2.090160267552E+000  9.978009525296E-011 -4.186645183395E-011  1.734686293417E-011
  4.957015778746E+001  2.232629229408E+000  4.010779717905E-011 -1.700872484423E-011  7.134383100392E-012
  5.187947869225E+001  2.388345286640E+000  1.498757242401E-011 -6.419812096928E-012  2.723763587256E-012
  5.435178690397E+001  2.558884630889E+000  5.171222663296E-012 -2.236049317038E-012  9.588686387960E-013
  5.700278828629E+001  2.746053966795E+000  1.634903434495E-012 -7.132563457287E-013  3.089250470116E-013
  5.985012714155E+001  2.951930820846E+000  4.695558361931E-013 -2.065815827898E-013  9.031393721384E-014
  6.291368055481E+001  3.178912111311E+000  1.213267496925E-013 -5.380374203123E-014  2.372907428359E-014
  6.621590623276E+001  3.429772933797E+000  2.789469841573E-014 -1.246360346930E-014  5.542263162384E-015
  6.978225524452E+001  3.707738044625E+000  5.635843585830E-015 -2.536142992099E-015  1.136529520437E-015
  7.364166388185E+001  4.016569212832E+000  9.864916984747E-016 -4.469295114730E-016  2.017501416389E-016
  7.782714245929E+001  4.360672516382E+000  1.471878554007E-016 -6.711140935036E-017  3.050406285789E-017
  8.237648351994E+001  4.745230855210E+000  1.837427514539E-017 -8.428891640765E-018  3.856113043907E-018
  8.733311794503E+001  5.176368549127E+000  1.878485356660E-018 -8.667009814716E-019  3.989416649823E-019
  9.274715535088E+001  5.661357031559E+000  1.534347447558E-019 -7.118020914930E-020  3.295439124933E-020
  9.867665554529E+001  6.208873552072E+000  9.729743631113E-021 -4.537228994803E-021  2.112131610618E-021
  1.051891916055E+002  6.829328764649E+000  4.632666169476E-022 -2.171000821024E-022  1.015867657425E-022
  1.123637836013E+002  7.535284543316E+000  1.592689958910E-023 -7.498795761350E-024  3.526092265180E-024
  1.202933069206E+002  8.341990973528E+000  3.775969496894E-025 -1.785734532777E-025  8.435852481846E-026
  1.290875131414E+002  9.268082166539E+000  5.846597696583E-027 -2.776651532280E-027  1.317451066934E-027
  1.388768482001E+002  1.033648575811E+001  5.541965599275E-029 -2.642516670042E-029  1.259008303853E-029
  1.498173177370E+002  1.157562284364E+001  2.976414956206E-031 -1.424600673418E-031  6.814022530348E-032
  1.620967411853E+002  1.302100699722E+001  8.250800496583E-034 -3.963284254102E-034  1.902705939343E-034
  1.759428668168E+002  1.471739812515E+001  1.054238873314E-036 -5.081298880163E-037  2.447980445324E-037
  1.916340085825E+002  1.672173748087E+001  5.406911465381E-040 -2.614458717763E-040  1.263706865980E-040
  2.095131417987E+002  1.910719757888E+001  9.385548791246E-044 -4.552103546327E-044  2.207121248953E-044
  2.300068054477E+002  2.196884699990E+001  4.459779125406E-048 -2.169259482706E-048  1.054863984945E-048
  2.536507797910E+002  2.543169216868E+001  4.443229573225E-053 -2.167059332631E-053  1.056698358561E-053
  2.811254638474E+002  2.966227967912E+001  6.614262238010E-059 -3.234132426302E-059  1.581103825782E-059
  3.133053780630E+002  3.488573552677E+001  9.516387221161E-066 -4.664287834165E-066  2.285808658102E-066
  3.513296254502E+002  4.141128389041E+001  7.501515389611E-074 -3.684966093467E-074  1.809971861388E-074
  3.967041014106E+002  4.967130404214E+001  1.529299270532E-083 -7.528082549998E-084  3.705445545013E-084
  4.514529193349E+002  6.028257212519E+001  2.938612857229E-095 -1.449370466775E-095  7.148074087802E-096
  5.183481233601E+002  7.414493328740E+001  1.335269234399E-109 -6.597664386443E-110  3.259800368808E-110
  6.012676077950E+002  9.260523890243E+001  2.072158265168E-127 -1.025579139043E-127  5.075750409264E-128
  7.057700503752E+002  1.177394213729E+002  6.851598601958E-150 -3.396290218335E-150  1.683475292560E-150
  8.400513767914E+002  1.528577972397E+002  8.065850066551E-179 -4.003801149471E-179  1.987408737092E-179
  1.016602135495E+003  2.034537342122E+002  6.609643642742E-217 -3.285138709805E-217  1.632766875065E-217
  1.255220715580E+003  2.790860613466E+002  1.913270737466E-268 -9.520289060554E-269  4.737186153871E-269
  1.588815776243E+003  3.973705897531E+002  0.000000000000E+000  0.000000000000E+000  0.000000000000E+000
  2.075392011604E+003  5.931596040112E+002  0.000000000000E+000  0.000000000000E+000  0.000000000000E+000
  2.825079847529E+003  9.419154890021E+002  0.000000000000E+000  0.000000000000E+000  0.000000000000E+000
  4.068408296184E+003  1.627629972033E+003  0.000000000000E+000  0.000000000000E+000  0.000000000000E+000
  6.357262947674E+003  3.178964796686E+003  0.000000000000E+000  0.000000000000E+000  0.000000000000E+000
  1.130231930164E+004  7.535323971013E+003  0.000000000000E+000  0.000000000000E+000  0.000000000000E+000
  2.543105175140E+004  2.543171841285E+004  0.000000000000E+000  0.000000000000E+000  0.000000000000E+000
  1.017262069958E+005  2.034537473226E+005  0.000000000000E+000  0.000000000000E+000  0.000000000000E+000
