# 1st line: number of mesh points
# abcissa weight wavefunction wavefunction_1st wavefunction_2nd
500
# Principal QN=   2 , l=   0 , Occupation=   1.9800
  9.830308526508E-006  1.966074589941E-005 -6.254537834309E+000  3.771742872415E+001 -1.978654766346E+002
  3.932200719717E-005  3.932303800261E-005 -6.253425569310E+000  3.771159380307E+001 -1.978337442428E+002
  8.847741541455E-005  5.898842277178E-005 -6.251572079509E+000  3.770187050430E+001 -1.977808659048E+002
  1.573003992804E-004  7.865844718600E-005 -6.248977792630E+000  3.768826118195E+001 -1.977068550909E+002
  2.457963722417E-004  9.833465899987E-005 -6.245643307337E+000  3.767076913086E+001 -1.976117306539E+002
  3.539722959954E-004  1.180186070023E-004 -6.241569393090E+000  3.764939858576E+001 -1.974955168248E+002
  4.818366816528E-004  1.377118412759E-004 -6.236756989953E+000  3.762415472009E+001 -1.973582432059E+002
  6.293995911626E-004  1.574159134560E-004 -6.231207208359E+000  3.759504364462E+001 -1.971999447626E+002
  7.966726389934E-004  1.771323769912E-004 -6.224921328843E+000  3.756207240580E+001 -1.970206618144E+002
  9.836689940782E-004  1.968627874036E-004 -6.217900801720E+000  3.752524898383E+001 -1.968204400238E+002
  1.190403382016E-003  2.166087025496E-004 -6.210147246729E+000  3.748458229056E+001 -1.965993303839E+002
  1.416892087541E-003  2.363716828821E-004 -6.201662452630E+000  3.744008216703E+001 -1.963573892046E+002
  1.663152957245E-003  2.561532917128E-004 -6.192448376768E+000  3.739175938083E+001 -1.960946780973E+002
  1.929205402573E-003  2.759550954757E-004 -6.182507144578E+000  3.733962562317E+001 -1.958112639584E+002
  2.215070403074E-003  2.957786639908E-004 -6.171841049068E+000  3.728369350572E+001 -1.955072189510E+002
  2.520770509919E-003  3.156255707300E-004 -6.160452550247E+000  3.722397655717E+001 -1.951826204852E+002
  2.846329849692E-003  3.354973930828E-004 -6.148344274511E+000  3.716048921960E+001 -1.948375511972E+002
  3.191774128432E-003  3.553957126240E-004 -6.135519013996E+000  3.709324684450E+001 -1.944720989264E+002
  3.557130635959E-003  3.753221153821E-004 -6.121979725880E+000  3.702226568859E+001 -1.940863566919E+002
  3.942428250463E-003  3.952781921092E-004 -6.107729531650E+000  3.694756290944E+001 -1.936804226668E+002
  4.347697443358E-003  4.152655385525E-004 -6.092771716320E+000  3.686915656072E+001 -1.932544001513E+002
  4.772970284417E-003  4.352857557265E-004 -6.077109727615E+000  3.678706558730E+001 -1.928083975442E+002
  5.218280447175E-003  4.553404501876E-004 -6.060747175106E+000  3.670130982007E+001 -1.923425283136E+002
  5.683663214611E-003  4.754312343099E-004 -6.043687829313E+000  3.661190997045E+001 -1.918569109649E+002
  6.169155485101E-003  4.955597265624E-004 -6.025935620753E+000  3.651888762475E+001 -1.913516690087E+002
  6.674795778653E-003  5.157275517886E-004 -6.007494638961E+000  3.642226523819E+001 -1.908269309264E+002
  7.200624243425E-003  5.359363414876E-004 -5.988369131456E+000  3.632206612875E+001 -1.902828301344E+002
  7.746682662519E-003  5.561877340970E-004 -5.968563502678E+000  3.621831447067E+001 -1.897195049471E+002
  8.313014461060E-003  5.764833752781E-004 -5.948082312876E+000  3.611103528780E+001 -1.891370985386E+002
  8.899664713569E-003  5.968249182030E-004 -5.926930276957E+000  3.600025444666E+001 -1.885357589024E+002
  9.506680151615E-003  6.172140238444E-004 -5.905112263292E+000  3.588599864920E+001 -1.879156388101E+002
  1.013410917176E-002  6.376523612666E-004 -5.882633292486E+000  3.576829542542E+001 -1.872768957684E+002
  1.078200184380E-002  6.581416079202E-004 -5.859498536103E+000  3.564717312565E+001 -1.866196919746E+002
  1.145040991929E-002  6.786834499385E-004 -5.835713315351E+000  3.552266091263E+001 -1.859441942713E+002
  1.213938684040E-002  6.992795824361E-004 -5.811283099727E+000  3.539478875331E+001 -1.852505740987E+002
  1.284898774901E-002  7.199317098113E-004 -5.786213505622E+000  3.526358741045E+001 -1.845390074458E+002
  1.357926949620E-002  7.406415460502E-004 -5.760510294883E+000  3.512908843393E+001 -1.838096748007E+002
  1.433029065191E-002  7.614108150341E-004 -5.734179373340E+000  3.499132415183E+001 -1.830627610988E+002
  1.510211151509E-002  7.822412508494E-004 -5.707226789288E+000  3.485032766129E+001 -1.822984556694E+002
  1.589479412397E-002  8.031345981016E-004 -5.679658731930E+000  3.470613281909E+001 -1.815169521818E+002
  1.670840226680E-002  8.240926122311E-004 -5.651481529784E+000  3.455877423202E+001 -1.807184485890E+002
  1.754300149280E-002  8.451170598329E-004 -5.622701649044E+000  3.440828724699E+001 -1.799031470706E+002
  1.839865912351E-002  8.662097189796E-004 -5.593325691910E+000  3.425470794088E+001 -1.790712539738E+002
  1.927544426443E-002  8.873723795480E-004 -5.563360394869E+000  3.409807311022E+001 -1.782229797533E+002
  2.017342781695E-002  9.086068435487E-004 -5.532812626949E+000  3.393842026056E+001 -1.773585389096E+002
  2.109268249069E-002  9.299149254598E-004 -5.501689387920E+000  3.377578759563E+001 -1.764781499260E+002
  2.203328281612E-002  9.512984525641E-004 -5.469997806470E+000  3.361021400630E+001 -1.755820352044E+002
  2.299530515754E-002  9.727592652906E-004 -5.437745138335E+000  3.344173905923E+001 -1.746704209988E+002
  2.397882772639E-002  9.942992175591E-004 -5.404938764392E+000  3.327040298536E+001 -1.737435373487E+002
  2.498393059493E-002  1.015920177130E-003 -5.371586188717E+000  3.309624666812E+001 -1.728016180099E+002
  2.601069571024E-002  1.037624025957E-003 -5.337695036603E+000  3.291931163146E+001 -1.718449003848E+002
  2.705920690860E-002  1.059412660547E-003 -5.303273052543E+000  3.273964002758E+001 -1.708736254507E+002
  2.812954993023E-002  1.081287992318E-003 -5.268328098171E+000  3.255727462453E+001 -1.698880376871E+002
  2.922181243436E-002  1.103251947969E-003 -5.232868150174E+000  3.237225879351E+001 -1.688883850017E+002
  3.033608401473E-002  1.125306469854E-003 -5.196901298165E+000  3.218463649593E+001 -1.678749186543E+002
  3.147245621542E-002  1.147453516351E-003 -5.160435742515E+000  3.199445227038E+001 -1.668478931805E+002
  3.263102254705E-002  1.169695062249E-003 -5.123479792158E+000  3.180175121922E+001 -1.658075663130E+002
  3.381187850339E-002  1.192033099133E-003 -5.086041862353E+000  3.160657899506E+001 -1.647541989022E+002
  3.501512157837E-002  1.214469635775E-003 -5.048130472420E+000  3.140898178698E+001 -1.636880548354E+002
  3.624085128345E-002  1.237006698530E-003 -5.009754243429E+000  3.120900630659E+001 -1.626094009543E+002
  3.748916916538E-002  1.259646331739E-003 -4.970921895872E+000  3.100669977379E+001 -1.615185069717E+002
  3.876017882444E-002  1.282390598136E-003 -4.931642247284E+000  3.080210990244E+001 -1.604156453868E+002
  4.005398593302E-002  1.305241579266E-003 -4.891924209846E+000  3.059528488573E+001 -1.593010913988E+002
  4.137069825459E-002  1.328201375897E-003 -4.851776787944E+000  3.038627338139E+001 -1.581751228197E+002
  4.271042566323E-002  1.351272108452E-003 -4.811209075701E+000  3.017512449672E+001 -1.570380199859E+002
  4.407328016341E-002  1.374455917436E-003 -4.770230254483E+000  2.996188777340E+001 -1.558900656682E+002
  4.545937591035E-002  1.397754963880E-003 -4.728849590359E+000  2.974661317211E+001 -1.547315449808E+002
  4.686882923075E-002  1.421171429779E-003 -4.687076431549E+000  2.952935105699E+001 -1.535627452892E+002
  4.830175864396E-002  1.444707518548E-003 -4.644920205825E+000  2.931015217985E+001 -1.523839561165E+002
  4.975828488365E-002  1.468365455478E-003 -4.602390417895E+000  2.908906766434E+001 -1.511954690495E+002
  5.123853091993E-002  1.492147488203E-003 -4.559496646756E+000  2.886614898973E+001 -1.499975776423E+002
  5.274262198188E-002  1.516055887169E-003 -4.516248543010E+000  2.864144797474E+001 -1.487905773198E+002
  5.427068558066E-002  1.540092946119E-003 -4.472655826166E+000  2.841501676106E+001 -1.475747652799E+002
  5.582285153302E-002  1.564260982573E-003 -4.428728281903E+000  2.818690779675E+001 -1.463504403944E+002
  5.739925198530E-002  1.588562338332E-003 -4.384475759318E+000  2.795717381948E+001 -1.451179031090E+002
  5.900002143803E-002  1.612999379973E-003 -4.339908168139E+000  2.772586783963E+001 -1.438774553422E+002
  6.062529677088E-002  1.637574499364E-003 -4.295035475922E+000  2.749304312319E+001 -1.426294003834E+002
  6.227521726827E-002  1.662290114181E-003 -4.249867705213E+000  2.725875317459E+001 -1.413740427898E+002
  6.394992464542E-002  1.687148668440E-003 -4.204414930700E+000  2.702305171933E+001 -1.401116882822E+002
  6.564956307496E-002  1.712152633027E-003 -4.158687276333E+000  2.678599268649E+001 -1.388426436406E+002
  6.737427921404E-002  1.737304506249E-003 -4.112694912428E+000  2.654763019114E+001 -1.375672165982E+002
  6.912422223211E-002  1.762606814387E-003 -4.066448052746E+000  2.630801851656E+001 -1.362857157344E+002
  7.089954383907E-002  1.788062112257E-003 -4.019956951553E+000  2.606721209645E+001 -1.349984503681E+002
  7.270039831418E-002  1.813672983787E-003 -3.973231900669E+000  2.582526549689E+001 -1.337057304488E+002
  7.452694253540E-002  1.839442042599E-003 -3.926283226486E+000  2.558223339832E+001 -1.324078664479E+002
  7.637933600943E-002  1.865371932600E-003 -3.879121286978E+000  2.533817057733E+001 -1.311051692490E+002
  7.825774090225E-002  1.891465328589E-003 -3.831756468692E+000  2.509313188843E+001 -1.297979500375E+002
  8.016232207035E-002  1.917724936867E-003 -3.784199183726E+000  2.484717224566E+001 -1.284865201893E+002
  8.209324709253E-002  1.944153495867E-003 -3.736459866690E+000  2.460034660419E+001 -1.271711911595E+002
  8.405068630235E-002  1.970753776782E-003 -3.688548971654E+000  2.435270994177E+001 -1.258522743699E+002
  8.603481282122E-002  1.997528584221E-003 -3.640476969087E+000  2.410431724020E+001 -1.245300810965E+002
  8.804580259214E-002  2.024480756857E-003 -3.592254342784E+000  2.385522346670E+001 -1.232049223561E+002
  9.008383441408E-002  2.051613168108E-003 -3.543891586779E+000  2.360548355517E+001 -1.218771087927E+002
  9.214908997710E-002  2.078928726810E-003 -3.495399202258E+000  2.335515238755E+001 -1.205469505633E+002
  9.424175389809E-002  2.106430377918E-003 -3.446787694454E+000  2.310428477497E+001 -1.192147572239E+002
  9.636201375725E-002  2.134121103210E-003 -3.398067569543E+000  2.285293543905E+001 -1.178808376144E+002
  9.851006013526E-002  2.162003922007E-003 -3.349249331536E+000  2.260115899301E+001 -1.165454997437E+002
  1.006860866512E-001  2.190081891910E-003 -3.300343479156E+000  2.234900992291E+001 -1.152090506749E+002
  1.028902900012E-001  2.218358109541E-003 -3.251360502729E+000  2.209654256881E+001 -1.138717964097E+002
  1.051228699979E-001  2.246835711311E-003 -3.202310881058E+000  2.184381110595E+001 -1.125340417731E+002
  1.073840296104E-001  2.275517874190E-003 -3.153205078303E+000  2.159086952595E+001 -1.111960902980E+002
  1.096739750056E-001  2.304407816497E-003 -3.104053540869E+000  2.133777161806E+001 -1.098582441101E+002
  1.119929155896E-001  2.333508798707E-003 -3.054866694282E+000  2.108457095040E+001 -1.085208038120E+002
  1.143410640503E-001  2.362824124271E-003 -3.005654940080E+000  2.083132085125E+001 -1.071840683687E+002
  1.167186364011E-001  2.392357140448E-003 -2.956428652708E+000  2.057807439044E+001 -1.058483349922E+002
  1.191258520249E-001  2.422111239159E-003 -2.907198176411E+000  2.032488436077E+001 -1.045138990269E+002
  1.215629337189E-001  2.452089857854E-003 -2.857973822147E+000  2.007180325945E+001 -1.031810538355E+002
  1.240301077413E-001  2.482296480400E-003 -2.808765864500E+000  1.981888326975E+001 -1.018500906845E+002
  1.265276038575E-001  2.512734637975E-003 -2.759584538607E+000  1.956617624262E+001 -1.005212986311E+002
  1.290556553882E-001  2.543407909995E-003 -2.710440037098E+000  1.931373367847E+001 -9.919496440988E+001
  1.316144992580E-001  2.574319925047E-003 -2.661342507050E+000  1.906160670908E+001 -9.787137232068E+001
  1.342043760450E-001  2.605474361847E-003 -2.612302046952E+000  1.880984607958E+001 -9.655080411658E+001
  1.368255300316E-001  2.636874950214E-003 -2.563328703691E+000  1.855850213063E+001 -9.523353889292E+001
  1.394782092560E-001  2.668525472060E-003 -2.514432469553E+000  1.830762478069E+001 -9.391985297707E+001
  1.421626655646E-001  2.700429762411E-003 -2.465623279247E+000  1.805726350850E+001 -9.261001981906E+001
  1.448791546661E-001  2.732591710434E-003 -2.416911006949E+000  1.780746733568E+001 -9.130430988310E+001
  1.476279361856E-001  2.765015260497E-003 -2.368305463361E+000  1.755828480955E+001 -9.000299054020E+001
  1.504092737207E-001  2.797704413242E-003 -2.319816392811E+000  1.730976398611E+001 -8.870632596184E+001
  1.532234348983E-001  2.830663226680E-003 -2.271453470359E+000  1.706195241325E+001 -8.741457701480E+001
  1.560706914324E-001  2.863895817319E-003 -2.223226298944E+000  1.681489711415E+001 -8.612800115726E+001
  1.589513191834E-001  2.897406361298E-003 -2.175144406555E+000  1.656864457096E+001 -8.484685233622E+001
  1.618655982178E-001  2.931199095559E-003 -2.127217243432E+000  1.632324070862E+001 -8.357138088633E+001
  1.648138128702E-001  2.965278319033E-003 -2.079454179299E+000  1.607873087904E+001 -8.230183343019E+001
  1.677962518056E-001  2.999648393860E-003 -2.031864500631E+000  1.583515984548E+001 -8.103845278022E+001
  1.708132080832E-001  3.034313746623E-003 -1.984457407955E+000  1.559257176717E+001 -7.978147784217E+001
  1.738649792215E-001  3.069278869616E-003 -1.937242013188E+000  1.535101018434E+001 -7.853114352038E+001
  1.769518672648E-001  3.104548322136E-003 -1.890227337011E+000  1.511051800339E+001 -7.728768062484E+001
  1.800741788507E-001  3.140126731803E-003 -1.843422306288E+000  1.487113748252E+001 -7.605131578010E+001
  1.832322252791E-001  3.176018795904E-003 -1.796835751516E+000  1.463291021754E+001 -7.482227133622E+001
  1.864263225826E-001  3.212229282769E-003 -1.750476404328E+000  1.439587712813E+001 -7.360076528173E+001
  1.896567915983E-001  3.248763033179E-003 -1.704352895031E+000  1.416007844438E+001 -7.238701115874E+001
  1.929239580409E-001  3.285624961791E-003 -1.658473750196E+000  1.392555369367E+001 -7.118121798029E+001
  1.962281525771E-001  3.322820058613E-003 -1.612847390290E+000  1.369234168801E+001 -6.998359014997E+001
  1.995697109023E-001  3.360353390492E-003 -1.567482127358E+000  1.346048051167E+001 -6.879432738400E+001
  2.029489738173E-001  3.398230102644E-003 -1.522386162753E+000  1.323000750921E+001 -6.761362463565E+001
  2.063662873085E-001  3.436455420218E-003 -1.477567584917E+000  1.300095927394E+001 -6.644167202237E+001
  2.098220026275E-001  3.475034649885E-003 -1.433034367219E+000  1.277337163681E+001 -6.527865475543E+001
  2.133164763746E-001  3.513973181471E-003 -1.388794365836E+000  1.254727965565E+001 -6.412475307234E+001
  2.168500705817E-001  3.553276489620E-003 -1.344855317698E+000  1.232271760494E+001 -6.298014217206E+001
  2.204231527988E-001  3.592950135496E-003 -1.301224838483E+000  1.209971896593E+001 -6.184499215303E+001
  2.240360961807E-001  3.632999768520E-003 -1.257910420672E+000  1.187831641728E+001 -6.071946795425E+001
  2.276892795770E-001  3.673431128145E-003 -1.214919431660E+000  1.165854182616E+001 -5.960372929931E+001
  2.313830876220E-001  3.714250045674E-003 -1.172259111928E+000  1.144042623976E+001 -5.849793064353E+001
  2.351179108282E-001  3.755462446115E-003 -1.129936573272E+000  1.122399987738E+001 -5.740222112437E+001
  2.388941456809E-001  3.797074350078E-003 -1.087958797094E+000  1.100929212294E+001 -5.631674451494E+001
  2.427121947345E-001  3.839091875711E-003 -1.046332632761E+000  1.079633151803E+001 -5.524163918102E+001
  2.465724667110E-001  3.881521240686E-003 -1.005064796014E+000  1.058514575543E+001 -5.417703804128E+001
  2.504753766009E-001  3.924368764227E-003 -9.641618674517E-001  1.037576167321E+001 -5.312306853116E+001
  2.544213457654E-001  3.967640869177E-003 -9.236302910755E-001  1.016820524927E+001 -5.207985257010E+001
  2.584108020414E-001  4.011344084122E-003 -8.834763728959E-001  9.962501596515E+000 -5.104750653250E+001
  2.624441798480E-001  4.055485045557E-003 -8.437062796089E-001  9.758674958480E+000 -5.002614122223E+001
  2.665219202956E-001  4.100070500102E-003 -8.043260373352E-001  9.556748705546E+000 -4.901586185093E+001
  2.706444712976E-001  4.145107306769E-003 -7.653415304282E-001  9.356745331697E+000 -4.801676801999E+001
  2.748122876832E-001  4.190602439283E-003 -7.267585003472E-001  9.158686451833E+000 -4.702895370647E+001
  2.790258313137E-001  4.236562988450E-003 -6.885825445987E-001  8.962592799646E+000 -4.605250725275E+001
  2.832855712010E-001  4.282996164587E-003 -6.508191157447E-001  8.768484226056E+000 -4.508751136018E+001
  2.875919836279E-001  4.329909300005E-003 -6.134735204782E-001  8.576379698225E+000 -4.413404308666E+001
  2.919455522717E-001  4.377309851548E-003 -5.765509187671E-001  8.386297299133E+000 -4.319217384821E+001
  2.963467683296E-001  4.425205403192E-003 -5.400563230648E-001  8.198254227735E+000 -4.226196942458E+001
  3.007961306479E-001  4.473603668706E-003 -5.039945975885E-001  8.012266799687E+000 -4.134348996892E+001
  3.052941458522E-001  4.522512494374E-003 -4.683704576648E-001  7.828350448657E+000 -4.043679002149E+001
  3.098413284823E-001  4.571939861783E-003 -4.331884691417E-001  7.646519728207E+000 -3.954191852757E+001
  3.144382011281E-001  4.621893890671E-003 -3.984530478681E-001  7.466788314250E+000 -3.865891885941E+001
  3.190852945695E-001  4.672382841850E-003 -3.641684592376E-001  7.289169008088E+000 -3.778782884235E+001
  3.237831479192E-001  4.723415120192E-003 -3.303388177996E-001  7.113673740020E+000 -3.692868078514E+001
  3.285323087679E-001  4.774999277691E-003 -2.969680869334E-001  6.940313573519E+000 -3.608150151427E+001
  3.333333333333E-001  4.827144016591E-003 -2.640600785877E-001  6.769098709980E+000 -3.524631241265E+001
  3.381867866117E-001  4.879858192602E-003 -2.316184530815E-001  6.600038494028E+000 -3.442312946225E+001
  3.430932425333E-001  4.933150818173E-003 -1.996467189687E-001  6.433141419385E+000 -3.361196329096E+001
  3.480532841203E-001  4.987031065868E-003 -1.681482329627E-001  6.268415135286E+000 -3.281281922359E+001
  3.530675036492E-001  5.041508271801E-003 -1.371261999207E-001  6.105866453448E+000 -3.202569733683E+001
  3.581365028158E-001  5.096591939172E-003 -1.065836728870E-001  5.945501355565E+000 -3.125059251845E+001
  3.632608929041E-001  5.152291741875E-003 -7.652355319330E-002  5.787325001341E+000 -3.048749453035E+001
  3.684412949588E-001  5.208617528209E-003 -4.694859061442E-002  5.631341737036E+000 -2.973638807571E+001
  3.736783399619E-001  5.265579324662E-003 -1.786138357827E-002  5.477555104529E+000 -2.899725287001E+001
  3.789726690123E-001  5.323187339805E-003  1.073562057174E-002  5.325967850868E+000 -2.827006371593E+001
  3.843249335105E-001  5.381451968273E-003  3.884012526362E-002  5.176581938319E+000 -2.755479058212E+001
  3.897357953460E-001  5.440383794842E-003  6.644998433497E-002  5.029398554877E+000 -2.685139868564E+001
  3.952059270903E-001  5.499993598618E-003  9.356320162414E-002  4.884418125241E+000 -2.615984857816E+001
  4.007360121927E-001  5.560292357317E-003  1.201779305167E-001  4.741640322235E+000 -2.548009623567E+001
  4.063267451812E-001  5.621291251662E-003  1.462924734486E-001  4.601064078655E+000 -2.481209315176E+001
  4.119788318683E-001  5.683001669888E-003  1.719052813699E-001  4.462687599531E+000 -2.415578643427E+001
  4.176929895600E-001  5.745435212354E-003  1.970149531683E-001  4.326508374780E+000 -2.351111890530E+001
  4.234699472710E-001  5.808603696282E-003  2.216202350584E-001  4.192523192245E+000 -2.287802920440E+001
  4.293104459435E-001  5.872519160606E-003  2.457200199364E-001  4.060728151079E+000 -2.225645189480E+001
  4.352152386716E-001  5.937193870949E-003  2.693133467031E-001  3.931118675481E+000 -2.164631757271E+001
  4.411850909306E-001  6.002640324729E-003  2.923993995597E-001  3.803689528739E+000 -2.104755297940E+001
  4.472207808110E-001  6.068871256391E-003  3.149775072755E-001  3.678434827579E+000 -2.046008111597E+001
  4.533230992589E-001  6.135899642772E-003  3.370471424331E-001  3.555348056777E+000 -1.988382136074E+001
  4.594928503202E-001  6.203738708611E-003  3.586079206524E-001  3.434422084034E+000 -1.931868958903E+001
  4.657308513924E-001  6.272401932198E-003  3.796595997960E-001  3.315649175072E+000 -1.876459829521E+001
  4.720379334802E-001  6.341903051163E-003  4.002020791585E-001  3.199021008938E+000 -1.822145671688E+001
  4.784149414579E-001  6.412256068427E-003  4.202353986435E-001  3.084528693484E+000 -1.768917096094E+001
  4.848627343381E-001  6.483475258298E-003  4.397597379291E-001  2.972162781003E+000 -1.716764413150E+001
  4.913821855461E-001  6.555575172733E-003  4.587754156266E-001  2.861913283996E+000 -1.665677645933E+001
  4.979741832006E-001  6.628570647764E-003  4.772828884330E-001  2.753769691037E+000 -1.615646543279E+001
  5.046396304008E-001  6.702476810086E-003  4.952827502815E-001  2.647720982715E+000 -1.566660592987E+001
  5.113794455212E-001  6.777309083830E-003  5.127757314915E-001  2.543755647630E+000 -1.518709035143E+001
  5.181945625116E-001  6.853083197508E-003  5.297626979218E-001  2.441861698402E+000 -1.471780875514E+001
  5.250859312060E-001  6.929815191146E-003  5.462446501274E-001  2.342026687683E+000 -1.425864899011E+001
  5.320545176366E-001  7.007521423604E-003  5.622227225246E-001  2.244237724129E+000 -1.380949683200E+001
  5.391013043575E-001  7.086218580100E-003  5.776981825650E-001  2.148481488316E+000 -1.337023611832E+001
  5.462272907741E-001  7.165923679926E-003  5.926724299216E-001  2.054744248566E+000 -1.294074888370E+001
  5.534334934816E-001  7.246654084380E-003  6.071469956880E-001  1.963011876657E+000 -1.252091549509E+001
  5.607209466109E-001  7.328427504912E-003  6.211235415942E-001  1.873269863391E+000 -1.211061478645E+001
  5.680907021827E-001  7.411262011483E-003  6.346038592389E-001  1.785503333989E+000 -1.170972419289E+001
  5.755438304707E-001  7.495176041166E-003  6.475898693419E-001  1.699697063295E+000 -1.131811988390E+001
  5.830814203728E-001  7.580188406970E-003  6.600836210164E-001  1.615835490747E+000 -1.093567689559E+001
  5.907045797917E-001  7.666318306912E-003  6.720872910638E-001  1.533902735105E+000 -1.056226926161E+001
  5.984144360243E-001  7.753585333338E-003  6.836031832916E-001  1.453882608908E+000 -1.019777014263E+001
  6.062121361613E-001  7.842009482502E-003  6.946337278551E-001  1.375758632621E+000 -9.842051954074E+000
  6.140988474955E-001  7.931611164409E-003  7.051814806244E-001  1.299514048467E+000 -9.494986491920E+000
  6.220757579409E-001  8.022411212936E-003  7.152491225764E-001  1.225131833910E+000 -9.156445056430E+000
  6.301440764614E-001  8.114430896230E-003  7.248394592125E-001  1.152594714770E+000 -8.826298573491E+000
  6.383050335109E-001  8.207691927403E-003  7.339554200023E-001  1.081885177948E+000 -8.504417713421E+000
  6.465598814833E-001  8.302216475524E-003  7.426000578522E-001  1.012985483746E+000 -8.190673007043E+000
  6.549098951744E-001  8.398027176926E-003  7.507765485994E-001  9.458776777487E-001 -7.884934958800E+000
  6.633563722545E-001  8.495147146827E-003  7.584881905300E-001  8.805436022763E-001 -7.587074156758E+000
  6.719006337539E-001  8.593599991288E-003  7.657384039197E-001  8.169649073613E-001 -7.296961379276E+000
  6.805440245593E-001  8.693409819506E-003  7.725307305976E-001  7.551230612599E-001 -7.014467698201E+000
  6.892879139233E-001  8.794601256469E-003  7.788688335282E-001  6.949993604720E-001 -6.739464578391E+000
  6.981336959871E-001  8.897199455961E-003  7.847564964132E-001  6.365749392634E-001 -6.471823973427E+000
  7.070827903152E-001  9.001230113956E-003  7.901976233083E-001  5.798307786806E-001 -6.211418417345E+000
  7.161366424455E-001  9.106719482390E-003  7.951962382530E-001  5.247477150505E-001 -5.958121112260E+000
  7.252967244510E-001  9.213694383338E-003  7.997564849116E-001  4.713064479595E-001 -5.711806011743E+000
  7.345645355186E-001  9.322182223606E-003  8.038826262202E-001  4.194875477094E-001 -5.472347899836E+000
  7.439416025400E-001  9.432211009745E-003  8.075790440373E-001  3.692714622482E-001 -5.239622465591E+000
  7.534294807203E-001  9.543809363512E-003  8.108502387945E-001  3.206385235776E-001 -5.013506373036E+000
  7.630297542000E-001  9.657006537783E-003  8.137008291415E-001  2.735689536387E-001 -4.793877326500E+000
  7.727440366954E-001  9.771832432940E-003  8.161355515818E-001  2.280428696829E-001 -4.580614131198E+000
  7.825739721536E-001  9.888317613741E-003  8.181592600949E-001  1.840402891354E-001 -4.373596749057E+000
  7.925212354258E-001  1.000649332670E-002  8.197769257378E-001  1.415411339595E-001 -4.172706349700E+000
  8.025875329584E-001  1.012639151798E-002  8.209936362218E-001  1.005252345366E-001 -3.977825356602E+000
  8.127746035011E-001  1.024804485184E-002  8.218145954588E-001  6.097233307443E-002 -3.788837488375E+000
  8.230842188350E-001  1.037148672960E-002  8.222451230699E-001  2.286208656110E-002 -3.605627795203E+000
  8.335181845190E-001  1.049675130923E-002  8.222906538513E-001 -1.382593071523E-002 -3.428082690439E+000
  8.440783406568E-001  1.062387352550E-002  8.219567371889E-001 -4.911222506037E-002 -3.256089977407E+000
  8.547665626839E-001  1.075288911077E-002  8.212490364175E-001 -8.301738165753E-002 -3.089538871453E+000
  8.655847621758E-001  1.088383461638E-002  8.201733281151E-001 -1.155620632141E-001 -2.928320017322E+000
  8.765348876780E-001  1.101674743475E-002  8.187355013260E-001 -1.467670089436E-001 -2.772325501934E+000
  8.876189255584E-001  1.115166582209E-002  8.169415567057E-001 -1.766530338527E-001 -2.621448862677E+000
  8.988389008829E-001  1.128862892191E-002  8.147976055790E-001 -2.052410283004E-001 -2.475585091319E+000
  9.101968783143E-001  1.142767678917E-002  8.123098689048E-001 -2.325519577957E-001 -2.334630633683E+000
  9.216949630368E-001  1.156885041525E-002  8.094846761388E-001 -2.586068629977E-001 -2.198483385228E+000
  9.333353017046E-001  1.171219175365E-002  8.063284639876E-001 -2.834268598796E-001 -2.067042682703E+000
  9.451200834176E-001  1.185774374655E-002  8.028477750446E-001 -3.070331400183E-001 -1.940209292059E+000
  9.570515407237E-001  1.200555035216E-002  7.990492563019E-001 -3.294469709682E-001 -1.817885392803E+000
  9.691319506484E-001  1.215565657299E-002  7.949396575296E-001 -3.506896966781E-001 -1.699974559015E+000
  9.813636357544E-001  1.230810848498E-002  7.905258295150E-001 -3.707827379068E-001 -1.586381737238E+000
  9.937489652293E-001  1.246295326757E-002  7.858147221537E-001 -3.897475925953E-001 -1.477013221480E+000
  1.006290356005E+000  1.262023923477E-002  7.808133823876E-001 -4.076058361498E-001 -1.371776625582E+000
  1.018990273907E+000  1.278001586715E-002  7.755289519802E-001 -4.243791215918E-001 -1.270580853192E+000
  1.031851234841E+000  1.294233384499E-002  7.699686651240E-001 -4.400891795281E-001 -1.173336065621E+000
  1.044875806003E+000  1.310724508236E-002  7.641398458744E-001 -4.547578178988E-001 -1.079953647859E+000
  1.058066607138E+000  1.327480276248E-002  7.580499054019E-001 -4.684069214550E-001 -9.903461730267E-001
  1.071426311823E+000  1.344506137405E-002  7.517063390605E-001 -4.810584509248E-001 -9.044273655454E-001
  1.084957648792E+000  1.361807674895E-002  7.451167232635E-001 -4.927344418219E-001 -8.221120633354E-001
  1.098663403298E+000  1.379390610110E-002  7.382887121664E-001 -5.034570028559E-001 -7.433161793209E-001
  1.112546418516E+000  1.397260806657E-002  7.312300341493E-001 -5.132483139025E-001 -6.679566625490E-001
  1.126609596985E+000  1.415424274514E-002  7.239484880988E-001 -5.221306234939E-001 -5.959514592191E-001
  1.140855902095E+000  1.433887174317E-002  7.164519394845E-001 -5.301262457924E-001 -5.272194739179E-001
  1.155288359613E+000  1.452655821788E-002  7.087483162302E-001 -5.372575570112E-001 -4.616805313563E-001
  1.169910059257E+000  1.471736692327E-002  7.008456043774E-001 -5.435469912499E-001 -3.992553388970E-001
  1.184724156317E+000  1.491136425740E-002  6.927518435427E-001 -5.490170357141E-001 -3.398654501557E-001
  1.199733873325E+000  1.510861831145E-002  6.844751221672E-001 -5.536902252913E-001 -2.834332299532E-001
  1.214942501771E+000  1.530919892035E-002  6.760235725625E-001 -5.575891364607E-001 -2.298818208830E-001
  1.230353403874E+000  1.551317771520E-002  6.674053657536E-001 -5.607363805144E-001 -1.791351117514E-001
  1.245970014403E+000  1.572062817747E-002  6.586287061231E-001 -5.631545960744E-001 -1.311177081303E-001
  1.261795842559E+000  1.593162569510E-002  6.497018258612E-001 -5.648664408922E-001 -8.575490525306E-002
  1.277834473907E+000  1.614624762054E-002  6.406329792265E-001 -5.658945829225E-001 -4.297266346439E-002
  1.294089572372E+000  1.636457333079E-002  6.314304366242E-001 -5.662616906662E-001 -2.697586418789E-003
  1.310564882294E+000  1.658668428962E-002  6.221024785097E-001 -5.659904227834E-001  3.514309779575E-002
  1.327264230548E+000  1.681266411190E-002  6.126573891250E-001 -5.651034169809E-001  7.062155245346E-002
  1.344191528724E+000  1.704259863026E-002  6.031034500784E-001 -5.636232781841E-001  1.038093447717E-001
  1.361350775387E+000  1.727657596408E-002  5.934489337771E-001 -5.615725660078E-001  1.347774551649E-001
  1.378746058390E+000  1.751468659100E-002  5.837020967252E-001 -5.589737815444E-001  1.635962830842E-001
  1.396381557275E+000  1.775702342093E-002  5.738711726981E-001 -5.558493534960E-001  1.903356493777E-001
  1.414261545744E+000  1.800368187279E-002  5.639643658083E-001 -5.522216236771E-001  2.150647951347E-001
  1.432390394201E+000  1.825475995395E-002  5.539898434752E-001 -5.481128319245E-001  2.378523769990E-001
  1.450772572390E+000  1.851035834267E-002  5.439557293155E-001 -5.435451004518E-001  2.587664589668E-001
  1.469412652102E+000  1.877058047342E-002  5.338700959684E-001 -5.385404176936E-001  2.778745007076E-001
  1.488315309978E+000  1.903553262542E-002  5.237409578741E-001 -5.331206216869E-001  2.952433424752E-001
  1.507485330398E+000  1.930532401444E-002  5.135762640215E-001 -5.273073830427E-001  3.109391867006E-001
  1.526927608467E+000  1.958006688797E-002  5.033838906827E-001 -5.211221875659E-001  3.250275763867E-001
  1.546647153093E+000  1.985987662391E-002  4.931716341545E-001 -5.145863185824E-001  3.375733704478E-001
  1.566649090169E+000  2.014487183303E-002  4.829472035235E-001 -5.077208390395E-001  3.486407161624E-001
  1.586938665861E+000  2.043517446518E-002  4.727182134755E-001 -5.005465734471E-001  3.582930189333E-001
  1.607521250000E+000  2.073090991960E-002  4.624921771674E-001 -4.930840897297E-001  3.665929095681E-001
  1.628402339588E+000  2.103220715932E-002  4.522764991820E-001 -4.853536810628E-001  3.736022093178E-001
  1.649587562420E+000  2.133919883002E-002  4.420784685850E-001 -4.773753477693E-001  3.793818929285E-001
  1.671082680832E+000  2.165202138333E-002  4.319052521025E-001 -4.691687793515E-001  3.839920499808E-001
  1.692893595565E+000  2.197081520497E-002  4.217638874396E-001 -4.607533367381E-001  3.874918448059E-001
  1.715026349769E+000  2.229572474776E-002  4.116612767590E-001 -4.521480348228E-001  3.899394752827E-001
  1.737487133138E+000  2.262689866987E-002  4.016041803359E-001 -4.433715253747E-001  3.913921308308E-001
  1.760282286187E+000  2.296448997842E-002  3.915992104097E-001 -4.344420803965E-001  3.919059499248E-001
  1.783418304674E+000  2.330865617868E-002  3.816528252483E-001 -4.253775760093E-001  3.915359774601E-001
  1.806901844175E+000  2.365955942924E-002  3.717713234412E-001 -4.161954769364E-001  3.903361223064E-001
  1.830739724818E+000  2.401736670327E-002  3.619608384372E-001 -4.069128216619E-001  3.883591153854E-001
  1.854938936184E+000  2.438224995616E-002  3.522273333418E-001 -3.975462083311E-001  3.856564686090E-001
  1.879506642368E+000  2.475438629994E-002  3.425765959863E-001 -3.881117814614E-001  3.822784350079E-001
  1.904450187236E+000  2.513395818467E-002  3.330142342820E-001 -3.786252195248E-001  3.782739703762E-001
  1.929777099847E+000  2.552115358717E-002  3.235456718694E-001 -3.691017234608E-001  3.736906967460E-001
  1.955495100083E+000  2.591616620741E-002  3.141761440728E-001 -3.595560061723E-001  3.685748679948E-001
  1.981612104475E+000  2.631919567292E-002  3.049106941673E-001 -3.500022830527E-001  3.629713378711E-001
  2.008136232230E+000  2.673044775156E-002  2.957541699666E-001 -3.404542635844E-001  3.569235307100E-001
  2.035075811486E+000  2.715013457311E-002  2.867112207341E-001 -3.309251440465E-001  3.504734150841E-001
  2.062439385788E+000  2.757847486001E-002  2.777862944232E-001 -3.214276013575E-001  3.436614806204E-001
  2.090235720801E+000  2.801569416771E-002  2.689836352479E-001 -3.119737880777E-001  3.365267181808E-001
  2.118473811262E+000  2.846202513514E-002  2.603072815839E-001 -3.025753285835E-001  3.291066035852E-001
  2.147162888201E+000  2.891770774564E-002  2.517610641996E-001 -2.932433164232E-001  3.214370850220E-001
  2.176312426413E+000  2.938298959899E-002  2.433486048142E-001 -2.839883128520E-001  3.135525742646E-001
  2.205932152222E+000  2.985812619504E-002  2.350733149795E-001 -2.748203465414E-001  3.054859417808E-001
  2.236032051522E+000  3.034338122938E-002  2.269383952789E-001 -2.657489144460E-001  2.972685157905E-001
  2.266622378129E+000  3.083902690182E-002  2.189468348389E-001 -2.567829838067E-001  2.889300852952E-001
  2.297713662445E+000  3.134534423818E-002  2.111014111433E-001 -2.479309952619E-001  2.804989070705E-001
  2.329316720450E+000  3.186262342603E-002  2.034046901430E-001 -2.392008670292E-001  2.720017165814E-001
  2.361442663038E+000  3.239116416519E-002  1.958590266506E-001 -2.306000001177E-001  2.634637427467E-001
  2.394102905709E+000  3.293127603351E-002  1.884665650105E-001 -2.221352845209E-001  2.549087264517E-001
  2.427309178642E+000  3.348327886897E-002  1.812292400323E-001 -2.138131063379E-001  2.463589426747E-001
  2.461073537146E+000  3.404750316862E-002  1.741487781768E-001 -2.056393557638E-001  2.378352260672E-001
  2.495408372530E+000  3.462429050548E-002  1.672266989824E-001 -1.976194358872E-001  2.293569998015E-001
  2.530326423398E+000  3.521399396401E-002  1.604643167213E-001 -1.897582722277E-001  2.209423074747E-001
  2.565840787378E+000  3.581697859546E-002  1.538627422718E-001 -1.820603229462E-001  2.126078478350E-001
  2.601964933334E+000  3.643362189376E-002  1.474228851977E-001 -1.745295896539E-001  2.043690120802E-001
  2.638712714049E+000  3.706431429322E-002  1.411454560217E-001 -1.671696287506E-001  1.962399234591E-001
  2.676098379430E+000  3.770945968912E-002  1.350309686848E-001 -1.599835632176E-001  1.882334788952E-001
  2.714136590232E+000  3.836947598236E-002  1.290797431801E-001 -1.529740947937E-001  1.803613923408E-001
  2.752842432351E+000  3.904479564947E-002  1.232919083549E-001 -1.461435164627E-001  1.726342395644E-001
  2.792231431696E+000  3.973586633921E-002  1.176674048719E-001 -1.394937251833E-001  1.650615040699E-001
  2.832319569669E+000  4.044315149734E-002  1.122059883249E-001 -1.330262347953E-001  1.576516238466E-001
  2.873123299289E+000  4.116713102086E-002  1.069072325036E-001 -1.267421890398E-001  1.504120386538E-001
  2.914659561979E+000  4.190830194354E-002  1.017705328050E-001 -1.206423746344E-001  1.433492375487E-001
  2.956945805065E+000  4.266717915414E-002  9.679510978920E-002 -1.147272343503E-001  1.364688063787E-001
  3.000000000000E+000  4.344429614932E-002  9.198001287919E-002 -1.089968800442E-001  1.297754749712E-001
  3.043840661365E+000  4.424020582308E-002  8.732412420721E-002 -1.034511056023E-001  1.232731637716E-001
  3.088486866678E+000  4.505548129460E-002  8.282616260890E-002 -9.808939976225E-002  1.169650296974E-001
  3.133958277047E+000  4.589071677685E-002  7.848468777042E-002 -9.291095878271E-002  1.108535109997E-001
  3.180275158719E+000  4.674652848797E-002  7.429810453344E-002 -8.791469894135E-002  1.049403709446E-001
  3.227458405560E+000  4.762355560797E-002  7.026466736453E-002 -8.309926884449E-002  9.922674015405E-002
  3.275529562509E+000  4.852246128332E-002  6.638248499633E-002 -7.846306154163E-002  9.371315747156E-002
  3.324510850077E+000  4.944393368200E-002  6.264952524829E-002 -7.400422644355E-002  8.839960924333E-002
  3.374425189910E+000  5.038868710203E-002  5.906362003551E-002 -6.972068104917E-002  8.328556693657E-002
  3.425296231502E+000  5.135746313639E-002  5.562247057388E-002 -6.561012249252E-002  7.837002304140E-002
  3.477148380094E+000  5.235103189784E-002  5.232365278984E-002 -6.167003892614E-002  7.365152523151E-002
  3.530006825834E+000  5.337019330676E-002  4.916462294234E-002 -5.789772076218E-002  6.912820878438E-002
  3.583897574256E+000  5.441577844603E-002  4.614272346347E-002 -5.429027179622E-002  6.479782728701E-002
  3.638847478148E+000  5.548865098670E-002  4.325518902329E-002 -5.084462024164E-002  6.065778167624E-002
  3.694884270887E+000  5.658970868864E-002  4.049915282229E-002 -4.755752970460E-002  5.670514768355E-002
  3.752036601308E+000  5.771988498079E-002  3.787165311309E-002 -4.442561013028E-002  5.293670177293E-002
  3.810334070199E+000  5.888015062562E-002  3.536963995048E-002 -4.144532875117E-002  4.934894567597E-002
  3.869807268505E+000  6.007151547295E-002  3.298998216606E-002 -3.861302106673E-002  4.593812964065E-002
  3.930487817331E+000  6.129503030858E-002  3.072947456076E-002 -3.592490188127E-002  4.270027451991E-002
  3.992408409843E+000  6.255178880352E-002  2.858484530517E-002 -3.337707642376E-002  3.963119283157E-002
  4.055602855172E+000  6.384292957002E-002  2.655276353386E-002 -3.096555156815E-002  3.672650892362E-002
  4.120106124432E+000  6.516963833101E-002  2.462984711636E-002 -2.868624716779E-002  3.398167837745E-002
  4.185954398964E+000  6.653315021009E-002  2.281267058354E-002 -2.653500751092E-002  3.139200677718E-002
  4.253185120935E+000  6.793475214960E-002  2.109777318418E-002 -2.450761289690E-002  2.895266796493E-002
  4.321837046422E+000  6.937578546490E-002  1.948166704290E-002 -2.259979132545E-002  2.665872189093E-002
  4.391950301120E+000  7.085764854355E-002  1.796084538677E-002 -2.080723028260E-002  2.450513215357E-002
  4.463566438835E+000  7.238179969882E-002  1.653179080474E-002 -1.912558859894E-002  2.248678330801E-002
  4.536728502895E+000  7.394976018725E-002  1.519098350054E-002 -1.755050834710E-002  2.059849800382E-002
  4.611481090679E+000  7.556311740127E-002  1.393490949739E-002 -1.607762673717E-002  1.883505399231E-002
  4.687870421430E+000  7.722352824817E-002  1.276006875052E-002 -1.470258796085E-002  1.719120102338E-002
  4.765944407533E+000  7.893272272784E-002  1.166298312168E-002 -1.342105492798E-002  1.566167763057E-002
  4.845752729492E+000  8.069250772248E-002  1.064020416917E-002 -1.222872083245E-002  1.424122778197E-002
  4.927346914797E+000  8.250477101257E-002  9.688320706535E-003 -1.112132047941E-002  1.292461735431E-002
  5.010780420931E+000  8.437148553436E-002  8.803966083493E-003 -1.009464130134E-002  1.170665036870E-002
  5.096108722763E+000  8.629471389541E-002  7.983825144135E-003 -9.144533988077E-003  1.058218490923E-002
  5.183389404586E+000  8.827661316581E-002  7.224640819554E-003 -8.266922654606E-003  9.546148631223E-003
  5.272682257105E+000  9.031943996425E-002  6.523220314966E-003 -7.457814471019E-003  8.593553753879E-003
  5.364049379651E+000  9.242555585946E-002  5.876440855239E-003 -6.713308681352E-003  7.719511423570E-003
  5.457555287978E+000  9.459743310926E-002  5.281254957210E-003 -6.029604942023E-003  6.919245328976E-003
  5.553267027968E+000  9.683766076100E-002  4.734695202439E-003 -5.403010916341E-003  6.188104447902E-003
  5.651254295630E+000  9.914895113938E-002  4.233878489812E-003 -4.829949069031E-003  5.521574808190E-003
  5.751589563796E+000  1.015341467494E-001  3.776009753750E-003 -4.306962613635E-003  4.915290151403E-003
  5.854348215936E+000  1.039962276248E-001  3.358385140407E-003 -3.830720576013E-003  4.365041398046E-003
  5.959608687557E+000  1.065383191537E-001  2.978394641123E-003 -3.398021948606E-003  3.866784826507E-003
  6.067452615683E+000  1.091637004188E-001  2.633524189302E-003 -3.005798922476E-003  3.416648894489E-003
  6.177964996951E+000  1.118758130872E-001  2.321357233666E-003 -2.651119197066E-003  3.010939650870E-003
  6.291234354880E+000  1.146782708938E-001  2.039575807304E-003 -2.331187380791E-003  2.646144707187E-003
  6.407352916949E+000  1.175748697626E-001  1.785961117944E-003 -2.043345508659E-003  2.318935760684E-003
  6.526416802128E+000  1.205695986129E-001  1.558393690172E-003 -1.785072715741E-003  2.026169684344E-003
  6.648526219580E+000  1.236666509049E-001  1.354853094852E-003 -1.553984117135E-003  1.764888222931E-003
  6.773785679311E+000  1.268704369821E-001  1.173417304539E-003 -1.347828955718E-003  1.532316356955E-003
  6.902304215570E+000  1.301855972713E-001  1.012261716126E-003 -1.164488088206E-003  1.325859418060E-003
  7.034195623922E+000  1.336170164087E-001  8.696578832455E-004 -1.001970887454E-003  1.143099058857E-003
  7.169578712934E+000  1.371698383673E-001  7.439720010237E-004 -8.584116444155E-004  9.817881970920E-004
  7.308577571516E+000  1.408494826628E-001  6.336631845745E-004 -7.320655564999E-004  8.398450678047E-004
  7.451321853057E+000  1.446616617293E-001  5.372815802381E-004 -6.213043900868E-004  7.153465272426E-004
  7.597947077547E+000  1.486123995567E-001  4.534663450359E-004 -5.246119037592E-004  6.065207586061E-004
  7.748594953021E+000  1.527080516973E-001  3.809435252615E-004 -4.405791153052E-004  5.117395319293E-004
  7.903413717736E+000  1.569553267535E-001  3.185238597402E-004 -3.678994899550E-004  4.295101686042E-004
  8.062558504629E+000  1.613613094717E-001  2.651005272482E-004 -3.053641198016E-004  3.584673553312E-004
  8.226191729726E+000  1.659334855793E-001  2.196468511551E-004 -2.518569552036E-004  2.973649428889E-004
  8.394483506327E+000  1.706797685137E-001  1.812139677987E-004 -2.063501385292E-004  2.450678524722E-004
  8.567612086926E+000  1.756085282071E-001  1.489284587169E-004 -1.678994792649E-004  2.005441969503E-004
  8.745764335025E+000  1.807286221064E-001  1.219899409503E-004 -1.356400977179E-004  1.628577068700E-004
  8.929136229160E+000  1.860494286260E-001  9.966860449397E-005 -1.087822527658E-004  1.311605320452E-004
  9.117933401693E+000  1.915808832504E-001  8.130268188668E-005 -8.660735780578E-005  1.046864698829E-004
  9.312371715124E+000  1.973335175235E-001  6.629583215396E-005 -6.846417869871E-005  8.274465193852E-005
  9.512677878945E+000  2.033185011886E-001  5.411442004764E-005 -5.376519851289E-005  6.471370130829E-005
  9.719090110332E+000  2.095476877688E-001  4.428467191599E-005 -4.198312662308E-005  5.003635605953E-005
  9.931858842267E+000  2.160336639044E-001  3.638969165736E-005 -3.264752450883E-005  3.821453858104E-005
  1.015124748302E+001  2.227898028021E-001  3.006632405329E-005 -2.534151763855E-005  2.880483803345E-005
  1.037753323129E+001  2.298303221843E-001  2.500185824710E-005 -1.969856222508E-005  2.141436338754E-005
  1.061100795175E+001  2.371703471699E-001  2.093057104137E-005 -1.539923738997E-005  1.569691810947E-005
  1.085197911611E+001  2.448259785618E-001  1.763011775227E-005 -1.216803725082E-005  1.134944448182E-005
  1.110077081537E+001  2.528143670735E-001  1.491778721508E-005 -9.770143404597E-006  8.108685770739E-006
  1.135772484956E+001  2.611537940784E-001  1.264664674506E-005 -8.008165863594E-006  5.748017735527E-006
  1.162320190175E+001  2.698637595360E-001  1.070161192691E-005 -6.718849256091E-006  4.074406947322E-006
  1.189758280382E+001  2.789650778206E-001  8.995484507522E-006 -5.769750497999E-006  2.925461528072E-006
  1.218126990242E+001  2.884799822596E-001  7.465008868497E-006 -5.055903592006E-006  2.166549620139E-006
  1.247468853413E+001  2.984322392826E-001  6.067003049617E-006 -4.496496112672E-006  1.687971459779E-006
  1.277828862002E+001  3.088472731875E-001  4.774623632762E-006 -4.031589701173E-006  1.402181628168E-006
  1.309254639077E+001  3.197523026463E-001  3.573824620103E-006 -3.618922985255E-006  1.241068174158E-006
  1.341796625462E+001  3.311764902095E-001  2.460068512501E-006 -3.230839310334E-006  1.153304178699E-006
  1.375508282195E+001  3.431511062169E-001  1.435343023550E-006 -2.851383190133E-006  1.101794392028E-006
  1.410446310162E+001  3.557097086969E-001  5.055293248364E-007 -2.473608282313E-006  1.061244384626E-006
  1.446670888596E+001  3.688883410292E-001 -3.218423443361E-007 -2.097135956217E-006  1.015881937900E-006
  1.484245934302E+001  3.827257493700E-001 -1.039426037354E-006 -1.725997311576E-006  9.573600695384E-007
  1.523239383723E+001  3.972636220891E-001 -1.641472466488E-006 -1.366783164722E-006  8.828682396000E-007
  1.563723500136E+001  4.125468537596E-001 -2.124824945202E-006 -1.027116531428E-006  7.934731963824E-007
  1.605775208607E+001  4.286238365683E-001 -2.489518057631E-006 -7.144511141537E-007  6.927040352092E-007
  1.649476461582E+001  4.455467823929E-001 -2.739012006365E-006 -4.351879383446E-007  5.853879221983E-007
  1.694914638379E+001  4.633720792263E-001 -2.880107799441E-006 -1.940913008076E-007  4.767342210302E-007
  1.742182982203E+001  4.821606861220E-001 -2.922598321253E-006  6.024706345709E-009  3.716561217280E-007
  1.791381078784E+001  5.019785714107E-001 -2.878717285401E-006  1.643760260335E-007  2.743109452354E-007
  1.842615381215E+001  5.228971995942E-001 -2.762451664580E-006  2.820977389171E-007  1.878336436155E-007
  1.895999786176E+001  5.449940730840E-001 -2.588783225075E-006  3.619888049362E-007  1.142330651260E-007
  1.951656267356E+001  5.683533358366E-001 -2.372921291440E-006  4.081595734261E-007  5.441758126976E-008
  2.009715572669E+001  5.930664469535E-001 -2.129582104226E-006  4.256273239567E-007  8.315780672894E-009
  2.070317992707E+001  6.192329335039E-001 -1.872360612122E-006  4.199008473019E-007 -2.494094944876E-008
  2.133614208874E+001  6.469612332096E-001 -1.613228956520E-006  3.965888519764E-007 -4.680423804417E-008
  2.199766230782E+001  6.763696392388E-001 -1.362183103024E-006  3.610593308275E-007 -5.908890536555E-008
  2.268948433818E+001  7.075873612439E-001 -1.127045974184E-006  3.181685709897E-007 -6.376816070965E-008
  2.341348709294E+001  7.407557189842E-001 -9.134229739417E-007  2.720698946916E-007 -6.279868390188E-008
  2.417169741362E+001  7.760294874639E-001 -7.247948353188E-007  2.261041077588E-007 -5.798463028033E-008
  2.496630426925E+001  8.135784155747E-001 -5.627240004610E-007  1.827665604257E-007 -5.088419038253E-008
  2.579967457140E+001  8.535889438281E-001 -4.271447885173E-007  1.437401249386E-007 -4.275769370235E-008
  2.667437081864E+001  8.962661510291E-001 -3.167047070138E-007  1.099795487621E-007 -3.455262199741E-008
  2.759317081651E+001  9.418359647997E-001 -2.291244269626E-007  8.183066393095E-008 -2.691842801627E-008
  2.855908975674E+001  9.905476768748E-001 -1.615469046456E-007  5.916776272457E-008 -2.024276049636E-008
  2.957540498378E+001  1.042676811269E+000 -1.108513760983E-007  4.153386828389E-008 -1.470048930222E-008
  3.064568382919E+001  1.098528402000E+000 -7.391475785799E-008  2.827128533739E-008 -1.030763019657E-008
  3.177381495601E+001  1.158440747351E+000 -4.781052364130E-008  1.863326999778E-008 -6.973647677598E-009
  3.296404372807E+001  1.222789720048E+000 -2.994253141337E-008  1.187142903187E-008 -4.547393297896E-009
  3.422101220608E+001  1.291993727721E+000 -1.811776777743E-008  7.297085875479E-009 -2.853840646455E-009
  3.554980447538E+001  1.366519436102E+000 -1.056694987964E-008  4.317942196859E-009 -1.720560418462E-009
  3.695599813319E+001  1.446888389511E+000 -5.925018887883E-009  2.453644976468E-009 -9.943485871329E-010
  3.844572291106E+001  1.533684690030E+000 -3.184696104124E-009  1.335207794464E-009 -5.494595887241E-010
  4.002572758518E+001  1.627563929686E+000 -1.635649416483E-009  6.936471138321E-010 -2.894664553279E-010
  4.170345654134E+001  1.729263610453E+000 -7.998506933874E-010  3.428246345066E-010 -1.449070052560E-010
  4.348713762001E+001  1.839615336740E+000 -3.709409292015E-010  1.605696500721E-010 -6.867268268329E-011
  4.538588318162E+001  1.959559126947E+000 -1.624295505848E-010  7.096262341707E-011 -3.067963061332E-011
  4.740980671574E+001  2.090160267552E+000 -6.682807161621E-011  2.944866617845E-011 -1.285956747703E-011
  4.957015778746E+001  2.232629229408E+000 -2.569262650600E-011  1.141343211398E-011 -5.030313292526E-012
  5.187947869225E+001  2.388345286640E+000 -9.173925477711E-012  4.106229268293E-012 -1.825366394969E-012
  5.435178690397E+001  2.558884630889E+000 -3.021486391141E-012  1.362027806008E-012 -6.103218725329E-013
  5.700278828629E+001  2.746053966795E+000 -9.108790020151E-013  4.133486018118E-013 -1.866027080051E-013
  5.985012714155E+001  2.951930820846E+000 -2.491791233647E-013  1.137850716851E-013 -5.172482347665E-014
  6.291368055481E+001  3.178912111311E+000 -6.125291801496E-014  2.813574916994E-014 -1.287321419697E-014
  6.621590623276E+001  3.429772933797E+000 -1.338138968605E-014  6.180771951322E-015 -2.845149581369E-015
  6.978225524452E+001  3.707738044625E+000 -2.565564067042E-015  1.191231805614E-015 -5.514756055490E-016
  7.364166388185E+001  4.016569212832E+000 -4.255652174264E-016  1.985742557675E-016 -9.242031228199E-017
  7.782714245929E+001  4.360672516382E+000 -6.008480217091E-017  2.816727484323E-017 -1.317535247548E-017
  8.237648351994E+001  4.745230855210E+000 -7.086929802467E-018  3.336947512093E-018 -1.568225759118E-018
  8.733311794503E+001  5.176368549127E+000 -6.834508134268E-019  3.231500482208E-019 -1.525398950268E-019
  9.274715535088E+001  5.661357031559E+000 -5.256885333230E-020  2.495354293510E-020 -1.182818365550E-020
  9.867665554529E+001  6.208873552072E+000 -3.133422495028E-021  1.492919066362E-021 -7.104326627045E-022
  1.051891916055E+002  6.829328764649E+000 -1.399645349823E-022  6.692078973141E-023 -3.196314871387E-023
  1.123637836013E+002  7.535284543316E+000 -4.504935860629E-024  2.161097737477E-024 -1.035790618504E-024
  1.202933069206E+002  8.341990973528E+000 -9.976903177538E-026  4.801155176804E-026 -2.308687846717E-026
  1.290875131414E+002  9.268082166539E+000 -1.439634022815E-027  6.948511712676E-028 -3.351591845266E-028
  1.388768482001E+002  1.033648575811E+001 -1.268500950944E-029  6.139732549390E-030 -2.970101119120E-030
  1.498173177370E+002  1.157562284364E+001 -6.315551238956E-032  3.064937168016E-032 -1.486731816490E-032
  1.620967411853E+002  1.302100699722E+001 -1.618168836627E-034  7.872662847389E-035 -3.828711825157E-035
  1.759428668168E+002  1.471739812515E+001 -1.904981860912E-037  9.289983163547E-038 -4.528977233630E-038
  1.916340085825E+002  1.672173748087E+001 -8.970585911631E-041  4.384424375298E-041 -2.142345046196E-041
  2.095131417987E+002  1.910719757888E+001 -1.424335744902E-044  6.976148698929E-045 -3.416052856534E-045
  2.300068054477E+002  2.196884699990E+001 -6.165320214257E-049  3.025636371701E-049 -1.484570042381E-049
  2.536507797910E+002  2.543169216868E+001 -5.570108841618E-054  2.738613580326E-054 -1.346279979242E-054
  2.811254638474E+002  2.966227967912E+001 -7.481689066020E-060  3.684875981374E-060 -1.814663065572E-060
  3.133053780630E+002  3.488573552677E+001 -9.659154695739E-067  4.765082410009E-067 -2.350509061263E-067
  3.513296254502E+002  4.141128389041E+001 -6.790232765196E-075  3.354884575175E-075 -1.657445572396E-075
  3.967041014106E+002  4.967130404214E+001 -1.226001233991E-084  6.065973346983E-085 -3.001137483525E-085
  4.514529193349E+002  6.028257212519E+001 -2.070183438903E-096  1.025631850020E-096 -5.081076044065E-097
  5.183481233601E+002  7.414493328740E+001 -8.192928283384E-111  4.063989337106E-111 -2.015821628095E-111
  6.012676077950E+002  9.260523890243E+001 -1.096122237059E-128  5.443295758107E-129 -2.703053682630E-129
  7.057700503752E+002  1.177394213729E+002 -3.087761186829E-151  1.534956323505E-151 -7.630289233632E-152
  8.400513767914E+002  1.528577972397E+002 -3.054003750822E-180  1.519609632801E-180 -7.561176416233E-181
  1.016602135495E+003  2.034537342122E+002 -2.068052968300E-218  1.029902020737E-218 -5.128928915266E-219
  1.255220715580E+003  2.790860613466E+002 -4.848411033635E-270  2.416394575301E-270 -1.204298108738E-270
  1.588815776243E+003  3.973705897531E+002  0.000000000000E+000  0.000000000000E+000  0.000000000000E+000
  2.075392011604E+003  5.931596040112E+002  0.000000000000E+000  0.000000000000E+000  0.000000000000E+000
  2.825079847529E+003  9.419154890021E+002  0.000000000000E+000  0.000000000000E+000  0.000000000000E+000
  4.068408296184E+003  1.627629972033E+003  0.000000000000E+000  0.000000000000E+000  0.000000000000E+000
  6.357262947674E+003  3.178964796686E+003  0.000000000000E+000  0.000000000000E+000  0.000000000000E+000
  1.130231930164E+004  7.535323971013E+003  0.000000000000E+000  0.000000000000E+000  0.000000000000E+000
  2.543105175140E+004  2.543171841285E+004  0.000000000000E+000  0.000000000000E+000  0.000000000000E+000
  1.017262069958E+005  2.034537473226E+005  0.000000000000E+000  0.000000000000E+000  0.000000000000E+000
