# 1st line: number of mesh points
# abcissa weight wavefunction wavefunction_1st wavefunction_2nd
500
# Principal QN=   2 , l=   0 , Occupation=   2.0000
  9.830308526508E-006  1.966074589941E-005 -1.010853738757E+001  8.155301294109E+001 -5.658974229380E+002
  3.932200719717E-005  3.932303800261E-005 -1.010613249677E+001  8.153632545203E+001 -5.657762260939E+002
  8.847741541455E-005  5.898842277178E-005 -1.010212522886E+001  8.150851945430E+001 -5.655742829615E+002
  1.573003992804E-004  7.865844718600E-005 -1.009651690857E+001  8.146960467052E+001 -5.652916709229E+002
  2.457963722417E-004  9.833465899987E-005 -1.008930938971E+001  8.141959470561E+001 -5.649284982538E+002
  3.539722959954E-004  1.180186070023E-004 -1.008050505438E+001  8.135850703995E+001 -5.644849040642E+002
  4.818366816528E-004  1.377118412759E-004 -1.007010681190E+001  8.128636302068E+001 -5.639610582228E+002
  6.293995911626E-004  1.574159134560E-004 -1.005811809755E+001  8.120318785105E+001 -5.633571612637E+002
  7.966726389934E-004  1.771323769912E-004 -1.004454287108E+001  8.110901057787E+001 -5.626734442773E+002
  9.836689940782E-004  1.968627874036E-004 -1.002938561497E+001  8.100386407696E+001 -5.619101687837E+002
  1.190403382016E-003  2.166087025496E-004 -1.001265133247E+001  8.088778503685E+001 -5.610676265900E+002
  1.416892087541E-003  2.363716828821E-004 -9.994345545444E+000  8.076081394042E+001 -5.601461396308E+002
  1.663152957245E-003  2.561532917128E-004 -9.974474291920E+000  8.062299504473E+001 -5.591460597927E+002
  1.929205402573E-003  2.759550954757E-004 -9.953044123482E+000  8.047437635898E+001 -5.580677687216E+002
  2.215070403074E-003  2.957786639908E-004 -9.930062102403E+000  8.031500962058E+001 -5.569116776149E+002
  2.520770509919E-003  3.156255707300E-004 -9.905535798567E+000  8.014495026936E+001 -5.556782269964E+002
  2.846329849692E-003  3.354973930828E-004 -9.879473286167E+000  7.996425741997E+001 -5.543678864764E+002
  3.191774128432E-003  3.553957126240E-004 -9.851883140184E+000  7.977299383242E+001 -5.529811544949E+002
  3.557130635959E-003  3.753221153821E-004 -9.822774432649E+000  7.957122588086E+001 -5.515185580499E+002
  3.942428250463E-003  3.952781921092E-004 -9.792156728691E+000  7.935902352050E+001 -5.499806524099E+002
  4.347697443358E-003  4.152655385525E-004 -9.760040082370E+000  7.913646025284E+001 -5.483680208106E+002
  4.772970284417E-003  4.352857557265E-004 -9.726435032296E+000  7.890361308910E+001 -5.466812741374E+002
  5.218280447175E-003  4.553404501876E-004 -9.691352597043E+000  7.866056251190E+001 -5.449210505916E+002
  5.683663214611E-003  4.754312343099E-004 -9.654804270352E+000  7.840739243524E+001 -5.430880153433E+002
  6.169155485101E-003  4.955597265624E-004 -9.616802016131E+000  7.814419016286E+001 -5.411828601683E+002
  6.674795778653E-003  5.157275517886E-004 -9.577358263250E+000  7.787104634479E+001 -5.392063030714E+002
  7.200624243425E-003  5.359363414876E-004 -9.536485900141E+000  7.758805493241E+001 -5.371590878952E+002
  7.746682662519E-003  5.561877340970E-004 -9.494198269193E+000  7.729531313176E+001 -5.350419839155E+002
  8.313014461060E-003  5.764833752781E-004 -9.450509160959E+000  7.699292135537E+001 -5.328557854219E+002
  8.899664713569E-003  5.968249182030E-004 -9.405432808170E+000  7.668098317242E+001 -5.306013112865E+002
  9.506680151615E-003  6.172140238444E-004 -9.358983879553E+000  7.635960525746E+001 -5.282794045176E+002
  1.013410917176E-002  6.376523612666E-004 -9.311177473476E+000  7.602889733752E+001 -5.258909318021E+002
  1.078200184380E-002  6.581416079202E-004 -9.262029111398E+000  7.568897213784E+001 -5.234367830341E+002
  1.145040991929E-002  6.786834499385E-004 -9.211554731146E+000  7.533994532607E+001 -5.209178708319E+002
  1.213938684040E-002  6.992795824361E-004 -9.159770680015E+000  7.498193545511E+001 -5.183351300420E+002
  1.284898774901E-002  7.199317098113E-004 -9.106693707692E+000  7.461506390449E+001 -5.156895172327E+002
  1.357926949620E-002  7.406415460502E-004 -9.052340959015E+000  7.423945482049E+001 -5.129820101743E+002
  1.433029065191E-002  7.614108150341E-004 -8.996729966564E+000  7.385523505489E+001 -5.102136073101E+002
  1.510211151509E-002  7.822412508494E-004 -8.939878643091E+000  7.346253410239E+001 -5.073853272152E+002
  1.589479412397E-002  8.031345981016E-004 -8.881805273785E+000  7.306148403687E+001 -5.044982080451E+002
  1.670840226680E-002  8.240926122311E-004 -8.822528508397E+000  7.265221944640E+001 -5.015533069742E+002
  1.754300149280E-002  8.451170598329E-004 -8.762067353201E+000  7.223487736703E+001 -4.985516996246E+002
  1.839865912351E-002  8.662097189796E-004 -8.700441162810E+000  7.180959721550E+001 -4.954944794852E+002
  1.927544426443E-002  8.873723795480E-004 -8.637669631859E+000  7.137652072084E+001 -4.923827573214E+002
  2.017342781695E-002  9.086068435487E-004 -8.573772786539E+000  7.093579185487E+001 -4.892176605763E+002
  2.109268249069E-002  9.299149254598E-004 -8.508770976005E+000  7.048755676172E+001 -4.860003327638E+002
  2.203328281612E-002  9.512984525641E-004 -8.442684863644E+000  7.003196368635E+001 -4.827319328529E+002
  2.299530515754E-002  9.727592652906E-004 -8.375535418231E+000  6.956916290216E+001 -4.794136346446E+002
  2.397882772639E-002  9.942992175591E-004 -8.307343904954E+000  6.909930663763E+001 -4.760466261421E+002
  2.498393059493E-002  1.015920177130E-003 -8.238131876326E+000  6.862254900220E+001 -4.726321089133E+002
  2.601069571024E-002  1.037624025957E-003 -8.167921162985E+000  6.813904591127E+001 -4.691712974474E+002
  2.705920690860E-002  1.059412660547E-003 -8.096733864390E+000  6.764895501044E+001 -4.656654185048E+002
  2.812954993023E-002  1.081287992318E-003 -8.024592339407E+000  6.715243559910E+001 -4.621157104619E+002
  2.922181243436E-002  1.103251947969E-003 -7.951519196803E+000  6.664964855321E+001 -4.585234226507E+002
  3.033608401473E-002  1.125306469854E-003 -7.877537285653E+000  6.614075624756E+001 -4.548898146927E+002
  3.147245621542E-002  1.147453516351E-003 -7.802669685641E+000  6.562592247741E+001 -4.512161558295E+002
  3.263102254705E-002  1.169695062249E-003 -7.726939697301E+000  6.510531237955E+001 -4.475037242485E+002
  3.381187850339E-002  1.192033099133E-003 -7.650370832161E+000  6.457909235293E+001 -4.437538064057E+002
  3.501512157837E-002  1.214469635775E-003 -7.572986802825E+000  6.404742997880E+001 -4.399676963449E+002
  3.624085128345E-002  1.237006698530E-003 -7.494811512985E+000  6.351049394045E+001 -4.361466950143E+002
  3.748916916538E-002  1.259646331739E-003 -7.415869047368E+000  6.296845394266E+001 -4.322921095814E+002
  3.876017882444E-002  1.282390598136E-003 -7.336183661628E+000  6.242148063073E+001 -4.284052527449E+002
  4.005398593302E-002  1.305241579266E-003 -7.255779772185E+000  6.186974550938E+001 -4.244874420469E+002
  4.137069825459E-002  1.328201375897E-003 -7.174681946015E+000  6.131342086137E+001 -4.205399991825E+002
  4.271042566323E-002  1.351272108452E-003 -7.092914890406E+000  6.075267966601E+001 -4.165642493102E+002
  4.407328016341E-002  1.374455917436E-003 -7.010503442665E+000  6.018769551749E+001 -4.125615203620E+002
  4.545937591035E-002  1.397754963880E-003 -6.927472559806E+000  5.961864254326E+001 -4.085331423530E+002
  4.686882923075E-002  1.421171429779E-003 -6.843847308206E+000  5.904569532231E+001 -4.044804466939E+002
  4.830175864396E-002  1.444707518548E-003 -6.759652853240E+000  5.846902880356E+001 -4.004047655027E+002
  4.975828488365E-002  1.468365455478E-003 -6.674914448907E+000  5.788881822428E+001 -3.963074309198E+002
  5.123853091993E-002  1.492147488203E-003 -6.589657427440E+000  5.730523902872E+001 -3.921897744248E+002
  5.274262198188E-002  1.516055887169E-003 -6.503907188912E+000  5.671846678685E+001 -3.880531261559E+002
  5.427068558066E-002  1.540092946119E-003 -6.417689190852E+000  5.612867711348E+001 -3.838988142328E+002
  5.582285153302E-002  1.564260982573E-003 -6.331028937856E+000  5.553604558748E+001 -3.797281640833E+002
  5.739925198530E-002  1.588562338332E-003 -6.243951971219E+000  5.494074767154E+001 -3.755424977738E+002
  5.900002143803E-002  1.612999379973E-003 -6.156483858577E+000  5.434295863218E+001 -3.713431333446E+002
  6.062529677088E-002  1.637574499364E-003 -6.068650183580E+000  5.374285346029E+001 -3.671313841498E+002
  6.227521726827E-002  1.662290114181E-003 -5.980476535588E+000  5.314060679209E+001 -3.629085582036E+002
  6.394992464542E-002  1.687148668440E-003 -5.891988499398E+000  5.253639283070E+001 -3.586759575317E+002
  6.564956307496E-002  1.712152633027E-003 -5.803211645021E+000  5.193038526826E+001 -3.544348775290E+002
  6.737427921404E-002  1.737304506249E-003 -5.714171517489E+000  5.132275720870E+001 -3.501866063252E+002
  6.912422223211E-002  1.762606814387E-003 -5.624893626722E+000  5.071368109119E+001 -3.459324241564E+002
  7.089954383907E-002  1.788062112257E-003 -5.535403437446E+000  5.010332861434E+001 -3.416736027451E+002
  7.270039831418E-002  1.813672983787E-003 -5.445726359171E+000  4.949187066116E+001 -3.374114046886E+002
  7.452694253540E-002  1.839442042599E-003 -5.355887736235E+000  4.887947722487E+001 -3.331470828548E+002
  7.637933600943E-002  1.865371932600E-003 -5.265912837915E+000  4.826631733559E+001 -3.288818797885E+002
  7.825774090225E-002  1.891465328589E-003 -5.175826848622E+000  4.765255898791E+001 -3.246170271260E+002
  8.016232207035E-002  1.917724936867E-003 -5.085654858163E+000  4.703836906948E+001 -3.203537450201E+002
  8.209324709253E-002  1.944153495867E-003 -4.995421852102E+000  4.642391329058E+001 -3.160932415746E+002
  8.405068630235E-002  1.970753776782E-003 -4.905152702203E+000  4.580935611476E+001 -3.118367122906E+002
  8.603481282122E-002  1.997528584221E-003 -4.814872156970E+000  4.519486069054E+001 -3.075853395225E+002
  8.804580259214E-002  2.024480756857E-003 -4.724604832287E+000  4.458058878433E+001 -3.033402919466E+002
  9.008383441408E-002  2.051613168108E-003 -4.634375202162E+000  4.396670071447E+001 -2.991027240403E+002
  9.214908997710E-002  2.078928726810E-003 -4.544207589584E+000  4.335335528647E+001 -2.948737755743E+002
  9.424175389809E-002  2.106430377918E-003 -4.454126157485E+000  4.274070972961E+001 -2.906545711168E+002
  9.636201375725E-002  2.134121103210E-003 -4.364154899831E+000  4.212891963473E+001 -2.864462195511E+002
  9.851006013526E-002  2.162003922007E-003 -4.274317632827E+000  4.151813889346E+001 -2.822498136052E+002
  1.006860866512E-001  2.190081891910E-003 -4.184637986251E+000  4.090851963875E+001 -2.780664293968E+002
  1.028902900012E-001  2.218358109541E-003 -4.095139394924E+000  4.030021218685E+001 -2.738971259897E+002
  1.051228699979E-001  2.246835711311E-003 -4.005845090305E+000  3.969336498073E+001 -2.697429449668E+002
  1.073840296104E-001  2.275517874190E-003 -3.916778092236E+000  3.908812453499E+001 -2.656049100155E+002
  1.096739750056E-001  2.304407816497E-003 -3.827961200819E+000  3.848463538227E+001 -2.614840265291E+002
  1.119929155896E-001  2.333508798707E-003 -3.739416988449E+000  3.788304002119E+001 -2.573812812225E+002
  1.143410640503E-001  2.362824124271E-003 -3.651167791991E+000  3.728347886593E+001 -2.532976417635E+002
  1.167186364011E-001  2.392357140448E-003 -3.563235705114E+000  3.668609019731E+001 -2.492340564192E+002
  1.191258520249E-001  2.422111239159E-003 -3.475642570776E+000  3.609101011561E+001 -2.451914537188E+002
  1.215629337189E-001  2.452089857854E-003 -3.388409973880E+000  3.549837249495E+001 -2.411707421313E+002
  1.240301077413E-001  2.482296480400E-003 -3.301559234082E+000  3.490830893944E+001 -2.371728097607E+002
  1.265276038575E-001  2.512734637975E-003 -3.215111398774E+000  3.432094874094E+001 -2.331985240558E+002
  1.290556553882E-001  2.543407909995E-003 -3.129087236227E+000  3.373641883861E+001 -2.292487315386E+002
  1.316144992580E-001  2.574319925047E-003 -3.043507228918E+000  3.315484378023E+001 -2.253242575473E+002
  1.342043760450E-001  2.605474361847E-003 -2.958391567018E+000  3.257634568517E+001 -2.214259059978E+002
  1.368255300316E-001  2.636874950214E-003 -2.873760142068E+000  3.200104420926E+001 -2.175544591611E+002
  1.394782092560E-001  2.668525472060E-003 -2.789632540826E+000  3.142905651142E+001 -2.137106774584E+002
  1.421626655646E-001  2.700429762411E-003 -2.706028039301E+000  3.086049722205E+001 -2.098952992728E+002
  1.448791546661E-001  2.732591710434E-003 -2.622965596966E+000  3.029547841329E+001 -2.061090407790E+002
  1.476279361856E-001  2.765015260497E-003 -2.540463851158E+000  2.973410957112E+001 -2.023525957897E+002
  1.504092737207E-001  2.797704413242E-003 -2.458541111665E+000  2.917649756929E+001 -1.986266356195E+002
  1.532234348983E-001  2.830663226680E-003 -2.377215355497E+000  2.862274664504E+001 -1.949318089667E+002
  1.560706914324E-001  2.863895817319E-003 -2.296504221855E+000  2.807295837679E+001 -1.912687418120E+002
  1.589513191834E-001  2.897406361298E-003 -2.216425007279E+000  2.752723166358E+001 -1.876380373347E+002
  1.618655982178E-001  2.931199095559E-003 -2.136994660998E+000  2.698566270639E+001 -1.840402758465E+002
  1.648138128702E-001  2.965278319033E-003 -2.058229780466E+000  2.644834499138E+001 -1.804760147430E+002
  1.677962518056E-001  2.999648393860E-003 -1.980146607093E+000  2.591536927493E+001 -1.769457884716E+002
  1.708132080832E-001  3.034313746623E-003 -1.902761022172E+000  2.538682357050E+001 -1.734501085178E+002
  1.738649792215E-001  3.069278869616E-003 -1.826088542996E+000  2.486279313742E+001 -1.699894634074E+002
  1.769518672648E-001  3.104548322136E-003 -1.750144319171E+000  2.434336047149E+001 -1.665643187275E+002
  1.800741788507E-001  3.140126731803E-003 -1.674943129125E+000  2.382860529734E+001 -1.631751171626E+002
  1.832322252791E-001  3.176018795904E-003 -1.600499376806E+000  2.331860456273E+001 -1.598222785487E+002
  1.864263225826E-001  3.212229282769E-003 -1.526827088581E+000  2.281343243454E+001 -1.565061999436E+002
  1.896567915983E-001  3.248763033179E-003 -1.453939910323E+000  2.231316029663E+001 -1.532272557141E+002
  1.929239580409E-001  3.285624961791E-003 -1.381851104690E+000  2.181785674945E+001 -1.499857976388E+002
  1.962281525771E-001  3.322820058613E-003 -1.310573548602E+000  2.132758761140E+001 -1.467821550274E+002
  1.995697109023E-001  3.360353390492E-003 -1.240119730904E+000  2.084241592192E+001 -1.436166348559E+002
  2.029489738173E-001  3.398230102644E-003 -1.170501750219E+000  2.036240194634E+001 -1.404895219172E+002
  2.063662873085E-001  3.436455420218E-003 -1.101731312994E+000  1.988760318235E+001 -1.374010789870E+002
  2.098220026275E-001  3.475034649885E-003 -1.033819731728E+000  1.941807436819E+001 -1.343515470049E+002
  2.133164763746E-001  3.513973181471E-003 -9.667779233890E-001  1.895386749249E+001 -1.313411452704E+002
  2.168500705817E-001  3.553276489620E-003 -9.006164080174E-001  1.849503180567E+001 -1.283700716524E+002
  2.204231527988E-001  3.592950135496E-003 -8.353453075065E-001  1.804161383296E+001 -1.254385028143E+002
  2.240360961807E-001  3.632999768520E-003 -7.709743445679E-001  1.759365738896E+001 -1.225465944515E+002
  2.276892795770E-001  3.673431128145E-003 -7.075128418738E-001  1.715120359370E+001 -1.196944815431E+002
  2.313830876220E-001  3.714250045674E-003 -6.449697213762E-001  1.671429089026E+001 -1.168822786164E+002
  2.351179108282E-001  3.755462446115E-003 -5.833535038000E-001  1.628295506368E+001 -1.141100800235E+002
  2.388941456809E-001  3.797074350078E-003 -5.226723083077E-001  1.585722926146E+001 -1.113779602311E+002
  2.427121947345E-001  3.839091875711E-003 -4.629338523341E-001  1.543714401530E+001 -1.086859741214E+002
  2.465724667110E-001  3.881521240686E-003 -4.041454515868E-001  1.502272726425E+001 -1.060341573046E+002
  2.504753766009E-001  3.924368764227E-003 -3.463140202110E-001  1.461400437908E+001 -1.034225264418E+002
  2.544213457654E-001  3.967640869177E-003 -2.894460711160E-001  1.421099818795E+001 -1.008510795794E+002
  2.584108020414E-001  4.011344084122E-003 -2.335477164592E-001  1.381372900327E+001 -9.831979649278E+001
  2.624441798480E-001  4.055485045557E-003 -1.786246682863E-001  1.342221464973E+001 -9.582863903913E+001
  2.665219202956E-001  4.100070500102E-003 -1.246822393235E-001  1.303647049339E+001 -9.337755152028E+001
  2.706444712976E-001  4.145107306769E-003 -7.172534391935E-002  1.265650947192E+001 -9.096646105332E+001
  2.748122876832E-001  4.190602439283E-003 -1.975849913277E-002  1.228234212577E+001 -8.859527794943E+001
  2.790258313137E-001  4.236562988450E-003  3.121417403579E-002  1.191397663042E+001 -8.626389610029E+001
  2.832855712010E-001  4.282996164587E-003  8.118894927312E-002  1.155141882944E+001 -8.397219337132E+001
  2.875919836279E-001  4.329909300005E-003  1.301624934453E-001  1.119467226850E+001 -8.172003200145E+001
  2.919455522717E-001  4.377309851548E-003  1.781318649563E-001  1.084373823020E+001 -7.950725900878E+001
  2.963467683296E-001  4.425205403192E-003  2.250945119759E-001  1.049861576963E+001 -7.733370660159E+001
  3.007961306479E-001  4.473603668706E-003  2.710482705413E-001  1.015930175072E+001 -7.519919259416E+001
  3.052941458522E-001  4.522512494374E-003  3.159913625337E-001  9.825790883175E+000 -7.310352082691E+001
  3.098413284823E-001  4.571939861783E-003  3.599223935359E-001  9.498075760161E+000 -7.104648159023E+001
  3.144382011281E-001  4.621893890671E-003  4.028403505705E-001  9.176146896444E+000 -6.902785205145E+001
  3.190852945695E-001  4.672382841850E-003  4.447445997256E-001  8.859992767119E+000 -6.704739668456E+001
  3.237831479192E-001  4.723415120192E-003  4.856348836681E-001  8.549599846795E+000 -6.510486770184E+001
  3.285323087679E-001  4.774999277691E-003  5.255113190496E-001  8.244952649201E+000 -6.320000548713E+001
  3.333333333333E-001  4.827144016591E-003  5.643743938068E-001  7.946033767176E+000 -6.133253903009E+001
  3.381867866117E-001  4.879858192602E-003  6.022249643598E-001  7.652823912967E+000 -5.950218636079E+001
  3.430932425333E-001  4.933150818173E-003  6.390642527113E-001  7.365301958817E+000 -5.770865498432E+001
  3.480532841203E-001  4.987031065868E-003  6.748938434489E-001  7.083444977775E+000 -5.595164231476E+001
  3.530675036492E-001  5.041508271801E-003  7.097156806537E-001  6.807228284687E+000 -5.423083610787E+001
  3.581365028158E-001  5.096591939172E-003  7.435320647177E-001  6.536625477321E+000 -5.254591489232E+001
  3.632608929041E-001  5.152291741875E-003  7.763456490718E-001  6.271608477583E+000 -5.089654839855E+001
  3.684412949588E-001  5.208617528209E-003  8.081594368284E-001  6.012147572774E+000 -4.928239798504E+001
  3.736783399619E-001  5.265579324662E-003  8.389767773383E-001  5.758211456848E+000 -4.770311706146E+001
  3.789726690123E-001  5.323187339805E-003  8.688013626663E-001  5.509767271639E+000 -4.615835150805E+001
  3.843249335105E-001  5.381451968273E-003  8.976372239868E-001  5.266780647990E+000 -4.464774009103E+001
  3.897357953460E-001  5.440383794842E-003  9.254887278997E-001  5.029215746777E+000 -4.317091487332E+001
  3.952059270903E-001  5.499993598618E-003  9.523605726710E-001  4.797035299763E+000 -4.172750162039E+001
  4.007360121927E-001  5.560292357317E-003  9.782577843971E-001  4.570200650263E+000 -4.031712020057E+001
  4.063267451812E-001  5.621291251662E-003  1.003185713095E+000  4.348671793581E+000 -3.893938497965E+001
  4.119788318683E-001  5.683001669888E-003  1.027150028722E+000  4.132407417179E+000 -3.759390520914E+001
  4.176929895600E-001  5.745435212354E-003  1.050156717118E+000  3.921364940559E+000 -3.628028540808E+001
  4.234699472710E-001  5.808603696282E-003  1.072212075885E+000  3.715500554814E+000 -3.499812573776E+001
  4.293104459435E-001  5.872519160606E-003  1.093322710189E+000  3.514769261840E+000 -3.374702236927E+001
  4.352152386716E-001  5.937193870949E-003  1.113495528497E+000  3.319124913164E+000 -3.252656784346E+001
  4.411850909306E-001  6.002640324729E-003  1.132737738239E+000  3.128520248377E+000 -3.133635142288E+001
  4.472207808110E-001  6.068871256391E-003  1.151056841409E+000  2.942906933143E+000 -3.017595943574E+001
  4.533230992589E-001  6.135899642772E-003  1.168460630089E+000  2.762235596776E+000 -2.904497561128E+001
  4.594928503202E-001  6.203738708611E-003  1.184957181906E+000  2.586455869355E+000 -2.794298140666E+001
  4.657308513924E-001  6.272401932198E-003  1.200554855422E+000  2.415516418366E+000 -2.686955632479E+001
  4.720379334802E-001  6.341903051163E-003  1.215262285445E+000  2.249364984868E+000 -2.582427822333E+001
  4.784149414579E-001  6.412256068427E-003  1.229088378280E+000  2.087948419152E+000 -2.480672361430E+001
  4.848627343381E-001  6.483475258298E-003  1.242042306902E+000  1.931212715913E+000 -2.381646795446E+001
  4.913821855461E-001  6.555575172733E-003  1.254133506052E+000  1.779103048895E+000 -2.285308592614E+001
  4.979741832006E-001  6.628570647764E-003  1.265371667265E+000  1.631563805036E+000 -2.191615170858E+001
  5.046396304008E-001  6.702476810086E-003  1.275766733822E+000  1.488538618090E+000 -2.100523923957E+001
  5.113794455212E-001  6.777309083830E-003  1.285328895619E+000  1.349970401741E+000 -2.011992246743E+001
  5.181945625116E-001  6.853083197508E-003  1.294068583967E+000  1.215801382197E+000 -1.925977559335E+001
  5.250859312060E-001  6.929815191146E-003  1.301996466299E+000  1.085973130279E+000 -1.842437330391E+001
  5.320545176366E-001  7.007521423604E-003  1.309123440805E+000  9.604265930131E-001 -1.761329099402E+001
  5.391013043575E-001  7.086218580100E-003  1.315460630983E+000  8.391021247177E-001 -1.682610498015E+001
  5.462272907741E-001  7.165923679926E-003  1.321019380094E+000  7.219395176211E-001 -1.606239270405E+001
  5.534334934816E-001  7.246654084380E-003  1.325811245542E+000  6.088780319995E-001 -1.532173292695E+001
  5.607209466109E-001  7.328427504912E-003  1.329847993151E+000  4.998564258617E-001 -1.460370591443E+001
  5.680907021827E-001  7.411262011483E-003  1.333141591364E+000  3.948129841920E-001 -1.390789361199E+001
  5.755438304707E-001  7.495176041166E-003  1.335704205334E+000  2.936855477690E-001 -1.323387981161E+001
  5.830814203728E-001  7.580188406970E-003  1.337548190928E+000  1.964115415797E-001 -1.258125030936E+001
  5.907045797917E-001  7.666318306912E-003  1.338686088628E+000  1.029280028474E-001 -1.194959305429E+001
  5.984144360243E-001  7.753585333338E-003  1.339130617336E+000  1.317160869667E-002 -1.133849828885E+001
  6.062121361613E-001  7.842009482502E-003  1.338894668067E+000 -7.292129652419E-002 -1.074755868092E+001
  6.140988474955E-001  7.931611164409E-003  1.337991297553E+000 -1.554146742382E-001 -1.017636944793E+001
  6.220757579409E-001  8.022411212936E-003  1.336433721722E+000 -2.343727649288E-001 -9.624528473097E+000
  6.301440764614E-001  8.114430896230E-003  1.334235309090E+000 -3.098600616980E-001 -9.091636414198E+000
  6.383050335109E-001  8.207691927403E-003  1.331409574024E+000 -3.819412840677E-001 -8.577296805070E+000
  6.465598814833E-001  8.302216475524E-003  1.327970169908E+000 -4.506813519980E-001 -8.081116150209E+000
  6.549098951744E-001  8.398027176926E-003  1.323930882191E+000 -5.161453600964E-001 -7.602704012722E+000
  6.633563722545E-001  8.495147146827E-003  1.319305621322E+000 -5.783985519923E-001 -7.141673095969E+000
  6.719006337539E-001  8.593599991288E-003  1.314108415577E+000 -6.375062948483E-001 -6.697639319209E+000
  6.805440245593E-001  8.693409819506E-003  1.308353403764E+000 -6.935340539841E-001 -6.270221887592E+000
  6.892879139233E-001  8.794601256469E-003  1.302054827819E+000 -7.465473675867E-001 -5.859043356822E+000
  6.981336959871E-001  8.897199455961E-003  1.295227025287E+000 -7.966118214803E-001 -5.463729692827E+000
  7.070827903152E-001  9.001230113956E-003  1.287884421688E+000 -8.437930239331E-001 -5.083910326796E+000
  7.161366424455E-001  9.106719482390E-003  1.280041522772E+000 -8.881565804765E-001 -4.719218205904E+000
  7.252967244510E-001  9.213694383338E-003  1.271712906661E+000 -9.297680687131E-001 -4.369289840082E+000
  7.345645355186E-001  9.322182223606E-003  1.262913215879E+000 -9.686930130935E-001 -4.033765345165E+000
  7.439416025400E-001  9.432211009745E-003  1.253657149278E+000 -1.004996859641E+000 -3.712288482762E+000
  7.534294807203E-001  9.543809363512E-003  1.243959453855E+000 -1.038744950604E+000 -3.404506697175E+000
  7.630297542000E-001  9.657006537783E-003  1.233834916466E+000 -1.070002499026E+000 -3.110071149701E+000
  7.727440366954E-001  9.771832432940E-003  1.223298355442E+000 -1.098834563203E+000 -2.828636750629E+000
  7.825739721536E-001  9.888317613741E-003  1.212364612105E+000 -1.125306021034E+000 -2.559862189253E+000
  7.925212354258E-001  1.000649332670E-002  1.201048542199E+000 -1.149481544243E+000 -2.303409962192E+000
  8.025875329584E-001  1.012639151798E-002  1.189365007224E+000 -1.171425572458E+000 -2.058946400320E+000
  8.127746035011E-001  1.024804485184E-002  1.177328865700E+000 -1.191202287156E+000 -1.826141694576E+000
  8.230842188350E-001  1.037148672960E-002  1.164954964344E+000 -1.208875585459E+000 -1.604669920916E+000
  8.335181845190E-001  1.049675130923E-002  1.152258129183E+000 -1.224509053777E+000 -1.394209064673E+000
  8.440783406568E-001  1.062387352550E-002  1.139253156607E+000 -1.238165941316E+000 -1.194441044542E+000
  8.547665626839E-001  1.075288911077E-002  1.125954804357E+000 -1.249909133429E+000 -1.005051736418E+000
  8.655847621758E-001  1.088383461638E-002  1.112377782476E+000 -1.259801124846E+000 -8.257309972928E-001
  8.765348876780E-001  1.101674743475E-002  1.098536744212E+000 -1.267903992768E+000 -6.561726893783E-001
  8.876189255584E-001  1.115166582209E-002  1.084446276901E+000 -1.274279369852E+000 -4.960747046407E-001
  8.988389008829E-001  1.128862892191E-002  1.070120892820E+000 -1.278988417101E+000 -3.451389898737E-001
  9.101968783143E-001  1.142767678917E-002  1.055575020034E+000 -1.282091796674E+000 -2.030715724446E-001
  9.216949630368E-001  1.156885041525E-002  1.040822993246E+000 -1.283649644638E+000 -6.958258681576E-002
  9.333353017046E-001  1.171219175365E-002  1.025879044654E+000 -1.283721543694E+000  5.561369807591E-002
  9.451200834176E-001  1.185774374655E-002  1.010757294835E+000 -1.282366495896E+000  1.727988505175E-001
  9.570515407237E-001  1.200555035216E-002  9.954717436608E-001 -1.279642895395E+000  2.822502467563E-001
  9.691319506484E-001  1.215565657299E-002  9.800362612634E-001 -1.275608501256E+000  3.842410407521E-001
  9.813636357544E-001  1.230810848498E-002  9.644645790638E-001 -1.270320410359E+000  4.790401329489E-001
  9.937489652293E-001  1.246295326757E-002  9.487702808705E-001 -1.263835030447E+000  5.669121380847E-001
  1.006290356005E+000  1.262023923477E-002  9.329667940690E-001 -1.256208053354E+000  6.481173520861E-001
  1.018990273907E+000  1.278001586715E-002  9.170673809120E-001 -1.247494428453E+000  7.229117181071E-001
  1.031851234841E+000  1.294233384499E-002  9.010851299267E-001 -1.237748336380E+000  7.915467917980E-001
  1.044875806003E+000  1.310724508236E-002  8.850329474528E-001 -1.227023163080E+000  8.542697059050E-001
  1.058066607138E+000  1.327480276248E-002  8.689235493264E-001 -1.215371474223E+000  9.113231343231E-001
  1.071426311823E+000  1.344506137405E-002  8.527694527243E-001 -1.202844990049E+000  9.629452557397E-001
  1.084957648792E+000  1.361807674895E-002  8.365829681845E-001 -1.189494560692E+000  1.009369717026E+000
  1.098663403298E+000  1.379390610110E-002  8.203761918180E-001 -1.175370142051E+000  1.050825596548E+000
  1.112546418516E+000  1.397260806657E-002  8.041609977258E-001 -1.160520772243E+000  1.087537367583E+000
  1.126609596985E+000  1.415424274514E-002  7.879490306382E-001 -1.144994548729E+000  1.119724862045E+000
  1.140855902095E+000  1.433887174317E-002  7.717516987894E-001 -1.128838606139E+000  1.147603234733E+000
  1.155288359613E+000  1.452655821788E-002  7.555801670437E-001 -1.112099094889E+000  1.171382928317E+000
  1.169910059257E+000  1.471736692327E-002  7.394453502874E-001 -1.094821160621E+000  1.191269639316E+000
  1.184724156317E+000  1.491136425740E-002  7.233579070999E-001 -1.077048924547E+000  1.207464285292E+000
  1.199733873325E+000  1.510861831145E-002  7.073282337195E-001 -1.058825464753E+000  1.220162973523E+000
  1.214942501771E+000  1.530919892035E-002  6.913664583159E-001 -1.040192798517E+000  1.229556971410E+000
  1.230353403874E+000  1.551317771520E-002  6.754824355835E-001 -1.021191865700E+000  1.235832678865E+000
  1.245970014403E+000  1.572062817747E-002  6.596857416666E-001 -1.001862513279E+000  1.239171602967E+000
  1.261795842559E+000  1.593162569510E-002  6.439856694300E-001 -9.822434810579E-001  1.239750335126E+000
  1.277834473907E+000  1.614624762054E-002  6.283912240847E-001 -9.623723886350E-001  1.237740531030E+000
  1.294089572372E+000  1.636457333079E-002  6.129111191798E-001 -9.422857236526E-001  1.233308893633E+000
  1.310564882294E+000  1.658668428962E-002  5.975537729691E-001 -9.220188313975E-001  1.226617159434E+000
  1.327264230548E+000  1.681266411190E-002  5.823273051625E-001 -9.016059057890E-001  1.217822088308E+000
  1.344191528724E+000  1.704259863026E-002  5.672395340683E-001 -8.810799817988E-001  1.207075457115E+000
  1.361350775387E+000  1.727657596408E-002  5.522979741338E-001 -8.604729293436E-001  1.194524057330E+000
  1.378746058390E+000  1.751468659100E-002  5.375098338896E-001 -8.398154486831E-001  1.180309696922E+000
  1.396381557275E+000  1.775702342093E-002  5.228820143017E-001 -8.191370673571E-001  1.164569206664E+000
  1.414261545744E+000  1.800368187279E-002  5.084211075347E-001 -7.984661386861E-001  1.147434451104E+000
  1.432390394201E+000  1.825475995395E-002  4.941333961284E-001 -7.778298418579E-001  1.129032344344E+000
  1.450772572390E+000  1.851035834267E-002  4.800248525874E-001 -7.572541836181E-001  1.109484870809E+000
  1.469412652102E+000  1.877058047342E-002  4.661011393847E-001 -7.367640015732E-001  1.088909111140E+000
  1.488315309978E+000  1.903553262542E-002  4.523676093754E-001 -7.163829691159E-001  1.067417273332E+000
  1.507485330398E+000  1.930532401444E-002  4.388293066194E-001 -6.961336019685E-001  1.045116729226E+000
  1.526927608467E+000  1.958006688797E-002  4.254909676058E-001 -6.760372663433E-001  1.022110056427E+000
  1.546647153093E+000  1.985987662391E-002  4.123570228758E-001 -6.561141887040E-001  9.984950857033E-001
  1.566649090169E+000  2.014487183303E-002  3.994315990336E-001 -6.363834671135E-001  9.743649539084E-001
  1.586938665861E+000  2.043517446518E-002  3.867185211394E-001 -6.168630841420E-001  9.498081624165E-001
  1.607521250000E+000  2.073090991960E-002  3.742213154725E-001 -5.975699213061E-001  9.249086410637E-001
  1.628402339588E+000  2.103220715932E-002  3.619432126535E-001 -5.785197750010E-001  8.997458175421E-001
  1.649587562420E+000  2.133919883002E-002  3.498871511133E-001 -5.597273738846E-001  8.743946921773E-001
  1.671082680832E+000  2.165202138333E-002  3.380557808940E-001 -5.412063976622E-001  8.489259179857E-001
  1.692893595565E+000  2.197081520497E-002  3.264514677682E-001 -5.229694972176E-001  8.234058858868E-001
  1.715026349769E+000  2.229572474776E-002  3.150762976589E-001 -5.050283160302E-001  7.978968149148E-001
  1.737487133138E+000  2.262689866987E-002  3.039320813435E-001 -4.873935128083E-001  7.724568472479E-001
  1.760282286187E+000  2.296448997842E-002  2.930203594242E-001 -4.700747852690E-001  7.471401478478E-001
  1.783418304674E+000  2.330865617868E-002  2.823424075449E-001 -4.530808949850E-001  7.219970084749E-001
  1.806901844175E+000  2.365955942924E-002  2.718992418361E-001 -4.364196932164E-001  6.970739558226E-001
  1.830739724818E+000  2.401736670327E-002  2.616916245669E-001 -4.200981476396E-001  6.724138634846E-001
  1.854938936184E+000  2.438224995616E-002  2.517200699832E-001 -4.041223698824E-001  6.480560674530E-001
  1.879506642368E+000  2.475438629994E-002  2.419848503128E-001 -3.884976437707E-001  6.240364848181E-001
  1.904450187236E+000  2.513395818467E-002  2.324860019135E-001 -3.732284541874E-001  6.003877353232E-001
  1.929777099847E+000  2.552115358717E-002  2.232233315463E-001 -3.583185164441E-001  5.771392654110E-001
  1.955495100083E+000  2.591616620741E-002  2.141964227502E-001 -3.437708060627E-001  5.543174743779E-001
  1.981612104475E+000  2.631919567292E-002  2.054046422994E-001 -3.295875888621E-001  5.319458422438E-001
  2.008136232230E+000  2.673044775156E-002  1.968471467217E-001 -3.157704512468E-001  5.100450589282E-001
  2.035075811486E+000  2.715013457311E-002  1.885228888606E-001 -3.023203305914E-001  4.886331543178E-001
  2.062439385788E+000  2.757847486001E-002  1.804306244592E-001 -2.892375456179E-001  4.677256288027E-001
  2.090235720801E+000  2.801569416771E-002  1.725689187516E-001 -2.765218266637E-001  4.473355838532E-001
  2.118473811262E+000  2.846202513514E-002  1.649361530430E-001 -2.641723457387E-001  4.274738522113E-001
  2.147162888201E+000  2.891770774564E-002  1.575305312635E-001 -2.521877462761E-001  4.081491272696E-001
  2.176312426413E+000  2.938298959899E-002  1.503500864836E-001 -2.405661724820E-001  3.893680912161E-001
  2.205932152222E+000  2.985812619504E-002  1.433926873760E-001 -2.293052981949E-001  3.711355415329E-001
  2.236032051522E+000  3.034338122938E-002  1.366560446166E-001 -2.184023551715E-001  3.534545154464E-001
  2.266622378129E+000  3.083902690182E-002  1.301377172129E-001 -2.078541607208E-001  3.363264119390E-001
  2.297713662445E+000  3.134534423818E-002  1.238351187553E-001 -1.976571446140E-001  3.197511109538E-001
  2.329316720450E+000  3.186262342603E-002  1.177455235848E-001 -1.878073752067E-001  3.037270894397E-001
  2.361442663038E+000  3.239116416519E-002  1.118660728756E-001 -1.783005847150E-001  2.882515339088E-001
  2.394102905709E+000  3.293127603351E-002  1.061937806304E-001 -1.691321935993E-001  2.733204492038E-001
  2.427309178642E+000  3.348327886897E-002  1.007255395909E-001 -1.602973340125E-001  2.589287632014E-001
  2.461073537146E+000  3.404750316862E-002  9.545812706515E-002 -1.517908722836E-001  2.450704272067E-001
  2.495408372530E+000  3.462429050548E-002  9.038821067934E-002 -1.436074304144E-001  2.317385118277E-001
  2.530326423398E+000  3.521399396401E-002  8.551235405819E-002 -1.357414065747E-001  2.189252981534E-001
  2.565840787378E+000  3.581697859546E-002  8.082702244499E-002 -1.281869945951E-001  2.066223640933E-001
  2.601964933334E+000  3.643362189376E-002  7.632858827050E-002 -1.209382024622E-001  1.948206657742E-001
  2.638712714049E+000  3.706431429322E-002  7.201333668294E-002 -1.139888698303E-001  1.835106139287E-001
  2.676098379430E+000  3.770945968912E-002  6.787747105196E-002 -1.073326845761E-001  1.726821452465E-001
  2.714136590232E+000  3.836947598236E-002  6.391711846055E-002 -1.009631984270E-001  1.623247886977E-001
  2.752842432351E+000  3.904479564947E-002  6.012833519967E-002 -9.487384170364E-002  1.524277268783E-001
  2.792231431696E+000  3.973586633921E-002  5.650711228058E-002 -8.905793722642E-002  1.429798524592E-001
  2.832319569669E+000  4.044315149734E-002  5.304938098021E-002 -8.350871343835E-002  1.339698198616E-001
  2.873123299289E+000  4.116713102086E-002  4.975101843432E-002 -7.821931680614E-002  1.253860923117E-001
  2.914659561979E+000  4.190830194354E-002  4.660785329300E-002 -7.318282356418E-002  1.172169844599E-001
  2.956945805065E+000  4.266717915414E-002  4.361567145181E-002 -6.839225087068E-002  1.094507007810E-001
  3.000000000000E+000  4.344429614932E-002  4.077022187063E-002 -6.384056744773E-002  1.020753699938E-001
  3.043840661365E+000  4.424020582308E-002  3.806722249070E-002 -5.952070377855E-002  9.507907576663E-002
  3.088486866678E+000  4.505548129460E-002  3.550236625810E-002 -5.542556193574E-002  8.844988398861E-002
  3.133958277047E+000  4.589071677685E-002  3.307132725962E-002 -5.154802511299E-002  8.217586690720E-002
  3.180275158719E+000  4.674652848797E-002  3.076976697432E-002 -4.788096693092E-002  7.624512443904E-002
  3.227458405560E+000  4.762355560797E-002  2.859334064070E-002 -4.441726058383E-002  7.064580297048E-002
  3.275529562509E+000  4.852246128332E-002  2.653770373663E-002 -4.114978788969E-002  6.536611196540E-002
  3.324510850077E+000  4.944393368200E-002  2.459851856495E-002 -3.807144829954E-002  6.039433869543E-002
  3.374425189910E+000  5.038868710203E-002  2.277146093469E-002 -3.517516791563E-002  5.571886140154E-002
  3.425296231502E+000  5.135746313639E-002  2.105222692321E-002 -3.245390855920E-002  5.132816118410E-002
  3.477148380094E+000  5.235103189784E-002  1.943653970126E-002 -2.990067692032E-002  4.721083290366E-002
  3.530006825834E+000  5.337019330676E-002  1.792015639860E-002 -2.750853381177E-002  4.335559535510E-002
  3.583897574256E+000  5.441577844603E-002  1.649887498412E-002 -2.527060353922E-002  3.975130095513E-002
  3.638847478148E+000  5.548865098670E-002  1.516854113066E-002 -2.318008338855E-002  3.638694515661E-002
  3.694884270887E+000  5.658970868864E-002  1.392505503107E-002 -2.123025322048E-002  3.325167577472E-002
  3.752036601308E+000  5.771988498079E-002  1.276437812891E-002 -1.941448515135E-002  3.033480237836E-002
  3.810334070199E+000  5.888015062562E-002  1.168253972444E-002 -1.772625328792E-002  2.762580586773E-002
  3.869807268505E+000  6.007151547295E-002  1.067564341378E-002 -1.615914347362E-002  2.511434832480E-002
  3.930487817331E+000  6.129503030858E-002  9.739873317802E-003 -1.470686299349E-002  2.279028318932E-002
  3.992408409843E+000  6.255178880352E-002  8.871500055317E-003 -1.336325017624E-002  2.064366577876E-002
  4.055602855172E+000  6.384292957002E-002  8.066886415231E-003 -1.212228382347E-002  1.866476413743E-002
  4.120106124432E+000  6.516963833101E-002  7.322492681842E-003 -1.097809238934E-002  1.684407016835E-002
  4.185954398964E+000  6.653315021009E-002  6.634881568625E-003 -9.924962828728E-003  1.517231097211E-002
  4.253185120935E+000  6.793475214960E-002  6.000722717353E-003 -8.957349027747E-003  1.364046029017E-002
  4.321837046422E+000  6.937578546490E-002  5.416796721891E-003 -8.069879728752E-003  1.223974992686E-002
  4.391950301120E+000  7.085764854355E-002  4.879998639242E-003 -7.257365861379E-003  1.096168100481E-002
  4.463566438835E+000  7.238179969882E-002  4.387340954476E-003 -6.514807192952E-003  9.798034893271E-003
  4.536728502895E+000  7.394976018725E-002  3.935955971044E-003 -5.837398215079E-003  8.740883638159E-003
  4.611481090679E+000  7.556311740127E-002  3.523097603483E-003 -5.220533188714E-003  7.782599716588E-003
  4.687870421430E+000  7.722352824817E-002  3.146142555823E-003 -4.659810277333E-003  6.915864937795E-003
  4.765944407533E+000  7.893272272784E-002  2.802590875733E-003 -4.151034706964E-003  6.133678316038E-003
  4.845752729492E+000  8.069250772248E-002  2.490065881811E-003 -3.690220902611E-003  5.429362749783E-003
  4.927346914797E+000  8.250477101257E-002  2.206313469036E-003 -3.273593562835E-003  4.796570354664E-003
  5.010780420931E+000  8.437148553436E-002  1.949200805320E-003 -2.897587647768E-003  4.229286315166E-003
  5.096108722763E+000  8.629471389541E-002  1.716714440088E-003 -2.558847270360E-003  3.721831141235E-003
  5.183389404586E+000  8.827661316581E-002  1.506957853752E-003 -2.254223495876E-003  3.268861240638E-003
  5.272682257105E+000  9.031943996425E-002  1.318148484652E-003 -1.980771070367E-003  2.865367745117E-003
  5.364049379651E+000  9.242555585946E-002  1.148614277364E-003 -1.735744114534E-003  2.506673557739E-003
  5.457555287978E+000  9.459743310926E-002  9.967898030401E-004 -1.516590834988E-003  2.188428619442E-003
  5.553267027968E+000  9.683766076100E-002  8.612120084956E-004 -1.320947319758E-003  1.906603423973E-003
  5.651254295630E+000  9.914895113938E-002  7.405156559012E-004 -1.146630498924E-003  1.657480841387E-003
  5.751589563796E+000  1.015341467494E-001  6.334285190849E-004 -9.916303639312E-004  1.437646340289E-003
  5.854348215936E+000  1.039962276248E-001  5.387664054004E-004 -8.541015502819E-004  1.243976727276E-003
  5.959608687557E+000  1.065383191537E-001  4.554280738017E-004 -7.323543975301E-004  1.073627547950E-003
  6.067452615683E+000  1.091637004188E-001  3.823901200793E-004 -6.248456076452E-004  9.240193166522E-004
  6.177964996951E+000  1.118758130872E-001  3.187018990905E-004 -5.301686275865E-004  7.928227613530E-004
  6.291234354880E+000  1.146782708938E-001  2.634805512306E-004 -4.470438842330E-004  6.779432852019E-004
  6.407352916949E+000  1.175748697626E-001  2.159061963446E-004 -3.743089995099E-004  5.775048569881E-004
  6.526416802128E+000  1.205695986129E-001  1.752173528115E-004 -3.109091106131E-004  4.898335487163E-004
  6.648526219580E+000  1.236666509049E-001  1.407066327186E-004 -2.558874146733E-004  4.134409396764E-004
  6.773785679311E+000  1.268704369821E-001  1.117167560114E-004 -2.083760491121E-004  3.470076026925E-004
  6.902304215570E+000  1.301855972713E-001  8.763691740170E-005 -1.675874084768E-004  2.893668798312E-004
  7.034195623922E+000  1.336170164087E-001  6.789952984959E-005 -1.328059859185E-004  2.394891419483E-004
  7.169578712934E+000  1.371698383673E-001  5.197735783251E-005 -1.033808129896E-004  1.964667094321E-004
  7.308577571516E+000  1.408494826628E-001  3.938104264292E-005 -7.871855541826E-005  1.594995908069E-004
  7.451321853057E+000  1.446616617293E-001  2.965701090944E-005 -5.827730537332E-005  1.278821720762E-004
  7.597947077547E+000  1.486123995567E-001  2.238574672638E-005 -4.156109289801E-005  1.009909634434E-004
  7.748594953021E+000  1.527080516973E-001  1.718039753013E-005 -2.811512114638E-005  7.827348207820E-005
  7.903413717736E+000  1.569553267535E-001  1.368567450525E-005 -1.752171229327E-005  5.923832066305E-005
  8.062558504629E+000  1.613613094717E-001  1.157700016070E-005 -9.396934019973E-006  4.344642235438E-005
  8.226191729726E+000  1.659334855793E-001  1.055984908737E-005 -3.387860797518E-006  3.050355434236E-005
  8.394483506327E+000  1.706797685137E-001  1.036922306404E-005  8.295897228725E-007  2.005394517639E-005
  8.567612086926E+000  1.756085282071E-001  1.076919884443E-005  3.552316612324E-006  1.177502620430E-005
  8.745764335025E+000  1.807286221064E-001  1.155248630502E-005  5.051272387569E-006  5.373195542275E-006
  8.929136229160E+000  1.860494286260E-001  1.253993626263E-005  5.572363323664E-006  5.805045566556E-007
  9.117933401693E+000  1.915808832504E-001  1.357994120841E-005  5.337103264363E-006 -2.847847601587E-006
  9.312371715124E+000  1.973335175235E-001  1.454767838912E-005  4.543110764882E-006 -5.135335947293E-006
  9.512677878945E+000  2.033185011886E-001  1.534415294657E-005  3.364536118134E-006 -6.485378127949E-006
  9.719090110332E+000  2.095476877688E-001  1.589500895772E-005  1.952498445412E-006 -7.082180288425E-006
  9.931858842267E+000  2.160336639044E-001  1.614908786786E-005  4.356038231260E-007 -7.091287530114E-006
  1.015124748302E+001  2.227898028021E-001  1.607672656091E-005 -1.079396264024E-006 -6.659958220833E-006
  1.037753323129E+001  2.298303221843E-001  1.566780067664E-005 -2.506760527460E-006 -5.917469662233E-006
  1.061100795175E+001  2.371703471699E-001  1.492953222201E-005 -3.780697013388E-006 -4.975447660189E-006
  1.085197911611E+001  2.448259785618E-001  1.388409345692E-005 -4.854071113399E-006 -3.928295099647E-006
  1.110077081537E+001  2.528143670735E-001  1.256605087827E-005 -5.696883716221E-006 -2.853775529533E-006
  1.135772484956E+001  2.611537940784E-001  1.101970331461E-005 -6.294536056873E-006 -1.813787912244E-006
  1.162320190175E+001  2.698637595360E-001  9.296376158454E-006 -6.645911765758E-006 -8.553490063841E-007
  1.189758280382E+001  2.789650778206E-001  7.451739165421E-006 -6.761318583201E-006 -1.178122982801E-008
  1.218126990242E+001  2.884799822596E-001  5.543217704341E-006 -6.660341632599E-006  6.959128763222E-007
  1.247468853413E+001  2.984322392826E-001  3.627566645232E-006 -6.369666608158E-006  1.257522576319E-006
  1.277828862002E+001  3.088472731875E-001  1.758672167853E-006 -5.920934451899E-006  1.671991191414E-006
  1.309254639077E+001  3.197523026463E-001 -1.436023505816E-008 -5.348688959575E-006  1.945719986618E-006
  1.341796625462E+001  3.311764902095E-001 -1.648783131881E-006 -4.688475336828E-006  2.090868658884E-006
  1.375508282195E+001  3.431511062169E-001 -3.109413737745E-006 -3.975141274774E-006  2.123707364087E-006
  1.410446310162E+001  3.557097086969E-001 -4.369447663044E-006 -3.241383044378E-006  2.063071762386E-006
  1.446670888596E+001  3.688883410292E-001 -5.410873074441E-006 -2.516567981010E-006  1.928966119947E-006
  1.484245934302E+001  3.827257493700E-001 -6.224494243991E-006 -1.825852213211E-006  1.741350681775E-006
  1.523239383723E+001  3.972636220891E-001 -6.809588824065E-006 -1.189599319996E-006  1.519139041384E-006
  1.563723500136E+001  4.125468537596E-001 -7.173237396935E-006 -6.230925375556E-007  1.279419855286E-006
  1.605775208607E+001  4.286238365683E-001 -7.329376172109E-006 -1.365209112315E-007  1.036905767254E-006
  1.649476461582E+001  4.455467823929E-001 -7.297633498905E-006  2.647909373834E-007  8.036015543688E-007
  1.694914638379E+001  4.633720792263E-001 -7.102017615393E-006  5.799484370872E-007  5.886739231830E-007
  1.742182982203E+001  4.821606861220E-001 -6.769526419640E-006  8.118933222845E-007  3.984975740279E-007
  1.791381078784E+001  5.019785714107E-001 -6.328749861786E-006  9.666992830135E-007  2.368464580397E-007
  1.842615381215E+001  5.228971995942E-001 -5.808531848818E-006  1.052806542953E-006  1.051957461572E-007
  1.895999786176E+001  5.449940730840E-001 -5.236751557963E-006  1.080242999669E-006  3.098914297414E-009
  1.951656267356E+001  5.683533358366E-001 -4.639274186464E-006  1.059875249770E-006 -7.139462681518E-008
  2.009715572669E+001  5.930664469535E-001 -4.039109009203E-006  1.002726482069E-006 -1.213130430641E-007
  2.070317992707E+001  6.192329335039E-001 -3.455798892828E-006  9.193903414771E-007 -1.503540405639E-007
  2.133614208874E+001  6.469612332096E-001 -2.905050947533E-006  8.195610013789E-007 -1.625171587670E-007
  2.199766230782E+001  6.763696392388E-001 -2.398603661875E-006  7.116904231984E-007 -1.617922318933E-007
  2.268948433818E+001  7.075873612439E-001 -1.944312542261E-006  6.027747182645E-007 -1.519136601715E-007
  2.341348709294E+001  7.407557189842E-001 -1.546424794679E-006  4.982632133799E-007 -1.361841870859E-007
  2.417169741362E+001  7.760294874639E-001 -1.206004658363E-006  4.020767447611E-007 -1.173665405919E-007
  2.496630426925E+001  8.135784155747E-001 -9.214651769850E-007  3.167162550513E-007 -9.763684832722E-008
  2.579967457140E+001  8.535889438281E-001 -6.891597986026E-007  2.434392113490E-007 -7.859037955340E-008
  2.667437081864E+001  8.962661510291E-001 -5.039882947439E-007  1.824798210615E-007 -6.128801031157E-008
  2.759317081651E+001  9.418359647997E-001 -3.599758605846E-007  1.332894625731E-007 -4.633087055648E-008
  2.855908975674E+001  9.905476768748E-001 -2.507913988770E-007  9.477597666916E-008 -3.395083889606E-008
  2.957540498378E+001  1.042676811269E+000 -1.701801477806E-007  6.552414390560E-008 -2.410574377786E-008
  3.064568382919E+001  1.098528402000E+000 -1.122960506906E-007  4.398434646095E-008 -1.657008077415E-008
  3.177381495601E+001  1.158440747351E+000 -7.192955878094E-008  2.862155034264E-008 -1.101448577774E-008
  3.296404372807E+001  1.222789720048E+000 -4.463590396726E-008  1.802179749730E-008 -7.069813300500E-009
  3.422101220608E+001  1.291993727721E+000 -2.677642740580E-008  1.095786509265E-008 -4.374167645960E-009
  3.554980447538E+001  1.366519436102E+000 -1.549069728294E-008  6.419234460221E-009 -2.603375081756E-009
  3.695599813319E+001  1.446888389511E+000 -8.619631139516E-009  3.613772027325E-009 -1.486990472731E-009
  3.844572291106E+001  1.533684690030E+000 -4.599742254171E-009  1.949495641082E-009 -8.129144017375E-010
  4.002572758518E+001  1.627563929686E+000 -2.346374888198E-009  1.004595669963E-009 -4.240627243440E-010
  4.170345654134E+001  1.729263610453E+000 -1.140040851159E-009  4.927601221019E-010 -2.103693830684E-010
  4.348713762001E+001  1.839615336740E+000 -5.254989662389E-010  2.291652558015E-010 -9.886423815932E-011
  4.538588318162E+001  1.959559126947E+000 -2.287856681166E-010  1.006073318374E-010 -4.382642843150E-011
  4.740980671574E+001  2.090160267552E+000 -9.361621117347E-011  4.149130815628E-011 -1.823829671203E-011
  4.957015778746E+001  2.232629229408E+000 -3.580570065400E-011  1.598681525642E-011 -7.086674056303E-012
  5.187947869225E+001  2.388345286640E+000 -1.272230599305E-011  5.719961408749E-012 -2.555547796810E-012
  5.435178690397E+001  2.558884630889E+000 -4.170676831865E-012  1.887464460782E-012 -8.494905600092E-013
  5.700278828629E+001  2.746053966795E+000 -1.251767480771E-012  5.700077211155E-013 -2.583132527491E-013
  5.985012714155E+001  2.951930820846E+000 -3.409946396021E-013  1.561854017845E-013 -7.123715203190E-014
  6.291368055481E+001  3.178912111311E+000 -8.348836894545E-014  3.845171605059E-014 -1.764455785478E-014
  6.621590623276E+001  3.429772933797E+000 -1.816975386844E-014  8.412127095458E-015 -3.882145334880E-015
  6.978225524452E+001  3.707738044625E+000 -3.471043242320E-015  1.614961916922E-015 -7.492951242177E-016
  7.364166388185E+001  4.016569212832E+000 -5.737848100025E-016  2.682148193848E-016 -1.250726496900E-016
  7.782714245929E+001  4.360672516382E+000 -8.074689015665E-017  3.791262345159E-017 -1.776340298952E-017
  8.237648351994E+001  4.745230855210E+000 -9.494375192537E-018  4.476595449868E-018 -2.106858019666E-018
  8.733311794503E+001  5.176368549127E+000 -9.129102551823E-019  4.321532892256E-019 -2.042492140246E-019
  9.274715535088E+001  5.661357031559E+000 -7.002034420508E-020  3.327149840733E-020 -1.578800051904E-020
  9.867665554529E+001  6.208873552072E+000 -4.162450439861E-021  1.984954231119E-021 -9.454549951669E-022
  1.051891916055E+002  6.829328764649E+000 -1.854553183032E-022  8.873876142228E-023 -4.241783229605E-023
  1.123637836013E+002  7.535284543316E+000 -5.954638044358E-024  2.858416447059E-024 -1.370944122571E-024
  1.202933069206E+002  8.341990973528E+000 -1.315709398843E-025  6.335097962053E-026 -3.048076861611E-026
  1.290875131414E+002  9.268082166539E+000 -1.894364895354E-027  9.147677159948E-028 -4.414538288020E-028
  1.388768482001E+002  1.033648575811E+001 -1.665702777047E-029  8.065519177718E-030 -3.903338487560E-030
  1.498173177370E+002  1.157562284364E+001 -8.276737168934E-032  4.018077763013E-032 -1.949767623644E-032
  1.620967411853E+002  1.302100699722E+001 -2.116689787598E-034  1.030101884881E-034 -5.011178655577E-035
  1.759428668168E+002  1.471739812515E+001 -2.487438769701E-037  1.213336055913E-037 -5.916619286660E-038
  1.916340085825E+002  1.672173748087E+001 -1.169369450599E-040  5.716503074266E-041 -2.793805902142E-041
  2.095131417987E+002  1.910719757888E+001 -1.853755757275E-044  9.080872898449E-045 -4.447435871286E-045
  2.300068054477E+002  2.196884699990E+001 -8.012047685527E-049  3.932451406035E-049 -1.929777285999E-049
  2.536507797910E+002  2.543169216868E+001 -7.228308316108E-054  3.554278507537E-054 -1.747449420459E-054
  2.811254638474E+002  2.966227967912E+001 -9.696030846419E-060  4.775904119141E-060 -2.352164562440E-060
  3.133053780630E+002  3.488573552677E+001 -1.250230308452E-066  6.168106850003E-067 -3.042806886426E-067
  3.513296254502E+002  4.141128389041E+001 -8.778623143991E-075  4.337538954506E-075 -2.143035835711E-075
  3.967041014106E+002  4.967130404214E+001 -1.583276957782E-084  7.834028940718E-085 -3.876050738381E-085
  4.514529193349E+002  6.028257212519E+001 -2.670740202454E-096  1.323209512104E-096 -6.555521467577E-097
  5.183481233601E+002  7.414493328740E+001 -1.055967721262E-110  5.238112317366E-111 -2.598275454544E-111
  6.012676077950E+002  9.260523890243E+001 -1.411530663718E-128  7.009728433861E-129 -3.480983132980E-129
  7.057700503752E+002  1.177394213729E+002 -3.973062625921E-151  1.975074332505E-151 -9.818251950874E-152
  8.400513767914E+002  1.528577972397E+002 -3.926735257855E-180  1.953880963717E-180 -9.722086087580E-181
  1.016602135495E+003  2.034537342122E+002 -2.657256747142E-218  1.323337108680E-218 -6.590281900156E-219
  1.255220715580E+003  2.790860613466E+002 -6.226013929798E-270  3.102989342131E-270 -1.546493918834E-270
  1.588815776243E+003  3.973705897531E+002  0.000000000000E+000  0.000000000000E+000  0.000000000000E+000
  2.075392011604E+003  5.931596040112E+002  0.000000000000E+000  0.000000000000E+000  0.000000000000E+000
  2.825079847529E+003  9.419154890021E+002  0.000000000000E+000  0.000000000000E+000  0.000000000000E+000
  4.068408296184E+003  1.627629972033E+003  0.000000000000E+000  0.000000000000E+000  0.000000000000E+000
  6.357262947674E+003  3.178964796686E+003  0.000000000000E+000  0.000000000000E+000  0.000000000000E+000
  1.130231930164E+004  7.535323971013E+003  0.000000000000E+000  0.000000000000E+000  0.000000000000E+000
  2.543105175140E+004  2.543171841285E+004  0.000000000000E+000  0.000000000000E+000  0.000000000000E+000
  1.017262069958E+005  2.034537473226E+005  0.000000000000E+000  0.000000000000E+000  0.000000000000E+000
