# 1st line: number of mesh points
# abcissa weight wavefunction wavefunction_1st wavefunction_2nd
500
# Principal QN=   1 , l=   1 , Occupation=   3.9900
  9.830308526508E-006  1.966074589941E-005  1.475234428857E-004  1.500643556347E+001 -1.148921749102E+002
  3.932200719717E-005  3.932303800261E-005  5.900387573668E-004  1.500304750814E+001 -1.148711475134E+002
  8.847741541455E-005  5.898842277178E-005  1.327380917303E-003  1.499740183127E+001 -1.148361057812E+002
  1.573003992804E-004  7.865844718600E-005  2.359274933764E-003  1.498950015578E+001 -1.147870556122E+002
  2.457963722417E-004  9.833465899987E-005  3.685335937007E-003  1.497934475364E+001 -1.147240052741E+002
  3.539722959954E-004  1.180186070023E-004  5.305069291325E-003  1.496693854564E+001 -1.146469654131E+002
  4.818366816528E-004  1.377118412759E-004  7.217870742797E-003  1.495228510123E+001 -1.145559490662E+002
  6.293995911626E-004  1.574159134560E-004  9.423026600048E-003  1.493538863827E+001 -1.144509716762E+002
  7.966726389934E-004  1.771323769912E-004  1.191971394809E-002  1.491625402268E+001 -1.143320511089E+002
  9.836689940782E-004  1.968627874036E-004  1.470700089539E-002  1.489488676810E+001 -1.141992076736E+002
  1.190403382016E-003  2.166087025496E-004  1.778384685422E-002  1.487129303548E+001 -1.140524641455E+002
  1.416892087541E-003  2.363716828821E-004  2.114910285459E-002  1.484547963254E+001 -1.138918457905E+002
  1.663152957245E-003  2.561532917128E-004  2.480151189169E-002  1.481745401328E+001 -1.137173803931E+002
  1.929205402573E-003  2.759550954757E-004  2.873970930726E-002  1.478722427732E+001 -1.135290982857E+002
  2.215070403074E-003  2.957786639908E-004  3.296222320488E-002  1.475479916923E+001 -1.133270323810E+002
  2.520770509919E-003  3.156255707300E-004  3.746747489951E-002  1.472018807771E+001 -1.131112182057E+002
  2.846329849692E-003  3.354973930828E-004  4.225377940145E-002  1.468340103475E+001 -1.128816939370E+002
  3.191774128432E-003  3.553957126240E-004  4.731934593490E-002  1.464444871468E+001 -1.126385004407E+002
  3.557130635959E-003  3.753221153821E-004  5.266227849144E-002  1.460334243312E+001 -1.123816813110E+002
  3.942428250463E-003  3.952781921092E-004  5.828057641857E-002  1.456009414576E+001 -1.121112829123E+002
  4.347697443358E-003  4.152655385525E-004  6.417213504375E-002  1.451471644719E+001 -1.118273544227E+002
  4.772970284417E-003  4.352857557265E-004  7.033474633391E-002  1.446722256941E+001 -1.115299478788E+002
  5.218280447175E-003  4.553404501876E-004  7.676609959096E-002  1.441762638037E+001 -1.112191182217E+002
  5.683663214611E-003  4.754312343099E-004  8.346378218348E-002  1.436594238231E+001 -1.108949233447E+002
  6.169155485101E-003  4.955597265624E-004  9.042528031481E-002  1.431218570994E+001 -1.105574241418E+002
  6.674795778653E-003  5.157275517886E-004  9.764797982785E-002  1.425637212853E+001 -1.102066845570E+002
  7.200624243425E-003  5.359363414876E-004  1.051291670470E-001  1.419851803179E+001 -1.098427716350E+002
  7.746682662519E-003  5.561877340970E-004  1.128660296570E-001  1.413864043961E+001 -1.094657555719E+002
  8.313014461060E-003  5.764833752781E-004  1.208556576200E-001  1.407675699559E+001 -1.090757097670E+002
  8.899664713569E-003  5.968249182030E-004  1.290950441297E-001  1.401288596443E+001 -1.086727108740E+002
  9.506680151615E-003  6.172140238444E-004  1.375810866042E-001  1.394704622910E+001 -1.082568388537E+002
  1.013410917176E-002  6.376523612666E-004  1.463105877166E-001  1.387925728782E+001 -1.078281770259E+002
  1.078200184380E-002  6.581416079202E-004  1.552802564649E-001  1.380953925078E+001 -1.073868121208E+002
  1.145040991929E-002  6.786834499385E-004  1.644867092802E-001  1.373791283673E+001 -1.069328343310E+002
  1.213938684040E-002  6.992795824361E-004  1.739264711743E-001  1.366439936923E+001 -1.064663373624E+002
  1.284898774901E-002  7.199317098113E-004  1.835959769261E-001  1.358902077275E+001 -1.059874184847E+002
  1.357926949620E-002  7.406415460502E-004  1.934915723086E-001  1.351179956849E+001 -1.054961785807E+002
  1.433029065191E-002  7.614108150341E-004  2.036095153541E-001  1.343275886987E+001 -1.049927221948E+002
  1.510211151509E-002  7.822412508494E-004  2.139459776606E-001  1.335192237789E+001 -1.044771575804E+002
  1.589479412397E-002  8.031345981016E-004  2.244970457372E-001  1.326931437610E+001 -1.039495967456E+002
  1.670840226680E-002  8.240926122311E-004  2.352587223906E-001  1.318495972528E+001 -1.034101554975E+002
  1.754300149280E-002  8.451170598329E-004  2.462269281508E-001  1.309888385794E+001 -1.028589534849E+002
  1.839865912351E-002  8.662097189796E-004  2.573975027380E-001  1.301111277238E+001 -1.022961142384E+002
  1.927544426443E-002  8.873723795480E-004  2.687662065691E-001  1.292167302647E+001 -1.017217652093E+002
  2.017342781695E-002  9.086068435487E-004  2.803287223057E-001  1.283059173118E+001 -1.011360378052E+002
  2.109268249069E-002  9.299149254598E-004  2.920806564412E-001  1.273789654370E+001 -1.005390674240E+002
  2.203328281612E-002  9.512984525641E-004  3.040175409289E-001  1.264361566023E+001 -9.993099348476E+001
  2.299530515754E-002  9.727592652906E-004  3.161348348508E-001  1.254777780846E+001 -9.931195945546E+001
  2.397882772639E-002  9.942992175591E-004  3.284279261254E-001  1.245041223967E+001 -9.868211287828E+001
  2.498393059493E-002  1.015920177130E-003  3.408921332569E-001  1.235154872046E+001 -9.804160539132E+001
  2.601069571024E-002  1.037624025957E-003  3.535227071229E-001  1.225121752410E+001 -9.739059274705E+001
  2.705920690860E-002  1.059412660547E-003  3.663148328029E-001  1.214944942160E+001 -9.672923482718E+001
  2.812954993023E-002  1.081287992318E-003  3.792636314450E-001  1.204627567225E+001 -9.605769565383E+001
  2.922181243436E-002  1.103251947969E-003  3.923641621729E-001  1.194172801387E+001 -9.537614339681E+001
  3.033608401473E-002  1.125306469854E-003  4.056114240302E-001  1.183583865269E+001 -9.468475037692E+001
  3.147245621542E-002  1.147453516351E-003  4.190003579641E-001  1.172864025271E+001 -9.398369306502E+001
  3.263102254705E-002  1.169695062249E-003  4.325258488460E-001  1.162016592482E+001 -9.327315207676E+001
  3.381187850339E-002  1.192033099133E-003  4.461827275305E-001  1.151044921540E+001 -9.255331216292E+001
  3.501512157837E-002  1.214469635775E-003  4.599657729497E-001  1.139952409454E+001 -9.182436219503E+001
  3.624085128345E-002  1.237006698530E-003  4.738697142448E-001  1.128742494387E+001 -9.108649514637E+001
  3.748916916538E-002  1.259646331739E-003  4.878892329331E-001  1.117418654399E+001 -9.033990806800E+001
  3.876017882444E-002  1.282390598136E-003  5.020189651089E-001  1.105984406144E+001 -8.958480205991E+001
  4.005398593302E-002  1.305241579266E-003  5.162535036792E-001  1.094443303527E+001 -8.882138223701E+001
  4.137069825459E-002  1.328201375897E-003  5.305874006326E-001  1.082798936329E+001 -8.804985768997E+001
  4.271042566323E-002  1.351272108452E-003  5.450151693397E-001  1.071054928772E+001 -8.727044144075E+001
  4.407328016341E-002  1.374455917436E-003  5.595312868861E-001  1.059214938063E+001 -8.648335039279E+001
  4.545937591035E-002  1.397754963880E-003  5.741301964342E-001  1.047282652884E+001 -8.568880527570E+001
  4.686882923075E-002  1.421171429779E-003  5.888063096157E-001  1.035261791847E+001 -8.488703058447E+001
  4.830175864396E-002  1.444707518548E-003  6.035540089515E-001  1.023156101907E+001 -8.407825451307E+001
  4.975828488365E-002  1.468365455478E-003  6.183676502987E-001  1.010969356737E+001 -8.326270888244E+001
  5.123853091993E-002  1.492147488203E-003  6.332415653236E-001  9.987053550647E+000 -8.244062906277E+001
  5.274262198188E-002  1.516055887169E-003  6.481700639989E-001  9.863679189650E+000 -8.161225389006E+001
  5.427068558066E-002  1.540092946119E-003  6.631474371240E-001  9.739608921228E+000 -8.077782557701E+001
  5.582285153302E-002  1.564260982573E-003  6.781679588671E-001  9.614881380536E+000 -7.993758961809E+001
  5.739925198530E-002  1.588562338332E-003  6.932258893277E-001  9.489535382898E+000 -7.909179468887E+001
  5.900002143803E-002  1.612999379973E-003  7.083154771173E-001  9.363609905317E+000 -7.824069253966E+001
  6.062529677088E-002  1.637574499364E-003  7.234309619573E-001  9.237144067641E+000 -7.738453788331E+001
  6.227521726827E-002  1.662290114181E-003  7.385665772927E-001  9.110177113408E+000 -7.652358827748E+001
  6.394992464542E-002  1.687148668440E-003  7.537165529193E-001  8.982748390367E+000 -7.565810400109E+001
  6.564956307496E-002  1.712152633027E-003  7.688751176222E-001  8.854897330698E+000 -7.478834792525E+001
  6.737427921404E-002  1.737304506249E-003  7.840365018259E-001  8.726663430942E+000 -7.391458537867E+001
  6.912422223211E-002  1.762606814387E-003  7.991949402509E-001  8.598086231655E+000 -7.303708400754E+001
  7.089954383907E-002  1.788062112257E-003  8.143446745781E-001  8.469205296807E+000 -7.215611363008E+001
  7.270039831418E-002  1.813672983787E-003  8.294799561167E-001  8.340060192927E+000 -7.127194608582E+001
  7.452694253540E-002  1.839442042599E-003  8.445950484745E-001  8.210690468039E+000 -7.038485507962E+001
  7.637933600943E-002  1.865371932600E-003  8.596842302291E-001  8.081135630374E+000 -6.949511602079E+001
  7.825774090225E-002  1.891465328589E-003  8.747417975964E-001  7.951435126906E+000 -6.860300585718E+001
  8.016232207035E-002  1.917724936867E-003  8.897620670956E-001  7.821628321711E+000 -6.770880290453E+001
  8.209324709253E-002  1.944153495867E-003  9.047393782081E-001  7.691754474185E+000 -6.681278667126E+001
  8.405068630235E-002  1.970753776782E-003  9.196680960272E-001  7.561852717129E+000 -6.591523767875E+001
  8.603481282122E-002  1.997528584221E-003  9.345426138985E-001  7.431962034734E+000 -6.501643727742E+001
  8.804580259214E-002  2.024480756857E-003  9.493573560457E-001  7.302121240479E+000 -6.411666745869E+001
  9.008383441408E-002  2.051613168108E-003  9.641067801825E-001  7.172368954982E+000 -6.321621066315E+001
  9.214908997710E-002  2.078928726810E-003  9.787853801058E-001  7.042743583801E+000 -6.231534958498E+001
  9.424175389809E-002  2.106430377918E-003  9.933876882698E-001  6.913283295241E+000 -6.141436697308E+001
  9.636201375725E-002  2.134121103210E-003  1.007908278337E+000  6.784025998168E+000 -6.051354542888E+001
  9.851006013526E-002  2.162003922007E-003  1.022341767704E+000  6.655009319871E+000 -5.961316720136E+001
  1.006860866512E-001  2.190081891910E-003  1.036682820002E+000  6.526270583987E+000 -5.871351397923E+001
  1.028902900012E-001  2.218358109541E-003  1.050926147566E+000  6.397846788529E+000 -5.781486668089E+001
  1.051228699979E-001  2.246835711311E-003  1.065066513873E+000  6.269774584038E+000 -5.691750524208E+001
  1.073840296104E-001  2.275517874190E-003  1.079098735943E+000  6.142090251877E+000 -5.602170840181E+001
  1.096739750056E-001  2.304407816497E-003  1.093017686709E+000  6.014829682719E+000 -5.512775348672E+001
  1.119929155896E-001  2.333508798707E-003  1.106818297341E+000  5.888028355237E+000 -5.423591619417E+001
  1.143410640503E-001  2.362824124271E-003  1.120495559535E+000  5.761721315027E+000 -5.334647037445E+001
  1.167186364011E-001  2.392357140448E-003  1.134044527752E+000  5.635943153813E+000 -5.245968781235E+001
  1.191258520249E-001  2.422111239159E-003  1.147460321414E+000  5.510727988933E+000 -5.157583800848E+001
  1.215629337189E-001  2.452089857854E-003  1.160738127054E+000  5.386109443164E+000 -5.069518796067E+001
  1.240301077413E-001  2.482296480400E-003  1.173873200411E+000  5.262120624893E+000 -4.981800194573E+001
  1.265276038575E-001  2.512734637975E-003  1.186860868473E+000  5.138794108682E+000 -4.894454130201E+001
  1.290556553882E-001  2.543407909995E-003  1.199696531463E+000  5.016161916243E+000 -4.807506421302E+001
  1.316144992580E-001  2.574319925047E-003  1.212375664780E+000  4.894255497859E+000 -4.720982549260E+001
  1.342043760450E-001  2.605474361847E-003  1.224893820859E+000  4.773105714279E+000 -4.634907637179E+001
  1.368255300316E-001  2.636874950214E-003  1.237246630993E+000  4.652742819119E+000 -4.549306428803E+001
  1.394782092560E-001  2.668525472060E-003  1.249429807073E+000  4.533196441786E+000 -4.464203267679E+001
  1.421626655646E-001  2.700429762411E-003  1.261439143280E+000  4.414495570973E+000 -4.379622076626E+001
  1.448791546661E-001  2.732591710434E-003  1.273270517693E+000  4.296668538736E+000 -4.295586337518E+001
  1.476279361856E-001  2.765015260497E-003  1.284919893846E+000  4.179743005183E+000 -4.212119071451E+001
  1.504092737207E-001  2.797704413242E-003  1.296383322201E+000  4.063745943812E+000 -4.129242819300E+001
  1.532234348983E-001  2.830663226680E-003  1.307656941562E+000  3.948703627512E+000 -4.046979622722E+001
  1.560706914324E-001  2.863895817319E-003  1.318736980404E+000  3.834641615258E+000 -3.965351005641E+001
  1.589513191834E-001  2.897406361298E-003  1.329619758143E+000  3.721584739525E+000 -3.884377956235E+001
  1.618655982178E-001  2.931199095559E-003  1.340301686315E+000  3.609557094441E+000 -3.804080909483E+001
  1.648138128702E-001  2.965278319033E-003  1.350779269694E+000  3.498582024705E+000 -3.724479730292E+001
  1.677962518056E-001  2.999648393860E-003  1.361049107323E+000  3.388682115290E+000 -3.645593697244E+001
  1.708132080832E-001  3.034313746623E-003  1.371107893475E+000  3.279879181954E+000 -3.567441486999E+001
  1.738649792215E-001  3.069278869616E-003  1.380952418528E+000  3.172194262571E+000 -3.490041159380E+001
  1.769518672648E-001  3.104548322136E-003  1.390579569771E+000  3.065647609309E+000 -3.413410143187E+001
  1.800741788507E-001  3.140126731803E-003  1.399986332124E+000  2.960258681664E+000 -3.337565222755E+001
  1.832322252791E-001  3.176018795904E-003  1.409169788780E+000  2.856046140376E+000 -3.262522525295E+001
  1.864263225826E-001  3.212229282769E-003  1.418127121774E+000  2.753027842222E+000 -3.188297509053E+001
  1.896567915983E-001  3.248763033179E-003  1.426855612466E+000  2.651220835721E+000 -3.114904952302E+001
  1.929239580409E-001  3.285624961791E-003  1.435352641951E+000  2.550641357742E+000 -3.042358943206E+001
  1.962281525771E-001  3.322820058613E-003  1.443615691384E+000  2.451304831037E+000 -2.970672870574E+001
  1.995697109023E-001  3.360353390492E-003  1.451642342239E+000  2.353225862699E+000 -2.899859415534E+001
  2.029489738173E-001  3.398230102644E-003  1.459430276479E+000  2.256418243557E+000 -2.829930544146E+001
  2.063662873085E-001  3.436455420218E-003  1.466977276660E+000  2.160894948497E+000 -2.760897500972E+001
  2.098220026275E-001  3.475034649885E-003  1.474281225954E+000  2.066668137735E+000 -2.692770803632E+001
  2.133164763746E-001  3.513973181471E-003  1.481340108103E+000  1.973749159014E+000 -2.625560238353E+001
  2.168500705817E-001  3.553276489620E-003  1.488152007300E+000  1.882148550749E+000 -2.559274856532E+001
  2.204231527988E-001  3.592950135496E-003  1.494715107998E+000  1.791876046093E+000 -2.493922972328E+001
  2.240360961807E-001  3.632999768520E-003  1.501027694654E+000  1.702940577934E+000 -2.429512161285E+001
  2.276892795770E-001  3.673431128145E-003  1.507088151404E+000  1.615350284805E+000 -2.366049260010E+001
  2.313830876220E-001  3.714250045674E-003  1.512894961673E+000  1.529112517703E+000 -2.303540366901E+001
  2.351179108282E-001  3.755462446115E-003  1.518446707727E+000  1.444233847794E+000 -2.241990843935E+001
  2.388941456809E-001  3.797074350078E-003  1.523742070162E+000  1.360720075011E+000 -2.181405319517E+001
  2.427121947345E-001  3.839091875711E-003  1.528779827336E+000  1.278576237495E+000 -2.121787692393E+001
  2.465724667110E-001  3.881521240686E-003  1.533558854745E+000  1.197806621891E+000 -2.063141136620E+001
  2.504753766009E-001  3.924368764227E-003  1.538078124355E+000  1.118414774464E+000 -2.005468107595E+001
  2.544213457654E-001  3.967640869177E-003  1.542336703876E+000  1.040403513004E+000 -1.948770349129E+001
  2.584108020414E-001  4.011344084122E-003  1.546333755998E+000  9.637749395148E-001 -1.893048901559E+001
  2.624441798480E-001  4.055485045557E-003  1.550068537577E+000  8.885304536375E-001 -1.838304110890E+001
  2.665219202956E-001  4.100070500102E-003  1.553540398791E+000  8.146707667949E-001 -1.784535638942E+001
  2.706444712976E-001  4.145107306769E-003  1.556748782254E+000  7.421959170160E-001 -1.731742474500E+001
  2.748122876832E-001  4.190602439283E-003  1.559693222100E+000  6.711052844112E-001 -1.679922945429E+001
  2.790258313137E-001  4.236562988450E-003  1.562373343042E+000  6.013976072607E-001 -1.629074731745E+001
  2.832855712010E-001  4.282996164587E-003  1.564788859399E+000  5.330709986800E-001 -1.579194879614E+001
  2.875919836279E-001  4.329909300005E-003  1.566939574110E+000  4.661229638214E-001 -1.530279816248E+001
  2.919455522717E-001  4.377309851548E-003  1.568825377728E+000  4.005504175732E-001 -1.482325365669E+001
  2.963467683296E-001  4.425205403192E-003  1.570446247399E+000  3.363497027112E-001 -1.435326765310E+001
  3.007961306479E-001  4.473603668706E-003  1.571802245833E+000  2.735166084606E-001 -1.389278683419E+001
  3.052941458522E-001  4.522512494374E-003  1.572893520271E+000  2.120463894219E-001 -1.344175237226E+001
  3.098413284823E-001  4.571939861783E-003  1.573720301449E+000  1.519337848133E-001 -1.300010011830E+001
  3.144382011281E-001  4.621893890671E-003  1.574282902565E+000  9.317303798396E-002 -1.256776079777E+001
  3.190852945695E-001  4.672382841850E-003  1.574581718254E+000  3.575791614528E-002 -1.214466021266E+001
  3.237831479192E-001  4.723415120192E-003  1.574617223566E+000 -2.031826972578E-002 -1.173071944954E+001
  3.285323087679E-001  4.774999277691E-003  1.574389972967E+000 -7.506264486516E-002 -1.132585509303E+001
  3.333333333333E-001  4.827144016591E-003  1.573900599355E+000 -1.284827506318E-001 -1.092997944420E+001
  3.381867866117E-001  4.879858192602E-003  1.573149813088E+000 -1.805865244021E-001 -1.054300074338E+001
  3.430932425333E-001  4.933150818173E-003  1.572138401050E+000 -2.313822795003E-001 -1.016482339688E+001
  3.480532841203E-001  4.987031065868E-003  1.570867225736E+000 -2.808786852181E-001 -9.795348207055E+000
  3.530675036492E-001  5.041508271801E-003  1.569337224369E+000 -3.290847469753E-001 -9.434472605089E+000
  3.581365028158E-001  5.096591939172E-003  1.567549408054E+000 -3.760097866738E-001 -9.082090886063E+000
  3.632608929041E-001  5.152291741875E-003  1.565504860964E+000 -4.216634232969E-001 -8.738094445582E+000
  3.684412949588E-001  5.208617528209E-003  1.563204739572E+000 -4.660555538056E-001 -8.402372017460E+000
  3.736783399619E-001  5.265579324662E-003  1.560650271915E+000 -5.091963343815E-001 -8.074809911819E+000
  3.789726690123E-001  5.323187339805E-003  1.557842756911E+000 -5.510961620672E-001 -7.755292253022E+000
  3.843249335105E-001  5.381451968273E-003  1.554783563721E+000 -5.917656568515E-001 -7.443701216823E+000
  3.897357953460E-001  5.440383794842E-003  1.551474131147E+000 -6.312156442473E-001 -7.139917266119E+000
  3.952059270903E-001  5.499993598618E-003  1.547915967098E+000 -6.694571384076E-001 -6.843819384720E+000
  4.007360121927E-001  5.560292357317E-003  1.544110648089E+000 -7.065013258234E-001 -6.555285308506E+000
  4.063267451812E-001  5.621291251662E-003  1.540059818800E+000 -7.423595496454E-001 -6.274191753395E+000
  4.119788318683E-001  5.683001669888E-003  1.535765191682E+000 -7.770432946703E-001 -6.000414639513E+000
  4.176929895600E-001  5.745435212354E-003  1.531228546620E+000 -8.105641730272E-001 -5.733829310998E+000
  4.234699472710E-001  5.808603696282E-003  1.526451730639E+000 -8.429339106011E-001 -5.474310750857E+000
  4.293104459435E-001  5.872519160606E-003  1.521436657669E+000 -8.741643342256E-001 -5.221733790329E+000
  4.352152386716E-001  5.937193870949E-003  1.516185308353E+000 -9.042673596722E-001 -4.975973312199E+000
  4.411850909306E-001  6.002640324729E-003  1.510699729908E+000 -9.332549804661E-001 -4.736904447565E+000
  4.472207808110E-001  6.068871256391E-003  1.504982036035E+000 -9.611392575484E-001 -4.504402765525E+000
  4.533230992589E-001  6.135899642772E-003  1.499034406862E+000 -9.879323098066E-001 -4.278344455328E+000
  4.594928503202E-001  6.203738708611E-003  1.492859088946E+000 -1.013646305489E+000 -4.058606500529E+000
  4.657308513924E-001  6.272401932198E-003  1.486458395305E+000 -1.038293454518E+000 -3.845066844711E+000
  4.720379334802E-001  6.341903051163E-003  1.479834705486E+000 -1.061886001703E+000 -3.637604548381E+000
  4.784149414579E-001  6.412256068427E-003  1.472990465669E+000 -1.084436220873E+000 -3.436099936672E+000
  4.848627343381E-001  6.483475258298E-003  1.465928188802E+000 -1.105956409914E+000 -3.240434737515E+000
  4.913821855461E-001  6.555575172733E-003  1.458650454756E+000 -1.126458886721E+000 -3.050492209968E+000
  4.979741832006E-001  6.628570647764E-003  1.451159910507E+000 -1.145955986045E+000 -2.866157262448E+000
  5.046396304008E-001  6.702476810086E-003  1.443459270323E+000 -1.164460057242E+000 -2.687316560629E+000
  5.113794455212E-001  6.777309083830E-003  1.435551315974E+000 -1.181983462883E+000 -2.513858624825E+000
  5.181945625116E-001  6.853083197508E-003  1.427438896934E+000 -1.198538578237E+000 -2.345673916683E+000
  5.250859312060E-001  6.929815191146E-003  1.419124930592E+000 -1.214137791568E+000 -2.182654915116E+000
  5.320545176366E-001  7.007521423604E-003  1.410612402447E+000 -1.228793505253E+000 -2.024696181364E+000
  5.391013043575E-001  7.086218580100E-003  1.401904366297E+000 -1.242518137662E+000 -1.871694413195E+000
  5.462272907741E-001  7.165923679926E-003  1.393003944398E+000 -1.255324125779E+000 -1.723548488247E+000
  5.534334934816E-001  7.246654084380E-003  1.383914327601E+000 -1.267223928514E+000 -1.580159496571E+000
  5.607209466109E-001  7.328427504912E-003  1.374638775456E+000 -1.278230030675E+000 -1.441430762496E+000
  5.680907021827E-001  7.411262011483E-003  1.365180616269E+000 -1.288354947539E+000 -1.307267855955E+000
  5.755438304707E-001  7.495176041166E-003  1.355543247112E+000 -1.297611229979E+000 -1.177578593473E+000
  5.830814203728E-001  7.580188406970E-003  1.345730133774E+000 -1.306011470088E+000 -1.052273029059E+000
  5.907045797917E-001  7.666318306912E-003  1.335744810653E+000 -1.313568307254E+000 -9.312634352687E-001
  5.984144360243E-001  7.753585333338E-003  1.325590880573E+000 -1.320294434599E+000 -8.144642747884E-001
  6.062121361613E-001  7.842009482502E-003  1.315272014516E+000 -1.326202605755E+000 -7.017921628791E-001
  6.140988474955E-001  7.931611164409E-003  1.304791951279E+000 -1.331305641881E+000 -5.931658211035E-001
  6.220757579409E-001  8.022411212936E-003  1.294154497031E+000 -1.335616438868E+000 -4.885060227726E-001
  6.301440764614E-001  8.114430896230E-003  1.283363524762E+000 -1.339147974664E+000 -3.877355305930E-001
  6.383050335109E-001  8.207691927403E-003  1.272422973642E+000 -1.341913316635E+000 -2.907790270321E-001
  6.465598814833E-001  8.302216475524E-003  1.261336848245E+000 -1.343925628907E+000 -1.975630379459E-001
  6.549098951744E-001  8.398027176926E-003  1.250109217668E+000 -1.345198179608E+000 -1.080158500493E-001
  6.633563722545E-001  8.495147146827E-003  1.238744214512E+000 -1.345744347930E+000 -2.206742283230E-002
  6.719006337539E-001  8.593599991288E-003  1.227246033743E+000 -1.345577630954E+000  6.035070444621E-002
  6.805440245593E-001  8.693409819506E-003  1.215618931398E+000 -1.344711650152E+000  1.393055100379E-001
  6.892879139233E-001  8.794601256469E-003  1.203867223167E+000 -1.343160157501E+000  2.148625905860E-001
  6.981336959871E-001  8.897199455961E-003  1.191995282814E+000 -1.340937041136E+000  2.870862649234E-001
  7.070827903152E-001  9.001230113956E-003  1.180007540457E+000 -1.338056330474E+000  3.560396800912E-001
  7.161366424455E-001  9.106719482390E-003  1.167908480688E+000 -1.334532200744E+000  4.217849188735E-001
  7.252967244510E-001  9.213694383338E-003  1.155702640545E+000 -1.330378976855E+000  4.843831081373E-001
  7.345645355186E-001  9.322182223606E-003  1.143394607318E+000 -1.325611136548E+000  5.438945272715E-001
  7.439416025400E-001  9.432211009745E-003  1.130989016204E+000 -1.320243312765E+000  6.003787160148E-001
  7.534294807203E-001  9.543809363512E-003  1.118490547802E+000 -1.314290295192E+000  6.538945809779E-001
  7.630297542000E-001  9.657006537783E-003  1.105903925443E+000 -1.307767030916E+000  7.045005001699E-001
  7.727440366954E-001  9.771832432940E-003  1.093233912376E+000 -1.300688624160E+000  7.522544248580E-001
  7.825739721536E-001  9.888317613741E-003  1.080485308789E+000 -1.293070335045E+000  7.972139781091E-001
  7.925212354258E-001  1.000649332670E-002  1.067662948684E+000 -1.284927577367E+000  8.394365493821E-001
  8.025875329584E-001  1.012639151798E-002  1.054771696599E+000 -1.276275915325E+000  8.789793845715E-001
  8.127746035011E-001  1.024804485184E-002  1.041816444200E+000 -1.267131059208E+000  9.158996709286E-001
  8.230842188350E-001  1.037148672960E-002  1.028802106718E+000 -1.257508860017E+000  9.502546163264E-001
  8.335181845190E-001  1.049675130923E-002  1.015733619268E+000 -1.247425302991E+000  9.821015223675E-001
  8.440783406568E-001  1.062387352550E-002  1.002615933041E+000 -1.236896500070E+000  1.011497850880E+000
  8.547665626839E-001  1.075288911077E-002  9.894540113792E-001 -1.225938681259E+000  1.038501283386E+000
  8.655847621758E-001  1.088383461638E-002  9.762528257469E-001 -1.214568184933E+000  1.063169773181E+000
  8.765348876780E-001  1.101674743475E-002  9.630173516020E-001 -1.202801447088E+000  1.085561589702E+000
  8.876189255584E-001  1.115166582209E-002  9.497525641833E-001 -1.190654989554E+000  1.105735354931E+000
  8.988389008829E-001  1.128862892191E-002  9.364634342218E-001 -1.178145407219E+000  1.123750071609E+000
  9.101968783143E-001  1.142767678917E-002  9.231549235884E-001 -1.165289354286E+000  1.139665143123E+000
  9.216949630368E-001  1.156885041525E-002  9.098319808908E-001 -1.152103529618E+000  1.153540384955E+000
  9.333353017046E-001  1.171219175365E-002  8.964995370320E-001 -1.138604661211E+000  1.165436027663E+000
  9.451200834176E-001  1.185774374655E-002  8.831625007451E-001 -1.124809489871E+000  1.175412711407E+000
  9.570515407237E-001  1.200555035216E-002  8.698257541161E-001 -1.110734752136E+000  1.183531472098E+000
  9.691319506484E-001  1.215565657299E-002  8.564941481116E-001 -1.096397162532E+000  1.189853719311E+000
  9.813636357544E-001  1.230810848498E-002  8.431724981233E-001 -1.081813395228E+000  1.194441206143E+000
  9.937489652293E-001  1.246295326757E-002  8.298655795466E-001 -1.067000065174E+000  1.197355991284E+000
  1.006290356005E+000  1.262023923477E-002  8.165781234049E-001 -1.051973708805E+000  1.198660393576E+000
  1.018990273907E+000  1.278001586715E-002  8.033148120387E-001 -1.036750764403E+000  1.198416939454E+000
  1.031851234841E+000  1.294233384499E-002  7.900802748692E-001 -1.021347552205E+000  1.196688303633E+000
  1.044875806003E+000  1.310724508236E-002  7.768790842557E-001 -1.005780254359E+000  1.193537243534E+000
  1.058066607138E+000  1.327480276248E-002  7.637157514572E-001 -9.900648948161E-001  1.189026527923E+000
  1.071426311823E+000  1.344506137405E-002  7.505947227152E-001 -9.742173192751E-001  1.183218860307E+000
  1.084957648792E+000  1.361807674895E-002  7.375203754689E-001 -9.582531752593E-001  1.176176797667E+000
  1.098663403298E+000  1.379390610110E-002  7.244970147164E-001 -9.421878924437E-001  1.167962665139E+000
  1.112546418516E+000  1.397260806657E-002  7.115288695349E-001 -9.260366633247E-001  1.158638467265E+000
  1.126609596985E+000  1.415424274514E-002  6.986200897700E-001 -9.098144243350E-001  1.148265796491E+000
  1.140855902095E+000  1.433887174317E-002  6.857747429052E-001 -8.935358374992E-001  1.136905739573E+000
  1.155288359613E+000  1.452655821788E-002  6.729968111222E-001 -8.772152727283E-001  1.124618782600E+000
  1.169910059257E+000  1.471736692327E-002  6.602901885588E-001 -8.608667908424E-001  1.111464715314E+000
  1.184724156317E+000  1.491136425740E-002  6.476586787731E-001 -8.445041274100E-001  1.097502535438E+000
  1.199733873325E+000  1.510861831145E-002  6.351059924209E-001 -8.281406774887E-001  1.082790353704E+000
  1.214942501771E+000  1.530919892035E-002  6.226357451497E-001 -8.117894813419E-001  1.067385300275E+000
  1.230353403874E+000  1.551317771520E-002  6.102514557145E-001 -7.954632112066E-001  1.051343433223E+000
  1.245970014403E+000  1.572062817747E-002  5.979565443181E-001 -7.791741591751E-001  1.034719649732E+000
  1.261795842559E+000  1.593162569510E-002  5.857543311762E-001 -7.629342262486E-001  1.017567600638E+000
  1.277834473907E+000  1.614624762054E-002  5.736480353068E-001 -7.467549126141E-001  9.999396089153E-001
  1.294089572372E+000  1.636457333079E-002  5.616407735447E-001 -7.306473091857E-001  9.818865926701E-001
  1.310564882294E+000  1.658668428962E-002  5.497355597744E-001 -7.146220904438E-001  9.634579931610E-001
  1.327264230548E+000  1.681266411190E-002  5.379353043810E-001 -6.986895085976E-001  9.447017083304E-001
  1.344191528724E+000  1.704259863026E-002  5.262428139095E-001 -6.828593890848E-001  9.256640322778E-001
  1.361350775387E+000  1.727657596408E-002  5.146607909294E-001 -6.671411274176E-001  9.063896010544E-001
  1.378746058390E+000  1.751468659100E-002  5.031918340925E-001 -6.515436873689E-001  8.869213451089E-001
  1.396381557275E+000  1.775702342093E-002  4.918384383770E-001 -6.360756004888E-001  8.673004486528E-001
  1.414261545744E+000  1.800368187279E-002  4.806029955069E-001 -6.207449669281E-001  8.475663161582E-001
  1.432390394201E+000  1.825475995395E-002  4.694877945330E-001 -6.055594575388E-001  8.277565461414E-001
  1.450772572390E+000  1.851035834267E-002  4.584950225658E-001 -5.905263172122E-001  8.079069123211E-001
  1.469412652102E+000  1.877058047342E-002  4.476267656448E-001 -5.756523694058E-001  7.880513521852E-001
  1.488315309978E+000  1.903553262542E-002  4.368850097301E-001 -5.609440218026E-001  7.682219629329E-001
  1.507485330398E+000  1.930532401444E-002  4.262716418022E-001 -5.464072730401E-001  7.484490047031E-001
  1.526927608467E+000  1.958006688797E-002  4.157884510551E-001 -5.320477204360E-001  7.287609109412E-001
  1.546647153093E+000  1.985987662391E-002  4.054371301654E-001 -5.178705686353E-001  7.091843056971E-001
  1.566649090169E+000  2.014487183303E-002  3.952192766235E-001 -5.038806390937E-001  6.897440275974E-001
  1.586938665861E+000  2.043517446518E-002  3.851363941100E-001 -4.900823803110E-001  6.704631601796E-001
  1.607521250000E+000  2.073090991960E-002  3.751898939030E-001 -4.764798787205E-001  6.513630682334E-001
  1.628402339588E+000  2.103220715932E-002  3.653810962994E-001 -4.630768701408E-001  6.324634397451E-001
  1.649587562420E+000  2.133919883002E-002  3.557112320370E-001 -4.498767516901E-001  6.137823330080E-001
  1.671082680832E+000  2.165202138333E-002  3.461814437024E-001 -4.368825940658E-001  5.953362284240E-001
  1.692893595565E+000  2.197081520497E-002  3.367927871124E-001 -4.240971540887E-001  5.771400844916E-001
  1.715026349769E+000  2.229572474776E-002  3.275462326552E-001 -4.115228874125E-001  5.592073974564E-001
  1.737487133138E+000  2.262689866987E-002  3.184426665814E-001 -3.991619613020E-001  5.415502640760E-001
  1.760282286187E+000  2.296448997842E-002  3.094828922347E-001 -3.870162673842E-001  5.241794469437E-001
  1.783418304674E+000  2.330865617868E-002  3.006676312134E-001 -3.750874342801E-001  5.071044418051E-001
  1.806901844175E+000  2.365955942924E-002  2.919975244553E-001 -3.633768400318E-001  4.903335463032E-001
  1.830739724818E+000  2.401736670327E-002  2.834731332419E-001 -3.518856242400E-001  4.738739295906E-001
  1.854938936184E+000  2.438224995616E-002  2.750949401159E-001 -3.406146998388E-001  4.577317022591E-001
  1.879506642368E+000  2.475438629994E-002  2.668633497123E-001 -3.295647644355E-001  4.419119860516E-001
  1.904450187236E+000  2.513395818467E-002  2.587786895006E-001 -3.187363111561E-001  4.264189828431E-001
  1.929777099847E+000  2.552115358717E-002  2.508412104410E-001 -3.081296389408E-001  4.112560424043E-001
  1.955495100083E+000  2.591616620741E-002  2.430510875573E-001 -2.977448622456E-001  3.964257284895E-001
  1.981612104475E+000  2.631919567292E-002  2.354084204310E-001 -2.875819201127E-001  3.819298828278E-001
  2.008136232230E+000  2.673044775156E-002  2.279132336246E-001 -2.776405845836E-001  3.677696866343E-001
  2.035075811486E+000  2.715013457311E-002  2.205654770412E-001 -2.679204684372E-001  3.539457192983E-001
  2.062439385788E+000  2.757847486001E-002  2.133650262309E-001 -2.584210322452E-001  3.404580139529E-001
  2.090235720801E+000  2.801569416771E-002  2.063116826560E-001 -2.491415907465E-001  3.273061096744E-001
  2.118473811262E+000  2.846202513514E-002  1.994051739261E-001 -2.400813185519E-001  3.144891001094E-001
  2.147162888201E+000  2.891770774564E-002  1.926451540187E-001 -2.312392552003E-001  3.020056783775E-001
  2.176312426413E+000  2.938298959899E-002  1.860312034996E-001 -2.226143095945E-001  2.898541781456E-001
  2.205932152222E+000  2.985812619504E-002  1.795628297573E-001 -2.142052638557E-001  2.780326108207E-001
  2.236032051522E+000  3.034338122938E-002  1.732394672705E-001 -2.060107766408E-001  2.665386988577E-001
  2.266622378129E+000  3.083902690182E-002  1.670604779217E-001 -1.980293859763E-001  2.553699052223E-001
  2.297713662445E+000  3.134534423818E-002  1.610251513760E-001 -1.902595116666E-001  2.445234591012E-001
  2.329316720450E+000  3.186262342603E-002  1.551327055409E-001 -1.826994573411E-001  2.339963779878E-001
  2.361442663038E+000  3.239116416519E-002  1.493822871212E-001 -1.753474122091E-001  2.237854863172E-001
  2.394102905709E+000  3.293127603351E-002  1.437729722870E-001 -1.682014525927E-001  2.138874308579E-001
  2.427309178642E+000  3.348327886897E-002  1.383037674660E-001 -1.612595433142E-001  2.042986931027E-001
  2.461073537146E+000  3.404750316862E-002  1.329736102758E-001 -1.545195390102E-001  1.950155989268E-001
  2.495408372530E+000  3.462429050548E-002  1.277813706043E-001 -1.479791854501E-001  1.860343258083E-001
  2.530326423398E+000  3.521399396401E-002  1.227258518510E-001 -1.416361209299E-001  1.773509079240E-001
  2.565840787378E+000  3.581697859546E-002  1.178057923340E-001 -1.354878778152E-001  1.689612394474E-001
  2.601964933334E+000  3.643362189376E-002  1.130198668699E-001 -1.295318842981E-001  1.608610763838E-001
  2.638712714049E+000  3.706431429322E-002  1.083666885286E-001 -1.237654664330E-001  1.530460372849E-001
  2.676098379430E+000  3.770945968912E-002  1.038448105632E-001 -1.181858505060E-001  1.455116031775E-001
  2.714136590232E+000  3.836947598236E-002  9.945272851382E-002 -1.127901657891E-001  1.382531170406E-001
  2.752842432351E+000  3.904479564947E-002  9.518888247933E-002 -1.075754477202E-001  1.312657831480E-001
  2.792231431696E+000  3.973586633921E-002  9.105165954939E-002 -1.025386415427E-001  1.245446665799E-001
  2.832319569669E+000  4.044315149734E-002  8.703939638691E-002 -9.767660642849E-002  1.180846931857E-001
  2.873123299289E+000  4.116713102086E-002  8.315038194711E-002 -9.298612009766E-002  1.118806502519E-001
  2.914659561979E+000  4.190830194354E-002  7.938286031784E-002 -8.846388394018E-002  1.059271881041E-001
  2.956945805065E+000  4.266717915414E-002  7.573503366263E-002 -8.410652863117E-002  1.002188228360E-001
  3.000000000000E+000  4.344429614932E-002  7.220506524651E-002 -7.991062022343E-002  9.474994032439E-002
  3.043840661365E+000  4.424020582308E-002  6.879108252191E-002 -7.587266668899E-002  8.951480165268E-002
  3.088486866678E+000  4.505548129460E-002  6.549118025095E-002 -7.198912487212E-002  8.450755002543E-002
  3.133958277047E+000  4.589071677685E-002  6.230342363879E-002 -6.825640780607E-002  7.972221921657E-002
  3.180275158719E+000  4.674652848797E-002  5.922585145192E-002 -6.467089233734E-002  7.515274355526E-002
  3.227458405560E+000  4.762355560797E-002  5.625647909504E-002 -6.122892699310E-002  7.079296941312E-002
  3.275529562509E+000  4.852246128332E-002  5.339330161977E-002 -5.792684002048E-002  6.663666811908E-002
  3.324510850077E+000  4.944393368200E-002  5.063429663947E-002 -5.476094752070E-002  6.267755019190E-002
  3.374425189910E+000  5.038868710203E-002  4.797742712503E-002 -5.172756159667E-002  5.890928074735E-002
  3.425296231502E+000  5.135746313639E-002  4.542064405842E-002 -4.882299842993E-002  5.532549590674E-002
  3.477148380094E+000  5.235103189784E-002  4.296188892243E-002 -4.604358620139E-002  5.191982000784E-002
  3.530006825834E+000  5.337019330676E-002  4.059909600803E-002 -4.338567277081E-002  4.868588339716E-002
  3.583897574256E+000  5.441577844603E-002  3.833019452335E-002 -4.084563303199E-002  4.561734056623E-002
  3.638847478148E+000  5.548865098670E-002  3.615311049209E-002 -3.841987586460E-002  4.270788838266E-002
  3.694884270887E+000  5.658970868864E-002  3.406576843276E-002 -3.610485060882E-002  3.995128416099E-002
  3.752036601308E+000  5.771988498079E-002  3.206609281439E-002 -3.389705299613E-002  3.734136331796E-002
  3.810334070199E+000  5.888015062562E-002  3.015200928867E-002 -3.179303047835E-002  3.487205636202E-002
  3.869807268505E+000  6.007151547295E-002  2.832144570319E-002 -2.978938690660E-002  3.253740497784E-002
  3.930487817331E+000  6.129503030858E-002  2.657233290484E-002 -2.788278652325E-002  3.033157698300E-002
  3.992408409843E+000  6.255178880352E-002  2.490260534731E-002 -2.606995724179E-002  2.824887995502E-002
  4.055602855172E+000  6.384292957002E-002  2.331020152081E-002 -2.434769320256E-002  2.628377335276E-002
  4.120106124432E+000  6.516963833101E-002  2.179306422661E-002 -2.271285660504E-002  2.443087898598E-002
  4.185954398964E+000  6.653315021009E-002  2.034914072290E-002 -2.116237883135E-002  2.268498971968E-002
  4.253185120935E+000  6.793475214960E-002  1.897638277170E-002 -1.969326088819E-002  2.104107633539E-002
  4.321837046422E+000  6.937578546490E-002  1.767274661964E-002 -1.830257320771E-002  1.949429250836E-002
  4.391950301120E+000  7.085764854355E-002  1.643619294781E-002 -1.698745485928E-002  1.803997789752E-002
  4.463566438835E+000  7.238179969882E-002  1.526468682711E-002 -1.574511223539E-002  1.667365938239E-002
  4.536728502895E+000  7.394976018725E-002  1.415619771651E-002 -1.457281728393E-002  1.539105051751E-002
  4.611481090679E+000  7.556311740127E-002  1.310869954152E-002 -1.346790536758E-002  1.418804930898E-002
  4.687870421430E+000  7.722352824817E-002  1.212017088913E-002 -1.242777283630E-002  1.306073444891E-002
  4.765944407533E+000  7.893272272784E-002  1.118859535364E-002 -1.144987440361E-002  1.200536017123E-002
  4.845752729492E+000  8.069250772248E-002  1.031196206497E-002 -1.053172041865E-002  1.101834991483E-002
  4.927346914797E+000  8.250477101257E-002  9.488266427586E-003 -9.670874125934E-003  1.009628899840E-002
  5.010780420931E+000  8.437148553436E-002  8.715511093671E-003 -8.864949001870E-003  9.235916523245E-003
  5.096108722763E+000  8.629471389541E-002  7.991707188870E-003 -8.111606252511E-003  8.434116727664E-003
  5.183389404586E+000  8.827661316581E-002  7.314875803494E-003 -7.408552549803E-003  7.687910016692E-003
  5.272682257105E+000  9.031943996425E-002  6.683049755515E-003 -6.753538075013E-003  6.994443886623E-003
  5.364049379651E+000  9.242555585946E-002  6.094275625179E-003 -6.144354927359E-003  6.350983952957E-003
  5.457555287978E+000  9.459743310926E-002  5.546616054168E-003 -5.578835944005E-003  5.754905274974E-003
  5.553267027968E+000  9.683766076100E-002  5.038152295361E-003 -5.054853964523E-003  5.203684149987E-003
  5.651254295630E+000  9.914895113938E-002  4.566986992424E-003 -4.570321559237E-003  4.694890526340E-003
  5.751589563796E+000  1.015341467494E-001  4.131247162027E-003 -4.123191226743E-003  4.226181157180E-003
  5.854348215936E+000  1.039962276248E-001  3.729087345416E-003 -3.711456051863E-003  3.795293587847E-003
  5.959608687557E+000  1.065383191537E-001  3.358692890690E-003 -3.333150801727E-003  3.400041039315E-003
  6.067452615683E+000  1.091637004188E-001  3.018283322544E-003 -2.986353424842E-003  3.038308219447E-003
  6.177964996951E+000  1.118758130872E-001  2.706115752472E-003 -2.669186906464E-003  2.708048063895E-003
  6.291234354880E+000  1.146782708938E-001  2.420488279799E-003 -2.379821423417E-003  2.407279380050E-003
  6.407352916949E+000  1.175748697626E-001  2.159743332280E-003 -2.116476733193E-003  2.134085341522E-003
  6.526416802128E+000  1.205695986129E-001  1.922270894590E-003 -1.877424725744E-003  1.886612757731E-003
  6.648526219580E+000  1.236666509049E-001  1.706511573800E-003 -1.660992062155E-003  1.663072024042E-003
  6.773785679311E+000  1.268704369821E-001  1.510959452849E-003 -1.465562822277E-003  1.461737642794E-003
  6.902304215570E+000  1.301855972713E-001  1.334164686100E-003 -1.289581083609E-003  1.280949194919E-003
  7.034195623922E+000  1.336170164087E-001  1.174735795222E-003 -1.131553355994E-003  1.119112635629E-003
  7.169578712934E+000  1.371698383673E-001  1.031341628746E-003 -9.900508010862E-004  9.747017859140E-004
  7.308577571516E+000  1.408494826628E-001  9.027129546014E-004 -8.637111717283E-004  8.462598940476E-004
  7.451321853057E+000  1.446616617293E-001  7.876436616021E-004 -7.512404142692E-004  7.324011476619E-004
  7.597947077547E+000  1.486123995567E-001  6.849915530337E-004 -6.514138860131E-004  6.318120267243E-004
  7.748594953021E+000  1.527080516973E-001  5.936787230391E-004 -5.630771502525E-004  5.432524004244E-004
  7.903413717736E+000  1.569553267535E-001  5.126915141890E-004 -4.851463222898E-004  4.655562859046E-004
  8.062558504629E+000  1.613613094717E-001  4.410800622924E-004 -4.166079511800E-004  3.976322033154E-004
  8.226191729726E+000  1.659334855793E-001  3.779574419399E-004 -3.565184332950E-004  3.384630791791E-004
  8.394483506327E+000  1.706797685137E-001  3.224984333040E-004 -3.040029648854E-004  2.871056678465E-004
  8.567612086926E+000  1.756085282071E-001  2.739379371671E-004 -2.582540512953E-004  2.426894783338E-004
  8.745764335025E+000  1.807286221064E-001  2.315690708612E-004 -2.185296000998E-004  2.044152104633E-004
  8.929136229160E+000  1.860494286260E-001  1.947409826404E-004 -1.841506339396E-004  1.715527195288E-004
  9.117933401693E+000  1.915808832504E-001  1.628564258680E-004 -1.544986660383E-004  1.434385422635E-004
  9.312371715124E+000  1.973335175235E-001  1.353691371902E-004 -1.290127871484E-004  1.194730284007E-004
  9.512677878945E+000  2.033185011886E-001  1.117810645412E-004 -1.071865168942E-004  9.911713136617E-005
  9.719090110332E+000  2.095476877688E-001  9.163949136128E-005 -8.856447510798E-005  8.188891851530E-005
  9.931858842267E+000  2.160336639044E-001  7.453410280560E-005 -7.273892979960E-005  6.735986578967E-005
  1.015124748302E+001  2.227898028021E-001  6.009403803320E-005 -5.934627789722E-005  5.515100377390E-005
  1.037753323129E+001  2.298303221843E-001  4.798496995292E-005 -4.806351295147E-005  4.492898200755E-005
  1.061100795175E+001  2.371703471699E-001  3.790625016939E-005 -3.860473072926E-005  3.640211624165E-005
  1.085197911611E+001  2.448259785618E-001  2.958815244267E-005 -3.071771920617E-005  2.931647936457E-005
  1.110077081537E+001  2.528143670735E-001  2.278924289618E-005 -2.418067408811E-005  2.345209124137E-005
  1.135772484956E+001  2.611537940784E-001  1.729389964634E-005 -1.879907486744E-005  1.861925602277E-005
  1.162320190175E+001  2.698637595360E-001  1.290999866261E-005 -1.440274977040E-005  1.465508790997E-005
  1.189758280382E+001  2.789650778206E-001  9.466776686255E-006 -1.084315101492E-005  1.142025823631E-005
  1.218126990242E+001  2.884799822596E-001  6.812876131816E-006 -7.990854798063E-006  8.795988364862E-006
  1.247468853413E+001  2.984322392826E-001  4.814571253407E-006 -5.733293593471E-006  6.681304602945E-006
  1.277828862002E+001  3.088472731875E-001  3.354169658433E-006 -3.972721863611E-006  4.990563370525E-006
  1.309254639077E+001  3.197523026463E-001  2.328578658193E-006 -2.624410364569E-006  3.651247466486E-006
  1.341796625462E+001  3.311764902095E-001  1.648022102322E-006 -1.615058997250E-006  2.602027648363E-006
  1.375508282195E+001  3.431511062169E-001  1.234890371300E-006 -8.814137647418E-007  1.791078027660E-006
  1.410446310162E+001  3.557097086969E-001  1.022704187260E-006 -3.690699229152E-007  1.174629086868E-006
  1.446670888596E+001  3.688883410292E-001  9.551719029423E-007 -3.144091729364E-008  7.157385031587E-007
  1.484245934302E+001  3.827257493700E-001  9.853199590212E-007  1.711287950109E-007  3.832574306053E-007
  1.523239383723E+001  3.972636220891E-001  1.074677237697E-006  2.721294479156E-007  1.509684211567E-007
  1.563723500136E+001  4.125468537596E-001  1.192496019806E-006  2.995521740744E-007 -3.129307265441E-009
  1.605775208607E+001  4.286238365683E-001  1.314995065082E-006  2.764764121915E-007 -9.741111050960E-008
  1.649476461582E+001  4.455467823929E-001  1.424613829930E-006  2.215971758836E-007 -1.471172905242E-007
  1.694914638379E+001  4.633720792263E-001  1.509270824358E-006  1.497082039596E-007 -1.647633343807E-007
  1.742182982203E+001  4.821606861220E-001  1.561623365397E-006  7.215392014606E-008 -1.604883488244E-007
  1.791381078784E+001  5.019785714107E-001  1.578330258092E-006 -2.740233709599E-009 -1.423572528298E-007
  1.842615381215E+001  5.228971995942E-001  1.559322960976E-006 -6.925297367941E-008 -1.166293197425E-007
  1.895999786176E+001  5.449940730840E-001  1.507094302974E-006 -1.238650774782E-007 -8.800264009205E-008
  1.951656267356E+001  5.683533358366E-001  1.426016560104E-006 -1.648702696650E-007 -5.984115463409E-008
  2.009715572669E+001  5.930664469535E-001  1.321702453967E-006 -1.920019025234E-007 -3.438822170476E-008
  2.070317992707E+001  6.192329335039E-001  1.200423234512E-006 -2.060801836616E-007 -1.296835357645E-008
  2.133614208874E+001  6.469612332096E-001  1.068597364577E-006 -2.086859035985E-007  3.823119693061E-009
  2.199766230782E+001  6.763696392388E-001  9.323614309421E-007 -2.018670216249E-007  1.594405510433E-008
  2.268948433818E+001  7.075873612439E-001  7.972318648870E-007 -1.878840708494E-007  2.374556531360E-008
  2.341348709294E+001  7.407557189842E-001  6.678620688588E-007 -1.689992011916E-007  2.783079275157E-008
  2.417169741362E+001  7.760294874639E-001  5.478949180099E-007 -1.473119132346E-007  2.893476877579E-008
  2.496630426925E+001  8.135784155747E-001  4.399057207051E-007 -1.246423252126E-007  2.782704752343E-008
  2.579967457140E+001  8.535889438281E-001  3.454260167394E-007 -1.024603844255E-007  2.523780119757E-008
  2.667437081864E+001  8.962661510291E-001  2.650345129714E-007 -8.185703390648E-008  2.180688622909E-008
  2.759317081651E+001  9.418359647997E-001  1.984984128706E-007 -6.355122787605E-008  1.805418861427E-008
  2.855908975674E+001  9.905476768748E-001  1.449467102047E-007 -4.792508176859E-008  1.436847892863E-008
  2.957540498378E+001  1.042676811269E+000  1.030568738547E-007 -3.507851646694E-008  1.101118077312E-008
  3.064568382919E+001  1.098528402000E+000  7.123776728166E-008 -2.489460549498E-008  8.130973768144E-009
  3.177381495601E+001  1.158440747351E+000  4.779445535962E-008 -1.710745799444E-008  5.785060229502E-009
  3.296404372807E+001  1.222789720048E+000  3.106441331888E-008 -1.136577163645E-008  3.963217192855E-009
  3.422101220608E+001  1.291993727721E+000  1.951909389597E-008 -7.286984182109E-009  2.611374784391E-009
  3.554980447538E+001  1.366519436102E+000  1.182928628911E-008 -4.498995503628E-009  1.652307899077E-009
  3.695599813319E+001  1.446888389511E+000  6.896681871781E-009 -2.668455233516E-009  1.001974428832E-009
  3.844572291106E+001  1.533684690030E+000  3.857108898157E-009 -1.516365748079E-009  5.809484944941E-010
  4.002572758518E+001  1.627563929686E+000  2.062738118432E-009 -8.230464422880E-010  3.211669002762E-010
  4.170345654134E+001  1.729263610453E+000  1.051125061885E-009 -4.252428542213E-010  1.687526164402E-010
  4.348713762001E+001  1.839615336740E+000  5.083808066759E-010 -2.083436172637E-010  8.396852365663E-011
  4.538588318162E+001  1.959559126947E+000  2.323550398734E-010 -9.638156668962E-011  3.940369845337E-011
  4.740980671574E+001  2.090160267552E+000  9.986874901083E-011 -4.189831096743E-011  1.735751039579E-011
  4.957015778746E+001  2.232629229408E+000  4.014781594768E-011 -1.702377753974E-011  7.139777688731E-012
  5.187947869225E+001  2.388345286640E+000  1.500409075605E-011 -6.426247727676E-012  2.726186758345E-012
  5.435178690397E+001  2.558884630889E+000  5.177437380931E-012 -2.238539787626E-012  9.598419086713E-013
  5.700278828629E+001  2.746053966795E+000  1.637023840208E-012 -7.141260415251E-013  3.092750318741E-013
  5.985012714155E+001  2.951930820846E+000  4.702075133896E-013 -2.068541593597E-013  9.042627767285E-014
  6.291368055481E+001  3.178912111311E+000  1.215056676238E-013 -5.387984712883E-014  2.376107193445E-014
  6.621590623276E+001  3.429772933797E+000  2.793814730082E-014 -1.248235774285E-014  5.550283241313E-015
  6.978225524452E+001  3.707738044625E+000  5.645068379998E-015 -2.540176523171E-015  1.138279953746E-015
  7.364166388185E+001  4.016569212832E+000  9.881810204423E-016 -4.476767029247E-016  2.020786047276E-016
  7.782714245929E+001  4.360672516382E+000  1.474505409029E-016 -6.722880021399E-017  3.055625985264E-017
  8.237648351994E+001  4.745230855210E+000  1.840833508512E-017 -8.444255105772E-018  3.863014335852E-018
  8.733311794503E+001  5.176368549127E+000  1.882091163043E-018 -8.683412926014E-019  3.996852936269E-019
  9.274715535088E+001  5.661357031559E+000  1.537389110463E-019 -7.131965161948E-020  3.301813512861E-020
  9.867665554529E+001  6.208873552072E+000  9.749615217482E-021 -4.546403842278E-021  2.116357646092E-021
  1.051891916055E+002  6.829328764649E+000  4.642392718601E-022 -2.175521073914E-022  1.017964217439E-022
  1.123637836013E+002  7.535284543316E+000  1.596120765253E-023 -7.514836356158E-024  3.533579629680E-024
  1.202933069206E+002  8.341990973528E+000  3.784299537472E-025 -1.789651024569E-025  8.454241202006E-026
  1.290875131414E+002  9.268082166539E+000  5.859785065838E-027 -2.782883983052E-027  1.320393212574E-027
  1.388768482001E+002  1.033648575811E+001  5.554726920246E-029 -2.648576884038E-029  1.261883511356E-029
  1.498173177370E+002  1.157562284364E+001  2.983402001713E-031 -1.427933651966E-031  6.829909138471E-032
  1.620967411853E+002  1.302100699722E+001  8.270520220757E-034 -3.972730371867E-034  1.907227882669E-034
  1.759428668168E+002  1.471739812515E+001  1.056801141634E-036 -5.093620505722E-037  2.453902612505E-037
  1.916340085825E+002  1.672173748087E+001  5.420259804154E-040 -2.620901119526E-040  1.266814856120E-040
  2.095131417987E+002  1.910719757888E+001  9.409059898975E-044 -4.563489384844E-044  2.212633174903E-044
  2.300068054477E+002  2.196884699990E+001  4.471104001773E-048 -2.174761193870E-048  1.057535994070E-048
  2.536507797910E+002  2.543169216868E+001  4.454656304827E-053 -2.172626904524E-053  1.059410485254E-053
  2.811254638474E+002  2.966227967912E+001  6.631474062223E-059 -3.242541780522E-059  1.585211718059E-059
  3.133053780630E+002  3.488573552677E+001  9.541424042032E-066 -4.676551605382E-066  2.291814948512E-066
  3.513296254502E+002  4.141128389041E+001  7.521453099747E-074 -3.694755370488E-074  1.814777788127E-074
  3.967041014106E+002  4.967130404214E+001  1.533402369278E-083 -7.548272855277E-084  3.715379820307E-084
  4.514529193349E+002  6.028257212519E+001  2.946566092835E-095 -1.453292025693E-095  7.167409127592E-096
  5.183481233601E+002  7.414493328740E+001  1.338912193837E-109 -6.615660741764E-110  3.268690198383E-110
  6.012676077950E+002  9.260523890243E+001  2.077853431007E-127 -1.028397430428E-127  5.089696412553E-128
  7.057700503752E+002  1.177394213729E+002  6.870556838490E-150 -3.405686651827E-150  1.688132407280E-150
  8.400513767914E+002  1.528577972397E+002  8.088305058269E-179 -4.014946710976E-179  1.992940749945E-179
  1.016602135495E+003  2.034537342122E+002  6.628146559172E-217 -3.294334591429E-217  1.637337138859E-217
  1.255220715580E+003  2.790860613466E+002  1.918653288511E-268 -9.547071323302E-269  4.750512249901E-269
  1.588815776243E+003  3.973705897531E+002  0.000000000000E+000  0.000000000000E+000  0.000000000000E+000
  2.075392011604E+003  5.931596040112E+002  0.000000000000E+000  0.000000000000E+000  0.000000000000E+000
  2.825079847529E+003  9.419154890021E+002  0.000000000000E+000  0.000000000000E+000  0.000000000000E+000
  4.068408296184E+003  1.627629972033E+003  0.000000000000E+000  0.000000000000E+000  0.000000000000E+000
  6.357262947674E+003  3.178964796686E+003  0.000000000000E+000  0.000000000000E+000  0.000000000000E+000
  1.130231930164E+004  7.535323971013E+003  0.000000000000E+000  0.000000000000E+000  0.000000000000E+000
  2.543105175140E+004  2.543171841285E+004  0.000000000000E+000  0.000000000000E+000  0.000000000000E+000
  1.017262069958E+005  2.034537473226E+005  0.000000000000E+000  0.000000000000E+000  0.000000000000E+000
