# 1st line: number of mesh points
# abcissa weight wavefunction wavefunction_1st wavefunction_2nd
500
# Principal QN=   1 , l=   1 , Occupation=   2.0000
  9.830308526508E-006  1.966074589941E-005  6.521940328363E-005  6.634336917392E+000 -3.776040690460E+001
  3.932200719717E-005  3.932303800261E-005  2.608608480640E-004  6.633223378626E+000 -3.775499696094E+001
  8.847741541455E-005  5.898842277178E-005  5.868740418342E-004  6.631367737929E+000 -3.774598131091E+001
  1.573003992804E-004  7.865844718600E-005  1.043175172768E-003  6.628770381158E+000 -3.773336133898E+001
  2.457963722417E-004  9.833465899987E-005  1.629646923249E-003  6.625431848482E+000 -3.771713898400E+001
  3.539722959954E-004  1.180186070023E-004  2.346138488835E-003  6.621352834352E+000 -3.769731673995E+001
  4.818366816528E-004  1.377118412759E-004  3.192465602651E-003  6.616534187465E+000 -3.767389765668E+001
  6.293995911626E-004  1.574159134560E-004  4.168410565246E-003  6.610976910715E+000 -3.764688534101E+001
  7.966726389934E-004  1.771323769912E-004  5.273722279914E-003  6.604682161138E+000 -3.761628395786E+001
  9.836689940782E-004  1.968627874036E-004  6.508116293531E-003  6.597651249842E+000 -3.758209823165E+001
  1.190403382016E-003  2.166087025496E-004  7.871274842895E-003  6.589885641937E+000 -3.754433344786E+001
  1.416892087541E-003  2.363716828821E-004  9.362846906645E-003  6.581386956447E+000 -3.750299545473E+001
  1.663152957245E-003  2.561532917128E-004  1.098244826275E-002  6.572156966213E+000 -3.745809066515E+001
  1.929205402573E-003  2.759550954757E-004  1.272966155165E-002  6.562197597788E+000 -3.740962605875E+001
  2.215070403074E-003  2.957786639908E-004  1.460403634504E-002  6.551510931320E+000 -3.735760918403E+001
  2.520770509919E-003  3.156255707300E-004  1.660508922038E-002  6.540099200420E+000 -3.730204816085E+001
  2.846329849692E-003  3.354973930828E-004  1.873230384116E-002  6.527964792023E+000 -3.724295168283E+001
  3.191774128432E-003  3.553957126240E-004  2.098513104299E-002  6.515110246233E+000 -3.718032902010E+001
  3.557130635959E-003  3.753221153821E-004  2.336298892555E-002  6.501538256152E+000 -3.711419002209E+001
  3.942428250463E-003  3.952781921092E-004  2.586526295043E-002  6.487251667705E+000 -3.704454512045E+001
  4.347697443358E-003  4.152655385525E-004  2.849130604502E-002  6.472253479439E+000 -3.697140533214E+001
  4.772970284417E-003  4.352857557265E-004  3.124043871236E-002  6.456546842312E+000 -3.689478226263E+001
  5.218280447175E-003  4.553404501876E-004  3.411194914716E-002  6.440135059468E+000 -3.681468810921E+001
  5.683663214611E-003  4.754312343099E-004  3.710509335798E-002  6.423021585990E+000 -3.673113566438E+001
  6.169155485101E-003  4.955597265624E-004  4.021909529567E-002  6.405210028641E+000 -3.664413831941E+001
  6.674795778653E-003  5.157275517886E-004  4.345314698808E-002  6.386704145583E+000 -3.655371006792E+001
  7.200624243425E-003  5.359363414876E-004  4.680640868125E-002  6.367507846076E+000 -3.645986550960E+001
  7.746682662519E-003  5.561877340970E-004  5.027800898703E-002  6.347625190162E+000 -3.636261985395E+001
  8.313014461060E-003  5.764833752781E-004  5.386704503720E-002  6.327060388323E+000 -3.626198892417E+001
  8.899664713569E-003  5.968249182030E-004  5.757258264438E-002  6.305817801119E+000 -3.615798916102E+001
  9.506680151615E-003  6.172140238444E-004  6.139365646948E-002  6.283901938803E+000 -3.605063762677E+001
  1.013410917176E-002  6.376523612666E-004  6.532927019610E-002  6.261317460913E+000 -3.593995200923E+001
  1.078200184380E-002  6.581416079202E-004  6.937839671174E-002  6.238069175837E+000 -3.582595062571E+001
  1.145040991929E-002  6.786834499385E-004  7.353997829603E-002  6.214162040357E+000 -3.570865242711E+001
  1.213938684040E-002  6.992795824361E-004  7.781292681606E-002  6.189601159156E+000 -3.558807700193E+001
  1.284898774901E-002  7.199317098113E-004  8.219612392877E-002  6.164391784309E+000 -3.546424458034E+001
  1.357926949620E-002  7.406415460502E-004  8.668842129076E-002  6.138539314738E+000 -3.533717603820E+001
  1.433029065191E-002  7.614108150341E-004  9.128864077530E-002  6.112049295638E+000 -3.520689290109E+001
  1.510211151509E-002  7.822412508494E-004  9.599557469685E-002  6.084927417870E+000 -3.507341734827E+001
  1.589479412397E-002  8.031345981016E-004  1.008079860432E-001  6.057179517325E+000 -3.493677221659E+001
  1.670840226680E-002  8.240926122311E-004  1.057246087149E-001  6.028811574250E+000 -3.479698100440E+001
  1.754300149280E-002  8.451170598329E-004  1.107441477733E-001  5.999829712546E+000 -3.465406787534E+001
  1.839865912351E-002  8.662097189796E-004  1.158652796948E-001  5.970240199019E+000 -3.450805766204E+001
  1.927544426443E-002  8.873723795480E-004  1.210866526351E-001  5.940049442605E+000 -3.435897586973E+001
  2.017342781695E-002  9.086068435487E-004  1.264068866997E-001  5.909263993548E+000 -3.420684867980E+001
  2.109268249069E-002  9.299149254598E-004  1.318245742232E-001  5.877890542543E+000 -3.405170295314E+001
  2.203328281612E-002  9.512984525641E-004  1.373382800570E-001  5.845935919835E+000 -3.389356623343E+001
  2.299530515754E-002  9.727592652906E-004  1.429465418654E-001  5.813407094279E+000 -3.373246675025E+001
  2.397882772639E-002  9.942992175591E-004  1.486478704288E-001  5.780311172352E+000 -3.356843342199E+001
  2.498393059493E-002  1.015920177130E-003  1.544407499572E-001  5.746655397123E+000 -3.340149585866E+001
  2.601069571024E-002  1.037624025957E-003  1.603236384113E-001  5.712447147177E+000 -3.323168436449E+001
  2.705920690860E-002  1.059412660547E-003  1.662949678316E-001  5.677693935492E+000 -3.305902994027E+001
  2.812954993023E-002  1.081287992318E-003  1.723531446780E-001  5.642403408264E+000 -3.288356428552E+001
  2.922181243436E-002  1.103251947969E-003  1.784965501763E-001  5.606583343684E+000 -3.270531980047E+001
  3.033608401473E-002  1.125306469854E-003  1.847235406748E-001  5.570241650667E+000 -3.252432958773E+001
  3.147245621542E-002  1.147453516351E-003  1.910324480097E-001  5.533386367525E+000 -3.234062745372E+001
  3.263102254705E-002  1.169695062249E-003  1.974215798786E-001  5.496025660585E+000 -3.215424790982E+001
  3.381187850339E-002  1.192033099133E-003  2.038892202248E-001  5.458167822757E+000 -3.196522617329E+001
  3.501512157837E-002  1.214469635775E-003  2.104336296291E-001  5.419821272041E+000 -3.177359816782E+001
  3.624085128345E-002  1.237006698530E-003  2.170530457113E-001  5.380994549982E+000 -3.157940052378E+001
  3.748916916538E-002  1.259646331739E-003  2.237456835421E-001  5.341696320060E+000 -3.138267057817E+001
  3.876017882444E-002  1.282390598136E-003  2.305097360624E-001  5.301935366026E+000 -3.118344637421E+001
  4.005398593302E-002  1.305241579266E-003  2.373433745135E-001  5.261720590177E+000 -3.098176666057E+001
  4.137069825459E-002  1.328201375897E-003  2.442447488759E-001  5.221061011564E+000 -3.077767089022E+001
  4.271042566323E-002  1.351272108452E-003  2.512119883181E-001  5.179965764144E+000 -3.057119921890E+001
  4.407328016341E-002  1.374455917436E-003  2.582432016544E-001  5.138444094862E+000 -3.036239250323E+001
  4.545937591035E-002  1.397754963880E-003  2.653364778121E-001  5.096505361674E+000 -3.015129229832E+001
  4.686882923075E-002  1.421171429779E-003  2.724898863091E-001  5.054159031498E+000 -2.993794085505E+001
  4.830175864396E-002  1.444707518548E-003  2.797014777400E-001  5.011414678104E+000 -2.972238111683E+001
  4.975828488365E-002  1.468365455478E-003  2.869692842720E-001  4.968281979930E+000 -2.950465671596E+001
  5.123853091993E-002  1.492147488203E-003  2.942913201509E-001  4.924770717836E+000 -2.928481196949E+001
  5.274262198188E-002  1.516055887169E-003  3.016655822159E-001  4.880890772786E+000 -2.906289187462E+001
  5.427068558066E-002  1.540092946119E-003  3.090900504241E-001  4.836652123454E+000 -2.883894210359E+001
  5.582285153302E-002  1.564260982573E-003  3.165626883846E-001  4.792064843773E+000 -2.861300899808E+001
  5.739925198530E-002  1.588562338332E-003  3.240814439020E-001  4.747139100395E+000 -2.838513956308E+001
  5.900002143803E-002  1.612999379973E-003  3.316442495289E-001  4.701885150096E+000 -2.815538146022E+001
  6.062529677088E-002  1.637574499364E-003  3.392490231285E-001  4.656313337093E+000 -2.792378300063E+001
  6.227521726827E-002  1.662290114181E-003  3.468936684457E-001  4.610434090302E+000 -2.769039313711E+001
  6.394992464542E-002  1.687148668440E-003  3.545760756874E-001  4.564257920508E+000 -2.745526145589E+001
  6.564956307496E-002  1.712152633027E-003  3.622941221129E-001  4.517795417477E+000 -2.721843816769E+001
  6.737427921404E-002  1.737304506249E-003  3.700456726319E-001  4.471057246980E+000 -2.697997409828E+001
  6.912422223211E-002  1.762606814387E-003  3.778285804124E-001  4.424054147747E+000 -2.673992067840E+001
  7.089954383907E-002  1.788062112257E-003  3.856406874968E-001  4.376796928353E+000 -2.649832993310E+001
  7.270039831418E-002  1.813672983787E-003  3.934798254274E-001  4.329296464022E+000 -2.625525447044E+001
  7.452694253540E-002  1.839442042599E-003  4.013438158792E-001  4.281563693355E+000 -2.601074746963E+001
  7.637933600943E-002  1.865371932600E-003  4.092304713026E-001  4.233609614992E+000 -2.576486266844E+001
  7.825774090225E-002  1.891465328589E-003  4.171375955728E-001  4.185445284193E+000 -2.551765435008E+001
  8.016232207035E-002  1.917724936867E-003  4.250629846485E-001  4.137081809349E+000 -2.526917732938E+001
  8.209324709253E-002  1.944153495867E-003  4.330044272374E-001  4.088530348414E+000 -2.501948693832E+001
  8.405068630235E-002  1.970753776782E-003  4.409597054700E-001  4.039802105271E+000 -2.476863901094E+001
  8.603481282122E-002  1.997528584221E-003  4.489265955809E-001  3.990908326022E+000 -2.451668986757E+001
  8.804580259214E-002  2.024480756857E-003  4.569028685966E-001  3.941860295205E+000 -2.426369629836E+001
  9.008383441408E-002  2.051613168108E-003  4.648862910311E-001  3.892669331945E+000 -2.400971554625E+001
  9.214908997710E-002  2.078928726810E-003  4.728746255876E-001  3.843346786027E+000 -2.375480528916E+001
  9.424175389809E-002  2.106430377918E-003  4.808656318667E-001  3.793904033908E+000 -2.349902362155E+001
  9.636201375725E-002  2.134121103210E-003  4.888570670816E-001  3.744352474659E+000 -2.324242903536E+001
  9.851006013526E-002  2.162003922007E-003  4.968466867778E-001  3.694703525836E+000 -2.298508040015E+001
  1.006860866512E-001  2.190081891910E-003  5.048322455594E-001  3.644968619290E+000 -2.272703694274E+001
  1.028902900012E-001  2.218358109541E-003  5.128114978202E-001  3.595159196914E+000 -2.246835822604E+001
  1.051228699979E-001  2.246835711311E-003  5.207821984800E-001  3.545286706322E+000 -2.220910412727E+001
  1.073840296104E-001  2.275517874190E-003  5.287421037249E-001  3.495362596478E+000 -2.194933481551E+001
  1.096739750056E-001  2.304407816497E-003  5.366889717526E-001  3.445398313252E+000 -2.168911072858E+001
  1.119929155896E-001  2.333508798707E-003  5.446205635206E-001  3.395405294932E+000 -2.142849254930E+001
  1.143410640503E-001  2.362824124271E-003  5.525346434984E-001  3.345394967678E+000 -2.116754118105E+001
  1.167186364011E-001  2.392357140448E-003  5.604289804226E-001  3.295378740915E+000 -2.090631772271E+001
  1.191258520249E-001  2.422111239159E-003  5.683013480548E-001  3.245368002693E+000 -2.064488344300E+001
  1.215629337189E-001  2.452089857854E-003  5.761495259405E-001  3.195374114983E+000 -2.038329975412E+001
  1.240301077413E-001  2.482296480400E-003  5.839713001713E-001  3.145408408937E+000 -2.012162818486E+001
  1.265276038575E-001  2.512734637975E-003  5.917644641474E-001  3.095482180105E+000 -1.985993035304E+001
  1.290556553882E-001  2.543407909995E-003  5.995268193407E-001  3.045606683611E+000 -1.959826793737E+001
  1.316144992580E-001  2.574319925047E-003  6.072561760584E-001  2.995793129295E+000 -1.933670264882E+001
  1.342043760450E-001  2.605474361847E-003  6.149503542069E-001  2.946052676818E+000 -1.907529620125E+001
  1.368255300316E-001  2.636874950214E-003  6.226071840535E-001  2.896396430745E+000 -1.881411028171E+001
  1.394782092560E-001  2.668525472060E-003  6.302245069882E-001  2.846835435595E+000 -1.855320652001E+001
  1.421626655646E-001  2.700429762411E-003  6.378001762828E-001  2.797380670871E+000 -1.829264645790E+001
  1.448791546661E-001  2.732591710434E-003  6.453320578478E-001  2.748043046071E+000 -1.803249151775E+001
  1.476279361856E-001  2.765015260497E-003  6.528180309863E-001  2.698833395686E+000 -1.777280297069E+001
  1.504092737207E-001  2.797704413242E-003  6.602559891443E-001  2.649762474183E+000 -1.751364190437E+001
  1.532234348983E-001  2.830663226680E-003  6.676438406566E-001  2.600840950989E+000 -1.725506919027E+001
  1.560706914324E-001  2.863895817319E-003  6.749795094883E-001  2.552079405461E+000 -1.699714545058E+001
  1.589513191834E-001  2.897406361298E-003  6.822609359707E-001  2.503488321872E+000 -1.673993102475E+001
  1.618655982178E-001  2.931199095559E-003  6.894860775310E-001  2.455078084389E+000 -1.648348593566E+001
  1.648138128702E-001  2.965278319033E-003  6.966529094155E-001  2.406858972077E+000 -1.622786985548E+001
  1.677962518056E-001  2.999648393860E-003  7.037594254054E-001  2.358841153907E+000 -1.597314207123E+001
  1.708132080832E-001  3.034313746623E-003  7.108036385250E-001  2.311034683792E+000 -1.571936145007E+001
  1.738649792215E-001  3.069278869616E-003  7.177835817404E-001  2.263449495648E+000 -1.546658640437E+001
  1.769518672648E-001  3.104548322136E-003  7.246973086504E-001  2.216095398483E+000 -1.521487485661E+001
  1.800741788507E-001  3.140126731803E-003  7.315428941655E-001  2.168982071529E+000 -1.496428420404E+001
  1.832322252791E-001  3.176018795904E-003  7.383184351782E-001  2.122119059407E+000 -1.471487128329E+001
  1.864263225826E-001  3.212229282769E-003  7.450220512209E-001  2.075515767350E+000 -1.446669233487E+001
  1.896567915983E-001  3.248763033179E-003  7.516518851120E-001  2.029181456470E+000 -1.421980296755E+001
  1.929239580409E-001  3.285624961791E-003  7.582061035895E-001  1.983125239089E+000 -1.397425812283E+001
  1.962281525771E-001  3.322820058613E-003  7.646828979316E-001  1.937356074135E+000 -1.373011203936E+001
  1.995697109023E-001  3.360353390492E-003  7.710804845626E-001  1.891882762601E+000 -1.348741821745E+001
  2.029489738173E-001  3.398230102644E-003  7.773971056450E-001  1.846713943092E+000 -1.324622938367E+001
  2.063662873085E-001  3.436455420218E-003  7.836310296553E-001  1.801858087443E+000 -1.300659745564E+001
  2.098220026275E-001  3.475034649885E-003  7.897805519449E-001  1.757323496436E+000 -1.276857350698E+001
  2.133164763746E-001  3.513973181471E-003  7.958439952839E-001  1.713118295599E+000 -1.253220773251E+001
  2.168500705817E-001  3.553276489620E-003  8.018197103871E-001  1.669250431118E+000 -1.229754941372E+001
  2.204231527988E-001  3.592950135496E-003  8.077060764230E-001  1.625727665848E+000 -1.206464688462E+001
  2.240360961807E-001  3.632999768520E-003  8.135015015041E-001  1.582557575437E+000 -1.183354749791E+001
  2.276892795770E-001  3.673431128145E-003  8.192044231574E-001  1.539747544576E+000 -1.160429759164E+001
  2.313830876220E-001  3.714250045674E-003  8.248133087761E-001  1.497304763364E+000 -1.137694245627E+001
  2.351179108282E-001  3.755462446115E-003  8.303266560501E-001  1.455236223815E+000 -1.115152630234E+001
  2.388941456809E-001  3.797074350078E-003  8.357429933768E-001  1.413548716494E+000 -1.092809222867E+001
  2.427121947345E-001  3.839091875711E-003  8.410608802492E-001  1.372248827299E+000 -1.070668219120E+001
  2.465724667110E-001  3.881521240686E-003  8.462789076230E-001  1.331342934399E+000 -1.048733697248E+001
  2.504753766009E-001  3.924368764227E-003  8.513956982613E-001  1.290837205319E+000 -1.027009615196E+001
  2.544213457654E-001  3.967640869177E-003  8.564099070555E-001  1.250737594192E+000 -1.005499807702E+001
  2.584108020414E-001  4.011344084122E-003  8.613202213242E-001  1.211049839177E+000 -9.842079834783E+000
  2.624441798480E-001  4.055485045557E-003  8.661253610875E-001  1.171779460051E+000 -9.631377224942E+000
  2.665219202956E-001  4.100070500102E-003  8.708240793175E-001  1.132931755979E+000 -9.422924733402E+000
  2.706444712976E-001  4.145107306769E-003  8.754151621641E-001  1.094511803471E+000 -9.216755506984E+000
  2.748122876832E-001  4.190602439283E-003  8.798974291568E-001  1.056524454527E+000 -9.012901329148E+000
  2.790258313137E-001  4.236562988450E-003  8.842697333802E-001  1.018974334977E+000 -8.811392596813E+000
  2.832855712010E-001  4.282996164587E-003  8.885309616259E-001  9.818658430186E-001 -8.612258298324E+000
  2.875919836279E-001  4.329909300005E-003  8.926800345172E-001  9.452031479694E-001 -8.415525992613E+000
  2.919455522717E-001  4.377309851548E-003  8.967159066096E-001  9.089901892163E-001 -8.221221789610E+000
  2.963467683296E-001  4.425205403192E-003  9.006375664650E-001  8.732306753875E-001 -8.029370331940E+000
  3.007961306479E-001  4.473603668706E-003  9.044440367000E-001  8.379280837390E-001 -7.839994777974E+000
  3.052941458522E-001  4.522512494374E-003  9.081343740089E-001  8.030856597649E-001 -7.653116786264E+000
  3.098413284823E-001  4.571939861783E-003  9.117076691608E-001  7.687064170319E-001 -7.468756501413E+000
  3.144382011281E-001  4.621893890671E-003  9.151630469705E-001  7.347931372440E-001 -7.286932541433E+000
  3.190852945695E-001  4.672382841850E-003  9.184996662453E-001  7.013483705385E-001 -7.107661986624E+000
  3.237831479192E-001  4.723415120192E-003  9.217167197050E-001  6.683744360168E-001 -6.930960370016E+000
  3.285323087679E-001  4.774999277691E-003  9.248134338782E-001  6.358734225127E-001 -6.756841669431E+000
  3.333333333333E-001  4.827144016591E-003  9.277890689728E-001  6.038471895989E-001 -6.585318301171E+000
  3.381867866117E-001  4.879858192602E-003  9.306429187236E-001  5.722973688347E-001 -6.416401115412E+000
  3.430932425333E-001  4.933150818173E-003  9.333743102143E-001  5.412253652548E-001 -6.250099393292E+000
  3.480532841203E-001  4.987031065868E-003  9.359826036781E-001  5.106323591012E-001 -6.086420845764E+000
  3.530675036492E-001  5.041508271801E-003  9.384671922740E-001  4.805193077976E-001 -5.925371614223E+000
  3.581365028158E-001  5.096591939172E-003  9.408275018424E-001  4.508869481664E-001 -5.766956272933E+000
  3.632608929041E-001  5.152291741875E-003  9.430629906376E-001  4.217357988876E-001 -5.611177833298E+000
  3.684412949588E-001  5.208617528209E-003  9.451731490420E-001  3.930661631994E-001 -5.458037749973E+000
  3.736783399619E-001  5.265579324662E-003  9.471574992582E-001  3.648781318373E-001 -5.307535928854E+000
  3.789726690123E-001  5.323187339805E-003  9.490155949841E-001  3.371715862115E-001 -5.159670736955E+000
  3.843249335105E-001  5.381451968273E-003  9.507470210693E-001  3.099462018180E-001 -5.014439014183E+000
  3.897357953460E-001  5.440383794842E-003  9.523513931550E-001  2.832014518825E-001 -4.871836087024E+000
  3.952059270903E-001  5.499993598618E-003  9.538283572980E-001  2.569366112310E-001 -4.731855784146E+000
  4.007360121927E-001  5.560292357317E-003  9.551775895808E-001  2.311507603850E-001 -4.594490453915E+000
  4.063267451812E-001  5.621291251662E-003  9.563987957081E-001  2.058427898751E-001 -4.459730983835E+000
  4.119788318683E-001  5.683001669888E-003  9.574917105915E-001  1.810114047683E-001 -4.327566821888E+000
  4.176929895600E-001  5.745435212354E-003  9.584560979240E-001  1.566551294026E-001 -4.197985999788E+000
  4.234699472710E-001  5.808603696282E-003  9.592917497452E-001  1.327723123226E-001 -4.070975158109E+000
  4.293104459435E-001  5.872519160606E-003  9.599984859999E-001  1.093611314093E-001 -3.946519573296E+000
  4.352152386716E-001  5.937193870949E-003  9.605761540894E-001  8.641959919522E-002 -3.824603186518E+000
  4.411850909306E-001  6.002640324729E-003  9.610246284201E-001  6.394556835779E-002 -3.705208634342E+000
  4.472207808110E-001  6.068871256391E-003  9.613438099490E-001  4.193673738147E-002 -3.588317281200E+000
  4.533230992589E-001  6.135899642772E-003  9.615336257281E-001  2.039065637896E-002 -3.473909253616E+000
  4.594928503202E-001  6.203738708611E-003  9.615940284508E-001 -6.952669383881E-004 -3.361963476142E+000
  4.657308513924E-001  6.272401932198E-003  9.615249960006E-001 -2.132376115167E-002 -3.252457708972E+000
  4.720379334802E-001  6.341903051163E-003  9.613265310051E-001 -4.149768489841E-002 -3.145368587176E+000
  4.784149414579E-001  6.412256068427E-003  9.609986603965E-001 -6.122002052122E-002 -3.040671661502E+000
  4.848627343381E-001  6.483475258298E-003  9.605414349811E-001 -8.049386761341E-002 -2.938341440695E+000
  4.913821855461E-001  6.555575172733E-003  9.599549290198E-001 -9.932243647475E-002 -2.838351435257E+000
  4.979741832006E-001  6.628570647764E-003  9.592392398216E-001 -1.177090414905E-001 -2.740674202589E+000
  5.046396304008E-001  6.702476810086E-003  9.583944873513E-001 -1.356570944477E-001 -2.645281393442E+000
  5.113794455212E-001  6.777309083830E-003  9.574208138550E-001 -1.531700978036E-001 -2.552143799597E+000
  5.181945625116E-001  6.853083197508E-003  9.563183835050E-001 -1.702516379203E-001 -2.461231402699E+000
  5.250859312060E-001  6.929815191146E-003  9.550873820645E-001 -1.869053782817E-001 -2.372513424144E+000
  5.320545176366E-001  7.007521423604E-003  9.537280165774E-001 -2.031350527072E-001 -2.285958375953E+000
  5.391013043575E-001  7.086218580100E-003  9.522405150822E-001 -2.189444585805E-001 -2.201534112514E+000
  5.462272907741E-001  7.165923679926E-003  9.506251263537E-001 -2.343374501068E-001 -2.119207883106E+000
  5.534334934816E-001  7.246654084380E-003  9.488821196745E-001 -2.493179316176E-001 -2.038946385108E+000
  5.607209466109E-001  7.328427504912E-003  9.470117846372E-001 -2.638898509386E-001 -1.960715817770E+000
  5.680907021827E-001  7.411262011483E-003  9.450144309806E-001 -2.780571928385E-001 -1.884481936453E+000
  5.755438304707E-001  7.495176041166E-003  9.428903884611E-001 -2.918239725754E-001 -1.810210107213E+000
  5.830814203728E-001  7.580188406970E-003  9.406400067606E-001 -3.051942295581E-001 -1.737865361619E+000
  5.907045797917E-001  7.666318306912E-003  9.382636554340E-001 -3.181720211407E-001 -1.667412451690E+000
  5.984144360243E-001  7.753585333338E-003  9.357617238965E-001 -3.307614165664E-001 -1.598815904811E+000
  6.062121361613E-001  7.842009482502E-003  9.331346214533E-001 -3.429664910790E-001 -1.532040078529E+000
  6.140988474955E-001  7.931611164409E-003  9.303827773730E-001 -3.547913202187E-001 -1.467049215085E+000
  6.220757579409E-001  8.022411212936E-003  9.275066410053E-001 -3.662399743195E-001 -1.403807495561E+000
  6.301440764614E-001  8.114430896230E-003  9.245066819453E-001 -3.773165132247E-001 -1.342279093508E+000
  6.383050335109E-001  8.207691927403E-003  9.213833902445E-001 -3.880249812374E-001 -1.282428227941E+000
  6.465598814833E-001  8.302216475524E-003  9.181372766708E-001 -3.983694023217E-001 -1.224219215541E+000
  6.549098951744E-001  8.398027176926E-003  9.147688730161E-001 -4.083537755701E-001 -1.167616521967E+000
  6.633563722545E-001  8.495147146827E-003  9.112787324550E-001 -4.179820709533E-001 -1.112584812120E+000
  6.719006337539E-001  8.593599991288E-003  9.076674299518E-001 -4.272582253647E-001 -1.059088999251E+000
  6.805440245593E-001  8.693409819506E-003  9.039355627196E-001 -4.361861389767E-001 -1.007094292763E+000
  6.892879139233E-001  8.794601256469E-003  9.000837507280E-001 -4.447696719183E-001 -9.565662446026E-001
  6.981336959871E-001  8.897199455961E-003  8.961126372621E-001 -4.530126412895E-001 -9.074707940967E-001
  7.070827903152E-001  9.001230113956E-003  8.920228895313E-001 -4.609188185214E-001 -8.597743111260E-001
  7.161366424455E-001  9.106719482390E-003  8.878151993264E-001 -4.684919270950E-001 -8.134436375089E-001
  7.252967244510E-001  9.213694383338E-003  8.834902837264E-001 -4.757356406252E-001 -7.684461264821E-001
  7.345645355186E-001  9.322182223606E-003  8.790488858520E-001 -4.826535813206E-001 -7.247496801676E-001
  7.439416025400E-001  9.432211009745E-003  8.744917756650E-001 -4.892493188261E-001 -6.823227849179E-001
  7.534294807203E-001  9.543809363512E-003  8.698197508130E-001 -4.955263694526E-001 -6.411345444385E-001
  7.630297542000E-001  9.657006537783E-003  8.650336375160E-001 -5.014881957998E-001 -6.011547105914E-001
  7.727440366954E-001  9.771832432940E-003  8.601342914943E-001 -5.071382067756E-001 -5.623537117897E-001
  7.825739721536E-001  9.888317613741E-003  8.551225989343E-001 -5.124797580121E-001 -5.247026789009E-001
  7.925212354258E-001  1.000649332670E-002  8.499994774904E-001 -5.175161526807E-001 -4.881734685815E-001
  8.025875329584E-001  1.012639151798E-002  8.447658773192E-001 -5.222506427033E-001 -4.527386839757E-001
  8.127746035011E-001  1.024804485184E-002  8.394227821436E-001 -5.266864303579E-001 -4.183716927171E-001
  8.230842188350E-001  1.037148672960E-002  8.339712103435E-001 -5.308266702734E-001 -3.850466421825E-001
  8.335181845190E-001  1.049675130923E-002  8.284122160680E-001 -5.346744718078E-001 -3.527384719545E-001
  8.440783406568E-001  1.062387352550E-002  8.227468903672E-001 -5.382329018020E-001 -3.214229234594E-001
  8.547665626839E-001  1.075288911077E-002  8.169763623379E-001 -5.415049876991E-001 -2.910765467572E-001
  8.655847621758E-001  1.088383461638E-002  8.111018002784E-001 -5.444937210183E-001 -2.616767044710E-001
  8.765348876780E-001  1.101674743475E-002  8.051244128496E-001 -5.472020611703E-001 -2.332015728509E-001
  8.876189255584E-001  1.115166582209E-002  7.990454502352E-001 -5.496329395993E-001 -2.056301399818E-001
  8.988389008829E-001  1.128862892191E-002  7.928662052971E-001 -5.517892642337E-001 -1.789422011542E-001
  9.101968783143E-001  1.142767678917E-002  7.865880147201E-001 -5.536739242300E-001 -1.531183514253E-001
  9.216949630368E-001  1.156885041525E-002  7.802122601405E-001 -5.552897949863E-001 -1.281399754152E-001
  9.333353017046E-001  1.171219175365E-002  7.737403692528E-001 -5.566397434062E-001 -1.039892343879E-001
  9.451200834176E-001  1.185774374655E-002  7.671738168876E-001 -5.577266333881E-001 -8.064905068289E-002
  9.570515407237E-001  1.200555035216E-002  7.605141260566E-001 -5.585533315157E-001 -5.810308957259E-002
  9.691319506484E-001  1.215565657299E-002  7.537628689562E-001 -5.591227129227E-001 -3.633573863223E-002
  9.813636357544E-001  1.230810848498E-002  7.469216679244E-001 -5.594376673037E-001 -1.533208472129E-002
  9.937489652293E-001  1.246295326757E-002  7.399921963456E-001 -5.595011050416E-001  4.922111314412E-003
  1.006290356005E+000  1.262023923477E-002  7.329761794938E-001 -5.593159634214E-001  2.444044209953E-002
  1.018990273907E+000  1.278001586715E-002  7.258753953119E-001 -5.588852128977E-001  4.323588321382E-002
  1.031851234841E+000  1.294233384499E-002  7.186916751162E-001 -5.582118633840E-001  6.132082456328E-002
  1.044875806003E+000  1.310724508236E-002  7.114269042236E-001 -5.572989705284E-001  7.870710348698E-002
  1.058066607138E+000  1.327480276248E-002  7.040830224921E-001 -5.561496419430E-001  9.540603943896E-002
  1.071426311823E+000  1.344506137405E-002  6.966620247703E-001 -5.547670433496E-001  1.114284700764E-001
  1.084957648792E+000  1.361807674895E-002  6.891659612487E-001 -5.531544046076E-001  1.267847885767E-001
  1.098663403298E+000  1.379390610110E-002  6.815969377077E-001 -5.513150255872E-001  1.414849819994E-001
  1.112546418516E+000  1.397260806657E-002  6.739571156557E-001 -5.492522818520E-001  1.555386705003E-001
  1.126609596985E+000  1.415424274514E-002  6.662487123528E-001 -5.469696301140E-001  1.689551472037E-001
  1.140855902095E+000  1.433887174317E-002  6.584740007144E-001 -5.444706134271E-001  1.817434185272E-001
  1.155288359613E+000  1.452655821788E-002  6.506353090900E-001 -5.417588660809E-001  1.939122447558E-001
  1.169910059257E+000  1.471736692327E-002  6.427350209126E-001 -5.388381181628E-001  2.054701806561E-001
  1.184724156317E+000  1.491136425740E-002  6.347755742160E-001 -5.357121997517E-001  2.164256159177E-001
  1.199733873325E+000  1.510861831145E-002  6.267594610141E-001 -5.323850447132E-001  2.267868152133E-001
  1.214942501771E+000  1.530919892035E-002  6.186892265417E-001 -5.288606940631E-001  2.365619576634E-001
  1.230353403874E+000  1.551317771520E-002  6.105674683523E-001 -5.251432988688E-001  2.457591754962E-001
  1.245970014403E+000  1.572062817747E-002  6.023968352726E-001 -5.212371226627E-001  2.543865916968E-001
  1.261795842559E+000  1.593162569510E-002  5.941800262113E-001 -5.171465433382E-001  2.624523564395E-001
  1.277834473907E+000  1.614624762054E-002  5.859197888218E-001 -5.128760545071E-001  2.699646821066E-001
  1.294089572372E+000  1.636457333079E-002  5.776189180191E-001 -5.084302662945E-001  2.769318767012E-001
  1.310564882294E+000  1.658668428962E-002  5.692802543515E-001 -5.038139055536E-001  2.833623754676E-001
  1.327264230548E+000  1.681266411190E-002  5.609066822279E-001 -4.990318154835E-001  2.892647705455E-001
  1.344191528724E+000  1.704259863026E-002  5.525011280040E-001 -4.940889546362E-001  2.946478384895E-001
  1.361350775387E+000  1.727657596408E-002  5.440665579293E-001 -4.889903953039E-001  2.995205655010E-001
  1.378746058390E+000  1.751468659100E-002  5.356059759587E-001 -4.837413212788E-001  3.038921702273E-001
  1.396381557275E+000  1.775702342093E-002  5.271224214340E-001 -4.783470249820E-001  3.077721240001E-001
  1.414261545744E+000  1.800368187279E-002  5.186189666393E-001 -4.728129039628E-001  3.111701683977E-001
  1.432390394201E+000  1.825475995395E-002  5.100987142372E-001 -4.671444567709E-001  3.140963300291E-001
  1.450772572390E+000  1.851035834267E-002  5.015647945918E-001 -4.613472782105E-001  3.165609324594E-001
  1.469412652102E+000  1.877058047342E-002  4.930203629867E-001 -4.554270539871E-001  3.185746052066E-001
  1.488315309978E+000  1.903553262542E-002  4.844685967459E-001 -4.493895547636E-001  3.201482897620E-001
  1.507485330398E+000  1.930532401444E-002  4.759126922666E-001 -4.432406296436E-001  3.212932426040E-001
  1.526927608467E+000  1.958006688797E-002  4.673558619724E-001 -4.369861991069E-001  3.220210351912E-001
  1.546647153093E+000  1.985987662391E-002  4.588013312000E-001 -4.306322474234E-001  3.223435509441E-001
  1.566649090169E+000  2.014487183303E-002  4.502523350260E-001 -4.241848145776E-001  3.222729792402E-001
  1.586938665861E+000  2.043517446518E-002  4.417121150491E-001 -4.176499877375E-001  3.218218064705E-001
  1.607521250000E+000  2.073090991960E-002  4.331839161366E-001 -4.110338923072E-001  3.210028042211E-001
  1.628402339588E+000  2.103220715932E-002  4.246709831490E-001 -4.043426826042E-001  3.198290146666E-001
  1.649587562420E+000  2.133919883002E-002  4.161765576540E-001 -3.975825322086E-001  3.183137332789E-001
  1.671082680832E+000  2.165202138333E-002  4.077038746439E-001 -3.907596240298E-001  3.164704889744E-001
  1.692893595565E+000  2.197081520497E-002  3.992561592675E-001 -3.838801401437E-001  3.143130218417E-001
  1.715026349769E+000  2.229572474776E-002  3.908366235909E-001 -3.769502514535E-001  3.118552586060E-001
  1.737487133138E+000  2.262689866987E-002  3.824484633993E-001 -3.699761072296E-001  3.091112860080E-001
  1.760282286187E+000  2.296448997842E-002  3.740948550525E-001 -3.629638245860E-001  3.060953222853E-001
  1.783418304674E+000  2.330865617868E-002  3.657789524067E-001 -3.559194779537E-001  3.028216869633E-001
  1.806901844175E+000  2.365955942924E-002  3.575038838138E-001 -3.488490886089E-001  2.993047691709E-001
  1.830739724818E+000  2.401736670327E-002  3.492727492113E-001 -3.417586143196E-001  2.955589947122E-001
  1.854938936184E+000  2.438224995616E-002  3.410886173118E-001 -3.346539391697E-001  2.915987921331E-001
  1.879506642368E+000  2.475438629994E-002  3.329545229040E-001 -3.275408636221E-001  2.874385580296E-001
  1.904450187236E+000  2.513395818467E-002  3.248734642723E-001 -3.204250948812E-001  2.830926218527E-001
  1.929777099847E+000  2.552115358717E-002  3.168484007462E-001 -3.133122376132E-001  2.785752104690E-001
  1.955495100083E+000  2.591616620741E-002  3.088822503837E-001 -3.062077850822E-001  2.739004127381E-001
  1.981612104475E+000  2.631919567292E-002  3.009778877970E-001 -2.991171107560E-001  2.690821443687E-001
  2.008136232230E+000  2.673044775156E-002  2.931381421232E-001 -2.920454604349E-001  2.641341133158E-001
  2.035075811486E+000  2.715013457311E-002  2.853657951452E-001 -2.849979449519E-001  2.590697859755E-001
  2.062439385788E+000  2.757847486001E-002  2.776635795628E-001 -2.779795334894E-001  2.539023544299E-001
  2.090235720801E+000  2.801569416771E-002  2.700341774151E-001 -2.709950475544E-001  2.486447049860E-001
  2.118473811262E+000  2.846202513514E-002  2.624802186516E-001 -2.640491556473E-001  2.433093882444E-001
  2.147162888201E+000  2.891770774564E-002  2.550042798504E-001 -2.571463686566E-001  2.379085909199E-001
  2.176312426413E+000  2.938298959899E-002  2.476088830757E-001 -2.502910360043E-001  2.324541096228E-001
  2.205932152222E+000  2.985812619504E-002  2.402964948701E-001 -2.434873425618E-001  2.269573267958E-001
  2.236032051522E+000  3.034338122938E-002  2.330695253714E-001 -2.367393063503E-001  2.214291889809E-001
  2.266622378129E+000  3.083902690182E-002  2.259303275433E-001 -2.300507770312E-001  2.158801875739E-001
  2.297713662445E+000  3.134534423818E-002  2.188811965079E-001 -2.234254351879E-001  2.103203422022E-001
  2.329316720450E+000  3.186262342603E-002  2.119243689649E-001 -2.168667923904E-001  2.047591868392E-001
  2.361442663038E+000  3.239116416519E-002  2.050620226825E-001 -2.103781920283E-001  1.992057587460E-001
  2.394102905709E+000  3.293127603351E-002  1.982962760412E-001 -2.039628108921E-001  1.936685903058E-001
  2.427309178642E+000  3.348327886897E-002  1.916291876113E-001 -1.976236614713E-001  1.881557037905E-001
  2.461073537146E+000  3.404750316862E-002  1.850627557447E-001 -1.913635949348E-001  1.826746090741E-001
  2.495408372530E+000  3.462429050548E-002  1.785989181576E-001 -1.851853047494E-001  1.772323042808E-001
  2.530326423398E+000  3.521399396401E-002  1.722395514821E-001 -1.790913308855E-001  1.718352793266E-001
  2.565840787378E+000  3.581697859546E-002  1.659864707634E-001 -1.730840645549E-001  1.664895222910E-001
  2.601964933334E+000  3.643362189376E-002  1.598414288771E-001 -1.671657534147E-001  1.612005285235E-001
  2.638712714049E+000  3.706431429322E-002  1.538061158443E-001 -1.613385071712E-001  1.559733123700E-001
  2.676098379430E+000  3.770945968912E-002  1.478821580175E-001 -1.556043035070E-001  1.508124213721E-001
  2.714136590232E+000  3.836947598236E-002  1.420711171163E-001 -1.499649942549E-001  1.457219527766E-001
  2.752842432351E+000  3.904479564947E-002  1.363744890867E-001 -1.444223117339E-001  1.407055721615E-001
  2.792231431696E+000  3.973586633921E-002  1.307937027641E-001 -1.389778751635E-001  1.357665339715E-001
  2.832319569669E+000  4.044315149734E-002  1.253301183182E-001 -1.336331970664E-001  1.309077037324E-001
  2.873123299289E+000  4.116713102086E-002  1.199850254616E-001 -1.283896895722E-001  1.261315816987E-001
  2.914659561979E+000  4.190830194354E-002  1.147596414047E-001 -1.232486705322E-001  1.214403276735E-001
  2.956945805065E+000  4.266717915414E-002  1.096551085446E-001 -1.182113693554E-001  1.168357867306E-001
  3.000000000000E+000  4.344429614932E-002  1.046724918761E-001 -1.132789324812E-001  1.123195155557E-001
  3.043840661365E+000  4.424020582308E-002  9.981277611808E-002 -1.084524284036E-001  1.078928091210E-001
  3.088486866678E+000  4.505548129460E-002  9.507686255295E-002 -1.037328521678E-001  1.035567274035E-001
  3.133958277047E+000  4.589071677685E-002  9.046556557895E-002 -9.912112926597E-002  9.931212185760E-002
  3.180275158719E+000  4.674652848797E-002  8.597960898269E-002 -9.461811886365E-002  9.515966135639E-002
  3.227458405560E+000  4.762355560797E-002  8.161962194188E-002 -9.022461629802E-002  9.109985732456E-002
  3.275529562509E+000  4.852246128332E-002  7.738613477517E-002 -8.594135479691E-002  8.713308779455E-002
  3.324510850077E+000  4.944393368200E-002  7.327957446062E-002 -8.176900637778E-002  8.325962013331E-002
  3.374425189910E+000  5.038868710203E-002  6.930025995065E-002 -7.770818189681E-002  7.947963220382E-002
  3.425296231502E+000  5.135746313639E-002  6.544839731696E-002 -7.375943023007E-002  7.579323174631E-002
  3.477148380094E+000  5.235103189784E-002  6.172407476484E-002 -6.992323658133E-002  7.220047378807E-002
  3.530006825834E+000  5.337019330676E-002  5.812725756242E-002 -6.620001992455E-002  6.870137591706E-002
  3.583897574256E+000  5.441577844603E-002  5.465778293598E-002 -6.259012960281E-002  6.529593128420E-002
  3.638847478148E+000  5.548865098670E-002  5.131535498827E-002 -5.909384111961E-002  6.198411923033E-002
  3.694884270887E+000  5.658970868864E-002  4.809953970202E-002 -5.571135117306E-002  5.876591346760E-002
  3.752036601308E+000  5.771988498079E-002  4.500976009577E-002 -5.244277199740E-002  5.564128777978E-002
  3.810334070199E+000  5.888015062562E-002  4.204529160352E-002 -4.928812509097E-002  5.261021924230E-002
  3.869807268505E+000  6.007151547295E-002  3.920525775371E-002 -4.624733442277E-002  4.967268899921E-002
  3.930487817331E+000  6.129503030858E-002  3.648862622580E-002 -4.332021922320E-002  4.682868067112E-002
  3.992408409843E+000  6.255178880352E-002  3.389420536535E-002 -4.050648647620E-002  4.407817650430E-002
  4.055602855172E+000  6.384292957002E-002  3.142064123947E-002 -3.780572324100E-002  4.142115140649E-002
  4.120106124432E+000  6.516963833101E-002  2.906641531510E-002 -3.521738894100E-002  3.885756504819E-002
  4.185954398964E+000  6.653315021009E-002  2.682984284145E-002 -3.274080776510E-002  3.638735223986E-002
  4.253185120935E+000  6.793475214960E-002  2.470907201618E-002 -3.037516133260E-002  3.401041182382E-002
  4.321837046422E+000  6.937578546490E-002  2.270208401124E-002 -2.811948177660E-002  3.172659434497E-002
  4.391950301120E+000  7.085764854355E-002  2.080669392986E-002 -2.597264540236E-002  2.953568878574E-002
  4.463566438835E+000  7.238179969882E-002  1.902055275997E-002 -2.393336707616E-002  2.743740866782E-002
  4.536728502895E+000  7.394976018725E-002  1.734115038193E-002 -2.200019549693E-002  2.543137783550E-002
  4.611481090679E+000  7.556311740127E-002  1.576581967971E-002 -2.017150949661E-002  2.351711624266E-002
  4.687870421430E+000  7.722352824817E-002  1.429174179406E-002 -1.844551550681E-002  2.169402606729E-002
  4.765944407533E+000  7.893272272784E-002  1.291595254518E-002 -1.682024631767E-002  1.996137847380E-002
  4.845752729492E+000  8.069250772248E-002  1.163535003929E-002 -1.529356124111E-002  1.831830133396E-002
  4.927346914797E+000  8.250477101257E-002  1.044670345951E-002 -1.386314777388E-002  1.676376820239E-002
  5.010780420931E+000  8.437148553436E-002  9.346663027013E-003 -1.252652483720E-002  1.529658882217E-002
  5.096108722763E+000  8.629471389541E-002  8.331771101982E-003 -1.128104764848E-002  1.391540141015E-002
  5.183389404586E+000  8.827661316581E-002  7.398474378236E-003 -1.012391425786E-002  1.261866694145E-002
  5.272682257105E+000  9.031943996425E-002  6.543137108016E-003 -9.052173757744E-003  1.140466561703E-002
  5.364049379651E+000  9.242555585946E-002  5.762055276808E-003 -8.062736147478E-003  1.027149565968E-002
  5.457555287978E+000  9.459743310926E-002  5.051471631032E-003 -7.152383808989E-003  9.217074541636E-003
  5.553267027968E+000  9.683766076100E-002  4.407591445026E-003 -6.317784521948E-003  8.239142702084E-003
  5.651254295630E+000  9.914895113938E-002  3.826598897939E-003 -5.555505920099E-003  7.335269767086E-003
  5.751589563796E+000  1.015341467494E-001  3.304673916383E-003 -4.862031263948E-003  6.502863236999E-003
  5.854348215936E+000  1.039962276248E-001  2.838009325294E-003 -4.233776379651E-003  5.739179559824E-003
  5.959608687557E+000  1.065383191537E-001  2.422828137702E-003 -3.667107590144E-003  5.041337463047E-003
  6.067452615683E+000  1.091637004188E-001  2.055400804348E-003 -3.158360442884E-003  4.406333372718E-003
  6.177964996951E+000  1.118758130872E-001  1.732062236685E-003 -2.703859019475E-003  3.831058707647E-003
  6.291234354880E+000  1.146782708938E-001  1.449228411938E-003 -2.299935596414E-003  3.312318799467E-003
  6.407352916949E+000  1.175748697626E-001  1.203412366961E-003 -1.942950413719E-003  2.846853156797E-003
  6.526416802128E+000  1.205695986129E-001  9.912393887305E-004 -1.629311299539E-003  2.431356764490E-003
  6.648526219580E+000  1.236666509049E-001  8.094612137813E-004 -1.355492894490E-003  2.062502087659E-003
  6.773785679311E+000  1.268704369821E-001  6.549690566785E-004 -1.118055219568E-003  1.736961435273E-003
  6.902304215570E+000  1.301855972713E-001  5.248052989914E-004 -9.136613362760E-004  1.451429330063E-003
  7.034195623922E+000  1.336170164087E-001  4.161736850485E-004 -7.390938571974E-004  1.202644530444E-003
  7.169578712934E+000  1.371698383673E-001  3.264478890316E-004 -5.912700796239E-004  9.874113562801E-004
  7.308577571516E+000  1.408494826628E-001  2.531783395163E-004 -4.672555339190E-004  8.026199835308E-004
  7.451321853057E+000  1.446616617293E-001  1.940972121813E-004 -3.642757618988E-004  6.452653929393E-004
  7.597947077547E+000  1.486123995567E-001  1.471215287414E-004 -2.797261682994E-004  5.124646845440E-004
  7.748594953021E+000  1.527080516973E-001  1.103543298178E-004 -2.111798199757E-004  4.014725024934E-004
  7.903413717736E+000  1.569553267535E-001  8.208392092330E-005 -1.563931023278E-004  3.096943527188E-004
  8.062558504629E+000  1.613613094717E-001  6.078122342678E-005 -1.133091799223E-004  2.346976387395E-004
  8.226191729726E+000  1.659334855793E-001  4.509529559713E-005 -8.005924766427E-005  1.742202873280E-004
  8.394483506327E+000  1.706797685137E-001  3.384712186868E-005 -5.496159933952E-005  1.261768849675E-004
  8.567612086926E+000  1.756085282071E-001  2.602180051781E-005 -3.651858100072E-005  8.866229689220E-005
  8.745764335025E+000  1.807286221064E-001  2.075929015628E-005 -2.341153654848E-005  5.995279185709E-005
  8.929136229160E+000  1.860494286260E-001  1.734390297127E-005 -1.449389095808E-005  3.850474641996E-005
  9.117933401693E+000  1.915808832504E-001  1.519275662511E-005 -8.782551908088E-006  2.295105120372E-005
  9.312371715124E+000  1.973335175235E-001  1.384341635365E-005 -5.447842071043E-006  1.209538709390E-005
  9.512677878945E+000  2.033185011886E-001  1.294097332380E-005 -3.802201067833E-006  4.904580419437E-006
  9.719090110332E+000  2.095476877688E-001  1.222481408055E-005 -3.287917186060E-006  4.992817250858E-007
  9.931858842267E+000  2.160336639044E-001  1.151533842063E-005 -3.464163654856E-006 -1.856758253916E-006
  1.015124748302E+001  2.227898028021E-001  1.070087893072E-005 -3.993621947380E-006 -2.768520240292E-006
  1.037753323129E+001  2.298303221843E-001  9.725064578915E-006 -4.628974833197E-006 -2.722347076674E-006
  1.061100795175E+001  2.371703471699E-001  8.574853231572E-006 -5.199544537787E-006 -2.099059949493E-006
  1.085197911611E+001  2.448259785618E-001  7.269434108570E-006 -5.598336451911E-006 -1.187250675325E-006
  1.110077081537E+001  2.528143670735E-001  5.850171569739E-006 -5.769726709744E-006 -1.964532055286E-007
  1.135772484956E+001  2.611537940784E-001  4.371727076082E-006 -5.698003244642E-006  7.300815375976E-007
  1.162320190175E+001  2.698637595360E-001  2.894457763705E-006 -5.396935537245E-006  1.503254839685E-006
  1.189758280382E+001  2.789650778206E-001  1.478149088536E-006 -4.900509354451E-006  2.076845640338E-006
  1.218126990242E+001  2.884799822596E-001  1.770968971396E-007 -4.254920727432E-006  2.437264163105E-006
  1.247468853413E+001  2.984322392826E-001 -9.634873830477E-007 -3.511879795508E-006  2.594461624773E-006
  1.277828862002E+001  3.088472731875E-001 -1.909814353561E-006 -2.723231623595E-006  2.574077948086E-006
  1.309254639077E+001  3.197523026463E-001 -2.640698961875E-006 -1.936859390747E-006  2.410863321430E-006
  1.341796625462E+001  3.311764902095E-001 -3.147720333578E-006 -1.193797099241E-006  2.143365115406E-006
  1.375508282195E+001  3.431511062169E-001 -3.434516478440E-006 -5.264456788830E-007  1.809830854015E-006
  1.410446310162E+001  3.557097086969E-001 -3.515388440439E-006  4.224065921973E-008  1.445242241673E-006
  1.446670888596E+001  3.688883410292E-001 -3.413397686698E-006  4.987507581988E-007  1.079365987009E-006
  1.484245934302E+001  3.827257493700E-001 -3.158141512574E-006  8.383604433804E-007  7.356853071267E-007
  1.523239383723E+001  3.972636220891E-001 -2.783384143076E-006  1.063992893169E-006  4.310620943065E-007
  1.563723500136E+001  4.125468537596E-001 -2.324706618845E-006  1.184760474965E-006  1.759738862821E-007
  1.605775208607E+001  4.286238365683E-001 -1.817317449315E-006  1.214342120942E-006 -2.482834412920E-008
  1.649476461582E+001  4.455467823929E-001 -1.294139721418E-006  1.169333282647E-006 -1.713867396723E-007
  1.694914638379E+001  4.633720792263E-001 -7.842604613318E-007  1.067683712471E-006 -2.674579596027E-007
  1.742182982203E+001  4.821606861220E-001 -3.117963216248E-007  9.273133186899E-007 -3.194008618737E-007
  1.791381078784E+001  5.019785714107E-001  1.048020707247E-007  7.649697768811E-007 -3.351199470525E-007
  1.842615381215E+001  5.228971995942E-001  4.530147501466E-007  5.953650921190E-007 -3.231308249943E-007
  1.895999786176E+001  5.449940730840E-001  7.261202967689E-007  4.306034112445E-007 -2.917910059628E-007
  1.951656267356E+001  5.683533358366E-001  9.227231530997E-007  2.798903842322E-007 -2.487179691137E-007
  2.009715572669E+001  5.930664469535E-001  1.046012777613E-006  1.494962776446E-007 -2.003978109009E-007
  2.070317992707E+001  6.192329335039E-001  1.102836960539E-006  4.293152042212E-008 -1.519725941555E-007
  2.133614208874E+001  6.469612332096E-001  1.102675071484E-006 -3.871527804831E-008 -1.071832348031E-007
  2.199766230782E+001  6.763696392388E-001  1.056594223903E-006 -9.633059719355E-008 -6.843747503975E-008
  2.268948433818E+001  7.075873612439E-001  9.762629731462E-007 -1.322736389957E-007 -3.696900137727E-008
  2.341348709294E+001  7.407557189842E-001  8.730842054554E-007 -1.498668620609E-007 -1.305363640035E-008
  2.417169741362E+001  7.760294874639E-001  7.574925942935E-007 -1.529203740226E-007  3.748843367893E-009
  2.496630426925E+001  8.135784155747E-001  6.384438555821E-007 -1.453214760032E-007  1.435404207407E-008
  2.579967457140E+001  8.535889438281E-001  5.231045687875E-007 -1.307099072413E-007  1.993423689236E-008
  2.667437081864E+001  8.962661510291E-001  4.167340627683E-007 -1.122485004750E-007  2.173587350336E-008
  2.759317081651E+001  9.418359647997E-001  3.227351635254E-007 -9.248893639750E-008  2.094101218632E-008
  2.855908975674E+001  9.905476768748E-001  2.428395696758E-007 -7.332384215585E-008  1.857458145116E-008
  2.957540498378E+001  1.042676811269E+000  1.773869927093E-007 -5.601018133386E-008  1.545443037633E-008
  3.064568382919E+001  1.098528402000E+000  1.256552513785E-007 -4.124505904985E-008  1.217760349520E-008
  3.177381495601E+001  1.158440747351E+000  8.620102726899E-008 -2.927377941717E-008  9.134114903413E-009
  3.296404372807E+001  1.222789720048E+000  5.717727640788E-008 -2.001104106666E-008  6.538742118365E-009
  3.422101220608E+001  1.291993727721E+000  3.660225313513E-008 -1.315909777670E-008  4.471827534008E-009
  3.554980447538E+001  1.366519436102E+000  2.256538072285E-008 -8.310922413041E-009  2.921485751709E-009
  3.695599813319E+001  1.446888389511E+000  1.336537123133E-008 -5.031175346413E-009  1.821614827069E-009
  3.844572291106E+001  1.533684690030E+000  7.584767558823E-009 -2.912384205324E-009  1.082321207743E-009
  4.002572758518E+001  1.627563929686E+000  4.111499266494E-009 -1.607594703070E-009  6.114450344104E-010
  4.170345654134E+001  1.729263610453E+000  2.121624941840E-009 -8.434555763148E-010  3.275471156459E-010
  4.348713762001E+001  1.839615336740E+000  1.038206932282E-009 -4.191034213100E-010  1.658369212277E-010
  4.538588318162E+001  1.959559126947E+000  4.797167899058E-010 -1.964077421989E-010  7.905195478988E-011
  4.740980671574E+001  2.090160267552E+000  2.082997209361E-010 -8.640671198620E-011  3.532191226342E-011
  4.957015778746E+001  2.232629229408E+000  8.454005731815E-011 -3.549790786930E-011  1.471889667339E-011
  5.187947869225E+001  2.388345286640E+000  3.187799826178E-011 -1.353785272092E-011  5.687229430953E-012
  5.435178690397E+001  2.558884630889E+000  1.109270369531E-011 -4.760876257735E-012  2.024310281603E-012
  5.700278828629E+001  2.746053966795E+000  3.535070836522E-012 -1.532290051953E-012  6.588400330687E-013
  5.985012714155E+001  2.951930820846E+000  1.022938428321E-012 -4.475224926150E-013  1.944256890831E-013
  6.291368055481E+001  3.178912111311E+000  2.661856658176E-013 -1.174694297508E-013  5.152876215446E-014
  6.621590623276E+001  3.429772933797E+000  6.160825545727E-014 -2.741110871114E-014  1.213260763656E-014
  6.978225524452E+001  3.707738044625E+000  1.252566863470E-014 -5.615995431259E-015  2.506685497793E-015
  7.364166388185E+001  4.016569212832E+000  2.205499172599E-015 -9.960414632711E-016  4.480863373411E-016
  7.782714245929E+001  4.360672516382E+000  3.309129161326E-016 -1.504698974377E-016  6.819155780372E-017
  8.237648351994E+001  4.745230855210E+000  4.152849241232E-017 -1.900556418640E-017  8.672841805152E-018
  8.733311794503E+001  5.176368549127E+000  4.266897428593E-018 -1.964672126977E-018  9.023785305069E-019
  9.274715535088E+001  5.661357031559E+000  3.501695106742E-019 -1.621639036972E-019  7.493812215094E-020
  9.867665554529E+001  6.208873552072E+000  2.230462431876E-020 -1.038562292803E-020  4.826975688188E-021
  1.051891916055E+002  6.829328764649E+000  1.066493942861E-021 -4.991485380952E-022  2.332496789322E-022
  1.123637836013E+002  7.535284543316E+000  3.681232336259E-023 -1.731321866111E-023  8.131714069529E-024
  1.202933069206E+002  8.341990973528E+000  8.760543748501E-025 -4.139185910852E-025  1.953463025887E-025
  1.290875131414E+002  9.268082166539E+000  1.361310616139E-026 -6.460000881774E-027  3.062594392009E-027
  1.388768482001E+002  1.033648575811E+001  1.294745930788E-028 -6.169487561444E-029  2.937380861969E-029
  1.498173177370E+002  1.157562284364E+001  6.975900352960E-031 -3.337004124446E-031  1.595203397372E-031
  1.620967411853E+002  1.302100699722E+001  1.939599391148E-033 -9.312531974698E-034  4.468634317230E-034
  1.759428668168E+002  1.471739812515E+001  2.485367951916E-036 -1.197449478151E-036  5.766557840278E-037
  1.916340085825E+002  1.672173748087E+001  1.278104513730E-039 -6.178157299077E-040  2.985246389268E-040
  2.095131417987E+002  1.910719757888E+001  2.224205324057E-043 -1.078480666195E-043  5.227679228147E-044
  2.300068054477E+002  2.196884699990E+001  1.059404938082E-047 -5.151887508883E-048  2.504699957955E-048
  2.536507797910E+002  2.543169216868E+001  1.057836766573E-052 -5.158397898606E-053  2.514883446672E-053
  2.811254638474E+002  2.966227967912E+001  1.578020649414E-058 -7.714863488197E-059  3.771108720938E-059
  3.133053780630E+002  3.488573552677E+001  2.274871926247E-065 -1.114864065304E-065  5.462953467093E-066
  3.513296254502E+002  4.141128389041E+001  1.796517947590E-073 -8.824257638471E-074  4.333892822112E-074
  3.967041014106E+002  4.967130404214E+001  3.668754531043E-083 -1.805848098937E-083  8.888073375782E-084
  4.514529193349E+002  6.028257212519E+001  7.060894118905E-095 -3.482365497218E-095  1.717360211086E-095
  5.183481233601E+002  7.414493328740E+001  3.213115509988E-109 -1.587562838687E-109  7.843588140295E-110
  6.012676077950E+002  9.260523890243E+001  4.993108079474E-127 -2.471182785990E-127  1.222991704154E-127
  7.057700503752E+002  1.177394213729E+002  1.653035259773E-149 -8.193814314871E-150  4.061431534133E-150
  8.400513767914E+002  1.528577972397E+002  1.948207644077E-178 -9.670554631768E-179  4.800205514585E-179
  1.016602135495E+003  2.034537342122E+002  1.598128803145E-216 -7.942975707835E-217  3.947748485900E-217
  1.255220715580E+003  2.790860613466E+002  4.630346023305E-268 -2.304010265456E-268  1.146441699908E-268
  1.588815776243E+003  3.973705897531E+002  0.000000000000E+000  0.000000000000E+000  0.000000000000E+000
  2.075392011604E+003  5.931596040112E+002  0.000000000000E+000  0.000000000000E+000  0.000000000000E+000
  2.825079847529E+003  9.419154890021E+002  0.000000000000E+000  0.000000000000E+000  0.000000000000E+000
  4.068408296184E+003  1.627629972033E+003  0.000000000000E+000  0.000000000000E+000  0.000000000000E+000
  6.357262947674E+003  3.178964796686E+003  0.000000000000E+000  0.000000000000E+000  0.000000000000E+000
  1.130231930164E+004  7.535323971013E+003  0.000000000000E+000  0.000000000000E+000  0.000000000000E+000
  2.543105175140E+004  2.543171841285E+004  0.000000000000E+000  0.000000000000E+000  0.000000000000E+000
  1.017262069958E+005  2.034537473226E+005  0.000000000000E+000  0.000000000000E+000  0.000000000000E+000
