500
   9.830308526508E-06   1.966074589941E-05   4.700640891947E+00  -9.558620715511E+00   1.879466346546E+01
   3.932200719717E-05   3.932303800261E-05   4.700359000158E+00  -9.558066443186E+00   1.879369873566E+01
   8.847741541455E-05   5.898842277178E-05   4.699889192205E+00  -9.557142670771E+00   1.879209082728E+01
   1.573003992804E-04   7.865844718600E-05   4.699231485633E+00  -9.555849420473E+00   1.878983970232E+01
   2.457963722417E-04   9.833465899987E-05   4.698385905014E+00  -9.554186723400E+00   1.878694530762E+01
   3.539722959954E-04   1.180186070023E-04   4.697352481955E+00  -9.552154619589E+00   1.878340757499E+01
   4.818366816528E-04   1.377118412759E-04   4.696131255109E+00  -9.549753158034E+00   1.877922642126E+01
   6.293995911626E-04   1.574159134560E-04   4.694722270188E+00  -9.546982396725E+00   1.877440174842E+01
   7.966726389934E-04   1.771323769912E-04   4.693125579976E+00  -9.543842402685E+00   1.876893344375E+01
   9.836689940782E-04   1.968627874036E-04   4.691341244350E+00  -9.540333252025E+00   1.876282137997E+01
   1.190403382016E-03   2.166087025496E-04   4.689369330299E+00  -9.536455029999E+00   1.875606541544E+01
   1.416892087541E-03   2.363716828821E-04   4.687209911947E+00  -9.532207831063E+00   1.874866539436E+01
   1.663152957245E-03   2.561532917128E-04   4.684863070576E+00  -9.527591758947E+00   1.874062114697E+01
   1.929205402573E-03   2.759550954757E-04   4.682328894655E+00  -9.522606926731E+00   1.873193248981E+01
   2.215070403074E-03   2.957786639908E-04   4.679607479870E+00  -9.517253456927E+00   1.872259922598E+01
   2.520770509919E-03   3.156255707300E-04   4.676698929153E+00  -9.511531481567E+00   1.871262114544E+01
   2.846329849692E-03   3.354973930828E-04   4.673603352721E+00  -9.505441142298E+00   1.870199802529E+01
   3.191774128432E-03   3.553957126240E-04   4.670320868108E+00  -9.498982590487E+00   1.869072963013E+01
   3.557130635959E-03   3.753221153821E-04   4.666851600208E+00  -9.492155987325E+00   1.867881571238E+01
   3.942428250463E-03   3.952781921092E-04   4.663195681314E+00  -9.484961503948E+00   1.866625601268E+01
   4.347697443358E-03   4.152655385525E-04   4.659353251161E+00  -9.477399321554E+00   1.865305026027E+01
   4.772970284417E-03   4.352857557265E-04   4.655324456976E+00  -9.469469631533E+00   1.863919817339E+01
   5.218280447175E-03   4.553404501876E-04   4.651109453521E+00  -9.461172635602E+00   1.862469945974E+01
   5.683663214611E-03   4.754312343099E-04   4.646708403149E+00  -9.452508545948E+00   1.860955381695E+01
   6.169155485101E-03   4.955597265624E-04   4.642121475854E+00  -9.443477585372E+00   1.859376093300E+01
   6.674795778653E-03   5.157275517886E-04   4.637348849328E+00  -9.434079987450E+00   1.857732048680E+01
   7.200624243425E-03   5.359363414876E-04   4.632390709017E+00  -9.424315996686E+00   1.856023214864E+01
   7.746682662519E-03   5.561877340970E-04   4.627247248185E+00  -9.414185868689E+00   1.854249558078E+01
   8.313014461060E-03   5.764833752781E-04   4.621918667970E+00  -9.403689870341E+00   1.852411043801E+01
   8.899664713569E-03   5.968249182030E-04   4.616405177456E+00  -9.392828279978E+00   1.850507636822E+01
   9.506680151615E-03   6.172140238444E-04   4.610706993736E+00  -9.381601387581E+00   1.848539301303E+01
   1.013410917176E-02   6.376523612666E-04   4.604824341982E+00  -9.370009494969E+00   1.846506000841E+01
   1.078200184380E-02   6.581416079202E-04   4.598757455518E+00  -9.358052915996E+00   1.844407698535E+01
   1.145040991929E-02   6.786834499385E-04   4.592506575891E+00  -9.345731976763E+00   1.842244357049E+01
   1.213938684040E-02   6.992795824361E-04   4.586071952952E+00  -9.333047015830E+00   1.840015938688E+01
   1.284898774901E-02   7.199317098113E-04   4.579453844932E+00  -9.319998384432E+00   1.837722405467E+01
   1.357926949620E-02   7.406415460502E-04   4.572652518523E+00  -9.306586446714E+00   1.835363719183E+01
   1.433029065191E-02   7.614108150341E-04   4.565668248962E+00  -9.292811579955E+00   1.832939841496E+01
   1.510211151509E-02   7.822412508494E-04   4.558501320114E+00  -9.278674174815E+00   1.830450734003E+01
   1.589479412397E-02   8.031345981016E-04   4.551152024566E+00  -9.264174635576E+00   1.827896358323E+01
   1.670840226680E-02   8.240926122311E-04   4.543620663711E+00  -9.249313380398E+00   1.825276676177E+01
   1.754300149280E-02   8.451170598329E-04   4.535907547840E+00  -9.234090841574E+00   1.822591649475E+01
   1.839865912351E-02   8.662097189796E-04   4.528012996244E+00  -9.218507465802E+00   1.819841240401E+01
   1.927544426443E-02   8.873723795480E-04   4.519937337303E+00  -9.202563714448E+00   1.817025411506E+01
   2.017342781695E-02   9.086068435487E-04   4.511680908588E+00  -9.186260063833E+00   1.814144125800E+01
   2.109268249069E-02   9.299149254598E-04   4.503244056962E+00  -9.169597005510E+00   1.811197346841E+01
   2.203328281612E-02   9.512984525641E-04   4.494627138685E+00  -9.152575046561E+00   1.808185038838E+01
   2.299530515754E-02   9.727592652906E-04   4.485830519519E+00  -9.135194709891E+00   1.805107166746E+01
   2.397882772639E-02   9.942992175591E-04   4.476854574833E+00  -9.117456534531E+00   1.801963696366E+01
   2.498393059493E-02   1.015920177130E-03   4.467699689716E+00  -9.099361075951E+00   1.798754594453E+01
   2.601069571024E-02   1.037624025957E-03   4.458366259091E+00  -9.080908906372E+00   1.795479828815E+01
   2.705920690860E-02   1.059412660547E-03   4.448854687824E+00  -9.062100615092E+00   1.792139368425E+01
   2.812954993023E-02   1.081287992318E-03   4.439165390844E+00  -9.042936808812E+00   1.788733183530E+01
   2.922181243436E-02   1.103251947969E-03   4.429298793263E+00  -9.023418111973E+00   1.785261245761E+01
   3.033608401473E-02   1.125306469854E-03   4.419255330492E+00  -9.003545167093E+00   1.781723528251E+01
   3.147245621542E-02   1.147453516351E-03   4.409035448369E+00  -8.983318635117E+00   1.778120005748E+01
   3.263102254705E-02   1.169695062249E-03   4.398639603279E+00  -8.962739195771E+00   1.774450654735E+01
   3.381187850339E-02   1.192033099133E-03   4.388068262285E+00  -8.941807547916E+00   1.770715453551E+01
   3.501512157837E-02   1.214469635775E-03   4.377321903256E+00  -8.920524409918E+00   1.766914382516E+01
   3.624085128345E-02   1.237006698530E-03   4.366401014994E+00  -8.898890520014E+00   1.763047424053E+01
   3.748916916538E-02   1.259646331739E-03   4.355306097373E+00  -8.876906636693E+00   1.759114562818E+01
   3.876017882444E-02   1.282390598136E-03   4.344037661470E+00  -8.854573539075E+00   1.755115785827E+01
   4.005398593302E-02   1.305241579266E-03   4.332596229702E+00  -8.831892027301E+00   1.751051082594E+01
   4.137069825459E-02   1.328201375897E-03   4.320982335967E+00  -8.808862922927E+00   1.746920445258E+01
   4.271042566323E-02   1.351272108452E-03   4.309196525783E+00  -8.785487069320E+00   1.742723868724E+01
   4.407328016341E-02   1.374455917436E-03   4.297239356430E+00  -8.761765332069E+00   1.738461350798E+01
   4.545937591035E-02   1.397754963880E-03   4.285111397096E+00  -8.737698599389E+00   1.734132892332E+01
   4.686882923075E-02   1.421171429779E-03   4.272813229021E+00  -8.713287782540E+00   1.729738497364E+01
   4.830175864396E-02   1.444707518548E-03   4.260345445646E+00  -8.688533816249E+00   1.725278173261E+01
   4.975828488365E-02   1.468365455478E-03   4.247708652766E+00  -8.663437659134E+00   1.720751930871E+01
   5.123853091993E-02   1.492147488203E-03   4.234903468675E+00  -8.638000294139E+00   1.716159784667E+01
   5.274262198188E-02   1.516055887169E-03   4.221930524324E+00  -8.612222728965E+00   1.711501752902E+01
   5.427068558066E-02   1.540092946119E-03   4.208790463473E+00  -8.586105996517E+00   1.706777857760E+01
   5.582285153302E-02   1.564260982573E-03   4.195483942850E+00  -8.559651155349E+00   1.701988125512E+01
   5.739925198530E-02   1.588562338332E-03   4.182011632307E+00  -8.532859290113E+00   1.697132586671E+01
   5.900002143803E-02   1.612999379973E-03   4.168374214979E+00  -8.505731512017E+00   1.692211276157E+01
   6.062529677088E-02   1.637574499364E-03   4.154572387447E+00  -8.478268959285E+00   1.687224233450E+01
   6.227521726827E-02   1.662290114181E-03   4.140606859899E+00  -8.450472797624E+00   1.682171502760E+01
   6.394992464542E-02   1.687148668440E-03   4.126478356295E+00  -8.422344220688E+00   1.677053133190E+01
   6.564956307496E-02   1.712152633027E-03   4.112187614530E+00  -8.393884450557E+00   1.671869178898E+01
   6.737427921404E-02   1.737304506249E-03   4.097735386602E+00  -8.365094738212E+00   1.666619699275E+01
   6.912422223211E-02   1.762606814387E-03   4.083122438780E+00  -8.335976364016E+00   1.661304759106E+01
   7.089954383907E-02   1.788062112257E-03   4.068349551774E+00  -8.306530638199E+00   1.655924428750E+01
   7.270039831418E-02   1.813672983787E-03   4.053417520902E+00  -8.276758901351E+00   1.650478784307E+01
   7.452694253540E-02   1.839442042599E-03   4.038327156263E+00  -8.246662524908E+00   1.644967907800E+01
   7.637933600943E-02   1.865371932600E-03   4.023079282910E+00  -8.216242911652E+00   1.639391887348E+01
   7.825774090225E-02   1.891465328589E-03   4.007674741023E+00  -8.185501496210E+00   1.633750817346E+01
   8.016232207035E-02   1.917724936867E-03   3.992114386083E+00  -8.154439745553E+00   1.628044798647E+01
   8.209324709253E-02   1.944153495867E-03   3.976399089047E+00  -8.123059159502E+00   1.622273938742E+01
   8.405068630235E-02   1.970753776782E-03   3.960529736522E+00  -8.091361271238E+00   1.616438351943E+01
   8.603481282122E-02   1.997528584221E-03   3.944507230946E+00  -8.059347647806E+00   1.610538159571E+01
   8.804580259214E-02   2.024480756857E-03   3.928332490761E+00  -8.027019890633E+00   1.604573490139E+01
   9.008383441408E-02   2.051613168108E-03   3.912006450596E+00  -7.994379636038E+00   1.598544479540E+01
   9.214908997710E-02   2.078928726810E-03   3.895530061438E+00  -7.961428555748E+00   1.592451271237E+01
   9.424175389809E-02   2.106430377918E-03   3.878904290819E+00  -7.928168357419E+00   1.586294016453E+01
   9.636201375725E-02   2.134121103210E-03   3.862130122988E+00  -7.894600785150E+00   1.580072874358E+01
   9.851006013526E-02   2.162003922007E-03   3.845208559096E+00  -7.860727620005E+00   1.573788012267E+01
   1.006860866512E-01   2.190081891910E-03   3.828140617374E+00  -7.826550680534E+00   1.567439605828E+01
   1.028902900012E-01   2.218358109541E-03   3.810927333311E+00  -7.792071823296E+00   1.561027839218E+01
   1.051228699979E-01   2.246835711311E-03   3.793569759836E+00  -7.757292943377E+00   1.554552905338E+01
   1.073840296104E-01   2.275517874190E-03   3.776068967499E+00  -7.722215974912E+00   1.548015006006E+01
   1.096739750056E-01   2.304407816497E-03   3.758426044645E+00  -7.686842891614E+00   1.541414352156E+01
   1.119929155896E-01   2.333508798707E-03   3.740642097601E+00  -7.651175707283E+00   1.534751164032E+01
   1.143410640503E-01   2.362824124271E-03   3.722718250850E+00  -7.615216476338E+00   1.528025671386E+01
   1.167186364011E-01   2.392357140448E-03   3.704655647211E+00  -7.578967294330E+00   1.521238113674E+01
   1.191258520249E-01   2.422111239159E-03   3.686455448017E+00  -7.542430298462E+00   1.514388740257E+01
   1.215629337189E-01   2.452089857854E-03   3.668118833292E+00  -7.505607668102E+00   1.507477810594E+01
   1.240301077413E-01   2.482296480400E-03   3.649647001930E+00  -7.468501625305E+00   1.500505594444E+01
   1.265276038575E-01   2.512734637975E-03   3.631041171866E+00  -7.431114435316E+00   1.493472372062E+01
   1.290556553882E-01   2.543407909995E-03   3.612302580254E+00  -7.393448407087E+00   1.486378434395E+01
   1.316144992580E-01   2.574319925047E-03   3.593432483642E+00  -7.355505893776E+00   1.479224083282E+01
   1.342043760450E-01   2.605474361847E-03   3.574432158140E+00  -7.317289293255E+00   1.472009631648E+01
   1.368255300316E-01   2.636874950214E-03   3.555302899593E+00  -7.278801048608E+00   1.464735403704E+01
   1.394782092560E-01   2.668525472060E-03   3.536046023752E+00  -7.240043648624E+00   1.457401735140E+01
   1.421626655646E-01   2.700429762411E-03   3.516662866439E+00  -7.201019628286E+00   1.450008973319E+01
   1.448791546661E-01   2.732591710434E-03   3.497154783714E+00  -7.161731569261E+00   1.442557477477E+01
   1.476279361856E-01   2.765015260497E-03   3.477523152039E+00  -7.122182100374E+00   1.435047618906E+01
   1.504092737207E-01   2.797704413242E-03   3.457769368442E+00  -7.082373898084E+00   1.427479781155E+01
   1.532234348983E-01   2.830663226680E-03   3.437894850671E+00  -7.042309686953E+00   1.419854360216E+01
   1.560706914324E-01   2.863895817319E-03   3.417901037358E+00  -7.001992240103E+00   1.412171764715E+01
   1.589513191834E-01   2.897406361298E-03   3.397789388169E+00  -6.961424379674E+00   1.404432416094E+01
   1.618655982178E-01   2.931199095559E-03   3.377561383959E+00  -6.920608977262E+00   1.396636748805E+01
   1.648138128702E-01   2.965278319033E-03   3.357218526921E+00  -6.879548954367E+00   1.388785210487E+01
   1.677962518056E-01   2.999648393860E-03   3.336762340728E+00  -6.838247282812E+00   1.380878262149E+01
   1.708132080832E-01   3.034313746623E-03   3.316194370682E+00  -6.796706985166E+00   1.372916378349E+01
   1.738649792215E-01   3.069278869616E-03   3.295516183851E+00  -6.754931135158E+00   1.364900047373E+01
   1.769518672648E-01   3.104548322136E-03   3.274729369205E+00  -6.712922858068E+00   1.356829771403E+01
   1.800741788507E-01   3.140126731803E-03   3.253835537747E+00  -6.670685331124E+00   1.348706066695E+01
   1.832322252791E-01   3.176018795904E-03   3.232836322645E+00  -6.628221783874E+00   1.340529463742E+01
   1.864263225826E-01   3.212229282769E-03   3.211733379354E+00  -6.585535498553E+00   1.332300507441E+01
   1.896567915983E-01   3.248763033179E-03   3.190528385736E+00  -6.542629810438E+00   1.324019757252E+01
   1.929239580409E-01   3.285624961791E-03   3.169223042179E+00  -6.499508108184E+00   1.315687787359E+01
   1.962281525771E-01   3.322820058613E-03   3.147819071701E+00  -6.456173834153E+00   1.307305186821E+01
   1.995697109023E-01   3.360353390492E-03   3.126318220063E+00  -6.412630484727E+00   1.298872559723E+01
   2.029489738173E-01   3.398230102644E-03   3.104722255869E+00  -6.368881610603E+00   1.290390525321E+01
   2.063662873085E-01   3.436455420218E-03   3.083032970656E+00  -6.324930817073E+00   1.281859718181E+01
   2.098220026275E-01   3.475034649885E-03   3.061252178993E+00  -6.280781764294E+00   1.273280788319E+01
   2.133164763746E-01   3.513973181471E-03   3.039381718557E+00  -6.236438167535E+00   1.264654401330E+01
   2.168500705817E-01   3.553276489620E-03   3.017423450218E+00  -6.191903797408E+00   1.255981238515E+01
   2.204231527988E-01   3.592950135496E-03   2.995379258106E+00  -6.147182480080E+00   1.247261996998E+01
   2.240360961807E-01   3.632999768520E-03   2.973251049683E+00  -6.102278097469E+00   1.238497389848E+01
   2.276892795770E-01   3.673431128145E-03   2.951040755795E+00  -6.057194587419E+00   1.229688146180E+01
   2.313830876220E-01   3.714250045674E-03   2.928750330730E+00  -6.011935943856E+00   1.220835011265E+01
   2.351179108282E-01   3.755462446115E-03   2.906381752263E+00  -5.966506216920E+00   1.211938746621E+01
   2.388941456809E-01   3.797074350078E-03   2.883937021689E+00  -5.920909513078E+00   1.203000130108E+01
   2.427121947345E-01   3.839091875711E-03   2.861418163858E+00  -5.875149995215E+00   1.194019956005E+01
   2.465724667110E-01   3.881521240686E-03   2.838827227198E+00  -5.829231882703E+00   1.184999035092E+01
   2.504753766009E-01   3.924368764227E-03   2.816166283724E+00  -5.783159451442E+00   1.175938194713E+01
   2.544213457654E-01   3.967640869177E-03   2.793437429049E+00  -5.736937033878E+00   1.166838278841E+01
   2.584108020414E-01   4.011344084122E-03   2.770642782378E+00  -5.690569019003E+00   1.157700148128E+01
   2.624441798480E-01   4.055485045557E-03   2.747784486500E+00  -5.644059852318E+00   1.148524679949E+01
   2.665219202956E-01   4.100070500102E-03   2.724864707764E+00  -5.597414035775E+00   1.139312768442E+01
   2.706444712976E-01   4.145107306769E-03   2.701885636048E+00  -5.550636127696E+00   1.130065324530E+01
   2.748122876832E-01   4.190602439283E-03   2.678849484724E+00  -5.503730742651E+00   1.120783275942E+01
   2.790258313137E-01   4.236562988450E-03   2.655758490603E+00  -5.456702551324E+00   1.111467567222E+01
   2.832855712010E-01   4.282996164587E-03   2.632614913876E+00  -5.409556280331E+00   1.102119159728E+01
   2.875919836279E-01   4.329909300005E-03   2.609421038046E+00  -5.362296712027E+00   1.092739031620E+01
   2.919455522717E-01   4.377309851548E-03   2.586179169843E+00  -5.314928684264E+00   1.083328177840E+01
   2.963467683296E-01   4.425205403192E-03   2.562891639134E+00  -5.267457090126E+00   1.073887610082E+01
   3.007961306479E-01   4.473603668706E-03   2.539560798817E+00  -5.219886877636E+00   1.064418356746E+01
   3.052941458522E-01   4.522512494374E-03   2.516189024707E+00  -5.172223049417E+00   1.054921462892E+01
   3.098413284823E-01   4.571939861783E-03   2.492778715407E+00  -5.124470662326E+00   1.045397990168E+01
   3.144382011281E-01   4.621893890671E-03   2.469332292168E+00  -5.076634827057E+00   1.035849016739E+01
   3.190852945695E-01   4.672382841850E-03   2.445852198738E+00  -5.028720707700E+00   1.026275637198E+01
   3.237831479192E-01   4.723415120192E-03   2.422340901196E+00  -4.980733521267E+00   1.016678962464E+01
   3.285323087679E-01   4.774999277691E-03   2.398800887774E+00  -4.932678537183E+00   1.007060119676E+01
   3.333333333333E-01   4.827144016591E-03   2.375234668663E+00  -4.884561076735E+00   9.974202520618E+00
   3.381867866117E-01   4.879858192602E-03   2.351644775810E+00  -4.836386512486E+00   9.877605188024E+00
   3.430932425333E-01   4.933150818173E-03   2.328033762699E+00  -4.788160267648E+00   9.780820948826E+00
   3.480532841203E-01   4.987031065868E-03   2.304404204114E+00  -4.739887815412E+00   9.683861709251E+00
   3.530675036492E-01   5.041508271801E-03   2.280758695893E+00  -4.691574678245E+00   9.586739530136E+00
   3.581365028158E-01   5.096591939172E-03   2.257099854665E+00  -4.643226427137E+00   9.489466625003E+00
   3.632608929041E-01   5.152291741875E-03   2.233430317569E+00  -4.594848680811E+00   9.392055358002E+00
   3.684412949588E-01   5.208617528209E-03   2.209752741963E+00  -4.546447104888E+00   9.294518241709E+00
   3.736783399619E-01   5.265579324662E-03   2.186069805114E+00  -4.498027411011E+00   9.196867934773E+00
   3.789726690123E-01   5.323187339805E-03   2.162384203868E+00  -4.449595355926E+00   9.099117239424E+00
   3.843249335105E-01   5.381451968273E-03   2.138698654316E+00  -4.401156740509E+00   9.001279098823E+00
   3.897357953460E-01   5.440383794842E-03   2.115015891427E+00  -4.352717408763E+00   8.903366594259E+00
   3.952059270903E-01   5.499993598618E-03   2.091338668679E+00  -4.304283246757E+00   8.805392942203E+00
   4.007360121927E-01   5.560292357317E-03   2.067669757662E+00  -4.255860181524E+00   8.707371491190E+00
   4.063267451812E-01   5.621291251662E-03   2.044011947670E+00  -4.207454179915E+00   8.609315718562E+00
   4.119788318683E-01   5.683001669888E-03   2.020368045274E+00  -4.159071247398E+00   8.511239227035E+00
   4.176929895600E-01   5.745435212354E-03   1.996740873875E+00  -4.110717426818E+00   8.413155741114E+00
   4.234699472710E-01   5.808603696282E-03   1.973133273239E+00  -4.062398797105E+00   8.315079103350E+00
   4.293104459435E-01   5.872519160606E-03   1.949548099019E+00  -4.014121471934E+00   8.217023270427E+00
   4.352152386716E-01   5.937193870949E-03   1.925988222249E+00  -3.965891598336E+00   8.119002309089E+00
   4.411850909306E-01   6.002640324729E-03   1.902456528828E+00  -3.917715355262E+00   8.021030391901E+00
   4.472207808110E-01   6.068871256391E-03   1.878955918978E+00  -3.869598952099E+00   7.923121792850E+00
   4.533230992589E-01   6.135899642772E-03   1.855489306686E+00  -3.821548627131E+00   7.825290882772E+00
   4.594928503202E-01   6.203738708611E-03   1.832059619130E+00  -3.773570645959E+00   7.727552124620E+00
   4.657308513924E-01   6.272401932198E-03   1.808669796073E+00  -3.725671299862E+00   7.629920068564E+00
   4.720379334802E-01   6.341903051163E-03   1.785322789254E+00  -3.677856904118E+00   7.532409346928E+00
   4.784149414579E-01   6.412256068427E-03   1.762021561743E+00  -3.630133796270E+00   7.435034668953E+00
   4.848627343381E-01   6.483475258298E-03   1.738769087286E+00  -3.582508334341E+00   7.337810815409E+00
   4.913821855461E-01   6.555575172733E-03   1.715568349624E+00  -3.534986895006E+00   7.240752633030E+00
   4.979741832006E-01   6.628570647764E-03   1.692422341793E+00  -3.487575871706E+00   7.143875028795E+00
   5.046396304008E-01   6.702476810086E-03   1.669334065407E+00  -3.440281672722E+00   7.047192964039E+00
   5.113794455212E-01   6.777309083830E-03   1.646306529908E+00  -3.393110719193E+00   6.950721448415E+00
   5.181945625116E-01   6.853083197508E-03   1.623342751813E+00  -3.346069443088E+00   6.854475533687E+00
   5.250859312060E-01   6.929815191146E-03   1.600445753920E+00  -3.299164285134E+00   6.758470307373E+00
   5.320545176366E-01   7.007521423604E-03   1.577618564508E+00  -3.252401692687E+00   6.662720886229E+00
   5.391013043575E-01   7.086218580100E-03   1.554864216508E+00  -3.205788117563E+00   6.567242409587E+00
   5.462272907741E-01   7.165923679926E-03   1.532185746655E+00  -3.159330013823E+00   6.472050032542E+00
   5.534334934816E-01   7.246654084380E-03   1.509586194613E+00  -3.113033835505E+00   6.377158918989E+00
   5.607209466109E-01   7.328427504912E-03   1.487068602088E+00  -3.066906034316E+00   6.282584234528E+00
   5.680907021827E-01   7.411262011483E-03   1.464636011911E+00  -3.020953057281E+00   6.188341139219E+00
   5.755438304707E-01   7.495176041166E-03   1.442291467100E+00  -2.975181344342E+00   6.094444780216E+00
   5.830814203728E-01   7.580188406970E-03   1.420038009908E+00  -2.929597325919E+00   6.000910284256E+00
   5.907045797917E-01   7.666318306912E-03   1.397878680836E+00  -2.884207420426E+00   5.907752750036E+00
   5.984144360243E-01   7.753585333338E-03   1.375816517636E+00  -2.839018031751E+00   5.814987240467E+00
   6.062121361613E-01   7.842009482502E-03   1.353854554285E+00  -2.794035546688E+00   5.722628774805E+00
   6.140988474955E-01   7.931611164409E-03   1.331995819943E+00  -2.749266332339E+00   5.630692320686E+00
   6.220757579409E-01   8.022411212936E-03   1.310243337883E+00  -2.704716733474E+00   5.539192786047E+00
   6.301440764614E-01   8.114430896230E-03   1.288600124403E+00  -2.660393069854E+00   5.448145010959E+00
   6.383050335109E-01   8.207691927403E-03   1.267069187717E+00  -2.616301633521E+00   5.357563759367E+00
   6.465598814833E-01   8.302216475524E-03   1.245653526824E+00  -2.572448686058E+00   5.267463710742E+00
   6.549098951744E-01   8.398027176926E-03   1.224356130354E+00  -2.528840455810E+00   5.177859451669E+00
   6.633563722545E-01   8.495147146827E-03   1.203179975396E+00  -2.485483135083E+00   5.088765467357E+00
   6.719006337539E-01   8.593599991288E-03   1.182128026301E+00  -2.442382877308E+00   5.000196133097E+00
   6.805440245593E-01   8.693409819506E-03   1.161203233468E+00  -2.399545794181E+00   4.912165705663E+00
   6.892879139233E-01   8.794601256469E-03   1.140408532110E+00  -2.356977952779E+00   4.824688314676E+00
   6.981336959871E-01   8.897199455961E-03   1.119746840993E+00  -2.314685372656E+00   4.737777953930E+00
   7.070827903152E-01   9.001230113956E-03   1.099221061167E+00  -2.272674022907E+00   4.651448472701E+00
   7.161366424455E-01   9.106719482390E-03   1.078834074662E+00  -2.230949819226E+00   4.565713567029E+00
   7.252967244510E-01   9.213694383338E-03   1.058588743180E+00  -2.189518620940E+00   4.480586771013E+00
   7.345645355186E-01   9.322182223606E-03   1.038487906755E+00  -2.148386228030E+00   4.396081448098E+00
   7.439416025400E-01   9.432211009745E-03   1.018534382403E+00  -2.107558378140E+00   4.312210782383E+00
   7.534294807203E-01   9.543809363512E-03   9.987309627505E-01  -2.067040743571E+00   4.228987769960E+00
   7.630297542000E-01   9.657006537783E-03   9.790804146415E-01  -2.026838928277E+00   4.146425210285E+00
   7.727440366954E-01   9.771832432940E-03   9.595854777336E-01  -1.986958464842E+00   4.064535697604E+00
   7.825739721536E-01   9.888317613741E-03   9.402488630715E-01  -1.947404811468E+00   3.983331612439E+00
   7.925212354258E-01   1.000649332670E-02   9.210732516464E-01  -1.908183348948E+00   3.902825113141E+00
   8.025875329584E-01   1.012639151798E-02   9.020612929379E-01  -1.869299377652E+00   3.823028127536E+00
   8.127746035011E-01   1.024804485184E-02   8.832156034406E-01  -1.830758114509E+00   3.743952344664E+00
   8.230842188350E-01   1.037148672960E-02   8.645387651753E-01  -1.792564690001E+00   3.665609206625E+00
   8.335181845190E-01   1.049675130923E-02   8.460333241856E-01  -1.754724145162E+00   3.588009900548E+00
   8.440783406568E-01   1.062387352550E-02   8.277017890202E-01  -1.717241428588E+00   3.511165350693E+00
   8.547665626839E-01   1.075288911077E-02   8.095466292012E-01  -1.680121393467E+00   3.435086210699E+00
   8.655847621758E-01   1.088383461638E-02   7.915702736806E-01  -1.643368794619E+00   3.359782855988E+00
   8.765348876780E-01   1.101674743475E-02   7.737751092831E-01  -1.606988285558E+00   3.285265376340E+00
   8.876189255584E-01   1.115166582209E-02   7.561634791386E-01  -1.570984415574E+00   3.211543568653E+00
   8.988389008829E-01   1.128862892191E-02   7.387376811023E-01  -1.535361626841E+00   3.138626929897E+00
   9.101968783143E-01   1.142767678917E-02   7.214999661664E-01  -1.500124251551E+00   3.066524650268E+00
   9.216949630368E-01   1.156885041525E-02   7.044525368608E-01  -1.465276509075E+00   2.995245606572E+00
   9.333353017046E-01   1.171219175365E-02   6.875975456462E-01  -1.430822503158E+00   2.924798355831E+00
   9.451200834176E-01   1.185774374655E-02   6.709370932987E-01  -1.396766219148E+00   2.855191129133E+00
   9.570515407237E-01   1.200555035216E-02   6.544732272882E-01  -1.363111521255E+00   2.786431825737E+00
   9.691319506484E-01   1.215565657299E-02   6.382079401503E-01  -1.329862149861E+00   2.718528007441E+00
   9.813636357544E-01   1.230810848498E-02   6.221431678532E-01  -1.297021718856E+00   2.651486893222E+00
   9.937489652293E-01   1.246295326757E-02   6.062807881608E-01  -1.264593713024E+00   2.585315354163E+00
   1.006290356005E+00   1.262023923477E-02   5.906226189922E-01  -1.232581485478E+00   2.520019908673E+00
   1.018990273907E+00   1.278001586715E-02   5.751704167800E-01  -1.200988255133E+00   2.455606718011E+00
   1.031851234841E+00   1.294233384499E-02   5.599258748268E-01  -1.169817104231E+00   2.392081582117E+00
   1.044875806003E+00   1.310724508236E-02   5.448906216627E-01  -1.139070975920E+00   2.329449935774E+00
   1.058066607138E+00   1.327480276248E-02   5.300662194041E-01  -1.108752671883E+00   2.267716845080E+00
   1.071426311823E+00   1.344506137405E-02   5.154541621152E-01  -1.078864850015E+00   2.206887004269E+00
   1.084957648792E+00   1.361807674895E-02   5.010558741737E-01  -1.049410022166E+00   2.146964732860E+00
   1.098663403298E+00   1.379390610110E-02   4.868727086417E-01  -1.020390551937E+00   2.087953973156E+00
   1.112546418516E+00   1.397260806657E-02   4.729059456445E-01  -9.918086525240E-01   2.029858288089E+00
   1.126609596985E+00   1.415424274514E-02   4.591567907567E-01  -9.636663846412E-01   1.972680859419E+00
   1.140855902095E+00   1.433887174317E-02   4.456263733992E-01  -9.359656544868E-01   1.916424486283E+00
   1.155288359613E+00   1.452655821788E-02   4.323157452482E-01  -9.087082117802E-01   1.861091584099E+00
   1.169910059257E+00   1.471736692327E-02   4.192258786567E-01  -8.818956478591E-01   1.806684183836E+00
   1.184724156317E+00   1.491136425740E-02   4.063576650931E-01  -8.555293938399E-01   1.753203931624E+00
   1.199733873325E+00   1.510861831145E-02   3.937119135957E-01  -8.296107188428E-01   1.700652088728E+00
   1.214942501771E+00   1.530919892035E-02   3.812893492477E-01  -8.041407282820E-01   1.649029531869E+00
   1.230353403874E+00   1.551317771520E-02   3.690906116735E-01  -7.791203622210E-01   1.598336753895E+00
   1.245970014403E+00   1.572062817747E-02   3.571162535591E-01  -7.545503937949E-01   1.548573864791E+00
   1.261795842559E+00   1.593162569510E-02   3.453667391989E-01  -7.304314276985E-01   1.499740593024E+00
   1.277834473907E+00   1.614624762054E-02   3.338424430715E-01  -7.067638987422E-01   1.451836287223E+00
   1.294089572372E+00   1.636457333079E-02   3.225436484472E-01  -6.835480704759E-01   1.404859918172E+00
   1.310564882294E+00   1.658668428962E-02   3.114705460294E-01  -6.607840338807E-01   1.358810081123E+00
   1.327264230548E+00   1.681266411190E-02   3.006232326348E-01  -6.384717061292E-01   1.313684998398E+00
   1.344191528724E+00   1.704259863026E-02   2.900017099126E-01  -6.166108294164E-01   1.269482522296E+00
   1.361350775387E+00   1.727657596408E-02   2.796058831088E-01  -5.952009698586E-01   1.226200138258E+00
   1.378746058390E+00   1.751468659100E-02   2.694355598770E-01  -5.742415164652E-01   1.183834968313E+00
   1.396381557275E+00   1.775702342093E-02   2.594904491414E-01  -5.537316801808E-01   1.142383774759E+00
   1.414261545744E+00   1.800368187279E-02   2.497701600131E-01  -5.336704930001E-01   1.101842964087E+00
   1.432390394201E+00   1.825475995395E-02   2.402742007668E-01  -5.140568071576E-01   1.062208591114E+00
   1.450772572390E+00   1.851035834267E-02   2.310019778795E-01  -4.948892943914E-01   1.023476363325E+00
   1.469412652102E+00   1.877058047342E-02   2.219527951376E-01  -4.761664452849E-01   9.856416453882E-01
   1.488315309978E+00   1.903553262542E-02   2.131258528154E-01  -4.578865686875E-01   9.486994638428E-01
   1.507485330398E+00   1.930532401444E-02   2.045202469314E-01  -4.400477912163E-01   9.126445119308E-01
   1.526927608467E+00   1.958006688797E-02   1.961349685862E-01  -4.226480568421E-01   8.774711545556E-01
   1.546647153093E+00   1.985987662391E-02   1.879689033878E-01  -4.056851265632E-01   8.431734333524E-01
   1.566649090169E+00   2.014487183303E-02   1.800208309699E-01  -3.891565781685E-01   8.097450718473E-01
   1.586938665861E+00   2.043517446518E-02   1.722894246084E-01  -3.730598060975E-01   7.771794806904E-01
   1.607521250000E+00   2.073090991960E-02   1.647732509425E-01  -3.573920213980E-01   7.454697629431E-01
   1.628402339588E+00   2.103220715932E-02   1.574707698066E-01  -3.421502517895E-01   7.146087194020E-01
   1.649587562420E+00   2.133919883002E-02   1.503803341779E-01  -3.273313418368E-01   6.845888539440E-01
   1.671082680832E+00   2.165202138333E-02   1.435001902485E-01  -3.129319532405E-01   6.554023788767E-01
   1.692893595565E+00   2.197081520497E-02   1.368284776260E-01  -2.989485652512E-01   6.270412202787E-01
   1.715026349769E+00   2.229572474776E-02   1.303632296718E-01  -2.853774752162E-01   5.994970233187E-01
   1.737487133138E+00   2.262689866987E-02   1.241023739819E-01  -2.722147992656E-01   5.727611575407E-01
   1.760282286187E+00   2.296448997842E-02   1.180437330182E-01  -2.594564731493E-01   5.468247221058E-01
   1.783418304674E+00   2.330865617868E-02   1.121850248983E-01  -2.470982532325E-01   5.216785509855E-01
   1.806901844175E+00   2.365955942924E-02   1.065238643477E-01  -2.351357176626E-01   4.973132180982E-01
   1.830739724818E+00   2.401736670327E-02   1.010577638260E-01  -2.235642677175E-01   4.737190423895E-01
   1.854938936184E+00   2.438224995616E-02   9.578413482966E-02  -2.123791293493E-01   4.508860928553E-01
   1.879506642368E+00   2.475438629994E-02   9.070028938180E-02  -2.015753549345E-01   4.288041935105E-01
   1.904450187236E+00   2.513395818467E-02   8.580344171349E-02  -1.911478252459E-01   4.074629283115E-01
   1.929777099847E+00   2.552115358717E-02   8.109071014453E-02  -1.810912516607E-01   3.868516460405E-01
   1.955495100083E+00   2.591616620741E-02   7.655911916958E-02  -1.714001786179E-01   3.669594651659E-01
   1.981612104475E+00   2.631919567292E-02   7.220560175565E-02  -1.620689863434E-01   3.477752786950E-01
   2.008136232230E+00   2.673044775156E-02   6.802700185683E-02  -1.530918938563E-01   3.292877590402E-01
   2.035075811486E+00   2.715013457311E-02   6.402007715135E-02  -1.444629622734E-01   3.114853629221E-01
   2.062439385788E+00   2.757847486001E-02   6.018150200564E-02  -1.361760984294E-01   2.943563363374E-01
   2.090235720801E+00   2.801569416771E-02   5.650787066941E-02  -1.282250588274E-01   2.778887196236E-01
   2.118473811262E+00   2.846202513514E-02   5.299570070511E-02  -1.206034539380E-01   2.620703526555E-01
   2.147162888201E+00   2.891770774564E-02   4.964143665414E-02  -1.133047528615E-01   2.468888802116E-01
   2.176312426413E+00   2.938298959899E-02   4.644145394158E-02  -1.063222883705E-01   2.323317575528E-01
   2.205932152222E+00   2.985812619504E-02   4.339206301975E-02  -9.964926234597E-02   2.183862562579E-01
   2.236032051522E+00   3.034338122938E-02   4.048951375032E-02  -9.327875162302E-02   2.050394703632E-01
   2.266622378129E+00   3.083902690182E-02   3.773000002299E-02  -8.720371425742E-02   1.922783228569E-01
   2.297713662445E+00   3.134534423818E-02   3.510966460783E-02  -8.141699622539E-02   1.800895725784E-01
   2.329316720450E+00   3.186262342603E-02   3.262460423665E-02  -7.591133856612E-02   1.684598215766E-01
   2.361442663038E+00   3.239116416519E-02   3.027087490754E-02  -7.067938497479E-02   1.573755229805E-01
   2.394102905709E+00   3.293127603351E-02   2.804449740476E-02  -6.571368985162E-02   1.468229894350E-01
   2.427309178642E+00   3.348327886897E-02   2.594146302496E-02  -6.100672680979E-02   1.367884021557E-01
   2.461073537146E+00   3.404750316862E-02   2.395773949831E-02  -5.655089764216E-02   1.272578206531E-01
   2.495408372530E+00   3.462429050548E-02   2.208927709197E-02  -5.233854174353E-02   1.182171931753E-01
   2.530326423398E+00   3.521399396401E-02   2.033201488071E-02  -4.836194598161E-02   1.096523679152E-01
   2.565840787378E+00   3.581697859546E-02   1.868188716820E-02  -4.461335500602E-02   1.015491050223E-01
   2.601964933334E+00   3.643362189376E-02   1.713483004004E-02  -4.108498198053E-02   9.389308945562E-02
   2.638712714049E+00   3.706431429322E-02   1.568678802784E-02  -3.776901971933E-02   8.666994470714E-02
   2.676098379430E+00   3.770945968912E-02   1.433372086156E-02  -3.465765220368E-02   7.986524741682E-02
   2.714136590232E+00   3.836947598236E-02   1.307161028556E-02  -3.174306645004E-02   7.346454289380E-02
   2.752842432351E+00   3.904479564947E-02   1.189646691164E-02  -2.901746469639E-02   6.745336154683E-02
   2.792231431696E+00   3.973586633921E-02   1.080433708071E-02  -2.647307686779E-02   6.181723621775E-02
   2.832319569669E+00   4.044315149734E-02   9.791309703059E-03  -2.410217327737E-02   5.654172039977E-02
   2.873123299289E+00   4.116713102086E-02   8.853523045459E-03  -2.189707751384E-02   5.161240731040E-02
   2.914659561979E+00   4.190830194354E-02   7.987171432125E-03  -1.985017946119E-02   4.701494977569E-02
   2.956945805065E+00   4.266717915414E-02   7.188511825184E-03  -1.795394839173E-02   4.273508086886E-02
   3.000000000000E+00   4.344429614932E-02   6.453870249482E-03  -1.620094606848E-02   3.875863523230E-02
   3.043840661365E+00   4.424020582308E-02   5.779648025778E-03  -1.458383978896E-02   3.507157099785E-02
   3.088486866678E+00   4.505548129460E-02   5.162327776009E-03  -1.309541529799E-02   3.165999220548E-02
   3.133958277047E+00   4.589071677685E-02   4.598479164208E-03  -1.172858949394E-02   2.851017160665E-02
   3.180275158719E+00   4.674652848797E-02   4.084764336964E-03  -1.047642284975E-02   2.560857372456E-02
   3.227458405560E+00   4.762355560797E-02   3.617943027959E-03  -9.332131467931E-03   2.294187803055E-02
   3.275529562509E+00   4.852246128332E-02   3.194877292179E-03  -8.289098687260E-03   2.049700208340E-02
   3.324510850077E+00   4.944393368200E-02   2.812535836887E-03  -7.340886158181E-03   1.826112446774E-02
   3.374425189910E+00   5.038868710203E-02   2.467997918361E-03  -6.481244304495E-03   1.622170735783E-02
   3.425296231502E+00   5.135746313639E-02   2.158456775769E-03  -5.704122090081E-03   1.436651852574E-02
   3.477148380094E+00   5.235103189784E-02   1.881222576322E-03  -5.003676011944E-03   1.268365260695E-02
   3.530006825834E+00   5.337019330676E-02   1.633724849114E-03  -4.374278244400E-03   1.116155143358E-02
   3.583897574256E+00   5.441577844603E-02   1.413514388697E-03  -3.810523863971E-03   9.789023244347E-03
   3.638847478148E+00   5.548865098670E-02   1.218264613470E-03  -3.307237090388E-03   8.555260582872E-03
   3.694884270887E+00   5.658970868864E-02   1.045772368393E-03  -2.859476486201E-03   7.449856700657E-03
   3.752036601308E+00   5.771988498079E-02   8.939581662600E-04  -2.462539065607E-03   6.462820289498E-03
   3.810334070199E+00   5.888015062562E-02   7.608658667540E-04  -2.111963272371E-03   5.584588379184E-03
   3.869807268505E+00   6.007151547295E-02   6.446617977382E-04  -1.803530796903E-03   4.806037250872E-03
   3.930487817331E+00   6.129503030858E-02   5.436333285737E-04  -1.533267213648E-03   4.118491233989E-03
   3.992408409843E+00   6.255178880352E-02   4.561869106835E-04  -1.297441431788E-03   3.513729274994E-03
   4.055602855172E+00   6.384292957002E-02   3.808456059799E-04  -1.092563964620E-03   2.983989189552E-03
   4.120106124432E+00   6.516963833101E-02   3.162461290730E-04  -9.153840358273E-04   2.521969535265E-03
   4.185954398964E+00   6.653315021009E-02   2.611354342750E-04  -7.628855537898E-04   2.120829069907E-03
   4.253185120935E+00   6.793475214960E-02   2.143668832244E-04  -6.322819980788E-04   1.774183789435E-03
   4.321837046422E+00   6.937578546490E-02   1.748960333723E-04  -5.210102749303E-04   1.476101570608E-03
   4.391950301120E+00   7.085764854355E-02   1.417760915174E-04  -4.267236106572E-04   1.221094474110E-03
   4.463566438835E+00   7.238179969882E-02   1.141530799464E-04  -3.472835633435E-04   1.004108795177E-03
   4.536728502895E+00   7.394976018725E-02   9.126076546803E-05  -2.807512435228E-04   8.205129790922E-04
   4.611481090679E+00   7.556311740127E-02   7.241540363570E-05  -2.253778436536E-04   6.660835479240E-04
   4.687870421430E+00   7.722352824817E-02   5.701035168890E-05  -1.795945838238E-04   5.369892119454E-04
   4.765944407533E+00   7.893272272784E-02   4.451060415887E-05  -1.420021870678E-04   4.297733634691E-04
   4.845752729492E+00   8.069250772248E-02   3.444730465375E-05  -1.113600017833E-04   3.413351719214E-04
   4.927346914797E+00   8.250477101257E-02   2.641228605672E-05  -8.657489087089E-05   2.689095161951E-04
   5.010780420931E+00   8.437148553436E-02   2.005268924820E-05  -6.669000730283E-05   2.100460032346E-04
   5.096108722763E+00   8.629471389541E-02   1.506570753454E-05  -5.087357381812E-05   1.625873300361E-04
   5.183389404586E+00   8.827661316581E-02   1.119350028555E-05  -3.840778036964E-05   1.246472495242E-04
   5.272682257105E+00   9.031943996425E-02   8.218314925577E-06  -2.867790687566E-05   9.458839896623E-05
   5.364049379651E+00   9.242555585946E-02   5.957851483365E-06  -2.116177089116E-05   7.100024271500E-05
   5.457555287978E+00   9.459743310926E-02   4.260898495274E-06  -1.541959019230E-05   5.267736928390E-05
   5.553267027968E+00   9.683766076100E-02   3.003263300872E-06  -1.108433919322E-05   3.859836635331E-05
   5.651254295630E+00   9.914895113938E-02   2.084013806618E-06  -7.852665866270E-06   2.790547672772E-05
   5.751589563796E+00   1.015341467494E-01   1.422042766281E-06  -5.476422727458E-06   1.988521407751E-05
   5.854348215936E+00   1.039962276248E-01   9.529596822195E-07  -3.754851819311E-06   1.395009019566E-05
   5.959608687557E+00   1.065383191537E-01   6.263097139427E-07  -2.527449831116E-06   9.621576253227E-06
   6.067452615683E+00   1.091637004188E-01   4.031136259406E-07  -1.667525901419E-06   6.514389993129E-06
   6.177964996951E+00   1.118758130872E-01   2.537179399620E-07  -1.076451602509E-06   4.322169837315E-06
   6.291234354880E+00   1.146782708938E-01   1.559401851483E-07  -6.785904410144E-07   2.804566381423E-06
   6.407352916949E+00   1.175748697626E-01   9.349054907741E-08  -4.168832187510E-07   1.775752563570E-06
   6.526416802128E+00   1.205695986129E-01   5.464838602116E-08  -2.490560337846E-07   1.094326709093E-06
   6.648526219580E+00   1.236666509049E-01   3.116997104215E-08  -1.444097584092E-07   6.545583630744E-07
   6.773785679311E+00   1.268704369821E-01   1.740260771011E-08  -8.114364102614E-08   3.789058987874E-07
   6.902304215570E+00   1.301855972713E-01   9.579683042920E-09  -4.416130821862E-08   2.117177598152E-07
   7.034195623922E+00   1.336170164087E-01   5.271469131165E-09  -2.330488856286E-08   1.140161247881E-07
   7.169578712934E+00   1.371698383673E-01   2.967326156960E-09  -1.196217077451E-08   5.925287793305E-08
   7.308577571516E+00   1.408494826628E-01   1.766375243824E-09  -5.992513653151E-09   2.992296149610E-08
   7.451321853057E+00   1.446616617293E-01   1.155575291527E-09  -2.919457771894E-09   1.491925592349E-08
   7.597947077547E+00   1.486123995567E-01   8.563390560864E-10  -1.341419423007E-09   7.515718482543E-09
   7.748594953021E+00   1.527080516973E-01   7.232393526225E-10  -5.162155674871E-10   3.871132007621E-09
   7.903413717736E+00   1.569553267535E-01   6.808673580530E-10  -8.019730456183E-11   1.953906573982E-09
   8.062558504629E+00   1.613613094717E-01   6.874000232924E-10   1.318207978883E-10   7.983175426601E-10
   8.226191729726E+00   1.659334855793E-01   7.158137803014E-10   1.941248440003E-10   1.371350595570E-11
   8.394483506327E+00   1.706797685137E-01   7.458651611340E-10   1.480545860315E-10  -5.200382413635E-10
   8.567612086926E+00   1.756085282071E-01   7.618837765933E-10   2.818323017693E-11  -8.258619429197E-10
   8.745764335025E+00   1.807286221064E-01   7.530491048924E-10  -1.299951601543E-10  -9.152938844354E-10
   8.929136229160E+00   1.860494286260E-01   7.141313895345E-10  -2.915320401611E-10  -8.202406786794E-10
   9.117933401693E+00   1.915808832504E-01   6.456709337632E-10  -4.265682089968E-10  -5.949909744116E-10
   9.312371715124E+00   1.973335175235E-01   5.532696265025E-10  -5.144446438470E-10  -3.050899612666E-10
   9.512677878945E+00   2.033185011886E-01   4.461085622432E-10  -5.457661271090E-10  -1.346533113994E-11
   9.719090110332E+00   2.095476877688E-01   3.350312146614E-10  -5.220924473741E-10   2.305624664230E-10
   9.931858842267E+00   2.160336639044E-01   2.305933578854E-10  -4.537025133359E-10   3.971491645594E-10
   1.015124748302E+01   2.227898028021E-01   1.414301810547E-10  -3.562336214613E-10   4.766449883393E-10
   1.037753323129E+01   2.298303221843E-01   7.317581045979E-11  -2.470517610094E-10   4.763612155309E-10
   1.061100795175E+01   2.371703471699E-01   2.803192136919E-11  -1.420656793848E-10   4.150651511148E-10
   1.085197911611E+01   2.448259785618E-01   4.952271699428E-12  -5.345204266893E-11   3.168456858597E-10
   1.110077081537E+01   2.528143670735E-01   3.103856601028E-13   1.151167861561E-11   2.056422152949E-10
   1.135772484956E+01   2.611537940784E-01   8.859389379409E-12   5.055002385161E-11   1.012431870843E-10
   1.162320190175E+01   2.698637595360E-01   2.477790222329E-11   6.564661463063E-11   1.706963445787E-11
   1.189758280382E+01   2.789650778206E-01   4.261820587348E-11   6.177010360705E-11  -4.034774723374E-11
   1.218126990242E+01   2.884799822596E-01   5.802192784603E-11   4.540315698627E-11  -7.056551240403E-11
   1.247468853413E+01   2.984322392826E-01   6.813111583356E-11   2.316623823848E-11  -7.760037380269E-11
   1.277828862002E+01   3.088472731875E-01   7.168591869298E-11   7.451078329962E-13  -6.798893003127E-11
   1.309254639077E+01   3.197523026463E-01   6.885339113751E-11  -1.776901116135E-11  -4.896095869113E-11
   1.341796625462E+01   3.311764902095E-01   6.086801956998E-11  -3.011368777665E-11  -2.701585641555E-11
   1.375508282195E+01   3.431511062169E-01   4.958038638851E-11  -3.572739053230E-11  -7.040004912439E-12
   1.410446310162E+01   3.557097086969E-01   3.700688260619E-11  -3.537059028109E-11   8.032594796650E-12
   1.446670888596E+01   3.688883410292E-01   2.495464270035E-11  -3.062406391462E-11   1.711305187673E-11
   1.484245934302E+01   3.827257493700E-01   1.476795868774E-11  -2.338286695073E-11   2.055443559985E-11
   1.523239383723E+01   3.972636220891E-01   7.211947534895E-12  -1.543573803677E-11   1.961473688782E-11
   1.563723500136E+01   4.125468537596E-01   2.482108097842E-12  -8.181612695037E-12   1.592568165159E-11
   1.605775208607E+01   4.286238365683E-01   3.088579597891E-13  -2.496679782342E-12   1.106469188114E-11
   1.649476461582E+01   4.455467823929E-01   1.162637423115E-13   1.265782405655E-12   6.278350708163E-12
   1.694914638379E+01   4.633720792263E-01   1.193854923970E-12   3.180464342246E-12   2.361654195032E-12
   1.742182982203E+01   4.821606861220E-01   2.847735714620E-12   3.605197668488E-12  -3.345047227294E-13
   1.791381078784E+01   5.019785714107E-01   4.509173696098E-12   3.028257649492E-12  -1.811873214147E-12
   1.842615381215E+01   5.228971995942E-01   5.792138596878E-12   1.939234545685E-12  -2.296202548378E-12
   1.895999786176E+01   5.449940730840E-01   6.502992806686E-12   7.410315996985E-13  -2.110339724254E-12
   1.951656267356E+01   5.683533358366E-01   6.613740128362E-12  -2.929156799516E-13  -1.574425909112E-12
   2.009715572669E+01   5.930664469535E-01   6.214109158708E-12  -1.022458004595E-12  -9.441014682811E-13
   2.070317992707E+01   6.192329335039E-01   5.457563353500E-12  -1.417786362739E-12  -3.856476100019E-13
   2.133614208874E+01   6.469612332096E-01   4.513160140176E-12  -1.523451323299E-12   2.061736932344E-14
   2.199766230782E+01   6.763696392388E-01   3.530478852648E-12  -1.421188262248E-12   2.603571553751E-13
   2.268948433818E+01   7.075873612439E-01   2.620018703585E-12  -1.199553537766E-12   3.595812614090E-13
   2.341348709294E+01   7.407557189842E-01   1.847605943747E-12  -9.340774319540E-13   3.612992742608E-13
   2.417169741362E+01   7.760294874639E-01   1.239005299274E-12  -6.780118152559E-13   3.087063615012E-13
   2.496630426925E+01   8.135784155747E-01   7.901608933971E-13  -4.614094061033E-13   2.358815055038E-13
   2.579967457140E+01   8.535889438281E-01   4.789674954039E-13  -2.953160654072E-13   1.647961084083E-13
   2.667437081864E+01   8.962661510291E-01   2.756760180671E-13  -1.780175048126E-13   1.064529339307E-13
   2.759317081651E+01   9.418359647997E-01   1.504370916500E-13  -1.010939259791E-13   6.395278827205E-14
   2.855908975674E+01   9.905476768748E-01   7.768778285516E-14  -5.405034673876E-14   3.583266951201E-14
   2.957540498378E+01   1.042676811269E+00   3.787869119000E-14  -2.717020509076E-14   1.874200389850E-14
   3.064568382919E+01   1.098528402000E+00   1.739033539866E-14  -1.281577572020E-14   9.147171808946E-15
   3.177381495601E+01   1.158440747351E+00   7.494399151694E-15  -5.657762157489E-15   4.159859348108E-15
   3.296404372807E+01   1.222789720048E+00   3.020953209620E-15  -2.330498183524E-15   1.758763969083E-15
   3.422101220608E+01   1.291993727721E+00   1.134424222316E-15  -8.923747828414E-16   6.891611871087E-16
   3.554980447538E+01   1.366519436102E+00   3.950756249864E-16  -3.163205907269E-16   2.493671450203E-16
   3.695599813319E+01   1.446888389511E+00   1.269600106948E-16  -1.032985624588E-16   8.295124592893E-17
   3.844572291106E+01   1.533684690030E+00   3.743581500202E-17  -3.090937311014E-17   2.523782461903E-17
   4.002572758518E+01   1.627563929686E+00   1.006486938660E-17  -8.422702701151E-18   6.981803833501E-18
   4.170345654134E+01   1.729263610453E+00   2.450118954573E-18  -2.075859987693E-18   1.744536844945E-18
   4.348713762001E+01   1.839615336740E+00   5.358348177030E-19  -4.591859490439E-19   3.907702798116E-19
   4.538588318162E+01   1.959559126947E+00   9.630058918862E-20  -8.231785903766E-20   6.974167063473E-20
   4.740980671574E+01   2.090160267552E+00   1.686240959575E-20  -2.712729937800E-20   2.481969490344E-20
   4.957015778746E+01   2.232629229408E+00   4.104990027372E-21  -1.412342322324E-21  -3.256784718898E-21
   5.187947869225E+01   2.388345286640E+00   0.000000000000E+00   3.074715702566E-22   1.232058717171E-21
   5.435178690397E+01   2.558884630889E+00   1.473144374868E-22  -1.364728850096E-22   0.000000000000E+00
   5.700278828629E+01   2.746053966795E+00   0.000000000000E+00   0.000000000000E+00   0.000000000000E+00
   5.985012714155E+01   2.951930820846E+00   0.000000000000E+00   0.000000000000E+00   0.000000000000E+00
   6.291368055481E+01   3.178912111311E+00   0.000000000000E+00   0.000000000000E+00   0.000000000000E+00
   6.621590623276E+01   3.429772933797E+00   0.000000000000E+00   0.000000000000E+00   0.000000000000E+00
   6.978225524452E+01   3.707738044625E+00   0.000000000000E+00   0.000000000000E+00   0.000000000000E+00
   7.364166388185E+01   4.016569212832E+00   0.000000000000E+00   0.000000000000E+00   0.000000000000E+00
   7.782714245929E+01   4.360672516382E+00   0.000000000000E+00   0.000000000000E+00   0.000000000000E+00
   8.237648351994E+01   4.745230855210E+00   0.000000000000E+00   0.000000000000E+00   0.000000000000E+00
   8.733311794503E+01   5.176368549127E+00   0.000000000000E+00   0.000000000000E+00   0.000000000000E+00
   9.274715535088E+01   5.661357031559E+00   0.000000000000E+00   0.000000000000E+00   0.000000000000E+00
   9.867665554529E+01   6.208873552072E+00   0.000000000000E+00   0.000000000000E+00   0.000000000000E+00
   1.051891916055E+02   6.829328764649E+00   0.000000000000E+00   0.000000000000E+00   0.000000000000E+00
   1.123637836013E+02   7.535284543316E+00   0.000000000000E+00   0.000000000000E+00   0.000000000000E+00
   1.202933069206E+02   8.341990973528E+00   0.000000000000E+00   0.000000000000E+00   0.000000000000E+00
   1.290875131414E+02   9.268082166539E+00   0.000000000000E+00   0.000000000000E+00   0.000000000000E+00
   1.388768482001E+02   1.033648575811E+01   0.000000000000E+00   0.000000000000E+00   0.000000000000E+00
   1.498173177370E+02   1.157562284364E+01   0.000000000000E+00   0.000000000000E+00   0.000000000000E+00
   1.620967411853E+02   1.302100699722E+01   0.000000000000E+00   0.000000000000E+00   0.000000000000E+00
   1.759428668168E+02   1.471739812515E+01   0.000000000000E+00   0.000000000000E+00   0.000000000000E+00
   1.916340085825E+02   1.672173748087E+01   0.000000000000E+00   0.000000000000E+00   0.000000000000E+00
   2.095131417987E+02   1.910719757888E+01   0.000000000000E+00   0.000000000000E+00   0.000000000000E+00
   2.300068054477E+02   2.196884699990E+01   0.000000000000E+00   0.000000000000E+00   0.000000000000E+00
   2.536507797910E+02   2.543169216868E+01   0.000000000000E+00   0.000000000000E+00   0.000000000000E+00
   2.811254638474E+02   2.966227967912E+01   0.000000000000E+00   0.000000000000E+00   0.000000000000E+00
   3.133053780630E+02   3.488573552677E+01   0.000000000000E+00   0.000000000000E+00   0.000000000000E+00
   3.513296254502E+02   4.141128389041E+01   0.000000000000E+00   0.000000000000E+00   0.000000000000E+00
   3.967041014106E+02   4.967130404214E+01   0.000000000000E+00   0.000000000000E+00   0.000000000000E+00
   4.514529193349E+02   6.028257212519E+01   0.000000000000E+00   0.000000000000E+00   0.000000000000E+00
   5.183481233601E+02   7.414493328740E+01   0.000000000000E+00   0.000000000000E+00   0.000000000000E+00
   6.012676077950E+02   9.260523890243E+01   0.000000000000E+00   0.000000000000E+00   0.000000000000E+00
   7.057700503752E+02   1.177394213729E+02   0.000000000000E+00   0.000000000000E+00   0.000000000000E+00
   8.400513767914E+02   1.528577972397E+02   0.000000000000E+00   0.000000000000E+00   0.000000000000E+00
   1.016602135495E+03   2.034537342122E+02   0.000000000000E+00   0.000000000000E+00   0.000000000000E+00
   1.255220715580E+03   2.790860613466E+02   0.000000000000E+00   0.000000000000E+00   0.000000000000E+00
   1.588815776243E+03   3.973705897531E+02   0.000000000000E+00   0.000000000000E+00   0.000000000000E+00
   2.075392011604E+03   5.931596040112E+02   0.000000000000E+00   0.000000000000E+00   0.000000000000E+00
   2.825079847529E+03   9.419154890021E+02   0.000000000000E+00   0.000000000000E+00   0.000000000000E+00
   4.068408296184E+03   1.627629972033E+03   0.000000000000E+00   0.000000000000E+00   0.000000000000E+00
   6.357262947674E+03   3.178964796686E+03   0.000000000000E+00   0.000000000000E+00   0.000000000000E+00
   1.130231930164E+04   7.535323971013E+03   0.000000000000E+00   0.000000000000E+00   0.000000000000E+00
   2.543105175140E+04   2.543171841285E+04   0.000000000000E+00   0.000000000000E+00   0.000000000000E+00
   1.017262069958E+05   2.034537473226E+05   0.000000000000E+00   0.000000000000E+00   0.000000000000E+00
