# 1st line: number of mesh points
# rho and r_seitz are calculated from total density
# zeta and r_seitz only correct of rho > 1d-12

# abcissa weight rho drho ddrho zeta r_seitz
500
  9.830308526508E-006  1.966074589941E-005  1.613155246710E+003 -1.952466611019E+004  2.417206335216E+005 -2.549996508412E-007  1.229744899373E-001
  3.932200719717E-005  3.932303800261E-005  1.612579536246E+003 -1.951753869065E+004  2.416302719707E+005 -2.551633425029E-007  1.229891226578E-001
  8.847741541455E-005  5.898842277178E-005  1.611620435524E+003 -1.950566495615E+004  2.414797383965E+005 -2.554348943142E-007  1.230135154081E-001
  1.573003992804E-004  7.865844718600E-005  1.610278569190E+003 -1.948905284823E+004  2.412691362398E+005 -2.558124010130E-007  1.230476755152E-001
  2.457963722417E-004  9.833465899987E-005  1.608554810897E+003 -1.946771347380E+004  2.409986101675E+005 -2.562931918284E-007  1.230916132431E-001
  3.539722959954E-004  1.180186070023E-004  1.606450282451E+003 -1.944166109402E+004  2.406683459231E+005 -2.568738238145E-007  1.231453417990E-001
  4.818366816528E-004  1.377118412759E-004  1.603966352716E+003 -1.941091310994E+004  2.402785701339E+005 -2.575500774752E-007  1.232088773406E-001
  6.293995911626E-004  1.574159134560E-004  1.601104636281E+003 -1.937549004497E+004  2.398295500765E+005 -2.583169463333E-007  1.232822389861E-001
  7.966726389934E-004  1.771323769912E-004  1.597866991886E+003 -1.933541552428E+004  2.393215934006E+005 -2.591686308450E-007  1.233654488255E-001
  9.836689940782E-004  1.968627874036E-004  1.594255520611E+003 -1.929071625104E+004  2.387550478103E+005 -2.600985261797E-007  1.234585319336E-001
  1.190403382016E-003  2.166087025496E-004  1.590272563829E+003 -1.924142197962E+004  2.381303007053E+005 -2.610992118713E-007  1.235615163849E-001
  1.416892087541E-003  2.363716828821E-004  1.585920700934E+003 -1.918756548570E+004  2.374477787804E+005 -2.621624352198E-007  1.236744332705E-001
  1.663152957245E-003  2.561532917128E-004  1.581202746827E+003 -1.912918253347E+004  2.367079475855E+005 -2.632791012884E-007  1.237973167162E-001
  1.929205402573E-003  2.759550954757E-004  1.576121749187E+003 -1.906631183974E+004  2.359113110456E+005 -2.644392504696E-007  1.239302039034E-001
  2.215070403074E-003  2.957786639908E-004  1.570680985511E+003 -1.899899503523E+004  2.350584109418E+005 -2.656320461013E-007  1.240731350907E-001
  2.520770509919E-003  3.156255707300E-004  1.564883959937E+003 -1.892727662293E+004  2.341498263539E+005 -2.668457498762E-007  1.242261536386E-001
  2.846329849692E-003  3.354973930828E-004  1.558734399855E+003 -1.885120393369E+004  2.331861730656E+005 -2.680677033673E-007  1.243893060350E-001
  3.191774128432E-003  3.553957126240E-004  1.552236252295E+003 -1.877082707896E+004  2.321681029322E+005 -2.692843047324E-007  1.245626419233E-001
  3.557130635959E-003  3.753221153821E-004  1.545393680120E+003 -1.868619890092E+004  2.310963032129E+005 -2.704809810150E-007  1.247462141323E-001
  3.942428250463E-003  3.952781921092E-004  1.538211058009E+003 -1.859737491991E+004  2.299714958673E+005 -2.716421643670E-007  1.249400787078E-001
  4.347697443358E-003  4.152655385525E-004  1.530692968240E+003 -1.850441327928E+004  2.287944368178E+005 -2.727512618140E-007  1.251442949468E-001
  4.772970284417E-003  4.352857557265E-004  1.522844196287E+003 -1.840737468773E+004  2.275659151786E+005 -2.737906252597E-007  1.253589254330E-001
  5.218280447175E-003  4.553404501876E-004  1.514669726221E+003 -1.830632235924E+004  2.262867524519E+005 -2.747415167574E-007  1.255840360752E-001
  5.683663214611E-003  4.754312343099E-004  1.506174735936E+003 -1.820132195059E+004  2.249578016930E+005 -2.755840772185E-007  1.258196961468E-001
  6.169155485101E-003  4.955597265624E-004  1.497364592189E+003 -1.809244149658E+004  2.235799466453E+005 -2.762972841001E-007  1.260659783287E-001
  6.674795778653E-003  5.157275517886E-004  1.488244845480E+003 -1.797975134311E+004  2.221541008452E+005 -2.768589162362E-007  1.263229587531E-001
  7.200624243425E-003  5.359363414876E-004  1.478821224757E+003 -1.786332407806E+004  2.206812066996E+005 -2.772455105702E-007  1.265907170508E-001
  7.746682662519E-003  5.561877340970E-004  1.469099631968E+003 -1.774323446014E+004  2.191622345361E+005 -2.774323170788E-007  1.268693363996E-001
  8.313014461060E-003  5.764833752781E-004  1.459086136463E+003 -1.761955934581E+004  2.175981816276E+005 -2.773932527261E-007  1.271589035758E-001
  8.899664713569E-003  5.968249182030E-004  1.448786969242E+003 -1.749237761433E+004  2.159900711920E+005 -2.771008503151E-007  1.274595090081E-001
  9.506680151615E-003  6.172140238444E-004  1.438208517072E+003 -1.736177009098E+004  2.143389513689E+005 -2.765262063317E-007  1.277712468334E-001
  1.013410917176E-002  6.376523612666E-004  1.427357316471E+003 -1.722781946867E+004  2.126458941746E+005 -2.756389263751E-007  1.280942149556E-001
  1.078200184380E-002  6.581416079202E-004  1.416240047565E+003 -1.709061022792E+004  2.109119944353E+005 -2.744070670142E-007  1.284285151068E-001
  1.145040991929E-002  6.786834499385E-004  1.404863527829E+003 -1.695022855537E+004  2.091383687026E+005 -2.727970692791E-007  1.287742529109E-001
  1.213938684040E-002  6.992795824361E-004  1.393234705716E+003 -1.680676226087E+004  2.073261541492E+005 -2.707736967070E-007  1.291315379502E-001
  1.284898774901E-002  7.199317098113E-004  1.381360654189E+003 -1.666030069335E+004  2.054765074498E+005 -2.682999681072E-007  1.295004838348E-001
  1.357926949620E-002  7.406415460502E-004  1.369248564150E+003 -1.651093465541E+004  2.035906036450E+005 -2.653370801203E-007  1.298812082744E-001
  1.433029065191E-002  7.614108150341E-004  1.356905737790E+003 -1.635875631690E+004  2.016696349927E+005 -2.618443328804E-007  1.302738331531E-001
  1.510211151509E-002  7.822412508494E-004  1.344339581852E+003 -1.620385912750E+004  1.997148098068E+005 -2.577790492083E-007  1.306784846077E-001
  1.589479412397E-002  8.031345981016E-004  1.331557600829E+003 -1.604633772840E+004  1.977273512845E+005 -2.530964868876E-007  1.310952931087E-001
  1.670840226680E-002  8.240926122311E-004  1.318567390093E+003 -1.588628786322E+004  1.957084963246E+005 -2.477497529251E-007  1.315243935438E-001
  1.754300149280E-002  8.451170598329E-004  1.305376628974E+003 -1.572380628835E+004  1.936594943378E+005 -2.416897029416E-007  1.319659253058E-001
  1.839865912351E-002  8.662097189796E-004  1.291993073782E+003 -1.555899068258E+004  1.915816060498E+005 -2.348648462736E-007  1.324200323832E-001
  1.927544426443E-002  8.873723795480E-004  1.278424550800E+003 -1.539193955643E+004  1.894761023002E+005 -2.272212370204E-007  1.328868634538E-001
  2.017342781695E-002  9.086068435487E-004  1.264678949241E+003 -1.522275216109E+004  1.873442628372E+005 -2.187023687942E-007  1.333665719828E-001
  2.109268249069E-002  9.299149254598E-004  1.250764214178E+003 -1.505152839707E+004  1.851873751101E+005 -2.092490473104E-007  1.338593163238E-001
  2.203328281612E-002  9.512984525641E-004  1.236688339465E+003 -1.487836872285E+004  1.830067330617E+005 -1.987992786490E-007  1.343652598235E-001
  2.299530515754E-002  9.727592652906E-004  1.222459360647E+003 -1.470337406340E+004  1.808036359206E+005 -1.872881316275E-007  1.348845709305E-001
  2.397882772639E-002  9.942992175591E-004  1.208085347870E+003 -1.452664571889E+004  1.785793869964E+005 -1.746476055577E-007  1.354174233084E-001
  2.498393059493E-002  1.015920177130E-003  1.193574398807E+003 -1.434828527352E+004  1.763352924786E+005 -1.608064803949E-007  1.359639959518E-001
  2.601069571024E-002  1.037624025957E-003  1.178934631587E+003 -1.416839450471E+004  1.740726602402E+005 -1.456901748848E-007  1.365244733079E-001
  2.705920690860E-002  1.059412660547E-003  1.164174177766E+003 -1.398707529267E+004  1.717927986479E+005 -1.292205736014E-007  1.370990454015E-001
  2.812954993023E-002  1.081287992318E-003  1.149301175318E+003 -1.380442953053E+004  1.694970153810E+005 -1.113158684216E-007  1.376879079647E-001
  2.922181243436E-002  1.103251947969E-003  1.134323761674E+003 -1.362055903505E+004  1.671866162587E+005 -9.189037694442E-008  1.382912625715E-001
  3.033608401473E-002  1.125306469854E-003  1.119250066801E+003 -1.343556545806E+004  1.648629040783E+005 -7.085435471238E-008  1.389093167766E-001
  3.147245621542E-002  1.147453516351E-003  1.104088206350E+003 -1.324955019876E+004  1.625271774666E+005 -4.811379964441E-008  1.395422842597E-001
  3.263102254705E-002  1.169695062249E-003  1.088846274854E+003 -1.306261431688E+004  1.601807297431E+005 -2.357023660954E-008  1.401903849742E-001
  3.381187850339E-002  1.192033099133E-003  1.073532339007E+003 -1.287485844692E+004  1.578248477990E+005  2.879491563424E-009  1.408538453021E-001
  3.501512157837E-002  1.214469635775E-003  1.058154431019E+003 -1.268638271349E+004  1.554608109921E+005  3.134346377793E-008  1.415328982133E-001
  3.624085128345E-002  1.237006698530E-003  1.042720542050E+003 -1.249728664785E+004  1.530898900587E+005  6.193492242985E-008  1.422277834311E-001
  3.748916916538E-002  1.259646331739E-003  1.027238615748E+003 -1.230766910574E+004  1.507133460443E+005  9.477253228846E-008  1.429387476032E-001
  3.876017882444E-002  1.282390598136E-003  1.011716541879E+003 -1.211762818668E+004  1.483324292537E+005  1.299806527784E-007  1.436660444789E-001
  4.005398593302E-002  1.305241579266E-003  9.961621500627E+002 -1.192726115464E+004  1.459483782226E+005  1.676896238889E-007  1.444099350924E-001
  4.137069825459E-002  1.328201375897E-003  9.805832036275E+002 -1.173666436036E+004  1.435624187102E+005  2.080360726973E-007  1.451706879522E-001
  4.271042566323E-002  1.351272108452E-003  9.649873935791E+002 -1.154593316530E+004  1.411757627162E+005  2.511632294323E-007  1.459485792376E-001
  4.407328016341E-002  1.374455917436E-003  9.493823326966E+002 -1.135516186730E+004  1.387896075206E+005  2.972212704873E-007  1.467438930016E-001
  4.545937591035E-002  1.397754963880E-003  9.337755497608E+002 -1.116444362805E+004  1.364051347499E+005  3.463676710393E-007  1.475569213810E-001
  4.686882923075E-002  1.421171429779E-003  9.181744839193E+002 -1.097387040249E+004  1.340235094685E+005  3.987675842772E-007  1.483879648140E-001
  4.830175864396E-002  1.444707518548E-003  9.025864791945E+002 -1.078353287008E+004  1.316458792978E+005  4.545942415712E-007  1.492373322652E-001
  4.975828488365E-002  1.468365455478E-003  8.870187791407E+002 -1.059352036817E+004  1.292733735631E+005  5.140293724175E-007  1.501053414580E-001
  5.123853091993E-002  1.492147488203E-003  8.714785216542E+002 -1.040392082742E+004  1.269071024693E+005  5.772636480094E-007  1.509923191161E-001
  5.274262198188E-002  1.516055887169E-003  8.559727339426E+002 -1.021482070936E+004  1.245481563061E+005  6.444971540072E-007  1.518986012123E-001
  5.427068558066E-002  1.540092946119E-003  8.405083276572E+002 -1.002630494619E+004  1.221976046839E+005  7.159398904641E-007  1.528245332268E-001
  5.582285153302E-002  1.564260982573E-003  8.250920941932E+002 -9.838456882797E+003  1.198564958007E+005  7.918122920931E-007  1.537704704140E-001
  5.739925198530E-002  1.588562338332E-003  8.097307001616E+002 -9.651358221175E+003  1.175258557405E+005  8.723457908576E-007  1.547367780786E-001
  5.900002143803E-002  1.612999379973E-003  7.944306830380E+002 -9.465088967107E+003  1.152066878044E+005  9.577834035537E-007  1.557238318614E-001
  6.062529677088E-002  1.637574499364E-003  7.791984469906E+002 -9.279727379326E+003  1.128999718745E+005  1.048380352961E-006  1.567320180357E-001
  6.227521726827E-002  1.662290114181E-003  7.640402588912E+002 -9.095349921105E+003  1.106066638113E+005  1.144404732271E-006  1.577617338124E-001
  6.394992464542E-002  1.687148668440E-003  7.489622445133E+002 -8.912031214339E+003  1.083276948848E+005  1.246138199194E-006  1.588133876577E-001
  6.564956307496E-002  1.712152633027E-003  7.339703849188E+002 -8.729843996156E+003  1.060639712403E+005  1.353876719483E-006  1.598873996205E-001
  6.737427921404E-002  1.737304506249E-003  7.190705130375E+002 -8.548859078076E+003  1.038163733985E+005  1.467931350651E-006  1.609842016715E-001
  6.912422223211E-002  1.762606814387E-003  7.042683104405E+002 -8.369145307758E+003  1.015857557906E+005  1.588629069279E-006  1.621042380548E-001
  7.089954383907E-002  1.788062112257E-003  6.895693043103E+002 -8.190769533346E+003  9.937294632912E+004  1.716313654434E-006  1.632479656509E-001
  7.270039831418E-002  1.813672983787E-003  6.749788646091E+002 -8.013796570447E+003  9.717874601338E+004  1.851346618195E-006  1.644158543527E-001
  7.452694253540E-002  1.839442042599E-003  6.605022014472E+002 -7.838289171736E+003  9.500392857113E+004  1.994108198049E-006  1.656083874551E-001
  7.637933600943E-002  1.865371932600E-003  6.461443626527E+002 -7.664307999224E+003  9.284924013565E+004  2.144998399470E-006  1.668260620575E-001
  7.825774090225E-002  1.891465328589E-003  6.319102315428E+002 -7.491911599179E+003  9.071539895852E+004  2.304438112656E-006  1.680693894806E-001
  8.016232207035E-002  1.917724936867E-003  6.178045248987E+002 -7.321156379703E+003  8.860309515815E+004  2.472870294358E-006  1.693388956980E-001
  8.209324709253E-002  1.944153495867E-003  6.038317911433E+002 -7.152096590988E+003  8.651299050390E+004  2.650761214300E-006  1.706351217828E-001
  8.405068630235E-002  1.970753776782E-003  5.899964087226E+002 -6.984784308210E+003  8.444571823575E+004  2.838601785849E-006  1.719586243691E-001
  8.603481282122E-002  1.997528584221E-003  5.763025846903E+002 -6.819269417092E+003  8.240188291928E+004  3.036908981411E-006  1.733099761309E-001
  8.804580259214E-002  2.024480756857E-003  5.627543534954E+002 -6.655599602100E+003  8.038206033581E+004  3.246227323952E-006  1.746897662764E-001
  9.008383441408E-002  2.051613168108E-003  5.493555759720E+002 -6.493820337258E+003  7.838679740741E+004  3.467130484694E-006  1.760986010605E-001
  9.214908997710E-002  2.078928726810E-003  5.361099385301E+002 -6.333974879586E+003  7.641661215639E+004  3.700222968088E-006  1.775371043141E-001
  9.424175389809E-002  2.106430377918E-003  5.230209525472E+002 -6.176104265104E+003  7.447199369907E+004  3.946141910635E-006  1.790059179928E-001
  9.636201375725E-002  2.134121103210E-003  5.100919539573E+002 -6.020247307411E+003  7.255340227323E+004  4.205558990335E-006  1.805057027441E-001
  9.851006013526E-002  2.162003922007E-003  4.973261030379E+002 -5.866440598786E+003  7.066126929893E+004  4.479182457931E-006  1.820371384937E-001
  1.006860866512E-001  2.190081891910E-003  4.847263843907E+002 -5.714718513786E+003  6.879599747209E+004  4.767759292340E-006  1.836009250531E-001
  1.028902900012E-001  2.218358109541E-003  4.722956071155E+002 -5.565113215313E+003  6.695796089033E+004  5.072077495856E-006  1.851977827474E-001
  1.051228699979E-001  2.246835711311E-003  4.600364051736E+002 -5.417654663096E+003  6.514750521049E+004  5.392968539693E-006  1.868284530643E-001
  1.073840296104E-001  2.275517874190E-003  4.479512379391E+002 -5.272370624560E+003  6.336494783713E+004  5.731309962147E-006  1.884936993260E-001
  1.096739750056E-001  2.304407816497E-003  4.360423909332E+002 -5.129286688025E+003  6.161057814143E+004  6.088028129885E-006  1.901943073831E-001
  1.119929155896E-001  2.333508798707E-003  4.243119767409E+002 -4.988426278196E+003  5.988465770969E+004  6.464101188335E-006  1.919310863328E-001
  1.143410640503E-001  2.362824124271E-003  4.127619361039E+002 -4.849810673888E+003  5.818742062068E+004  6.860562192578E-006  1.937048692602E-001
  1.167186364011E-001  2.392357140448E-003  4.013940391883E+002 -4.713459027933E+003  5.651907375113E+004  7.278502449758E-006  1.955165140051E-001
  1.191258520249E-001  2.422111239159E-003  3.902098870215E+002 -4.579388389212E+003  5.487979710846E+004  7.719075068295E-006  1.973669039538E-001
  1.215629337189E-001  2.452089857854E-003  3.792109130956E+002 -4.447613726753E+003  5.326974418993E+004  8.183498757973E-006  1.992569488571E-001
  1.240301077413E-001  2.482296480400E-003  3.683983851317E+002 -4.318147955837E+003  5.168904236724E+004  8.673061860032E-006  2.011875856744E-001
  1.265276038575E-001  2.512734637975E-003  3.577734070019E+002 -4.191001966038E+003  5.013779329587E+004  9.189126656039E-006  2.031597794457E-001
  1.290556553882E-001  2.543407909995E-003  3.473369208031E+002 -4.066184651143E+003  4.861607334791E+004  9.733133953491E-006  2.051745241907E-001
  1.316144992580E-001  2.574319925047E-003  3.370897090789E+002 -3.943702940881E+003  4.712393406772E+004  1.030660798123E-005  2.072328438362E-001
  1.342043760450E-001  2.605474361847E-003  3.270323971838E+002 -3.823561834376E+003  4.566140264917E+004  1.091116160834E-005  2.093357931727E-001
  1.368255300316E-001  2.636874950214E-003  3.171654557850E+002 -3.705764435282E+003  4.422848243361E+004  1.154850190675E-005  2.114844588392E-001
  1.394782092560E-001  2.668525472060E-003  3.074892034966E+002 -3.590311988492E+003  4.282515342749E+004  1.222043609628E-005  2.136799603381E-001
  1.421626655646E-001  2.700429762411E-003  2.980038096398E+002 -3.477203918372E+003  4.145137283848E+004  1.292887787464E-005  2.159234510795E-001
  1.448791546661E-001  2.732591710434E-003  2.887092971255E+002 -3.366437868434E+003  4.010707562921E+004  1.367585418368E-005  2.182161194551E-001
  1.476279361856E-001  2.765015260497E-003  2.796055454515E+002 -3.258009742366E+003  3.879217508733E+004  1.446351242838E-005  2.205591899425E-001
  1.504092737207E-001  2.797704413242E-003  2.706922938101E+002 -3.151913746346E+003  3.750656341099E+004  1.529412817761E-005  2.229539242383E-001
  1.532234348983E-001  2.830663226680E-003  2.619691442997E+002 -3.048142432563E+003  3.625011230846E+004  1.617011339312E-005  2.254016224215E-001
  1.560706914324E-001  2.863895817319E-003  2.534355652341E+002 -2.946686743852E+003  3.502267361096E+004  1.709402521248E-005  2.279036241458E-001
  1.589513191834E-001  2.897406361298E-003  2.450908945443E+002 -2.847536059374E+003  3.382407989737E+004  1.806857532585E-005  2.304613098596E-001
  1.618655982178E-001  2.931199095559E-003  2.369343432662E+002 -2.750678241261E+003  3.265414512990E+004  1.909663999465E-005  2.330761020545E-001
  1.648138128702E-001  2.965278319033E-003  2.289649991085E+002 -2.656099682123E+003  3.151266529945E+004  2.018127074326E-005  2.357494665394E-001
  1.677962518056E-001  2.999648393860E-003  2.211818300938E+002 -2.563785353366E+003  3.039941907961E+004  2.132570578765E-005  2.384829137397E-001
  1.708132080832E-001  3.034313746623E-003  2.135836882680E+002 -2.473718854212E+003  2.931416848817E+004  2.253338223565E-005  2.412780000201E-001
  1.738649792215E-001  3.069278869616E-003  2.061693134710E+002 -2.385882461348E+003  2.825665955503E+004  2.380794911073E-005  2.441363290270E-001
  1.769518672648E-001  3.104548322136E-003  1.989373371625E+002 -2.300257179132E+003  2.722662299530E+004  2.515328128154E-005  2.470595530510E-001
  1.800741788507E-001  3.140126731803E-003  1.918862862968E+002 -2.216822790253E+003  2.622377488672E+004  2.657349431503E-005  2.500493744021E-001
  1.832322252791E-001  3.176018795904E-003  1.850145872413E+002 -2.135557906787E+003  2.524781735004E+004  2.807296035486E-005  2.531075467984E-001
  1.864263225826E-001  3.212229282769E-003  1.783205697305E+002 -2.056440021548E+003  2.429843923146E+004  2.965632506371E-005  2.562358767600E-001
  1.896567915983E-001  3.248763033179E-003  1.718024708520E+002 -1.979445559671E+003  2.337531678608E+004  3.132852571704E-005  2.594362250050E-001
  1.929239580409E-001  3.285624961791E-003  1.654584390559E+002 -1.904549930333E+003  2.247811436113E+004  3.309481051693E-005  2.627105078414E-001
  1.962281525771E-001  3.322820058613E-003  1.592865381841E+002 -1.831727578551E+003  2.160648507816E+004  3.496075920404E-005  2.660606985473E-001
  1.995697109023E-001  3.360353390492E-003  1.532847515110E+002 -1.760952036962E+003  2.076007151309E+004  3.693230503406E-005  2.694888287314E-001
  2.029489738173E-001  3.398230102644E-003  1.474509857918E+002 -1.692195977527E+003  1.993850637315E+004  3.901575823972E-005  2.729969896656E-001
  2.063662873085E-001  3.436455420218E-003  1.417830753115E+002 -1.625431263071E+003  1.914141316966E+004  4.121783102496E-005  2.765873335776E-001
  2.098220026275E-001  3.475034649885E-003  1.362787859295E+002 -1.560628998595E+003  1.836840688592E+004  4.354566420568E-005  2.802620748923E-001
  2.133164763746E-001  3.513973181471E-003  1.309358191131E+002 -1.497759582294E+003  1.761909463905E+004  4.600685559167E-005  2.840234914085E-001
  2.168500705817E-001  3.553276489620E-003  1.257518159569E+002 -1.436792756192E+003  1.689307633509E+004  4.860949018354E-005  2.878739253941E-001
  2.204231527988E-001  3.592950135496E-003  1.207243611793E+002 -1.377697656353E+003  1.618994531638E+004  5.136217231732E-005  2.918157845833E-001
  2.240360961807E-001  3.632999768520E-003  1.158509870936E+002 -1.320442862583E+003  1.550928900048E+004  5.427405981116E-005  2.958515430550E-001
  2.276892795770E-001  3.673431128145E-003  1.111291775478E+002 -1.264996447573E+003  1.485068950973E+004  5.735490024755E-005  2.999837419693E-001
  2.313830876220E-001  3.714250045674E-003  1.065563718278E+002 -1.211326025414E+003  1.421372429087E+004  6.061506945762E-005  3.042149901376E-001
  2.351179108282E-001  3.755462446115E-003  1.021299685191E+002 -1.159398799427E+003  1.359796672375E+004  6.406561231615E-005  3.085479643961E-001
  2.388941456809E-001  3.797074350078E-003  9.784732932335E+001 -1.109181609258E+003  1.300298671862E+004  6.771828591626E-005  3.129854097515E-001
  2.427121947345E-001  3.839091875711E-003  9.370578282410E+001 -1.060640977174E+003  1.242835130129E+004  7.158560521137E-005  3.175301392611E-001
  2.465724667110E-001  3.881521240686E-003  8.970262819806E+001 -1.013743153520E+003  1.187362518553E+004  7.568089117048E-005  3.221850336081E-001
  2.504753766009E-001  3.924368764227E-003  8.583513886771E+001 -9.684541612788E+002  1.133837133204E+004  8.001832150865E-005  3.269530403250E-001
  2.544213457654E-001  3.967640869177E-003  8.210056609105E+001 -9.247398396887E+002  1.082215149365E+004  8.461298400556E-005  3.318371726153E-001
  2.584108020414E-001  4.011344084122E-003  7.849614248489E+001 -8.825658868852E+002  1.032452674599E+004  8.948093242712E-005  3.368405077157E-001
  2.624441798480E-001  4.055485045557E-003  7.501908547805E+001 -8.418979015110E+002  9.845058003328E+003  9.463924498049E-005  3.419661847372E-001
  2.665219202956E-001  4.100070500102E-003  7.166660069097E+001 -8.027014232674E+002  9.383306519110E+003  1.001060852925E-004  3.472174019135E-001
  2.706444712976E-001  4.145107306769E-003  6.843588523866E+001 -7.649419723653E+002  8.938834370700E+003  1.059007657137E-004  3.525974131804E-001
  2.748122876832E-001  4.190602439283E-003  6.532413095390E+001 -7.285850878472E+002  8.511204928105E+003  1.120438128304E-004  3.581095239998E-001
  2.790258313137E-001  4.236562988450E-003  6.232852752781E+001 -6.935963647463E+002  8.099983306270E+003  1.185570348875E-004  3.637570863346E-001
  2.832855712010E-001  4.282996164587E-003  5.944626556530E+001 -6.599414900581E+002  7.704736800692E+003  1.254635908113E-004  3.695434926702E-001
  2.875919836279E-001  4.329909300005E-003  5.667453955287E+001 -6.275862774996E+002  7.325035306109E+003  1.327880603812E-004  3.754721689694E-001
  2.919455522717E-001  4.377309851548E-003  5.401055073665E+001 -5.964967010325E+002  6.960451718044E+003  1.405565149996E-004  3.815465664364E-001
  2.963467683296E-001  4.425205403192E-003  5.145150990851E+001 -5.666389271339E+002  6.610562317058E+003  1.487965883566E-004  3.877701519546E-001
  3.007961306479E-001  4.473603668706E-003  4.899464009868E+001 -5.379793457970E+002  6.274947135553E+003  1.575375461330E-004  3.941463970533E-001
  3.052941458522E-001  4.522512494374E-003  4.663717917294E+001 -5.104846002471E+002  5.953190307060E+003  1.668103537140E-004  4.006787652431E-001
  3.098413284823E-001  4.571939861783E-003  4.437638233336E+001 -4.841216153652E+002  5.644880397929E+003  1.766477406158E-004  4.073706975529E-001
  3.144382011281E-001  4.621893890671E-003  4.220952452104E+001 -4.588576248072E+002  5.349610721408E+003  1.870842601554E-004  4.142255960871E-001
  3.190852945695E-001  4.672382841850E-003  4.013390272008E+001 -4.346601968163E+002  5.066979634130E+003  1.981563425471E-004  4.212468054110E-001
  3.237831479192E-001  4.723415120192E-003  3.814683816185E+001 -4.114972587229E+002  4.796590815040E+003  2.099023393250E-004  4.284375915659E-001
  3.285323087679E-001  4.774999277691E-003  3.624567842901E+001 -3.893371201339E+002  4.538053526848E+003  2.223625566421E-004  4.358011185026E-001
  3.333333333333E-001  4.827144016591E-003  3.442779945881E+001 -3.681484948112E+002  4.290982860121E+003  2.355792745700E-004  4.433404217204E-001
  3.381867866117E-001  4.879858192602E-003  3.269060744555E+001 -3.479005212457E+002  4.054999960146E+003  2.495967491150E-004  4.510583788945E-001
  3.430932425333E-001  4.933150818173E-003  3.103154064191E+001 -3.285627819313E+002  3.829732236755E+003  2.644611932125E-004  4.589576772748E-001
  3.480532841203E-001  4.987031065868E-003  2.944807105963E+001 -3.101053213497E+002  3.614813557287E+003  2.802207323791E-004  4.670407776485E-001
  3.530675036492E-001  5.041508271801E-003  2.793770606949E+001 -2.924986626763E+002  3.409884422935E+003  2.969253303148E-004  4.753098746690E-001
  3.581365028158E-001  5.096591939172E-003  2.649798990138E+001 -2.757138232206E+002  3.214592128729E+003  3.146266790011E-004  4.837668533769E-001
  3.632608929041E-001  5.152291741875E-003  2.512650504488E+001 -2.597223286158E+002  3.028590907428E+003  3.333780475163E-004  4.924132417684E-001
  3.684412949588E-001  5.208617528209E-003  2.382087355130E+001 -2.444962257761E+002  2.851542057629E+003  3.532340830359E-004  5.012501593105E-001
  3.736783399619E-001  5.265579324662E-003  2.257875823805E+001 -2.300080946391E+002  2.683114056427E+003  3.742505571862E-004  5.102782613567E-001
  3.789726690123E-001  5.323187339805E-003  2.139786379659E+001 -2.162310587161E+002  2.522982656955E+003  3.964840503683E-004  5.194976794923E-001
  3.843249335105E-001  5.381451968273E-003  2.027593780506E+001 -2.031387944707E+002  2.370830971198E+003  4.199915664499E-004  5.289079579263E-001
  3.897357953460E-001  5.440383794842E-003  1.921077164707E+001 -1.907055395518E+002  2.226349538435E+003  4.448300700776E-004  5.385079861616E-001
  3.952059270903E-001  5.499993598618E-003  1.820020133824E+001 -1.789060999054E+002  2.089236379743E+003  4.710559390105E-004  5.482959283068E-001
  4.007360121927E-001  5.560292357317E-003  1.724210826202E+001 -1.677158557923E+002  1.959197038955E+003  4.987243241849E-004  5.582691495529E-001
  4.063267451812E-001  5.621291251662E-003  1.633441981666E+001 -1.571107667406E+002  1.835944610528E+003  5.278884111681E-004  5.684241405228E-001
  4.119788318683E-001  5.683001669888E-003  1.547510997521E+001 -1.470673754621E+002  1.719199754744E+003  5.585985777792E-004  5.787564404103E-001
  4.176929895600E-001  5.745435212354E-003  1.466219976048E+001 -1.375628107631E+002  1.608690700715E+003  5.909014445860E-004  5.892605600614E-001
  4.234699472710E-001  5.808603696282E-003  1.389375763712E+001 -1.285747894816E+002  1.504153237651E+003  6.248388173998E-004  5.999299064057E-001
  4.293104459435E-001  5.872519160606E-003  1.316789982296E+001 -1.200816174824E+002  1.405330694872E+003  6.604465241178E-004  6.107567099211E-001
  4.352152386716E-001  5.937193870949E-003  1.248279052194E+001 -1.120621897451E+002  1.311973911033E+003  6.977531522418E-004  6.217319570981E-001
  4.411850909306E-001  6.002640324729E-003  1.183664208084E+001 -1.044959895774E+002  1.223841193067E+003  7.367786982366E-004  6.328453301547E-001
  4.472207808110E-001  6.068871256391E-003  1.122771507239E+001 -9.736308698843E+001  1.140698265314E+003  7.775331454795E-004  6.440851565220E-001
  4.533230992589E-001  6.135899642772E-003  1.065431830708E+001 -9.064413625842E+001  1.062318209349E+003  8.200149939734E-004  6.554383708619E-001
  4.594928503202E-001  6.203738708611E-003  1.011480877629E+001 -8.432037273861E+001  9.884813950019E+002  8.642097718834E-004  6.668904925686E-001
  4.657308513924E-001  6.272401932198E-003  9.607591529350E+000 -7.837360891812E+001  9.189754030474E+002  9.100885662812E-004  6.784256218214E-001
  4.720379334802E-001  6.341903051163E-003  9.131119486991E+000 -7.278622979341E+001  8.535949400844E+002  9.576066178738E-004  6.900264572765E-001
  4.784149414579E-001  6.412256068427E-003  8.683893194010E+000 -6.754118757659E+001  7.921417460784E+002  1.006702031195E-003  7.016743383808E-001
  4.848627343381E-001  6.483475258298E-003  8.264460513740E+000 -6.262199577848E+001  7.344244950656E+002  1.057294657852E-003  7.133493150379E-001
  4.913821855461E-001  6.555575172733E-003  7.871416267034E+000 -5.801272270279E+001  6.802586894988E+002  1.109285214559E-003  7.250302469349E-001
  4.979741832006E-001  6.628570647764E-003  7.503401818492E+000 -5.369798438709E+001  6.294665487173E+002  1.162554699744E-003  7.366949342328E-001
  5.046396304008E-001  6.702476810086E-003  7.159104612636E+000 -4.966293702650E+001  5.818768920110E+002  1.216964171607E-003  7.483202805278E-001
  5.113794455212E-001  6.777309083830E-003  6.837257662767E+000 -4.589326891544E+001  5.373250167461E+002  1.272354945877E-003  7.598824880128E-001
  5.181945625116E-001  6.853083197508E-003  6.536638995215E+000 -4.237519194249E+001  4.956525720070E+002  1.328549263131E-003  7.713572836291E-001
  5.250859312060E-001  6.929815191146E-003  6.256071051682E+000 -3.909543267310E+001  4.567074282040E+002  1.385351462692E-003  7.827201737361E-001
  5.320545176366E-001  7.007521423604E-003  5.994420052379E+000 -3.604122305412E+001  4.203435430836E+002  1.442549683186E-003  7.939467234944E-001
  5.391013043575E-001  7.086218580100E-003  5.750595322614E+000 -3.320029077386E+001  3.864208245683E+002  1.499918089357E-003  8.050128558295E-001
  5.462272907741E-001  7.165923679926E-003  5.523548585479E+000 -3.056084931053E+001  3.548049908416E+002  1.557219601334E-003  8.158951635982E-001
  5.534334934816E-001  7.246654084380E-003  5.312273223230E+000 -2.811158770128E+001  3.253674280822E+002  1.614209077651E-003  8.265712275010E-001
  5.607209466109E-001  7.328427504912E-003  5.115803509945E+000 -2.584166006348E+001  2.979850462376E+002  1.670636878566E-003  8.370199314773E-001
  5.680907021827E-001  7.411262011483E-003  4.933213817981E+000 -2.374067489879E+001  2.725401332154E+002  1.726252713253E-003  8.472217668327E-001
  5.755438304707E-001  7.495176041166E-003  4.763617800702E+000 -2.179868421010E+001  2.489202078574E+002  1.780809655332E-003  8.571591162765E-001
  5.830814203728E-001  7.580188406970E-003  4.606167553929E+000 -2.000617246020E+001  2.270178720451E+002  1.834068197361E-003  8.668165093955E-001
  5.907045797917E-001  7.666318306912E-003  4.460052758473E+000 -1.835404540044E+001  2.067306622757E+002  1.885800208035E-003  8.761808418801E-001
  5.984144360243E-001  7.753585333338E-003  4.324499806076E+000 -1.683361879651E+001  1.879609010273E+002  1.935792656514E-003  8.852415520161E-001
  6.062121361613E-001  7.842009482502E-003  4.198770911018E+000 -1.543660707749E+001  1.706155482235E+002  1.983850976784E-003  8.939907494919E-001
  6.140988474955E-001  7.931611164409E-003  4.082163209587E+000 -1.415511193349E+001  1.546060530868E+002  2.029801960927E-003  9.024232933636E-001
  6.220757579409E-001  8.022411212936E-003  3.974007849531E+000 -1.298161088608E+001  1.398482066598E+002  2.073496092308E-003  9.105368179537E-001
  6.301440764614E-001  8.114430896230E-003  3.873669071565E+000 -1.190894585453E+001  1.262619952568E+002  2.114809256442E-003  9.183317074112E-001
  6.383050335109E-001  8.207691927403E-003  3.780543284899E+000 -1.093031174020E+001  1.137714550904E+002  2.153643796693E-003  9.258110215157E-001
  6.465598814833E-001  8.302216475524E-003  3.694058138723E+000 -1.003924504996E+001  1.023045283087E+002  2.189928911674E-003  9.329803769550E-001
  6.549098951744E-001  8.398027176926E-003  3.613671591469E+000 -9.229612578734E+000  9.179292065731E+001  2.223620419499E-003  9.398477896602E-001
  6.633563722545E-001  8.495147146827E-003  3.538870979620E+000 -8.495600170023E+000  8.217196097075E+001  2.254699938748E-003  9.464234847837E-001
  6.719006337539E-001  8.593599991288E-003  3.469172087747E+000 -7.831701572325E+000  7.338046267938E+001  2.283173555998E-003  9.527196815285E-001
  6.805440245593E-001  8.693409819506E-003  3.404118221377E+000 -7.232707408149E+000  6.536058750617E+001  2.309070064332E-003  9.587503602752E-001
  6.892879139233E-001  8.794601256469E-003  3.343279284224E+000 -6.693694271384E+000  5.805771151200E+001  2.332438865753E-003  9.645310193449E-001
  6.981336959871E-001  8.897199455961E-003  3.286250861211E+000 -6.210013967650E+000  5.142029363452E+001  2.353347633257E-003  9.700784283156E-001
  7.070827903152E-001  9.001230113956E-003  3.232653308674E+000 -5.777282911233E+000  4.539974685226E+001  2.371879826212E-003  9.754103841540E-001
  7.161366424455E-001  9.106719482390E-003  3.182130853002E+000 -5.391371691165E+000  3.995031209197E+001  2.388132146204E-003  9.805454755843E-001
  7.252967244510E-001  9.213694383338E-003  3.134350698945E+000 -5.048394817988E+000  3.502893498441E+001  2.402212010895E-003  9.855028601803E-001
  7.345645355186E-001  9.322182223606E-003  3.089002148691E+000 -4.744700661726E+000  3.059514556107E+001  2.414235111785E-003  9.903020576812E-001
  7.439416025400E-001  9.432211009745E-003  3.045795732778E+000 -4.476861590632E+000  2.661094097231E+001  2.424323108886E-003  9.949627620666E-001
  7.534294807203E-001  9.543809363512E-003  3.004462353792E+000 -4.241664319268E+000  2.304067129532E+001  2.432601502544E-003  9.995046740131E-001
  7.630297542000E-001  9.657006537783E-003  2.964752443752E+000 -4.036100473581E+000  1.985092848916E+001  2.439197710029E-003  1.003947354541E+000
  7.727440366954E-001  9.771832432940E-003  2.926435135992E+000 -3.857357379674E+000  1.701043854307E+001  2.444239363404E-003  1.008310099949E+000
  7.825739721536E-001  9.888317613741E-003  2.889297452278E+000 -3.702809082126E+000  1.448995685390E+001  2.447852835204E-003  1.012611837543E+000
  7.925212354258E-001  1.000649332670E-002  2.853143505834E+000 -3.570007596807E+000  1.226216685832E+001  2.450161990348E-003  1.016871041229E+000
  8.025875329584E-001  1.012639151798E-002  2.817793720868E+000 -3.456674402334E+000  1.030158193602E+001  2.451287156091E-003  1.021105665649E+000
  8.127746035011E-001  1.024804485184E-002  2.783084069120E+000 -3.360692173484E+000  8.584450591019E+000  2.451344296968E-003  1.025333097357E+000
  8.230842188350E-001  1.037148672960E-002  2.748865323902E+000 -3.280096759119E+000  7.088664909622E+000  2.450444378271E-003  1.029570121348E+000
  8.335181845190E-001  1.049675130923E-002  2.715002332018E+000 -3.213069406425E+000  5.793672285234E+000  2.448692899439E-003  1.033832901210E+000
  8.440783406568E-001  1.062387352550E-002  2.681373303890E+000 -3.157929232568E+000  4.680390392894E+000  2.446189577813E-003  1.038136971176E+000
  8.547665626839E-001  1.075288911077E-002  2.647869122174E+000 -3.113125944178E+000  3.731125388901E+000  2.443028162905E-003  1.042497238387E+000
  8.655847621758E-001  1.088383461638E-002  2.614392669066E+000 -3.077232804441E+000  2.929493304361E+000  2.439296362061E-003  1.046927993789E+000
  8.765348876780E-001  1.101674743475E-002  2.580858172462E+000 -3.048939846953E+000  2.260344595130E+000  2.435075859278E-003  1.051442930186E+000
  8.876189255584E-001  1.115166582209E-002  2.547190571078E+000 -3.027047334938E+000  1.709691804870E+000  2.430442410362E-003  1.056055166119E+000
  8.988389008829E-001  1.128862892191E-002  2.513324898576E+000 -3.010459463858E+000  1.264640292537E+000  2.425465999210E-003  1.060777274364E+000
  9.101968783143E-001  1.142767678917E-002  2.479205686720E+000 -2.998178304978E+000  9.133219707278E-001  2.420211041620E-003  1.065621313987E+000
  9.216949630368E-001  1.156885041525E-002  2.444786387505E+000 -2.989297986925E+000  6.448319968183E-001  2.414736624717E-003  1.070598865058E+000
  9.333353017046E-001  1.171219175365E-002  2.410028814199E+000 -2.982999111901E+000  4.491683547547E-001  2.409096771773E-003  1.075721065198E+000
  9.451200834176E-001  1.185774374655E-002  2.374902601175E+000 -2.978543402755E+000  3.171742617162E-001  2.403340723650E-003  1.080998647339E+000
  9.570515407237E-001  1.200555035216E-002  2.339384682374E+000 -2.975268576796E+000  2.404833306174E-001  2.397513229603E-003  1.086441978098E+000
  9.691319506484E-001  1.215565657299E-002  2.303458788228E+000 -2.972583441848E+000  2.114674165464E-001  2.391654841403E-003  1.092061096344E+000
  9.813636357544E-001  1.230810848498E-002  2.267114960825E+000 -2.969963209803E+000  2.231870727687E-001  2.385802205916E-003  1.097865751580E+000
  9.937489652293E-001  1.246295326757E-002  2.230349087070E+000 -2.966945022612E+000  2.693445397993E-001  2.379988352285E-003  1.103865441860E+000
  1.006290356005E+000  1.262023923477E-002  2.193162449581E+000 -2.963123685439E+000  3.442391892877E-001  2.374242970686E-003  1.110069451020E+000
  1.018990273907E+000  1.278001586715E-002  2.155561295042E+000 -2.958147601522E+000  4.427253430403E-001  2.368592680433E-003  1.116486885071E+000
  1.031851234841E+000  1.294233384499E-002  2.117556419700E+000 -2.951714903074E+000  5.601723864170E-001  2.363061285798E-003  1.123126707648E+000
  1.044875806003E+000  1.310724508236E-002  2.079162771695E+000 -2.943569772445E+000  6.924270945580E-001  2.357670018382E-003  1.129997774437E+000
  1.058066607138E+000  1.327480276248E-002  2.040399069892E+000 -2.933498947660E+000  8.357780894300E-001  2.352437765447E-003  1.137108866573E+000
  1.071426311823E+000  1.344506137405E-002  2.001287438862E+000 -2.921328406333E+000  9.869223454989E-001  2.347381283778E-003  1.144468722976E+000
  1.084957648792E+000  1.361807674895E-002  1.961853059686E+000 -2.906920221952E+000  1.142933661928E+000  2.342515399065E-003  1.152086071683E+000
  1.098663403298E+000  1.379390610110E-002  1.922123836203E+000 -2.890169586458E+000  1.301233019563E+000  2.337853190961E-003  1.159969660185E+000
  1.112546418516E+000  1.397260806657E-002  1.882130076362E+000 -2.871001993075E+000  1.459560741575E+000  2.333406164101E-003  1.168128284844E+000
  1.126609596985E+000  1.415424274514E-002  1.841904188312E+000 -2.849370573338E+000  1.615950377457E+000  2.329184405580E-003  1.176570819456E+000
  1.140855902095E+000  1.433887174317E-002  1.801480390869E+000 -2.825253582346E+000  1.768704231170E+000  2.325196729379E-003  1.185306243032E+000
  1.155288359613E+000  1.452655821788E-002  1.760894438014E+000 -2.798652026310E+000  1.916370455473E+000  2.321450808365E-003  1.194343666881E+000
  1.169910059257E+000  1.471736692327E-002  1.720183357054E+000 -2.769587426552E+000  2.057721635947E+000  2.317953294481E-003  1.203692361093E+000
  1.184724156317E+000  1.491136425740E-002  1.679385200115E+000 -2.738099714241E+000  2.191734789881E+000  2.314709927805E-003  1.213361780510E+000
  1.199733873325E+000  1.510861831145E-002  1.638538808615E+000 -2.704245250236E+000  2.317572706969E+000  2.311725635096E-003  1.223361590272E+000
  1.214942501771E+000  1.530919892035E-002  1.597683590390E+000 -2.668094964579E+000  2.434566560743E+000  2.309004618539E-003  1.233701691056E+000
  1.230353403874E+000  1.551317771520E-002  1.556859309143E+000 -2.629732610310E+000  2.542199721749E+000  2.306550435265E-003  1.244392244090E+000
  1.245970014403E+000  1.572062817747E-002  1.516105885896E+000 -2.589253126435E+000  2.640092705662E+000  2.304366068317E-003  1.255443696048E+000
  1.261795842559E+000  1.593162569510E-002  1.475463212156E+000 -2.546761105065E+000  2.727989191871E+000  2.302453989641E-003  1.266866803922E+000
  1.277834473907E+000  1.614624762054E-002  1.434970974464E+000 -2.502369357911E+000  2.805743050433E+000  2.300816215645E-003  1.278672659986E+000
  1.294089572372E+000  1.636457333079E-002  1.394668490070E+000 -2.456197577496E+000  2.873306317770E+000  2.299454355929E-003  1.290872716932E+000
  1.310564882294E+000  1.658668428962E-002  1.354594553435E+000 -2.408371088666E+000  2.930718063987E+000  2.298369655623E-003  1.303478813299E+000
  1.327264230548E+000  1.681266411190E-002  1.314787293291E+000 -2.359019686133E+000  2.978094097269E+000  2.297563031875E-003  1.316503199279E+000
  1.344191528724E+000  1.704259863026E-002  1.275284040007E+000 -2.308276553994E+000  3.015617453352E+000  2.297035104921E-003  1.329958563029E+000
  1.361350775387E+000  1.727657596408E-002  1.236121202990E+000 -2.256277263384E+000  3.043529620688E+000  2.296786224161E-003  1.343858057561E+000
  1.378746058390E+000  1.751468659100E-002  1.197334157883E+000 -2.203158844552E+000  3.062122454472E+000  2.296816489659E-003  1.358215328346E+000
  1.396381557275E+000  1.775702342093E-002  1.158957143323E+000 -2.149058929896E+000  3.071730735263E+000  2.297125769438E-003  1.373044541723E+000
  1.414261545744E+000  1.800368187279E-002  1.121023167007E+000 -2.094114964634E+000  3.072725330451E+000  2.297713712929E-003  1.388360414226E+000
  1.432390394201E+000  1.825475995395E-002  1.083563920851E+000 -2.038463481969E+000  3.065506919288E+000  2.298579760913E-003  1.404178242944E+000
  1.450772572390E+000  1.851035834267E-002  1.046609704997E+000 -1.982239439773E+000  3.050500244591E+000  2.299723152282E-003  1.420513937038E+000
  1.469412652102E+000  1.877058047342E-002  1.010189360460E+000 -1.925575615975E+000  3.028148856585E+000  2.301142927919E-003  1.437384050520E+000
  1.488315309978E+000  1.903553262542E-002  9.743302101645E-001 -1.868602059977E+000  2.998910316576E+000  2.302837931973E-003  1.454805816429E+000
  1.507485330398E+000  1.930532401444E-002  9.390580081724E-001 -1.811445597562E+000  2.963251830306E+000  2.304806810846E-003  1.472797182536E+000
  1.526927608467E+000  1.958006688797E-002  9.043968968489E-001 -1.754229386871E+000  2.921646282890E+000  2.307048010096E-003  1.491376848701E+000
  1.546647153093E+000  1.985987662391E-002  8.703693717534E-001 -1.697072523179E+000  2.874568649181E+000  2.309559769583E-003  1.510564306041E+000
  1.566649090169E+000  2.014487183303E-002  8.369962540140E-001 -1.640089690234E+000  2.822492755237E+000  2.312340117051E-003  1.530379878040E+000
  1.586938665861E+000  2.043517446518E-002  8.042966699501E-001 -1.583390856092E+000  2.765888368250E+000  2.315386860410E-003  1.550844763771E+000
  1.607521250000E+000  2.073090991960E-002  7.722880376989E-001 -1.527081011401E+000  2.705218593929E+000  2.318697578955E-003  1.571981083380E+000
  1.628402339588E+000  2.103220715932E-002  7.409860605975E-001 -1.471259948183E+000  2.640937561746E+000  2.322269613744E-003  1.593811926023E+000
  1.649587562420E+000  2.133919883002E-002  7.104047270628E-001 -1.416022077228E+000  2.573488379821E+000  2.326100057372E-003  1.616361400420E+000
  1.671082680832E+000  2.165202138333E-002  6.805563167089E-001 -1.361456282231E+000  2.503301342449E+000  2.330185743340E-003  1.639654688240E+000
  1.692893595565E+000  2.197081520497E-002  6.514514124292E-001 -1.307645808890E+000  2.430792374355E+000  2.334523235268E-003  1.663718100501E+000
  1.715026349769E+000  2.229572474776E-002  6.230989181659E-001 -1.254668187166E+000  2.356361696778E+000  2.339108816142E-003  1.688579137225E+000
  1.737487133138E+000  2.262689866987E-002  5.955060820822E-001 -1.202595184970E+000  2.280392701340E+000  2.343938477811E-003  1.714266550567E+000
  1.760282286187E+000  2.296448997842E-002  5.686785248432E-001 -1.151492791537E+000  2.203251018466E+000  2.349007910953E-003  1.740810411668E+000
  1.783418304674E+000  2.330865617868E-002  5.426202727048E-001 -1.101421228764E+000  2.125283767794E+000  2.354312495691E-003  1.768242181504E+000
  1.806901844175E+000  2.365955942924E-002  5.173337951060E-001 -1.052434988814E+000  2.046818978603E+000  2.359847293074E-003  1.796594785996E+000
  1.830739724818E+000  2.401736670327E-002  4.928200464483E-001 -1.004582896270E+000  1.968165168838E+000  2.365607037602E-003  1.825902695704E+000
  1.854938936184E+000  2.438224995616E-002  4.690785117477E-001 -9.579081931516E-001  1.889611071737E+000  2.371586130971E-003  1.856202010408E+000
  1.879506642368E+000  2.475438629994E-002  4.461072558338E-001 -9.124486450884E-001  1.811425499487E+000  2.377778637224E-003  1.887530548923E+000
  1.904450187236E+000  2.513395818467E-002  4.239029757711E-001 -8.682366669748E-001  1.733857333650E+000  2.384178279452E-003  1.919927944529E+000
  1.929777099847E+000  2.552115358717E-002  4.024610561753E-001 -8.252994664143E-001  1.657135632444E+000  2.390778438196E-003  1.953435746390E+000
  1.955495100083E+000  2.591616620741E-002  3.817756270930E-001 -7.836592032836E-001  1.581469845195E+000  2.397572151678E-003  1.988097527401E+000
  1.981612104475E+000  2.631919567292E-002  3.618396241183E-001 -7.433331637550E-001  1.507050124566E+000  2.404552117963E-003  2.023958998906E+000
  2.008136232230E+000  2.673044775156E-002  3.426448504169E-001 -7.043339471320E-001  1.434047727367E+000  2.411710699137E-003  2.061068132773E+000
  2.035075811486E+000  2.715013457311E-002  3.241820403343E-001 -6.666696638732E-001  1.362615495007E+000  2.419039927565E-003  2.099475291359E+000
  2.062439385788E+000  2.757847486001E-002  3.064409242678E-001 -6.303441432074E-001  1.292888404864E+000  2.426531514246E-003  2.139233365907E+000
  2.090235720801E+000  2.801569416771E-002  2.894102944874E-001 -5.953571487714E-001  1.224984184072E+000  2.434176859262E-003  2.180397923993E+000
  2.118473811262E+000  2.846202513514E-002  2.730780715997E-001 -5.617046007414E-001  1.159003977470E+000  2.441967064278E-003  2.223027366667E+000
  2.147162888201E+000  2.891770774564E-002  2.574313713546E-001 -5.293788029696E-001  1.095033061730E+000  2.449892946992E-003  2.267183095984E+000
  2.176312426413E+000  2.938298959899E-002  2.424565715064E-001 -4.983686736888E-001  1.033141597919E+000  2.457945057408E-003  2.312929693682E+000
  2.205932152222E+000  2.985812619504E-002  2.281393784528E-001 -4.686599783995E-001  9.733854150580E-001  2.466113695752E-003  2.360335111815E+000
  2.236032051522E+000  3.034338122938E-002  2.144648933832E-001 -4.402355636144E-001  9.158068175646E-001  2.474388931756E-003  2.409470876223E+000
  2.266622378129E+000  3.083902690182E-002  2.014176776875E-001 -4.130755902030E-001  8.604354097578E-001  2.482760625030E-003  2.460412303788E+000
  2.297713662445E+000  3.134534423818E-002  1.889818173828E-001 -3.871577651423E-001  8.072889309932E-001  2.491218446146E-003  2.513238734493E+000
  2.329316720450E+000  3.186262342603E-002  1.771409863393E-001 -3.624575705614E-001  7.563740953412E-001  2.499751897990E-003  2.568033779409E+000
  2.361442663038E+000  3.239116416519E-002  1.658785080933E-001 -3.389484890381E-001  7.076874301162E-001  2.508350336864E-003  2.624885585808E+000
  2.394102905709E+000  3.293127603351E-002  1.551774160589E-001 -3.166022241906E-001  6.612161079661E-001  2.517002992775E-003  2.683887120711E+000
  2.427309178642E+000  3.348327886897E-002  1.450205119628E-001 -2.953889156886E-001  6.169387676456E-001  2.525698988220E-003  2.745136474304E+000
  2.461073537146E+000  3.404750316862E-002  1.353904223435E-001 -2.752773478932E-001  5.748263190184E-001  2.534427354742E-003  2.808737184768E+000
  2.495408372530E+000  3.462429050548E-002  1.262696529757E-001 -2.562351514209E-001  5.348427282674E-001  2.543177046458E-003  2.874798586211E+000
  2.530326423398E+000  3.521399396401E-002  1.176406410954E-001 -2.382289970112E-001  4.969457797238E-001  2.551936949627E-003  2.943436181572E+000
  2.565840787378E+000  3.581697859546E-002  1.094858053200E-001 -2.212247811666E-001  4.610878111597E-001  2.560695887329E-003  3.014772042498E+000
  2.601964933334E+000  3.643362189376E-002  1.017875931733E-001 -2.051878031146E-001  4.272164198171E-001  2.569442618227E-003  3.088935238432E+000
  2.638712714049E+000  3.706431429322E-002  9.452852614299E-002 -1.900829327256E-001  3.952751368734E-001  2.578165828285E-003  3.166062297339E+000
  2.676098379430E+000  3.770945968912E-002  8.769124221259E-002 -1.758747691034E-001  3.652040684495E-001  2.586854114363E-003  3.246297700769E+000
  2.714136590232E+000  3.836947598236E-002  8.125853582733E-002 -1.625277896370E-001  3.369405016730E-001  2.595495958464E-003  3.329794416192E+000
  2.752842432351E+000  3.904479564947E-002  7.521339526623E-002 -1.500064893843E-001  3.104194746866E-001  2.604079691456E-003  3.416714469890E+000
  2.792231431696E+000  3.973586633921E-002  6.953903740801E-002 -1.382755107212E-001  2.855743098618E-001  2.612593445078E-003  3.507229564008E+000
  2.832319569669E+000  4.044315149734E-002  6.421893989100E-002 -1.272997632605E-001  2.623371098174E-001  2.621025091020E-003  3.601521741771E+000
  2.873123299289E+000  4.116713102086E-002  5.923687067983E-002 -1.170445341049E-001  2.406392161680E-001  2.629362165967E-003  3.699784105307E+000
  2.914659561979E+000  4.190830194354E-002  5.457691506289E-002 -1.074755885534E-001  2.204116312226E-001  2.637591781510E-003  3.802221591012E+000
  2.956945805065E+000  4.266717915414E-002  5.022350011531E-002 -9.855926143436E-002  2.015854031247E-001  2.645700517961E-003  3.909051807977E+000
  3.000000000000E+000  4.344429614932E-002  4.616141667124E-002 -9.026253928098E-002  1.840919751703E-001  2.653674301253E-003  4.020505945589E+000
  3.043840661365E+000  4.424020582308E-002  4.237583885842E-002 -8.255313360834E-002  1.678635002583E-001  2.661498262245E-003  4.136829757181E+000
  3.088486866678E+000  4.505548129460E-002  3.885234125493E-002 -7.539954558416E-002  1.528331216155E-001  2.669156578029E-003  4.258284627399E+000
  3.133958277047E+000  4.589071677685E-002  3.557691373521E-002 -6.877112241589E-002  1.389352211018E-001  2.676632295020E-003  4.385148731878E+000
  3.180275158719E+000  4.674652848797E-002  3.253597407806E-002 -6.263810580094E-002  1.261056365335E-001  2.683907134008E-003  4.517718298868E+000
  3.227458405560E+000  4.762355560797E-002  2.971637841417E-002 -5.697167280629E-002  1.142818495734E-001  2.690961277633E-003  4.656308983649E+000
  3.275529562509E+000  4.852246128332E-002  2.710542959519E-002 -5.174396955813E-002  1.034031458140E-001  2.697773141202E-003  4.801257367896E+000
  3.324510850077E+000  4.944393368200E-002  2.469088356961E-002 -4.692813813277E-002  9.341074874154E-002  2.704319128189E-003  4.952922597725E+000
  3.374425189910E+000  5.038868710203E-002  2.246095385357E-002 -4.249833704567E-002  8.424792929983E-002  2.710573372280E-003  5.111688175847E+000
  3.425296231502E+000  5.135746313639E-002  2.040431418715E-002 -3.842975573802E-002  7.586009278683E-002  2.716507468349E-003  5.277963925263E+000
  3.477148380094E+000  5.235103189784E-002  1.851009946815E-002 -3.469862345959E-002  6.819484481169E-002  2.722090195350E-003  5.452188144178E+000
  3.530006825834E+000  5.337019330676E-002  1.676790505701E-002 -3.128221294246E-002  6.120203801497E-002  2.727287234666E-003  5.634829974340E+000
  3.583897574256E+000  5.441577844603E-002  1.516778454705E-002 -2.815883925445E-002  5.483380121756E-002  2.732060888137E-003  5.826392007960E+000
  3.638847478148E+000  5.548865098670E-002  1.370024609525E-002 -2.530785421281E-002  4.904455261278E-002  2.736369800539E-003  6.027413161631E+000
  3.694884270887E+000  5.658970868864E-002  1.235624740879E-002 -2.270963672911E-002  4.379099855503E-002  2.740168691925E-003  6.238471849487E+000
  3.752036601308E+000  5.771988498079E-002  1.112718948289E-002 -2.034557944567E-002  3.903211942956E-002  2.743408105810E-003  6.460189492081E+000
  3.810334070199E+000  5.888015062562E-002  1.000490918528E-002 -1.819807201182E-002  3.472914401344E-002  2.746034179626E-003  6.693234402410E+000
  3.869807268505E+000  6.007151547295E-002  8.981670782496E-003 -1.625048133680E-002  3.084551365919E-002  2.747988444369E-003  6.938326096074E+000
  3.930487817331E+000  6.129503030858E-002  8.050156502628E-003 -1.448712914313E-002  2.734683755302E-002  2.749207660601E-003  7.196240078932E+000
  3.992408409843E+000  6.255178880352E-002  7.203456228610E-003 -1.289326713220E-002  2.420084021905E-002  2.749623698153E-003  7.467813172934E+000
  4.055602855172E+000  6.384292957002E-002  6.435056415361E-003 -1.145505006137E-002  2.137730236214E-002  2.749163466876E-003  7.753949449095E+000
  4.120106124432E+000  6.516963833101E-002  5.738828323052E-003 -1.015950701965E-002  1.884799606550E-002  2.747748905534E-003  8.055626846157E+000
  4.185954398964E+000  6.653315021009E-002  5.109015657576E-003 -8.994511176996E-003  1.658661528569E-002  2.745297035521E-003  8.373904564329E+000
  4.253185120935E+000  6.793475214960E-002  4.540221707829E-003 -7.948748270514E-003  1.456870251811E-002  2.741720085353E-003  8.709931336067E+000
  4.321837046422E+000  6.937578546490E-002  4.027396067649E-003 -7.011684079090E-003  1.277157244038E-002  2.736925690935E-003  9.064954690123E+000
  4.391950301120E+000  7.085764854355E-002  3.565821028211E-003 -6.173531126387E-003  1.117423327921E-002  2.730817175290E-003  9.440331341583E+000
  4.463566438835E+000  7.238179969882E-002  3.151097724270E-003 -5.425214840517E-003  9.757306588812E-003  2.723293909923E-003  9.837538859491E+000
  4.536728502895E+000  7.394976018725E-002  2.779132114925E-003 -4.758339386917E-003  8.502946074657E-003  2.714251758113E-003  1.025818878540E+001
  4.611481090679E+000  7.556311740127E-002  2.446120876444E-003 -4.165153378988E-003  7.394756044999E-003  2.703583598303E-003  1.070404140116E+001
  4.687870421430E+000  7.722352824817E-002  2.148537281256E-003 -3.638515658815E-003  6.417710024597E-003  2.691179923439E-003  1.117702237314E+001
  4.765944407533E+000  7.893272272784E-002  1.883117133350E-003 -3.171861327652E-003  5.558070018428E-003  2.676929509524E-003  1.167924153322E+001
  4.845752729492E+000  8.069250772248E-002  1.646844826190E-003 -2.759168192895E-003  4.803306868759E-003  2.660720144008E-003  1.221301409528E+001
  4.927346914797E+000  8.250477101257E-002  1.436939584729E-003 -2.394923784848E-003  4.142022105567E-003  2.642439401904E-003  1.278088465040E+001
  5.010780420931E+000  8.437148553436E-002  1.250841948348E-003 -2.074093082893E-003  3.563871647984E-003  2.621975454835E-003  1.338565433493E+001
  5.096108722763E+000  8.629471389541E-002  1.086200546514E-003 -1.792087076579E-003  3.059491672855E-003  2.599217895657E-003  1.403041162540E+001
  5.183389404586E+000  8.827661316581E-002  9.408592137343E-004 -1.544732272919E-003  2.620426925630E-003  2.574058558985E-003  1.471856728282E+001
  5.272682257105E+000  9.031943996425E-002  8.128444850034E-004 -1.328241246748E-003  2.239061708645E-003  2.546392316032E-003  1.545389404880E+001
  5.364049379651E+000  9.242555585946E-002  7.003535074847E-004 -1.139184316631E-003  1.908553742489E-003  2.516117820564E-003  1.624057178891E+001
  5.457555287978E+000  9.459743310926E-002  6.017423986554E-004 -9.744624145068E-004  1.622771057881E-003  2.483138181948E-003  1.708323888589E+001
  5.553267027968E+000  9.683766076100E-002  5.155150756705E-004 -8.312812032533E-004  1.376232038421E-003  2.447361540838E-003  1.798705081102E+001
  5.651254295630E+000  9.914895113938E-002  4.403125752874E-004 -7.071264827016E-004  1.164048699177E-003  2.408701523510E-003  1.895774694690E+001
  5.751589563796E+000  1.015341467494E-001  3.749028784173E-004 -5.997409115081E-004  9.818732524301E-004  2.367077552010E-003  2.000172690409E+001
  5.854348215936E+000  1.039962276248E-001  3.181712482737E-004 -5.071020597470E-004  8.258479804392E-004  2.322414989189E-003  2.112613777023E+001
  5.959608687557E+000  1.065383191537E-001  2.691110862264E-004 -4.274017952751E-004  6.925584059358E-004  2.274645100526E-003  2.233897395781E+001
  6.067452615683E+000  1.091637004188E-001  2.268153048872E-004 -3.590269958763E-004  5.789897244031E-004  2.223704818110E-003  2.364919158095E+001
  6.177964996951E+000  1.118758130872E-001  1.904682136949E-004 -3.005415690128E-004  4.824864381665E-004  2.169536296578E-003  2.506683959693E+001
  6.291234354880E+000  1.146782708938E-001  1.593379083797E-004 -2.506697517320E-004  4.007151109512E-004  2.112086255880E-003  2.660321030102E+001
  6.407352916949E+000  1.175748697626E-001  1.327691522014E-004 -2.082806549603E-004  3.316301428538E-004  2.051305111729E-003  2.827101216984E+001
  6.526416802128E+000  1.205695986129E-001  1.101767338089E-004 -1.723740090863E-004  2.734424495915E-004  1.987145901454E-003  3.008456851548E+001
  6.648526219580E+000  1.236666509049E-001  9.103928399498E-005 -1.420670614345E-004  2.245909163599E-004  1.919563020783E-003  3.206004594705E+001
  6.773785679311E+000  1.268704369821E-001  7.489353153110E-005 -1.165825709830E-004  1.837164855654E-004  1.848510796287E-003  3.421571724545E+001
  6.902304215570E+000  1.301855972713E-001  6.132897668847E-005 -9.523784150342E-005  1.496387290115E-004  1.773941929031E-003  3.657226394792E+001
  7.034195623922E+000  1.336170164087E-001  4.998295997791E-005 -7.743473121023E-005  1.213347487266E-004  1.695805857863E-003  3.915312471779E+001
  7.169578712934E+000  1.371698383673E-001  4.053610307231E-005 -6.265057501421E-005  9.792024644817E-005  1.614047106773E-003  4.198489644861E+001
  7.308577571516E+000  1.408494826628E-001  3.270809878721E-005 -5.042995455026E-005  7.863259975496E-005  1.528603700099E-003  4.509779602489E+001
  7.451321853057E+000  1.446616617293E-001  2.625382735465E-005 -4.037725128326E-005  6.281578289756E-005  1.439405753981E-003  4.852619174126E+001
  7.597947077547E+000  1.486123995567E-001  2.095977698407E-005 -3.214991911979E-005  4.990697244829E-005  1.346374382221E-003  5.230921457406E+001
  7.748594953021E+000  1.527080516973E-001  1.664074780057E-005 -2.545241499852E-005  3.942468187025E-005  1.249421091670E-003  5.649146081827E+001
  7.903413717736E+000  1.569553267535E-001  1.313681961032E-005 -2.003072878831E-005  3.095827487498E-005  1.148447885865E-003  6.112379907416E+001
  8.062558504629E+000  1.613613094717E-001  1.031056548449E-005 -1.566745736054E-005  2.415871482459E-005  1.043348345917E-003  6.626429624631E+001
  8.226191729726E+000  1.659334855793E-001  8.044494787334E-006 -1.217737176346E-005  1.873041622231E-005  9.340100115498E-004  7.197927920908E+001
  8.394483506327E+000  1.706797685137E-001  6.238710913402E-006 -9.403430839103E-006  1.442407425825E-005  8.203184373177E-004  7.834455130156E+001
  8.567612086926E+000  1.756085282071E-001  4.808770559722E-006 -7.213199201145E-006  1.103035912096E-005  7.021633383735E-004  8.544678621162E+001
  8.745764335025E+000  1.807286221064E-001  3.683732765411E-006 -5.495632053093E-006  8.374373003546E-006  5.794472487857E-004  9.338512674910E+001
  8.929136229160E+000  1.860494286260E-001  2.804387145431E-006 -4.158193693023E-006  6.310779059841E-006  4.520970651429E-004  1.022730236079E+002
  9.117933401693E+000  1.915808832504E-001  2.121651684320E-006 -3.124280573345E-006  4.719522638046E-006  3.200786989889E-004  1.122403613208E+002
  9.312371715124E+000  1.973335175235E-001  1.595131120251E-006 -2.330923338233E-006  3.502075599230E-006  1.834147595370E-004  1.234359381731E+002
  9.512677878945E+000  2.033185011886E-001  1.191827341390E-006 -1.726745265435E-006  2.578144126336E-006  4.220467011963E-005  1.360303984493E+002
  9.719090110332E+000  2.095476877688E-001  8.849933590987E-007 -1.270156953935E-006  1.882788923910E-006 -1.033541761271E-004  1.502197659426E+002
  9.931858842267E+000  2.160336639044E-001  6.531223584175E-007 -9.277689305896E-007  1.363913959986E-006 -2.529467353764E-004  1.662298071930E+002
  1.015124748302E+001  2.227898028021E-001  4.790631130220E-007 -6.730051454271E-007  9.800858588415E-007 -4.061260460758E-004  1.843215755986E+002
  1.037753323129E+001  2.298303221843E-001  3.492527556402E-007 -4.849011708644E-007  6.986507548996E-007 -5.623099215611E-004  2.047986727533E+002
  1.061100795175E+001  2.371703471699E-001  2.530575850621E-007 -3.470714240956E-007  4.941189812345E-007 -7.207956570927E-004  2.280170373271E+002
  1.085197911611E+001  2.448259785618E-001  1.822123325854E-007 -2.468300180151E-007  3.467905716320E-007 -8.808007543225E-004  2.543984703487E+002
  1.110077081537E+001  2.528143670735E-001  1.303481596829E-007 -1.744500387230E-007  2.415964243705E-007 -1.041537468869E-003  2.844496804699E+002
  1.135772484956E+001  2.611537940784E-001  9.259965592415E-008 -1.225462602692E-007  1.671313468156E-007 -1.202327103555E-003  3.187894647844E+002
  1.162320190175E+001  2.698637595360E-001  6.528127535483E-008 -8.556663149718E-008  1.148563018416E-007 -1.362756211885E-003  3.581878703097E+002
  1.189758280382E+001  2.789650778206E-001  4.562399577765E-008 -5.937836845142E-008  7.844820889758E-008 -1.522871754449E-003  4.036230675923E+002
  1.218126990242E+001  2.884799822596E-001  3.156349644290E-008 -4.093518933326E-008  5.327676623809E-008 -1.683407079942E-003  4.563647056168E+002
  1.247468853413E+001  2.984322392826E-001  2.157179893249E-008 -2.801313616529E-008  3.598905220969E-008 -1.846027064435E-003  5.180976594859E+002
  1.277828862002E+001  3.088472731875E-001  1.452506684281E-008 -1.900350956402E-008  2.418417048414E-008 -2.013579184131E-003  5.911091813283E+002
  1.309254639077E+001  3.197523026463E-001  9.601070649987E-009 -1.275265153444E-008  1.616191275120E-008 -2.190332768124E-003  6.785791786702E+002
  1.341796625462E+001  3.311764902095E-001  6.200653443395E-009 -8.439585954109E-009  1.073126828704E-008 -2.382160457815E-003  7.850450842826E+002
  1.375508282195E+001  3.431511062169E-001  3.888344207762E-009 -5.483805307566E-009  7.066533637168E-009 -2.596494789399E-003  9.171749483023E+002
  1.410446310162E+001  3.557097086969E-001  2.348028884784E-009 -3.476719198750E-009  4.600679342267E-009 -2.841442765367E-003  1.085107103442E+003
  1.446670888596E+001  3.688883410292E-001  1.350285856012E-009 -2.131411281616E-009  2.947432102849E-009 -3.121789217755E-003  1.304863787344E+003
  1.484245934302E+001  3.827257493700E-001  7.286113352528E-010 -1.246357865637E-009  1.845165336432E-009 -3.423228772423E-003  1.602784413528E+003
  1.523239383723E+001  3.972636220891E-001  3.622991432237E-010 -6.796306842793E-010  1.117117468188E-009 -3.649650505710E-003  2.023102946360E+003
  1.563723500136E+001  4.125468537596E-001  1.642019382338E-010 -3.308389500869E-010  6.436593929605E-010 -3.369511389585E-003  2.633789074771E+003
  1.605775208607E+001  4.286238365683E-001  7.199394034470E-011 -1.286725370264E-010  3.433161084342E-010 -1.031972601348E-003  3.466903634857E+003
  1.649476461582E+001  4.455467823929E-001  4.188620502016E-011 -2.240515841652E-011  1.600343117184E-010  4.793061421785E-003  4.152886675565E+003
  1.694914638379E+001  4.633720792263E-001  4.402149427775E-011  2.387873725140E-011  5.480825568229E-011  7.647941579037E-003  4.084624689844E+003
  1.742182982203E+001  4.821606861220E-001  5.900215341622E-011  3.524106662038E-011  2.627039383299E-013  6.466550006256E-003  3.704683667744E+003
  1.791381078784E+001  5.019785714107E-001  7.518500643491E-011  2.867421521421E-011 -2.282652142466E-011  4.927761062379E-003  3.417144450679E+003
  1.842615381215E+001  5.228971995942E-001  8.651520542980E-011  1.514542158006E-011 -2.779428935967E-011  3.798151546571E-003  3.260940969286E+003
  1.895999786176E+001  5.449940730840E-001  9.076943710152E-011  1.173804231909E-012 -2.361636310796E-011  3.009032335417E-003  3.209178476834E+003
  1.951656267356E+001  5.683533358366E-001  8.814214547128E-011 -9.904594099811E-012 -1.601569166046E-011  2.443559874302E-003  3.240752607086E+003
  2.009715572669E+001  5.930664469535E-001  8.014219608960E-011 -1.690645799573E-011 -8.321799827817E-012  2.023121449016E-003  3.345183956546E+003
  2.070317992707E+001  6.192329335039E-001  6.877877728197E-011 -1.997352963135E-011 -2.171392431931E-012  1.699304680151E-003  3.520104863777E+003
  2.133614208874E+001  6.469612332096E-001  5.601216577823E-011 -1.993539864858E-011  1.915456934100E-012  1.442041098548E-003  3.769464258350E+003
  2.199766230782E+001  6.763696392388E-001  4.343493933812E-011 -1.785299335026E-011  4.075369879547E-012  1.232105439366E-003  4.102929095537E+003
  2.268948433818E+001  7.075873612439E-001  3.213875687452E-011 -1.472611699895E-011  4.756807503052E-012  1.056807889498E-003  4.536254306274E+003
  2.341348709294E+001  7.407557189842E-001  2.271544288839E-011 -1.133895587605E-011  4.485144503675E-012  9.075195214237E-004  5.092527098376E+003
  2.417169741362E+001  7.760294874639E-001  1.534094423991E-011 -8.210349749341E-012  3.724487550141E-012  7.782155010137E-004  5.804387361126E+003
  2.496630426925E+001  8.135784155747E-001  9.896740888607E-012 -5.613302337555E-012  2.816029567518E-012  6.645905868234E-004  6.717531087223E+003
  2.579967457140E+001  8.535889438281E-001  6.093820185762E-012 -3.631066500524E-012  1.969399131867E-012  5.635057142004E-004  7.896061820383E+003
  2.667437081864E+001  8.962661510291E-001  3.576827586123E-012 -2.223903016888E-012  1.284339958795E-012  4.726314533734E-004  9.430638178900E+003
  2.759317081651E+001  9.418359647997E-001  1.997990163064E-012 -1.289279224185E-012  7.842785871338E-013  3.902122070461E-004  1.145097947805E+004
  2.855908975674E+001  9.905476768748E-001  1.059944663531E-012 -7.067748511925E-013  4.492356466948E-013  3.149067901948E-004  1.414531709128E+004
  2.957540498378E+001  1.042676811269E+000  5.327329468141E-013 -3.657594662430E-013  2.414263426773E-013  0.000000000000E+000  0.000000000000E+000
  3.064568382919E+001  1.098528402000E+000  2.529574494689E-013 -1.782885900651E-013  1.216201791902E-013  0.000000000000E+000  0.000000000000E+000
  3.177381495601E+001  1.158440747351E+000  1.131096324254E-013 -8.163376652256E-014  5.732640621503E-014  0.000000000000E+000  0.000000000000E+000
  3.296404372807E+001  1.222789720048E+000  4.745547711653E-014 -3.499571918598E-014  2.521845599474E-014  0.000000000000E+000  0.000000000000E+000
  3.422101220608E+001  1.291993727721E+000  1.860521818549E-014 -1.399317404591E-014  1.032024526875E-014  0.000000000000E+000  0.000000000000E+000
  3.554980447538E+001  1.366519436102E+000  6.785191517561E-015 -5.196322690679E-015  3.913556363834E-015  0.000000000000E+000  0.000000000000E+000
  3.695599813319E+001  1.446888389511E+000  2.290111599940E-015 -1.783325445937E-015  1.368938830697E-015  0.000000000000E+000  0.000000000000E+000
  3.844572291106E+001  1.533684690030E+000  7.113052541079E-016 -5.625093090509E-016  4.393917283794E-016  0.000000000000E+000  0.000000000000E+000
  4.002572758518E+001  1.627563929686E+000  2.020315864040E-016 -1.620740775433E-016  1.286437926517E-016  0.000000000000E+000  0.000000000000E+000
  4.170345654134E+001  1.729263610453E+000  5.210707945670E-017 -4.236274709132E-017  3.412508513636E-017  0.000000000000E+000  0.000000000000E+000
  4.348713762001E+001  1.839615336740E+000  1.210857846472E-017 -9.967589303390E-018  8.139900177265E-018  0.000000000000E+000  0.000000000000E+000
  4.538588318162E+001  1.959559126947E+000  2.506309406364E-018 -2.086200352126E-018  1.724260711944E-018  0.000000000000E+000  0.000000000000E+000
  4.740980671574E+001  2.090160267552E+000  4.604872781931E-019 -3.994989180558E-019  3.358891202132E-019  0.000000000000E+000  0.000000000000E+000
  4.957015778746E+001  2.232629229408E+000  7.548045887748E-020 -6.189207947306E-020  4.647976177758E-020  0.000000000000E+000  0.000000000000E+000
  5.187947869225E+001  2.388345286640E+000  9.466945568896E-021 -8.049866107766E-021  1.048184471140E-020  0.000000000000E+000  0.000000000000E+000
  5.435178690397E+001  2.558884630889E+000  1.544495655004E-021 -1.180025710389E-021 -6.587074631008E-023  0.000000000000E+000  0.000000000000E+000
  5.700278828629E+001  2.746053966795E+000  2.178477259927E-023 -3.039753260309E-022  2.713521533742E-022  0.000000000000E+000  0.000000000000E+000
  5.985012714155E+001  2.951930820846E+000  2.639798795151E-023  0.000000000000E+000  0.000000000000E+000  0.000000000000E+000  0.000000000000E+000
  6.291368055481E+001  3.178912111311E+000  0.000000000000E+000  0.000000000000E+000  0.000000000000E+000  0.000000000000E+000  0.000000000000E+000
  6.621590623276E+001  3.429772933797E+000  0.000000000000E+000  0.000000000000E+000  0.000000000000E+000  0.000000000000E+000  0.000000000000E+000
  6.978225524452E+001  3.707738044625E+000  0.000000000000E+000  0.000000000000E+000  0.000000000000E+000  0.000000000000E+000  0.000000000000E+000
  7.364166388185E+001  4.016569212832E+000  0.000000000000E+000  0.000000000000E+000  0.000000000000E+000  0.000000000000E+000  0.000000000000E+000
  7.782714245929E+001  4.360672516382E+000  0.000000000000E+000  0.000000000000E+000  0.000000000000E+000  0.000000000000E+000  0.000000000000E+000
  8.237648351994E+001  4.745230855210E+000  0.000000000000E+000  0.000000000000E+000  0.000000000000E+000  0.000000000000E+000  0.000000000000E+000
  8.733311794503E+001  5.176368549127E+000  0.000000000000E+000  0.000000000000E+000  0.000000000000E+000  0.000000000000E+000  0.000000000000E+000
  9.274715535088E+001  5.661357031559E+000  0.000000000000E+000  0.000000000000E+000  0.000000000000E+000  0.000000000000E+000  0.000000000000E+000
  9.867665554529E+001  6.208873552072E+000  0.000000000000E+000  0.000000000000E+000  0.000000000000E+000  0.000000000000E+000  0.000000000000E+000
  1.051891916055E+002  6.829328764649E+000  0.000000000000E+000  0.000000000000E+000  0.000000000000E+000  0.000000000000E+000  0.000000000000E+000
  1.123637836013E+002  7.535284543316E+000  0.000000000000E+000  0.000000000000E+000  0.000000000000E+000  0.000000000000E+000  0.000000000000E+000
  1.202933069206E+002  8.341990973528E+000  0.000000000000E+000  0.000000000000E+000  0.000000000000E+000  0.000000000000E+000  0.000000000000E+000
  1.290875131414E+002  9.268082166539E+000  0.000000000000E+000  0.000000000000E+000  0.000000000000E+000  0.000000000000E+000  0.000000000000E+000
  1.388768482001E+002  1.033648575811E+001  0.000000000000E+000  0.000000000000E+000  0.000000000000E+000  0.000000000000E+000  0.000000000000E+000
  1.498173177370E+002  1.157562284364E+001  0.000000000000E+000  0.000000000000E+000  0.000000000000E+000  0.000000000000E+000  0.000000000000E+000
  1.620967411853E+002  1.302100699722E+001  0.000000000000E+000  0.000000000000E+000  0.000000000000E+000  0.000000000000E+000  0.000000000000E+000
  1.759428668168E+002  1.471739812515E+001  0.000000000000E+000  0.000000000000E+000  0.000000000000E+000  0.000000000000E+000  0.000000000000E+000
  1.916340085825E+002  1.672173748087E+001  0.000000000000E+000  0.000000000000E+000  0.000000000000E+000  0.000000000000E+000  0.000000000000E+000
  2.095131417987E+002  1.910719757888E+001  0.000000000000E+000  0.000000000000E+000  0.000000000000E+000  0.000000000000E+000  0.000000000000E+000
  2.300068054477E+002  2.196884699990E+001  0.000000000000E+000  0.000000000000E+000  0.000000000000E+000  0.000000000000E+000  0.000000000000E+000
  2.536507797910E+002  2.543169216868E+001  0.000000000000E+000  0.000000000000E+000  0.000000000000E+000  0.000000000000E+000  0.000000000000E+000
  2.811254638474E+002  2.966227967912E+001  0.000000000000E+000  0.000000000000E+000  0.000000000000E+000  0.000000000000E+000  0.000000000000E+000
  3.133053780630E+002  3.488573552677E+001  0.000000000000E+000  0.000000000000E+000  0.000000000000E+000  0.000000000000E+000  0.000000000000E+000
  3.513296254502E+002  4.141128389041E+001  0.000000000000E+000  0.000000000000E+000  0.000000000000E+000  0.000000000000E+000  0.000000000000E+000
  3.967041014106E+002  4.967130404214E+001  0.000000000000E+000  0.000000000000E+000  0.000000000000E+000  0.000000000000E+000  0.000000000000E+000
  4.514529193349E+002  6.028257212519E+001  0.000000000000E+000  0.000000000000E+000  0.000000000000E+000  0.000000000000E+000  0.000000000000E+000
  5.183481233601E+002  7.414493328740E+001  0.000000000000E+000  0.000000000000E+000  0.000000000000E+000  0.000000000000E+000  0.000000000000E+000
  6.012676077950E+002  9.260523890243E+001  0.000000000000E+000  0.000000000000E+000  0.000000000000E+000  0.000000000000E+000  0.000000000000E+000
  7.057700503752E+002  1.177394213729E+002  0.000000000000E+000  0.000000000000E+000  0.000000000000E+000  0.000000000000E+000  0.000000000000E+000
  8.400513767914E+002  1.528577972397E+002  0.000000000000E+000  0.000000000000E+000  0.000000000000E+000  0.000000000000E+000  0.000000000000E+000
  1.016602135495E+003  2.034537342122E+002  0.000000000000E+000  0.000000000000E+000  0.000000000000E+000  0.000000000000E+000  0.000000000000E+000
  1.255220715580E+003  2.790860613466E+002  0.000000000000E+000  0.000000000000E+000  0.000000000000E+000  0.000000000000E+000  0.000000000000E+000
  1.588815776243E+003  3.973705897531E+002  0.000000000000E+000  0.000000000000E+000  0.000000000000E+000  0.000000000000E+000  0.000000000000E+000
  2.075392011604E+003  5.931596040112E+002  0.000000000000E+000  0.000000000000E+000  0.000000000000E+000  0.000000000000E+000  0.000000000000E+000
  2.825079847529E+003  9.419154890021E+002  0.000000000000E+000  0.000000000000E+000  0.000000000000E+000  0.000000000000E+000  0.000000000000E+000
  4.068408296184E+003  1.627629972033E+003  0.000000000000E+000  0.000000000000E+000  0.000000000000E+000  0.000000000000E+000  0.000000000000E+000
  6.357262947674E+003  3.178964796686E+003  0.000000000000E+000  0.000000000000E+000  0.000000000000E+000  0.000000000000E+000  0.000000000000E+000
  1.130231930164E+004  7.535323971013E+003  0.000000000000E+000  0.000000000000E+000  0.000000000000E+000  0.000000000000E+000  0.000000000000E+000
  2.543105175140E+004  2.543171841285E+004  0.000000000000E+000  0.000000000000E+000  0.000000000000E+000  0.000000000000E+000  0.000000000000E+000
  1.017262069958E+005  2.034537473226E+005  0.000000000000E+000  0.000000000000E+000  0.000000000000E+000  0.000000000000E+000  0.000000000000E+000
