# 1st line: number of mesh points
# abcissa weight wavefunction wavefunction_1st wavefunction_2nd
500
# Principal QN=   1 , l=   1 , Occupation=   2.0100
  9.830308526508E-006  1.966074589941E-005  6.096278338444E-005  6.201341324287E+000 -3.487066895911E+001
  3.932200719717E-005  3.932303800261E-005  2.438357092029E-004  6.200312999238E+000 -3.486590755742E+001
  8.847741541455E-005  5.898842277178E-005  5.485725065046E-004  6.198599346351E+000 -3.485797246910E+001
  1.573003992804E-004  7.865844718600E-005  9.750960638887E-004  6.196200698927E+000 -3.484686456649E+001
  2.457963722417E-004  9.833465899987E-005  1.523298439784E-003  6.193117523611E+000 -3.483258507207E+001
  3.539722959954E-004  1.180186070023E-004  2.193040876866E-003  6.189350420408E+000 -3.481513555962E+001
  4.818366816528E-004  1.377118412759E-004  2.984153820609E-003  6.184900122706E+000 -3.479451795579E+001
  6.293995911626E-004  1.574159134560E-004  3.896436942018E-003  6.179767497315E+000 -3.477073454193E+001
  7.966726389934E-004  1.771323769912E-004  4.929659164544E-003  6.173953544493E+000 -3.474378795629E+001
  9.836689940782E-004  1.968627874036E-004  6.083558695234E-003  6.167459397992E+000 -3.471368119655E+001
  1.190403382016E-003  2.166087025496E-004  7.357843060124E-003  6.160286325100E+000 -3.468041762267E+001
  1.416892087541E-003  2.363716828821E-004  8.752189143948E-003  6.152435726688E+000 -3.464400096006E+001
  1.663152957245E-003  2.561532917128E-004  1.026624323419E-002  6.143909137263E+000 -3.460443530307E+001
  1.929205402573E-003  2.759550954757E-004  1.189962106949E-002  6.134708225019E+000 -3.456172511877E+001
  2.215070403074E-003  2.957786639908E-004  1.365190789259E-002  6.124834791896E+000 -3.451587525110E+001
  2.520770509919E-003  3.156255707300E-004  1.552265850766E-002  6.114290773636E+000 -3.446689092523E+001
  2.846329849692E-003  3.354973930828E-004  1.751139734226E-002  6.103078239840E+000 -3.441477775227E+001
  3.191774128432E-003  3.553957126240E-004  1.961761851397E-002  6.091199394029E+000 -3.435954173428E+001
  3.557130635959E-003  3.753221153821E-004  2.184078590162E-002  6.078656573700E+000 -3.430118926950E+001
  3.942428250463E-003  3.952781921092E-004  2.418033322135E-002  6.065452250383E+000 -3.423972715794E+001
  4.347697443358E-003  4.152655385525E-004  2.663566410759E-002  6.051589029693E+000 -3.417516260711E+001
  4.772970284417E-003  4.352857557265E-004  2.920615219881E-002  6.037069651385E+000 -3.410750323815E+001
  5.218280447175E-003  4.553404501876E-004  3.189114122848E-002  6.021896989395E+000 -3.403675709205E+001
  5.683663214611E-003  4.754312343099E-004  3.468994512098E-002  6.006074051886E+000 -3.396293263627E+001
  6.169155485101E-003  4.955597265624E-004  3.760184809283E-002  5.989603981281E+000 -3.388603877144E+001
  6.674795778653E-003  5.157275517886E-004  4.062610475915E-002  5.972490054291E+000 -3.380608483835E+001
  7.200624243425E-003  5.359363414876E-004  4.376194024556E-002  5.954735681935E+000 -3.372308062516E+001
  7.746682662519E-003  5.561877340970E-004  4.700855030554E-002  5.936344409548E+000 -3.363703637474E+001
  8.313014461060E-003  5.764833752781E-004  5.036510144343E-002  5.917319916785E+000 -3.354796279223E+001
  8.899664713569E-003  5.968249182030E-004  5.383073104315E-002  5.897666017601E+000 -3.345587105278E+001
  9.506680151615E-003  6.172140238444E-004  5.740454750272E-002  5.877386660230E+000 -3.336077280941E+001
  1.013410917176E-002  6.376523612666E-004  6.108563037473E-002  5.856485927143E+000 -3.326268020105E+001
  1.078200184380E-002  6.581416079202E-004  6.487303051287E-002  5.834968034992E+000 -3.316160586067E+001
  1.145040991929E-002  6.786834499385E-004  6.876577022464E-002  5.812837334533E+000 -3.305756292358E+001
  1.213938684040E-002  6.992795824361E-004  7.276284343036E-002  5.790098310538E+000 -3.295056503578E+001
  1.284898774901E-002  7.199317098113E-004  7.686321582854E-002  5.766755581676E+000 -3.284062636243E+001
  1.357926949620E-002  7.406415460502E-004  8.106582506788E-002  5.742813900386E+000 -3.272776159638E+001
  1.433029065191E-002  7.614108150341E-004  8.536958092587E-002  5.718278152714E+000 -3.261198596674E+001
  1.510211151509E-002  7.822412508494E-004  8.977336549418E-002  5.693153358132E+000 -3.249331524756E+001
  1.589479412397E-002  8.031345981016E-004  9.427603337101E-002  5.667444669331E+000 -3.237176576644E+001
  1.670840226680E-002  8.240926122311E-004  9.887641186047E-002  5.641157371984E+000 -3.224735441324E+001
  1.754300149280E-002  8.451170598329E-004  1.035733011791E-001  5.614296884480E+000 -3.212009864871E+001
  1.839865912351E-002  8.662097189796E-004  1.083654746698E-001  5.586868757629E+000 -3.199001651317E+001
  1.927544426443E-002  8.873723795480E-004  1.132516790229E-001  5.558878674332E+000 -3.185712663509E+001
  2.017342781695E-002  9.086068435487E-004  1.182306345052E-001  5.530332449219E+000 -3.172144823962E+001
  2.109268249069E-002  9.299149254598E-004  1.233010351967E-001  5.501236028249E+000 -3.158300115712E+001
  2.203328281612E-002  9.512984525641E-004  1.284615492344E-001  5.471595488272E+000 -3.144180583149E+001
  2.299530515754E-002  9.727592652906E-004  1.337108190651E-001  5.441417036557E+000 -3.129788332847E+001
  2.397882772639E-002  9.942992175591E-004  1.390474617055E-001  5.410707010273E+000 -3.115125534376E+001
  2.498393059493E-002  1.015920177130E-003  1.444700690109E-001  5.379471875930E+000 -3.100194421105E+001
  2.601069571024E-002  1.037624025957E-003  1.499772079520E-001  5.347718228773E+000 -3.084997290985E+001
  2.705920690860E-002  1.059412660547E-003  1.555674209004E-001  5.315452792138E+000 -3.069536507311E+001
  2.812954993023E-002  1.081287992318E-003  1.612392259222E-001  5.282682416750E+000 -3.053814499474E+001
  2.922181243436E-002  1.103251947969E-003  1.669911170808E-001  5.249414079976E+000 -3.037833763674E+001
  3.033608401473E-002  1.125306469854E-003  1.728215647482E-001  5.215654885031E+000 -3.021596863631E+001
  3.147245621542E-002  1.147453516351E-003  1.787290159251E-001  5.181412060124E+000 -3.005106431249E+001
  3.263102254705E-002  1.169695062249E-003  1.847118945705E-001  5.146692957554E+000 -2.988365167265E+001
  3.381187850339E-002  1.192033099133E-003  1.907686019395E-001  5.111505052748E+000 -2.971375841868E+001
  3.501512157837E-002  1.214469635775E-003  1.968975169315E-001  5.075855943243E+000 -2.954141295276E+001
  3.624085128345E-002  1.237006698530E-003  2.030969964466E-001  5.039753347606E+000 -2.936664438294E+001
  3.748916916538E-002  1.259646331739E-003  2.093653757522E-001  5.003205104296E+000 -2.918948252827E+001
  3.876017882444E-002  1.282390598136E-003  2.157009688585E-001  4.966219170461E+000 -2.900995792355E+001
  4.005398593302E-002  1.305241579266E-003  2.221020689038E-001  4.928803620672E+000 -2.882810182375E+001
  4.137069825459E-002  1.328201375897E-003  2.285669485498E-001  4.890966645589E+000 -2.864394620798E+001
  4.271042566323E-002  1.351272108452E-003  2.350938603856E-001  4.852716550564E+000 -2.845752378303E+001
  4.407328016341E-002  1.374455917436E-003  2.416810373427E-001  4.814061754172E+000 -2.826886798643E+001
  4.545937591035E-002  1.397754963880E-003  2.483266931189E-001  4.775010786673E+000 -2.807801298915E+001
  4.686882923075E-002  1.421171429779E-003  2.550290226122E-001  4.735572288401E+000 -2.788499369766E+001
  4.830175864396E-002  1.444707518548E-003  2.617862023654E-001  4.695755008082E+000 -2.768984575559E+001
  4.975828488365E-002  1.468365455478E-003  2.685963910191E-001  4.655567801079E+000 -2.749260554485E+001
  5.123853091993E-002  1.492147488203E-003  2.754577297766E-001  4.615019627556E+000 -2.729331018616E+001
  5.274262198188E-002  1.516055887169E-003  2.823683428767E-001  4.574119550573E+000 -2.709199753909E+001
  5.427068558066E-002  1.540092946119E-003  2.893263380784E-001  4.532876734097E+000 -2.688870620146E+001
  5.582285153302E-002  1.564260982573E-003  2.963298071542E-001  4.491300440936E+000 -2.668347550818E+001
  5.739925198530E-002  1.588562338332E-003  3.033768263939E-001  4.449400030595E+000 -2.647634552947E+001
  5.900002143803E-002  1.612999379973E-003  3.104654571186E-001  4.407184957048E+000 -2.626735706844E+001
  6.062529677088E-002  1.637574499364E-003  3.175937462043E-001  4.364664766434E+000 -2.605655165805E+001
  6.227521726827E-002  1.662290114181E-003  3.247597266150E-001  4.321849094662E+000 -2.584397155741E+001
  6.394992464542E-002  1.687148668440E-003  3.319614179466E-001  4.278747664938E+000 -2.562965974734E+001
  6.564956307496E-002  1.712152633027E-003  3.391968269796E-001  4.235370285209E+000 -2.541365992537E+001
  6.737427921404E-002  1.737304506249E-003  3.464639482421E-001  4.191726845521E+000 -2.519601649988E+001
  6.912422223211E-002  1.762606814387E-003  3.537607645821E-001  4.147827315288E+000 -2.497677458367E+001
  7.089954383907E-002  1.788062112257E-003  3.610852477494E-001  4.103681740486E+000 -2.475597998668E+001
  7.270039831418E-002  1.813672983787E-003  3.684353589868E-001  4.059300240749E+000 -2.453367920804E+001
  7.452694253540E-002  1.839442042599E-003  3.758090496306E-001  4.014693006387E+000 -2.430991942736E+001
  7.637933600943E-002  1.865371932600E-003  3.832042617202E-001  3.969870295316E+000 -2.408474849519E+001
  7.825774090225E-002  1.891465328589E-003  3.906189286170E-001  3.924842429902E+000 -2.385821492279E+001
  8.016232207035E-002  1.917724936867E-003  3.980509756312E-001  3.879619793722E+000 -2.363036787107E+001
  8.209324709253E-002  1.944153495867E-003  4.054983206585E-001  3.834212828228E+000 -2.340125713873E+001
  8.405068630235E-002  1.970753776782E-003  4.129588748240E-001  3.788632029346E+000 -2.317093314959E+001
  8.603481282122E-002  1.997528584221E-003  4.204305431352E-001  3.742887943967E+000 -2.293944693918E+001
  8.804580259214E-002  2.024480756857E-003  4.279112251424E-001  3.696991166373E+000 -2.270685014037E+001
  9.008383441408E-002  2.051613168108E-003  4.353988156075E-001  3.650952334567E+000 -2.247319496836E+001
  9.214908997710E-002  2.078928726810E-003  4.428912051795E-001  3.604782126528E+000 -2.223853420468E+001
  9.424175389809E-002  2.106430377918E-003  4.503862810780E-001  3.558491256376E+000 -2.200292118044E+001
  9.636201375725E-002  2.134121103210E-003  4.578819277831E-001  3.512090470467E+000 -2.176640975877E+001
  9.851006013526E-002  2.162003922007E-003  4.653760277323E-001  3.465590543396E+000 -2.152905431633E+001
  1.006860866512E-001  2.190081891910E-003  4.728664620237E-001  3.419002273936E+000 -2.129090972406E+001
  1.028902900012E-001  2.218358109541E-003  4.803511111249E-001  3.372336480883E+000 -2.105203132710E+001
  1.051228699979E-001  2.246835711311E-003  4.878278555879E-001  3.325603998845E+000 -2.081247492381E+001
  1.073840296104E-001  2.275517874190E-003  4.952945767694E-001  3.278815673942E+000 -2.057229674402E+001
  1.096739750056E-001  2.304407816497E-003  5.027491575555E-001  3.231982359444E+000 -2.033155342640E+001
  1.119929155896E-001  2.333508798707E-003  5.101894830913E-001  3.185114911333E+000 -2.009030199507E+001
  1.143410640503E-001  2.362824124271E-003  5.176134415148E-001  3.138224183809E+000 -1.984859983534E+001
  1.167186364011E-001  2.392357140448E-003  5.250189246940E-001  3.091321024714E+000 -1.960650466865E+001
  1.191258520249E-001  2.422111239159E-003  5.324038289675E-001  3.044416270913E+000 -1.936407452672E+001
  1.215629337189E-001  2.452089857854E-003  5.397660558880E-001  2.997520743601E+000 -1.912136772491E+001
  1.240301077413E-001  2.482296480400E-003  5.471035129678E-001  2.950645243561E+000 -1.887844283478E+001
  1.265276038575E-001  2.512734637975E-003  5.544141144266E-001  2.903800546365E+000 -1.863535865593E+001
  1.290556553882E-001  2.543407909995E-003  5.616957819399E-001  2.856997397530E+000 -1.839217418701E+001
  1.316144992580E-001  2.574319925047E-003  5.689464453890E-001  2.810246507616E+000 -1.814894859607E+001
  1.342043760450E-001  2.605474361847E-003  5.761640436108E-001  2.763558547296E+000 -1.790574119013E+001
  1.368255300316E-001  2.636874950214E-003  5.833465251470E-001  2.716944142370E+000 -1.766261138411E+001
  1.394782092560E-001  2.668525472060E-003  5.904918489934E-001  2.670413868756E+000 -1.741961866899E+001
  1.421626655646E-001  2.700429762411E-003  5.975979853468E-001  2.623978247441E+000 -1.717682257940E+001
  1.448791546661E-001  2.732591710434E-003  6.046629163505E-001  2.577647739406E+000 -1.693428266048E+001
  1.476279361856E-001  2.765015260497E-003  6.116846368367E-001  2.531432740532E+000 -1.669205843424E+001
  1.504092737207E-001  2.797704413242E-003  6.186611550662E-001  2.485343576477E+000 -1.645020936520E+001
  1.532234348983E-001  2.830663226680E-003  6.255904934635E-001  2.439390497549E+000 -1.620879482555E+001
  1.560706914324E-001  2.863895817319E-003  6.324706893485E-001  2.393583673562E+000 -1.596787405979E+001
  1.589513191834E-001  2.897406361298E-003  6.392997956616E-001  2.347933188689E+000 -1.572750614875E+001
  1.618655982178E-001  2.931199095559E-003  6.460758816843E-001  2.302449036320E+000 -1.548774997331E+001
  1.648138128702E-001  2.965278319033E-003  6.527970337526E-001  2.257141113913E+000 -1.524866417752E+001
  1.677962518056E-001  2.999648393860E-003  6.594613559630E-001  2.212019217873E+000 -1.501030713143E+001
  1.708132080832E-001  3.034313746623E-003  6.660669708720E-001  2.167093038429E+000 -1.477273689347E+001
  1.738649792215E-001  3.069278869616E-003  6.726120201850E-001  2.122372154548E+000 -1.453601117254E+001
  1.769518672648E-001  3.104548322136E-003  6.790946654379E-001  2.077866028868E+000 -1.430018728981E+001
  1.800741788507E-001  3.140126731803E-003  6.855130886676E-001  2.033584002666E+000 -1.406532214025E+001
  1.832322252791E-001  3.176018795904E-003  6.918654930724E-001  1.989535290866E+000 -1.383147215395E+001
  1.864263225826E-001  3.212229282769E-003  6.981501036607E-001  1.945728977095E+000 -1.359869325728E+001
  1.896567915983E-001  3.248763033179E-003  7.043651678881E-001  1.902174008782E+000 -1.336704083392E+001
  1.929239580409E-001  3.285624961791E-003  7.105089562812E-001  1.858879192328E+000 -1.313656968583E+001
  1.962281525771E-001  3.322820058613E-003  7.165797630486E-001  1.815853188330E+000 -1.290733399417E+001
  1.995697109023E-001  3.360353390492E-003  7.225759066772E-001  1.773104506878E+000 -1.267938728021E+001
  2.029489738173E-001  3.398230102644E-003  7.284957305141E-001  1.730641502932E+000 -1.245278236640E+001
  2.063662873085E-001  3.436455420218E-003  7.343376033325E-001  1.688472371783E+000 -1.222757133745E+001
  2.098220026275E-001  3.475034649885E-003  7.400999198816E-001  1.646605144599E+000 -1.200380550167E+001
  2.133164763746E-001  3.513973181471E-003  7.457811014200E-001  1.605047684076E+000 -1.178153535243E+001
  2.168500705817E-001  3.553276489620E-003  7.513795962308E-001  1.563807680189E+000 -1.156081053002E+001
  2.204231527988E-001  3.592950135496E-003  7.568938801191E-001  1.522892646050E+000 -1.134167978378E+001
  2.240360961807E-001  3.632999768520E-003  7.623224568905E-001  1.482309913894E+000 -1.112419093454E+001
  2.276892795770E-001  3.673431128145E-003  7.676638588100E-001  1.442066631179E+000 -1.090839083770E+001
  2.313830876220E-001  3.714250045674E-003  7.729166470409E-001  1.402169756820E+000 -1.069432534658E+001
  2.351179108282E-001  3.755462446115E-003  7.780794120632E-001  1.362626057566E+000 -1.048203927652E+001
  2.388941456809E-001  3.797074350078E-003  7.831507740706E-001  1.323442104516E+000 -1.027157636948E+001
  2.427121947345E-001  3.839091875711E-003  7.881293833461E-001  1.284624269784E+000 -1.006297925938E+001
  2.465724667110E-001  3.881521240686E-003  7.930139206148E-001  1.246178723329E+000 -9.856289438141E+000
  2.504753766009E-001  3.924368764227E-003  7.978030973742E-001  1.208111429947E+000 -9.651547222525E+000
  2.544213457654E-001  3.967640869177E-003  8.024956562018E-001  1.170428146426E+000 -9.448791721860E+000
  2.584108020414E-001  4.011344084122E-003  8.070903710381E-001  1.133134418889E+000 -9.248060806645E+000
  2.624441798480E-001  4.055485045557E-003  8.115860474465E-001  1.096235580313E+000 -9.049391078149E+000
  2.665219202956E-001  4.100070500102E-003  8.159815228481E-001  1.059736748236E+000 -8.852817839041E+000
  2.706444712976E-001  4.145107306769E-003  8.202756667323E-001  1.023642822668E+000 -8.658375065115E+000
  2.748122876832E-001  4.190602439283E-003  8.244673808425E-001  9.879584841885E-001 -8.466095378163E+000
  2.790258313137E-001  4.236562988450E-003  8.285555993355E-001  9.526881922625E-001 -8.276010020071E+000
  2.832855712010E-001  4.282996164587E-003  8.325392889174E-001  9.178361837596E-001 -8.088148828175E+000
  2.875919836279E-001  4.329909300005E-003  8.364174489519E-001  8.834064716931E-001 -7.902540211948E+000
  2.919455522717E-001  4.377309851548E-003  8.401891115443E-001  8.494028441776E-001 -7.719211131069E+000
  2.963467683296E-001  4.425205403192E-003  8.438533415996E-001  8.158288636141E-001 -7.538187074932E+000
  3.007961306479E-001  4.473603668706E-003  8.474092368539E-001  7.826878661024E-001 -7.359492043645E+000
  3.052941458522E-001  4.522512494374E-003  8.508559278814E-001  7.499829610882E-001 -7.183148530574E+000
  3.098413284823E-001  4.571939861783E-003  8.541925780753E-001  7.177170312463E-001 -7.009177506484E+000
  3.144382011281E-001  4.621893890671E-003  8.574183836027E-001  6.858927326042E-001 -6.837598405323E+000
  3.190852945695E-001  4.672382841850E-003  8.605325733356E-001  6.545124949083E-001 -6.668429111697E+000
  3.237831479192E-001  4.723415120192E-003  8.635344087558E-001  6.235785222352E-001 -6.501685950088E+000
  3.285323087679E-001  4.774999277691E-003  8.664231838358E-001  5.930927938507E-001 -6.337383675847E+000
  3.333333333333E-001  4.827144016591E-003  8.691982248956E-001  5.630570653169E-001 -6.175535468017E+000
  3.381867866117E-001  4.879858192602E-003  8.718588904354E-001  5.334728698502E-001 -6.016152924006E+000
  3.430932425333E-001  4.933150818173E-003  8.744045709459E-001  5.043415199295E-001 -5.859246056166E+000
  3.480532841203E-001  4.987031065868E-003  8.768346886950E-001  4.756641091549E-001 -5.704823290299E+000
  3.530675036492E-001  5.041508271801E-003  8.791486974937E-001  4.474415143583E-001 -5.552891466124E+000
  3.581365028158E-001  5.096591939172E-003  8.813460824402E-001  4.196743979625E-001 -5.403455839728E+000
  3.632608929041E-001  5.152291741875E-003  8.834263596439E-001  3.923632105901E-001 -5.256520088034E+000
  3.684412949588E-001  5.208617528209E-003  8.853890759299E-001  3.655081939180E-001 -5.112086315294E+000
  3.736783399619E-001  5.265579324662E-003  8.872338085250E-001  3.391093837771E-001 -4.970155061638E+000
  3.789726690123E-001  5.323187339805E-003  8.889601647264E-001  3.131666134932E-001 -4.830725313678E+000
  3.843249335105E-001  5.381451968273E-003  8.905677815539E-001  2.876795174656E-001 -4.693794517187E+000
  3.897357953460E-001  5.440383794842E-003  8.920563253864E-001  2.626475349795E-001 -4.559358591855E+000
  3.952059270903E-001  5.499993598618E-003  8.934254915856E-001  2.380699142476E-001 -4.427411948118E+000
  4.007360121927E-001  5.560292357317E-003  8.946750041056E-001  2.139457166750E-001 -4.297947506064E+000
  4.063267451812E-001  5.621291251662E-003  8.958046150919E-001  1.902738213427E-001 -4.170956716410E+000
  4.119788318683E-001  5.683001669888E-003  8.968141044707E-001  1.670529297013E-001 -4.046429583524E+000
  4.176929895600E-001  5.745435212354E-003  8.977032795289E-001  1.442815704695E-001 -3.924354690494E+000
  4.234699472710E-001  5.808603696282E-003  8.984719744882E-001  1.219581047286E-001 -3.804719226209E+000
  4.293104459435E-001  5.872519160606E-003  8.991200500733E-001  1.000807312048E-001 -3.687509014431E+000
  4.352152386716E-001  5.937193870949E-003  8.996473930765E-001  7.864749173035E-002 -3.572708544829E+000
  4.411850909306E-001  6.002640324729E-003  9.000539159207E-001  5.765627687417E-002 -3.460301005928E+000
  4.472207808110E-001  6.068871256391E-003  9.003395562223E-001  3.710483173067E-002 -3.350268319953E+000
  4.533230992589E-001  6.135899642772E-003  9.005042763552E-001  1.699076185714E-002 -3.242591179496E+000
  4.594928503202E-001  6.203738708611E-003  9.005480630196E-001 -2.688460652555E-003 -3.137249085975E+000
  4.657308513924E-001  6.272401932198E-003  9.004709268145E-001 -2.193549096977E-002 -3.034220389819E+000
  4.720379334802E-001  6.341903051163E-003  9.002729018195E-001 -4.075310522106E-002 -2.933482332319E+000
  4.784149414579E-001  6.412256068427E-003  8.999540451846E-001 -5.914419407945E-002 -2.835011089079E+000
  4.848627343381E-001  6.483475258298E-003  8.995144367318E-001 -7.711175627079E-002 -2.738781814998E+000
  4.913821855461E-001  6.555575172733E-003  8.989541785702E-001 -9.465889200929E-002 -2.644768690696E+000
  4.979741832006E-001  6.628570647764E-003  8.982733947264E-001 -1.117887963771E-001 -2.552944970319E+000
  5.046396304008E-001  6.702476810086E-003  8.974722307922E-001 -1.285047526631E-001 -2.463283030621E+000
  5.113794455212E-001  6.777309083830E-003  8.965508535919E-001 -1.448101256760E-001 -2.375754421237E+000
  5.181945625116E-001  6.853083197508E-003  8.955094508709E-001 -1.607083550486E-001 -2.290329916055E+000
  5.250859312060E-001  6.929815191146E-003  8.943482310078E-001 -1.762029485492E-001 -2.206979565581E+000
  5.320545176366E-001  7.007521423604E-003  8.930674227523E-001 -1.912974754158E-001 -2.125672750192E+000
  5.391013043575E-001  7.086218580100E-003  8.916672749895E-001 -2.059955597322E-001 -2.046378234175E+000
  5.462272907741E-001  7.165923679926E-003  8.901480565350E-001 -2.203008738610E-001 -1.969064220422E+000
  5.534334934816E-001  7.246654084380E-003  8.885100559597E-001 -2.342171319523E-001 -1.893698405690E+000
  5.607209466109E-001  7.328427504912E-003  8.867535814486E-001 -2.477480835449E-001 -1.820248036279E+000
  5.680907021827E-001  7.411262011483E-003  8.848789606938E-001 -2.608975072777E-001 -1.748679964019E+000
  5.755438304707E-001  7.495176041166E-003  8.828865408239E-001 -2.736692047296E-001 -1.678960702440E+000
  5.830814203728E-001  7.580188406970E-003  8.807766883718E-001 -2.860669944040E-001 -1.611056482984E+000
  5.907045797917E-001  7.666318306912E-003  8.785497892813E-001 -2.980947058776E-001 -1.544933311143E+000
  5.984144360243E-001  7.753585333338E-003  8.762062489550E-001 -3.097561741283E-001 -1.480557022372E+000
  6.062121361613E-001  7.842009482502E-003  8.737464923444E-001 -3.210552340617E-001 -1.417893337659E+000
  6.140988474955E-001  7.931611164409E-003  8.711709640828E-001 -3.319957152517E-001 -1.356907918597E+000
  6.220757579409E-001  8.022411212936E-003  8.684801286626E-001 -3.425814369121E-001 -1.297566421841E+000
  6.301440764614E-001  8.114430896230E-003  8.656744706582E-001 -3.528162031157E-001 -1.239834552788E+000
  6.383050335109E-001  8.207691927403E-003  8.627544949939E-001 -3.627037982758E-001 -1.183678118368E+000
  6.465598814833E-001  8.302216475524E-003  8.597207272591E-001 -3.722479829056E-001 -1.129063078785E+000
  6.549098951744E-001  8.398027176926E-003  8.565737140695E-001 -3.814524896709E-001 -1.075955598089E+000
  6.633563722545E-001  8.495147146827E-003  8.533140234758E-001 -3.903210197473E-001 -1.024322093432E+000
  6.719006337539E-001  8.593599991288E-003  8.499422454190E-001 -3.988572394984E-001 -9.741292828805E-001
  6.805440245593E-001  8.693409819506E-003  8.464589922326E-001 -4.070647774838E-001 -9.253442316597E-001
  6.892879139233E-001  8.794601256469E-003  8.428648991911E-001 -4.149472218102E-001 -8.779343966854E-001
  6.981336959871E-001  8.897199455961E-003  8.391606251042E-001 -4.225081178356E-001 -8.318676692761E-001
  7.070827903152E-001  9.001230113956E-003  8.353468529561E-001 -4.297509662347E-001 -7.871124159164E-001
  7.161366424455E-001  9.106719482390E-003  8.314242905877E-001 -4.366792214344E-001 -7.436375169590E-001
  7.252967244510E-001  9.213694383338E-003  8.273936714228E-001 -4.432962904264E-001 -7.014124031540E-001
  7.345645355186E-001  9.322182223606E-003  8.232557552332E-001 -4.496055319618E-001 -6.604070899021E-001
  7.439416025400E-001  9.432211009745E-003  8.190113289446E-001 -4.556102561319E-001 -6.205922091318E-001
  7.534294807203E-001  9.543809363512E-003  8.146612074780E-001 -4.613137243391E-001 -5.819390387109E-001
  7.630297542000E-001  9.657006537783E-003  8.102062346273E-001 -4.667191496574E-001 -5.444195293052E-001
  7.727440366954E-001  9.771832432940E-003  8.056472839669E-001 -4.718296975843E-001 -5.080063286110E-001
  7.825739721536E-001  9.888317613741E-003  8.009852597905E-001 -4.766484871811E-001 -4.726728028902E-001
  7.925212354258E-001  1.000649332670E-002  7.962210980748E-001 -4.811785925991E-001 -4.383930557497E-001
  8.025875329584E-001  1.012639151798E-002  7.913557674660E-001 -4.854230449857E-001 -4.051419441145E-001
  8.127746035011E-001  1.024804485184E-002  7.863902702855E-001 -4.893848347656E-001 -3.728950913532E-001
  8.230842188350E-001  1.037148672960E-002  7.813256435512E-001 -4.930669142866E-001 -3.416288975251E-001
  8.335181845190E-001  1.049675130923E-002  7.761629600093E-001 -4.964722008220E-001 -3.113205467276E-001
  8.440783406568E-001  1.062387352550E-002  7.709033291730E-001 -4.996035799167E-001 -2.819480115359E-001
  8.547665626839E-001  1.075288911077E-002  7.655478983632E-001 -5.024639090642E-001 -2.534900545326E-001
  8.655847621758E-001  1.088383461638E-002  7.600978537471E-001 -5.050560216985E-001 -2.259262269431E-001
  8.765348876780E-001  1.101674743475E-002  7.545544213684E-001 -5.073827314852E-001 -1.992368643974E-001
  8.876189255584E-001  1.115166582209E-002  7.489188681650E-001 -5.094468368926E-001 -1.734030798546E-001
  8.988389008829E-001  1.128862892191E-002  7.431925029678E-001 -5.112511260221E-001 -1.484067537371E-001
  9.101968783143E-001  1.142767678917E-002  7.373766774769E-001 -5.127983816774E-001 -1.242305213318E-001
  9.216949630368E-001  1.156885041525E-002  7.314727872063E-001 -5.140913866480E-001 -1.008577575301E-001
  9.333353017046E-001  1.171219175365E-002  7.254822723953E-001 -5.151329291824E-001 -7.827255898660E-002
  9.451200834176E-001  1.185774374655E-002  7.194066188763E-001 -5.159258086253E-001 -5.645972379078E-002
  9.570515407237E-001  1.200555035216E-002  7.132473588973E-001 -5.164728411900E-001 -3.540472875641E-002
  9.691319506484E-001  1.215565657299E-002  7.070060718892E-001 -5.167768658386E-001 -1.509370444359E-002
  9.813636357544E-001  1.230810848498E-002  7.006843851746E-001 -5.168407502378E-001  4.486591959644E-003
  9.937489652293E-001  1.246295326757E-002  6.942839746099E-001 -5.166673967618E-001  2.334880575963E-002
  1.006290356005E+000  1.262023923477E-002  6.878065651563E-001 -5.162597485084E-001  4.150501573650E-002
  1.018990273907E+000  1.278001586715E-002  6.812539313725E-001 -5.156207952952E-001  5.896676682468E-002
  1.031851234841E+000  1.294233384499E-002  6.746278978233E-001 -5.147535796045E-001  7.574510432949E-002
  1.044875806003E+000  1.310724508236E-002  6.679303393987E-001 -5.136612024406E-001  9.185060950671E-002
  1.058066607138E+000  1.327480276248E-002  6.611631815373E-001 -5.123468290664E-001  1.072934363245E-001
  1.071426311823E+000  1.344506137405E-002  6.543284003487E-001 -5.108136945844E-001  1.220833492205E-001
  1.084957648792E+000  1.361807674895E-002  6.474280226295E-001 -5.090651093280E-001  1.362297616604E-001
  1.098663403298E+000  1.379390610110E-002  6.404641257681E-001 -5.071044640280E-001  1.497417753005E-001
  1.112546418516E+000  1.397260806657E-002  6.334388375326E-001 -5.049352347205E-001  1.626282195514E-001
  1.126609596985E+000  1.415424274514E-002  6.263543357390E-001 -5.025609873635E-001  1.748976913377E-001
  1.140855902095E+000  1.433887174317E-002  6.192128477935E-001 -4.999853821283E-001  1.865585948464E-001
  1.155288359613E+000  1.452655821788E-002  6.120166501073E-001 -4.972121773351E-001  1.976191810555E-001
  1.169910059257E+000  1.471736692327E-002  6.047680673788E-001 -4.942452330006E-001  2.080875868351E-001
  1.184724156317E+000  1.491136425740E-002  5.974694717418E-001 -4.910885139706E-001  2.179718734131E-001
  1.199733873325E+000  1.510861831145E-002  5.901232817761E-001 -4.877460926074E-001  2.272800640022E-001
  1.214942501771E+000  1.530919892035E-002  5.827319613799E-001 -4.842221510075E-001  2.360201803869E-001
  1.230353403874E+000  1.551317771520E-002  5.752980185017E-001 -4.805209827253E-001  2.442002782746E-001
  1.245970014403E+000  1.572062817747E-002  5.678240037315E-001 -4.766469939802E-001  2.518284812205E-001
  1.261795842559E+000  1.593162569510E-002  5.603125087515E-001 -4.726047043284E-001  2.589130129439E-001
  1.277834473907E+000  1.614624762054E-002  5.527661646461E-001 -4.683987467811E-001  2.654622278616E-001
  1.294089572372E+000  1.636457333079E-002  5.451876400728E-001 -4.640338673552E-001  2.714846396727E-001
  1.310564882294E+000  1.658668428962E-002  5.375796392957E-001 -4.595149240453E-001  2.769889478412E-001
  1.327264230548E+000  1.681266411190E-002  5.299449000851E-001 -4.548468852068E-001  2.819840618326E-001
  1.344191528724E+000  1.704259863026E-002  5.222861914837E-001 -4.500348273450E-001  2.864791229762E-001
  1.361350775387E+000  1.727657596408E-002  5.146063114471E-001 -4.450839323087E-001  2.904835238341E-001
  1.378746058390E+000  1.751468659100E-002  5.069080843598E-001 -4.399994838865E-001  2.940069249769E-001
  1.396381557275E+000  1.775702342093E-002  4.991943584337E-001 -4.347868638126E-001  2.970592690783E-001
  1.414261545744E+000  1.800368187279E-002  4.914680029947E-001 -4.294515471879E-001  2.996507922581E-001
  1.432390394201E+000  1.825475995395E-002  4.837319056641E-001 -4.239990973269E-001  3.017920326193E-001
  1.450772572390E+000  1.851035834267E-002  4.759889694417E-001 -4.184351600467E-001  3.034938359423E-001
  1.469412652102E+000  1.877058047342E-002  4.682421096988E-001 -4.127654574141E-001  3.047673585165E-001
  1.488315309978E+000  1.903553262542E-002  4.604942510896E-001 -4.069957809724E-001  3.056240671082E-001
  1.507485330398E+000  1.930532401444E-002  4.527483243896E-001 -4.011319844730E-001  3.060757360803E-001
  1.526927608467E+000  1.958006688797E-002  4.450072632716E-001 -3.951799761396E-001  3.061344416987E-001
  1.546647153093E+000  1.985987662391E-002  4.372740010285E-001 -3.891457104955E-001  3.058125536774E-001
  1.566649090169E+000  2.014487183303E-002  4.295514672535E-001 -3.830351797881E-001  3.051227240338E-001
  1.586938665861E+000  2.043517446518E-002  4.218425844888E-001 -3.768544050486E-001  3.040778733391E-001
  1.607521250000E+000  2.073090991960E-002  4.141502648551E-001 -3.706094268253E-001  3.026911744719E-001
  1.628402339588E+000  2.103220715932E-002  4.064774066710E-001 -3.643062956334E-001  3.009760339925E-001
  1.649587562420E+000  2.133919883002E-002  3.988268910768E-001 -3.579510621660E-001  2.989460712773E-001
  1.671082680832E+000  2.165202138333E-002  3.912015786725E-001 -3.515497673112E-001  2.966150955630E-001
  1.692893595565E+000  2.197081520497E-002  3.836043061834E-001 -3.451084320265E-001  2.939970810667E-001
  1.715026349769E+000  2.229572474776E-002  3.760378831645E-001 -3.386330471169E-001  2.911061403589E-001
  1.737487133138E+000  2.262689866987E-002  3.685050887556E-001 -3.321295629701E-001  2.879564961799E-001
  1.760282286187E+000  2.296448997842E-002  3.610086684991E-001 -3.256038792984E-001  2.845624518983E-001
  1.783418304674E+000  2.330865617868E-002  3.535513312323E-001 -3.190618349416E-001  2.809383608192E-001
  1.806901844175E+000  2.365955942924E-002  3.461357460639E-001 -3.125091977811E-001  2.770985945605E-001
  1.830739724818E+000  2.401736670327E-002  3.387645394477E-001 -3.059516548185E-001  2.730575107139E-001
  1.854938936184E+000  2.438224995616E-002  3.314402923614E-001 -2.993948024697E-001  2.688294200209E-001
  1.879506642368E+000  2.475438629994E-002  3.241655376020E-001 -2.928441371244E-001  2.644285532874E-001
  1.904450187236E+000  2.513395818467E-002  3.169427572051E-001 -2.863050460211E-001  2.598690282672E-001
  1.929777099847E+000  2.552115358717E-002  3.097743799981E-001 -2.797827984833E-001  2.551648167417E-001
  1.955495100083E+000  2.591616620741E-002  3.026627792934E-001 -2.732825375644E-001  2.503297120194E-001
  1.981612104475E+000  2.631919567292E-002  2.956102707288E-001 -2.668092721406E-001  2.453772970752E-001
  2.008136232230E+000  2.673044775156E-002  2.886191102597E-001 -2.603678694952E-001  2.403209135442E-001
  2.035075811486E+000  2.715013457311E-002  2.816914923102E-001 -2.539630484283E-001  2.351736317739E-001
  2.062439385788E+000  2.757847486001E-002  2.748295480828E-001 -2.475993729260E-001  2.299482221331E-001
  2.090235720801E+000  2.801569416771E-002  2.680353440325E-001 -2.412812464193E-001  2.246571277609E-001
  2.118473811262E+000  2.846202513514E-002  2.613108805051E-001 -2.350129066562E-001  2.193124389297E-001
  2.147162888201E+000  2.891770774564E-002  2.546580905395E-001 -2.287984212099E-001  2.139258691792E-001
  2.176312426413E+000  2.938298959899E-002  2.480788388340E-001 -2.226416836379E-001  2.085087333676E-001
  2.205932152222E+000  2.985812619504E-002  2.415749208727E-001 -2.165464103056E-001  2.030719277648E-001
  2.236032051522E+000  3.034338122938E-002  2.351480622110E-001 -2.105161378796E-001  1.976259122990E-001
  2.266622378129E+000  3.083902690182E-002  2.287999179125E-001 -2.045542214944E-001  1.921806950479E-001
  2.297713662445E+000  3.134534423818E-002  2.225320721345E-001 -1.986638335884E-001  1.867458190485E-001
  2.329316720450E+000  3.186262342603E-002  2.163460378527E-001 -1.928479634019E-001  1.813303514780E-001
  2.361442663038E+000  3.239116416519E-002  2.102432567194E-001 -1.871094171236E-001  1.759428752408E-001
  2.394102905709E+000  3.293127603351E-002  2.042250990444E-001 -1.814508186691E-001  1.705914829750E-001
  2.427309178642E+000  3.348327886897E-002  1.982928638901E-001 -1.758746110670E-001  1.652837734728E-001
  2.461073537146E+000  3.404750316862E-002  1.924477792703E-001 -1.703830584272E-001  1.600268504891E-001
  2.495408372530E+000  3.462429050548E-002  1.866910024400E-001 -1.649782484584E-001  1.548273238926E-001
  2.530326423398E+000  3.521399396401E-002  1.810236202665E-001 -1.596620954999E-001  1.496913130963E-001
  2.565840787378E+000  3.581697859546E-002  1.754466496679E-001 -1.544363440289E-001  1.446244526832E-001
  2.601964933334E+000  3.643362189376E-002  1.699610381074E-001 -1.493025725985E-001  1.396319001300E-001
  2.638712714049E+000  3.706431429322E-002  1.645676641305E-001 -1.442621981621E-001  1.347183455096E-001
  2.676098379430E+000  3.770945968912E-002  1.592673379324E-001 -1.393164807358E-001  1.298880230431E-001
  2.714136590232E+000  3.836947598236E-002  1.540608019437E-001 -1.344665283464E-001  1.251447243561E-001
  2.752842432351E+000  3.904479564947E-002  1.489487314220E-001 -1.297133022159E-001  1.204918132795E-001
  2.792231431696E+000  3.973586633921E-002  1.439317350377E-001 -1.250576221258E-001  1.159322420296E-001
  2.832319569669E+000  4.044315149734E-002  1.390103554441E-001 -1.205001719110E-001  1.114685685877E-001
  2.873123299289E+000  4.116713102086E-002  1.341850698219E-001 -1.160415050276E-001  1.071029750958E-001
  2.914659561979E+000  4.190830194354E-002  1.294562903884E-001 -1.116820501433E-001  1.028372870785E-001
  2.956945805065E+000  4.266717915414E-002  1.248243648655E-001 -1.074221166995E-001  9.867299329900E-002
  3.000000000000E+000  4.344429614932E-002  1.202895768999E-001 -1.032619003944E-001  9.461126605336E-002
  3.043840661365E+000  4.424020582308E-002  1.158521464303E-001 -9.920148854346E-002  9.065298171209E-002
  3.088486866678E+000  4.505548129460E-002  1.115122300007E-001 -9.524086527191E-002  8.679874131783E-002
  3.133958277047E+000  4.589071677685E-002  1.072699210172E-001 -9.137991650186E-002  8.304889105499E-002
  3.180275158719E+000  4.674652848797E-002  1.031252499504E-001 -8.761843469858E-002  7.940354241387E-002
  3.227458405560E+000  4.762355560797E-002  9.907818448599E-002 -8.395612334673E-002  7.586259188131E-002
  3.275529562509E+000  4.852246128332E-002  9.512862962828E-002 -8.039260113246E-002  7.242574000107E-002
  3.324510850077E+000  4.944393368200E-002  9.127642776450E-002 -7.692740581282E-002  6.909250966058E-002
  3.374425189910E+000  5.038868710203E-002  8.752135869767E-002 -7.355999776074E-002  6.586226347526E-002
  3.425296231502E+000  5.135746313639E-002  8.386313965969E-002 -7.028976317955E-002  6.273422015830E-002
  3.477148380094E+000  5.235103189784E-002  8.030142531679E-002 -6.711601698808E-002  5.970746978128E-002
  3.530006825834E+000  5.337019330676E-002  7.683580778166E-002 -6.403800538379E-002  5.678098785043E-002
  3.583897574256E+000  5.441577844603E-002  7.346581664787E-002 -6.105490809788E-002  5.395364814257E-002
  3.638847478148E+000  5.548865098670E-002  7.019091906321E-002 -5.816584036298E-002  5.122423426582E-002
  3.694884270887E+000  5.658970868864E-002  6.701051985975E-002 -5.536985461967E-002  4.859144993065E-002
  3.752036601308E+000  5.771988498079E-002  6.392396175873E-002 -5.266594199430E-002  4.605392793789E-002
  3.810334070199E+000  5.888015062562E-002  6.093052566883E-002 -5.005303358533E-002  4.361023791084E-002
  3.869807268505E+000  6.007151547295E-002  5.802943109599E-002 -4.753000160000E-002  4.125889281866E-002
  3.930487817331E+000  6.129503030858E-002  5.521983668264E-002 -4.509566038709E-002  3.899835435725E-002
  3.992408409843E+000  6.255178880352E-002  5.250084089290E-002 -4.274876741402E-002  3.682703727140E-002
  4.055602855172E+000  6.384292957002E-002  4.987148285907E-002 -4.048802423878E-002  3.474331271824E-002
  4.120106124432E+000  6.516963833101E-002  4.733074340286E-002 -3.831207752760E-002  3.274551078595E-002
  4.185954398964E+000  6.653315021009E-002  4.487754624221E-002 -3.621952016930E-002  3.083192229363E-002
  4.253185120935E+000  6.793475214960E-002  4.251075939206E-002 -3.420889253548E-002  2.900080000731E-002
  4.321837046422E+000  6.937578546490E-002  4.022919676428E-002 -3.227868393305E-002  2.725035941365E-002
  4.391950301120E+000  7.085764854355E-002  3.803161996822E-002 -3.042733429170E-002  2.557877919637E-002
  4.463566438835E+000  7.238179969882E-002  3.591674030991E-002 -2.865323612359E-002  2.398420156052E-002
  4.536728502895E+000  7.394976018725E-002  3.388322098356E-002 -2.695473678634E-002  2.246473254704E-002
  4.611481090679E+000  7.556311740127E-002  3.192967944526E-002 -2.533014107320E-002  2.101844247375E-002
  4.687870421430E+000  7.722352824817E-002  3.005468995420E-002 -2.377771414551E-002  1.964336662959E-002
  4.765944407533E+000  7.893272272784E-002  2.825678626294E-002 -2.229568481411E-002  1.833750633647E-002
  4.845752729492E+000  8.069250772248E-002  2.653446443399E-002 -2.088224916609E-002  1.709883047787E-002
  4.927346914797E+000  8.250477101257E-002  2.488618575659E-002 -1.953557452359E-002  1.592527757553E-002
  5.010780420931E+000  8.437148553436E-002  2.331037973407E-002 -1.825380371102E-002  1.481475847541E-002
  5.096108722763E+000  8.629471389541E-002  2.180544710972E-002 -1.703505959678E-002  1.376515968245E-002
  5.183389404586E+000  8.827661316581E-002  2.036976289699E-002 -1.587744986618E-002  1.277434736069E-002
  5.272682257105E+000  9.031943996425E-002  1.900167937845E-002 -1.477907197279E-002  1.184017199132E-002
  5.364049379651E+000  9.242555585946E-002  1.769952903810E-002 -1.373801820782E-002  1.096047365787E-002
  5.457555287978E+000  9.459743310926E-002  1.646162739185E-002 -1.275238081986E-002  1.013308790414E-002
  5.553267027968E+000  9.683766076100E-002  1.528627568298E-002 -1.182025711240E-002  9.355852088881E-003
  5.651254295630E+000  9.914895113938E-002  1.417176341240E-002 -1.093975444287E-002  8.626612140882E-003
  5.751589563796E+000  1.015341467494E-001  1.311637067735E-002 -1.010899504545E-002  7.943229600789E-003
  5.854348215936E+000  1.039962276248E-001  1.211837029749E-002 -9.326120600717E-003  7.303588821422E-003
  5.959608687557E+000  1.065383191537E-001  1.117602971374E-002 -8.589296477998E-003  6.705604187699E-003
  6.067452615683E+000  1.091637004188E-001  1.028761265196E-002 -7.896715581918E-003  6.147227210537E-003
  6.177964996951E+000  1.118758130872E-001  9.451380552319E-003 -7.246601742072E-003  5.626453346895E-003
  6.291234354880E+000  1.146782708938E-001  8.665593773292E-003 -6.637212594891E-003  5.141328400483E-003
  6.407352916949E+000  1.175748697626E-001  7.928512588747E-003 -6.066841918746E-003  4.689954364826E-003
  6.526416802128E+000  1.205695986129E-001  7.238398005666E-003 -5.533821397249E-003  4.270494582091E-003
  6.648526219580E+000  1.236666509049E-001  6.593512439265E-003 -5.036521801064E-003  3.881178107308E-003
  6.773785679311E+000  1.268704369821E-001  5.992120290809E-003 -4.573353595023E-003  3.520303187804E-003
  6.902304215570E+000  1.301855972713E-001  5.432488481213E-003 -4.142766994370E-003  3.186239791385E-003
  7.034195623922E+000  1.336170164087E-001  4.912886999983E-003 -3.743251511056E-003  2.877431143300E-003
  7.169578712934E+000  1.371698383673E-001  4.431589533931E-003 -3.373335047534E-003  2.592394260482E-003
  7.308577571516E+000  1.408494826628E-001  3.986874242992E-003 -3.031582610835E-003  2.329719501111E-003
  7.451321853057E+000  1.446616617293E-001  3.577024751042E-003 -2.716594733250E-003  2.088069177043E-003
  7.597947077547E+000  1.486123995567E-001  3.200331417625E-003 -2.427005697009E-003  1.866175305223E-003
  7.748594953021E+000  1.527080516973E-001  2.855092951668E-003 -2.161481668416E-003  1.662836600545E-003
  7.903413717736E+000  1.569553267535E-001  2.539618420543E-003 -1.918718851428E-003  1.476914835887E-003
  8.062558504629E+000  1.613613094717E-001  2.252229697160E-003 -1.697441771247E-003  1.307330714128E-003
  8.226191729726E+000  1.659334855793E-001  1.991264374222E-003 -1.496401794847E-003  1.153059411018E-003
  8.394483506327E+000  1.706797685137E-001  1.755079158628E-003 -1.314375987316E-003  1.013125956117E-003
  8.567612086926E+000  1.756085282071E-001  1.542053740592E-003 -1.150166390506E-003  8.866006211270E-004
  8.745764335025E+000  1.807286221064E-001  1.350595111853E-003 -1.002599793956E-003  7.725944805122E-004
  8.929136229160E+000  1.860494286260E-001  1.179142286072E-003 -8.705280478094E-004  6.702552983292E-004
  9.117933401693E+000  1.915808832504E-001  1.026171352889E-003 -7.528289440386E-004  5.787638779324E-004
  9.312371715124E+000  1.973335175235E-001  8.902007760044E-004 -6.484076666465E-004  4.973309882042E-004
  9.512677878945E+000  2.033185011886E-001  7.697968260818E-004 -5.561987844344E-004  4.251949520289E-004
  9.719090110332E+000  2.095476877688E-001  6.635790221634E-004 -4.751687327026E-004  3.616199509736E-004
  9.931858842267E+000  2.160336639044E-001  5.702254417248E-004 -4.043187039883E-004  3.058950658781E-004
  1.015124748302E+001  2.227898028021E-001  4.884777503798E-004 -3.426878439823E-004  2.573340378041E-004
  1.037753323129E+001  2.298303221843E-001  4.171457984494E-004 -2.893566283635E-004  2.152756991852E-004
  1.061100795175E+001  2.371703471699E-001  3.551116338010E-004 -2.434502806356E-004  1.790849927287E-004
  1.085197911611E+001  2.448259785618E-001  3.013327890106E-004 -2.041420812149E-004  1.481544672915E-004
  1.110077081537E+001  2.528143670735E-001  2.548447161768E-004 -1.706564148162E-004  1.219061170980E-004
  1.135772484956E+001  2.611537940784E-001  2.147622644734E-004 -1.422714071679E-004  9.979341457596E-005
  1.162320190175E+001  2.698637595360E-001  1.802801232761E-004 -1.183210134535E-004  8.130337872873E-005
  1.189758280382E+001  2.789650778206E-001  1.506721865537E-004 -9.819643941821E-005  6.595852093571E-005
  1.218126990242E+001  2.884799822596E-001  1.252898309674E-004 -8.134680118509E-005  5.331851849557E-005
  1.247468853413E+001  2.984322392826E-001  1.035591391856E-004 -6.727896045856E-005  4.298148275717E-005
  1.277828862002E+001  3.088472731875E-001  8.497713949598E-005 -5.555650652615E-005  3.458471245873E-005
  1.309254639077E+001  3.197523026463E-001  6.910717085165E-005 -4.579789354958E-005  2.780485259746E-005
  1.341796625462E+001  3.311764902095E-001  5.557351694333E-005 -3.767377906512E-005  2.235741304535E-005
  1.375508282195E+001  3.431511062169E-001  4.405548172186E-005 -3.090364526804E-005  1.799563716941E-005
  1.410446310162E+001  3.557097086969E-001  3.428110015644E-005 -2.525181642514E-005  1.450874667919E-005
  1.446670888596E+001  3.688883410292E-001  2.602069041423E-005 -2.052301169111E-005  1.171962255305E-005
  1.484245934302E+001  3.827257493700E-001  1.908045604638E-005 -1.655759105434E-005  9.482011064822E-006
  1.523239383723E+001  3.972636220891E-001  1.329633870946E-005 -1.322666190883E-005  7.677366816804E-006
  1.563723500136E+001  4.125468537596E-001  8.528303632638E-006 -1.042721419949E-005  6.211459905357E-006
  1.605775208607E+001  4.286238365683E-001  4.655212335000E-006 -8.077443206708E-006  5.010881085060E-006
  1.649476461582E+001  4.455467823929E-001  1.570401539086E-006 -6.112401465174E-006  4.019576878484E-006
  1.694914638379E+001  4.633720792263E-001 -8.219540661223E-007 -4.480096317107E-006  3.195536478352E-006
  1.742182982203E+001  4.821606861220E-001 -2.609662015966E-006 -3.138118984855E-006  2.507735100250E-006
  1.791381078784E+001  5.019785714107E-001 -3.874526790552E-006 -2.050857015811E-006  1.933415777158E-006
  1.842615381215E+001  5.228971995942E-001 -4.693612813799E-006 -1.187306932251E-006  1.455765420797E-006
  1.895999786176E+001  5.449940730840E-001 -5.139846294470E-006 -5.194703611215E-007  1.062013473173E-006
  1.951656267356E+001  5.683533358366E-001 -5.282075546734E-006 -2.128709459899E-008  7.419547844378E-007
  2.009715572669E+001  5.930664469535E-001 -5.184728953463E-006  3.319656583068E-007  4.868744218195E-007
  2.070317992707E+001  6.192329335039E-001 -4.907218630745E-006  5.638957469869E-007  2.888325061666E-007
  2.133614208874E+001  6.469612332096E-001 -4.503235855504E-006  6.969376099505E-007  1.402529599574E-007
  2.199766230782E+001  6.763696392388E-001 -4.020072015431E-006  7.521117417282E-007  3.375174785081E-008
  2.268948433818E+001  7.075873612439E-001 -3.498077619522E-006  7.486952206182E-007 -3.786224697293E-008
  2.341348709294E+001  7.407557189842E-001 -2.970343845833E-006  7.038844702671E-007 -8.147768843890E-008
  2.417169741362E+001  7.760294874639E-001 -2.462658795407E-006  6.325148286024E-007 -1.035193263022E-007
  2.496630426925E+001  8.135784155747E-001 -1.993756961141E-006  5.468820750472E-007 -1.097809430473E-007
  2.579967457140E+001  8.535889438281E-001 -1.575848351331E-006  4.566907489317E-007 -1.052868423085E-007
  2.667437081864E+001  8.962661510291E-001 -1.215385962435E-006  3.691347356541E-007 -9.420333579590E-008
  2.759317081651E+001  9.418359647997E-001 -9.140091439348E-007  2.890988291793E-007 -7.980973335764E-008
  2.855908975674E+001  9.905476768748E-001 -6.695874239067E-007  2.194570615325E-007 -6.452808573567E-008
  2.957540498378E+001  1.042676811269E+000 -4.772852964290E-007  1.614353180131E-007 -5.000305722499E-008
  3.064568382919E+001  1.098528402000E+000 -3.305730950761E-007  1.150024025697E-007 -3.721818157587E-008
  3.177381495601E+001  1.158440747351E+000 -2.221212365685E-007  7.925501909933E-008 -2.663242281039E-008
  3.296404372807E+001  1.222789720048E+000 -1.445328454651E-007  5.276734075260E-008 -1.832117021956E-008
  3.422101220608E+001  1.291993727721E+000 -9.089051567514E-008  3.388381301516E-008 -1.210804574032E-008
  3.554980447538E+001  1.366519436102E+000 -5.511393304503E-008  2.094320555253E-008 -7.677524623381E-009
  3.695599813319E+001  1.446888389511E+000 -3.214362553350E-008  1.243127597765E-008 -4.662623455721E-009
  3.844572291106E+001  1.533684690030E+000 -1.798010478808E-008  7.067475510123E-009 -2.706076995506E-009
  4.002572758518E+001  1.627563929686E+000 -9.615838006408E-009  3.836987119683E-009 -1.496915856167E-009
  4.170345654134E+001  1.729263610453E+000 -4.899572978861E-009  1.982574179950E-009 -7.867814196944E-010
  4.348713762001E+001  1.839615336740E+000 -2.369250748426E-009  9.712601806539E-010 -3.915242158287E-010
  4.538588318162E+001  1.959559126947E+000 -1.082572396273E-009  4.492225939024E-010 -1.837135941854E-010
  4.740980671574E+001  2.090160267552E+000 -4.651454993034E-010  1.952252264021E-010 -8.090862149686E-011
  4.957015778746E+001  2.232629229408E+000 -1.869185192511E-010  7.929305709748E-011 -3.326974509629E-011
  5.187947869225E+001  2.388345286640E+000 -6.982528493556E-011  2.991929691979E-011 -1.269821907613E-011
  5.435178690397E+001  2.558884630889E+000 -2.408329161475E-011  1.041727143488E-011 -4.468716727224E-012
  5.700278828629E+001  2.746053966795E+000 -7.611015101500E-012  3.321578282096E-012 -1.439143582730E-012
  5.985012714155E+001  2.951930820846E+000 -2.185018809278E-012  9.616198448917E-013 -4.205481578943E-013
  6.291368055481E+001  3.178912111311E+000 -5.643311549309E-013  2.503383183156E-013 -1.104431955478E-013
  6.621590623276E+001  3.429772933797E+000 -1.296889127327E-013  5.796346701664E-014 -2.578300314183E-014
  6.978225524452E+001  3.707738044625E+000 -2.619026126715E-014  1.178896094800E-014 -5.284565503667E-015
  7.364166388185E+001  4.016569212832E+000 -4.582174443433E-015  2.076486049064E-015 -9.376075891080E-016
  7.782714245929E+001  4.360672516382E+000 -6.833549542566E-016  3.116544274049E-016 -1.416909697954E-016
  8.237648351994E+001  4.745230855210E+000 -8.526696836535E-017  3.912321225665E-017 -1.790241576663E-017
  8.733311794503E+001  5.176368549127E+000 -8.713160127527E-018  4.020885484517E-018 -1.851186640402E-018
  9.274715535088E+001  5.661357031559E+000 -7.113621573538E-019  3.300671557629E-019 -1.528395246411E-019
  9.867665554529E+001  6.208873552072E+000 -4.508895992538E-020  2.102942748307E-020 -9.791032362669E-021
  1.051891916055E+002  6.829328764649E+000 -2.145877105037E-021  1.005759589841E-021 -4.706890135425E-022
  1.123637836013E+002  7.535284543316E+000 -7.374182519766E-023  3.472381846642E-023 -1.632995223242E-023
  1.202933069206E+002  8.341990973528E+000 -1.747528071208E-024  8.265314728239E-025 -3.904989942659E-025
  1.290875131414E+002  9.268082166539E+000 -2.704684270351E-026  1.284622752284E-026 -6.095802934622E-027
  1.388768482001E+002  1.033648575811E+001 -2.562712264629E-028  1.222050668025E-028 -5.822863372324E-029
  1.498173177370E+002  1.157562284364E+001 -1.375806711159E-030  6.585483367462E-031 -3.150137430291E-031
  1.620967411853E+002  1.302100699722E+001 -3.812356173602E-033  1.831381324754E-033 -8.792696615546E-034
  1.759428668168E+002  1.471739812515E+001 -4.869401309672E-036  2.347110542411E-036 -1.130809737543E-036
  1.916340085825E+002  1.672173748087E+001 -2.496495925878E-039  1.207208215942E-039 -5.835336964885E-040
  2.095131417987E+002  1.910719757888E+001 -4.332039302262E-043  2.101167056974E-043 -1.018804115646E-043
  2.300068054477E+002  2.196884699990E+001 -2.057800927400E-047  1.000955050001E-047 -4.867577042224E-048
  2.536507797910E+002  2.543169216868E+001 -2.049520837953E-052  9.996204450954E-053 -4.874457400993E-053
  2.811254638474E+002  2.966227967912E+001 -3.050035862814E-058  1.491386062193E-058 -7.291242532371E-059
  3.133053780630E+002  3.488573552677E+001 -4.387044505351E-065  2.150266638905E-065 -1.053789772002E-065
  3.513296254502E+002  4.141128389041E+001 -3.457258450012E-073  1.698329422534E-073 -8.341918095182E-074
  3.967041014106E+002  4.967130404214E+001 -7.046359368054E-083  3.468654679568E-083 -1.707346072593E-083
  4.514529193349E+002  6.028257212519E+001 -1.353663581479E-094  6.676535500270E-095 -3.292791372783E-095
  5.183481233601E+002  7.414493328740E+001 -6.149501429448E-109  3.038532244012E-109 -1.501299083756E-109
  6.012676077950E+002  9.260523890243E+001 -9.541207393953E-127  4.722277420982E-127 -2.337138743771E-127
  7.057700503752E+002  1.177394213729E+002 -3.154193634245E-149  1.563517025360E-149 -7.750075917969E-150
  8.400513767914E+002  1.528577972397E+002 -3.712524255729E-178  1.842861212357E-178 -9.147623957690E-179
  1.016602135495E+003  2.034537342122E+002 -3.041771726404E-216  1.511829968711E-216 -7.514050107069E-217
  1.255220715580E+003  2.790860613466E+002 -8.803616828899E-268  4.380616890359E-268 -2.179746689919E-268
  1.588815776243E+003  3.973705897531E+002  0.000000000000E+000  0.000000000000E+000  0.000000000000E+000
  2.075392011604E+003  5.931596040112E+002  0.000000000000E+000  0.000000000000E+000  0.000000000000E+000
  2.825079847529E+003  9.419154890021E+002  0.000000000000E+000  0.000000000000E+000  0.000000000000E+000
  4.068408296184E+003  1.627629972033E+003  0.000000000000E+000  0.000000000000E+000  0.000000000000E+000
  6.357262947674E+003  3.178964796686E+003  0.000000000000E+000  0.000000000000E+000  0.000000000000E+000
  1.130231930164E+004  7.535323971013E+003  0.000000000000E+000  0.000000000000E+000  0.000000000000E+000
  2.543105175140E+004  2.543171841285E+004  0.000000000000E+000  0.000000000000E+000  0.000000000000E+000
  1.017262069958E+005  2.034537473226E+005  0.000000000000E+000  0.000000000000E+000  0.000000000000E+000
