# 1st line: number of mesh points
# abcissa weight wavefunction wavefunction_1st wavefunction_2nd
500
# Principal QN=   2 , l=   0 , Occupation=   2.0000
  9.830308526508E-006  1.966074589941E-005 -6.242550863441E+000  3.764358938847E+001 -1.974572897250E+002
  3.932200719717E-005  3.932303800261E-005 -6.241440775911E+000  3.763776650438E+001 -1.974256342486E+002
  8.847741541455E-005  5.898842277178E-005 -6.239590914628E+000  3.762806326328E+001 -1.973728840714E+002
  1.573003992804E-004  7.865844718600E-005 -6.237001706418E+000  3.761448201327E+001 -1.972990526156E+002
  2.457963722417E-004  9.833465899987E-005 -6.233673748688E+000  3.759702604087E+001 -1.972041586677E+002
  3.539722959954E-004  1.180186070023E-004 -6.229607809284E+000  3.757569957001E+001 -1.970882263729E+002
  4.818366816528E-004  1.377118412759E-004 -6.224804826297E+000  3.755050776103E+001 -1.969512852288E+002
  6.293995911626E-004  1.574159134560E-004 -6.219265907834E+000  3.752145670918E+001 -1.967933700776E+002
  7.966726389934E-004  1.771323769912E-004 -6.212992331743E+000  3.748855344303E+001 -1.966145210965E+002
  9.836689940782E-004  1.968627874036E-004 -6.205985545300E+000  3.745180592259E+001 -1.964147837868E+002
  1.190403382016E-003  2.166087025496E-004 -6.198247164850E+000  3.741122303712E+001 -1.961942089620E+002
  1.416892087541E-003  2.363716828821E-004 -6.189778975408E+000  3.736681460276E+001 -1.959528527340E+002
  1.663152957245E-003  2.561532917128E-004 -6.180582930219E+000  3.731859135986E+001 -1.956907764976E+002
  1.929205402573E-003  2.759550954757E-004 -6.170661150274E+000  3.726656497012E+001 -1.954080469143E+002
  2.215070403074E-003  2.957786639908E-004 -6.160015923783E+000  3.721074801335E+001 -1.951047358943E+002
  2.520770509919E-003  3.156255707300E-004 -6.148649705611E+000  3.715115398417E+001 -1.947809205765E+002
  2.846329849692E-003  3.354973930828E-004 -6.136565116671E+000  3.708779728827E+001 -1.944366833081E+002
  3.191774128432E-003  3.553957126240E-004 -6.123764943267E+000  3.702069323852E+001 -1.940721116223E+002
  3.557130635959E-003  3.753221153821E-004 -6.110252136408E+000  3.694985805082E+001 -1.936872982138E+002
  3.942428250463E-003  3.952781921092E-004 -6.096029811071E+000  3.687530883969E+001 -1.932823409143E+002
  4.347697443358E-003  4.152655385525E-004 -6.081101245427E+000  3.679706361358E+001 -1.928573426655E+002
  4.772970284417E-003  4.352857557265E-004 -6.065469880021E+000  3.671514126998E+001 -1.924124114907E+002
  5.218280447175E-003  4.553404501876E-004 -6.049139316917E+000  3.662956159025E+001 -1.919476604657E+002
  5.683663214611E-003  4.754312343099E-004 -6.032113318795E+000  3.654034523417E+001 -1.914632076872E+002
  6.169155485101E-003  4.955597265624E-004 -6.014395808011E+000  3.644751373434E+001 -1.909591762407E+002
  6.674795778653E-003  5.157275517886E-004 -5.995990865612E+000  3.635108949020E+001 -1.904356941667E+002
  7.200624243425E-003  5.359363414876E-004 -5.976902730313E+000  3.625109576189E+001 -1.898928944246E+002
  7.746682662519E-003  5.561877340970E-004 -5.957135797434E+000  3.614755666384E+001 -1.893309148568E+002
  8.313014461060E-003  5.764833752781E-004 -5.936694617786E+000  3.604049715810E+001 -1.887498981497E+002
  8.899664713569E-003  5.968249182030E-004 -5.915583896531E+000  3.592994304743E+001 -1.881499917942E+002
  9.506680151615E-003  6.172140238444E-004 -5.893808491990E+000  3.581592096814E+001 -1.875313480447E+002
  1.013410917176E-002  6.376523612666E-004 -5.871373414414E+000  3.569845838267E+001 -1.868941238763E+002
  1.078200184380E-002  6.581416079202E-004 -5.848283824711E+000  3.557758357196E+001 -1.862384809409E+002
  1.145040991929E-002  6.786834499385E-004 -5.824545033142E+000  3.545332562753E+001 -1.855645855213E+002
  1.213938684040E-002  6.992795824361E-004 -5.800162497961E+000  3.532571444335E+001 -1.848726084849E+002
  1.284898774901E-002  7.199317098113E-004 -5.775141824031E+000  3.519478070742E+001 -1.841627252349E+002
  1.357926949620E-002  7.406415460502E-004 -5.749488761387E+000  3.506055589319E+001 -1.834351156603E+002
  1.433029065191E-002  7.614108150341E-004 -5.723209203766E+000  3.492307225060E+001 -1.826899640851E+002
  1.510211151509E-002  7.822412508494E-004 -5.696309187095E+000  3.478236279705E+001 -1.819274592156E+002
  1.589479412397E-002  8.031345981016E-004 -5.668794887939E+000  3.463846130795E+001 -1.811477940856E+002
  1.670840226680E-002  8.240926122311E-004 -5.640672621909E+000  3.449140230717E+001 -1.803511660016E+002
  1.754300149280E-002  8.451170598329E-004 -5.611948842031E+000  3.434122105718E+001 -1.795377764857E+002
  1.839865912351E-002  8.662097189796E-004 -5.582630137079E+000  3.418795354897E+001 -1.787078312167E+002
  1.927544426443E-002  8.873723795480E-004 -5.552723229861E+000  3.403163649171E+001 -1.778615399707E+002
  2.017342781695E-002  9.086068435487E-004 -5.522234975475E+000  3.387230730220E+001 -1.769991165599E+002
  2.109268249069E-002  9.299149254598E-004 -5.491172359520E+000  3.371000409408E+001 -1.761207787697E+002
  2.203328281612E-002  9.512984525641E-004 -5.459542496273E+000  3.354476566681E+001 -1.752267482946E+002
  2.299530515754E-002  9.727592652906E-004 -5.427352626823E+000  3.337663149436E+001 -1.743172506729E+002
  2.397882772639E-002  9.942992175591E-004 -5.394610117173E+000  3.320564171378E+001 -1.733925152200E+002
  2.498393059493E-002  1.015920177130E-003 -5.361322456298E+000  3.303183711342E+001 -1.724527749596E+002
  2.601069571024E-002  1.037624025957E-003 -5.327497254174E+000  3.285525912100E+001 -1.714982665544E+002
  2.705920690860E-002  1.059412660547E-003 -5.293142239759E+000  3.267594979145E+001 -1.705292302352E+002
  2.812954993023E-002  1.081287992318E-003 -5.258265258945E+000  3.249395179443E+001 -1.695459097281E+002
  2.922181243436E-002  1.103251947969E-003 -5.222874272473E+000  3.230930840180E+001 -1.685485521810E+002
  3.033608401473E-002  1.125306469854E-003 -5.186977353809E+000  3.212206347468E+001 -1.675374080886E+002
  3.147245621542E-002  1.147453516351E-003 -5.150582686987E+000  3.193226145044E+001 -1.665127312152E+002
  3.263102254705E-002  1.169695062249E-003 -5.113698564412E+000  3.173994732936E+001 -1.654747785179E+002
  3.381187850339E-002  1.192033099133E-003 -5.076333384635E+000  3.154516666117E+001 -1.644238100668E+002
  3.501512157837E-002  1.214469635775E-003 -5.038495650085E+000  3.134796553130E+001 -1.633600889643E+002
  3.624085128345E-002  1.237006698530E-003 -5.000193964775E+000  3.114839054698E+001 -1.622838812642E+002
  3.748916916538E-002  1.259646331739E-003 -4.961437031969E+000  3.094648882306E+001 -1.611954558878E+002
  3.876017882444E-002  1.282390598136E-003 -4.922233651815E+000  3.074230796773E+001 -1.600950845398E+002
  4.005398593302E-002  1.305241579266E-003 -4.882592718948E+000  3.053589606792E+001 -1.589830416227E+002
  4.137069825459E-002  1.328201375897E-003 -4.842523220060E+000  3.032730167458E+001 -1.578596041500E+002
  4.271042566323E-002  1.351272108452E-003 -4.802034231437E+000  3.011657378774E+001 -1.567250516578E+002
  4.407328016341E-002  1.374455917436E-003 -4.761134916464E+000  2.990376184137E+001 -1.555796661155E+002
  4.545937591035E-002  1.397754963880E-003 -4.719834523098E+000  2.968891568804E+001 -1.544237318355E+002
  4.686882923075E-002  1.421171429779E-003 -4.678142381318E+000  2.947208558346E+001 -1.532575353810E+002
  4.830175864396E-002  1.444707518548E-003 -4.636067900532E+000  2.925332217070E+001 -1.520813654734E+002
  4.975828488365E-002  1.468365455478E-003 -4.593620566968E+000  2.903267646439E+001 -1.508955128977E+002
  5.123853091993E-002  1.492147488203E-003 -4.550809941028E+000  2.881019983464E+001 -1.497002704078E+002
  5.274262198188E-002  1.516055887169E-003 -4.507645654615E+000  2.858594399081E+001 -1.484959326299E+002
  5.427068558066E-002  1.540092946119E-003 -4.464137408437E+000  2.835996096511E+001 -1.472827959648E+002
  5.582285153302E-002  1.564260982573E-003 -4.420294969280E+000  2.813230309607E+001 -1.460611584897E+002
  5.739925198530E-002  1.588562338332E-003 -4.376128167252E+000  2.790302301181E+001 -1.448313198583E+002
  5.900002143803E-002  1.612999379973E-003 -4.331646893013E+000  2.767217361316E+001 -1.435935812004E+002
  6.062529677088E-002  1.637574499364E-003 -4.286861094968E+000  2.743980805667E+001 -1.423482450199E+002
  6.227521726827E-002  1.662290114181E-003 -4.241780776442E+000  2.720597973740E+001 -1.410956150927E+002
  6.394992464542E-002  1.687148668440E-003 -4.196415992831E+000  2.697074227166E+001 -1.398359963627E+002
  6.564956307496E-002  1.712152633027E-003 -4.150776848731E+000  2.673414947951E+001 -1.385696948375E+002
  6.737427921404E-002  1.737304506249E-003 -4.104873495047E+000  2.649625536728E+001 -1.372970174829E+002
  6.912422223211E-002  1.762606814387E-003 -4.058716126073E+000  2.625711410976E+001 -1.360182721168E+002
  7.089954383907E-002  1.788062112257E-003 -4.012314976569E+000  2.601678003248E+001 -1.347337673021E+002
  7.270039831418E-002  1.813672983787E-003 -3.965680318799E+000  2.577530759375E+001 -1.334438122385E+002
  7.452694253540E-002  1.839442042599E-003 -3.918822459565E+000  2.553275136659E+001 -1.321487166545E+002
  7.637933600943E-002  1.865371932600E-003 -3.871751737221E+000  2.528916602067E+001 -1.308487906973E+002
  7.825774090225E-002  1.891465328589E-003 -3.824478518667E+000  2.504460630401E+001 -1.295443448235E+002
  8.016232207035E-002  1.917724936867E-003 -3.777013196331E+000  2.479912702471E+001 -1.282356896876E+002
  8.209324709253E-002  1.944153495867E-003 -3.729366185138E+000  2.455278303254E+001 -1.269231360314E+002
  8.405068630235E-002  1.970753776782E-003 -3.681547919460E+000  2.430562920047E+001 -1.256069945716E+002
  8.603481282122E-002  1.997528584221E-003 -3.633568850064E+000  2.405772040612E+001 -1.242875758876E+002
  8.804580259214E-002  2.024480756857E-003 -3.585439441038E+000  2.380911151318E+001 -1.229651903086E+002
  9.008383441408E-002  2.051613168108E-003 -3.537170166715E+000  2.355985735277E+001 -1.216401478000E+002
  9.214908997710E-002  2.078928726810E-003 -3.488771508584E+000  2.331001270472E+001 -1.203127578499E+002
  9.424175389809E-002  2.106430377918E-003 -3.440253952197E+000  2.305963227885E+001 -1.189833293549E+002
  9.636201375725E-002  2.134121103210E-003 -3.391627984066E+000  2.280877069623E+001 -1.176521705055E+002
  9.851006013526E-002  2.162003922007E-003 -3.342904088554E+000  2.255748247039E+001 -1.163195886718E+002
  1.006860866512E-001  2.190081891910E-003 -3.294092744771E+000  2.230582198853E+001 -1.149858902883E+002
  1.028902900012E-001  2.218358109541E-003 -3.245204423451E+000  2.205384349273E+001 -1.136513807388E+002
  1.051228699979E-001  2.246835711311E-003 -3.196249583844E+000  2.180160106115E+001 -1.123163642415E+002
  1.073840296104E-001  2.275517874190E-003 -3.147238670599E+000  2.154914858928E+001 -1.109811437338E+002
  1.096739750056E-001  2.304407816497E-003 -3.098182110647E+000  2.129653977120E+001 -1.096460207569E+002
  1.119929155896E-001  2.333508798707E-003 -3.049090310091E+000  2.104382808080E+001 -1.083112953409E+002
  1.143410640503E-001  2.362824124271E-003 -2.999973651099E+000  2.079106675321E+001 -1.069772658900E+002
  1.167186364011E-001  2.392357140448E-003 -2.950842488796E+000  2.053830876607E+001 -1.056442290669E+002
  1.191258520249E-001  2.422111239159E-003 -2.901707148171E+000  2.028560682107E+001 -1.043124796795E+002
  1.215629337189E-001  2.452089857854E-003 -2.852577920989E+000  2.003301332538E+001 -1.029823105656E+002
  1.240301077413E-001  2.482296480400E-003 -2.803465062704E+000  1.978058037330E+001 -1.016540124794E+002
  1.265276038575E-001  2.512734637975E-003 -2.754378789398E+000  1.952835972793E+001 -1.003278739784E+002
  1.290556553882E-001  2.543407909995E-003 -2.705329274721E+000  1.927640280295E+001 -9.900418131018E+001
  1.316144992580E-001  2.574319925047E-003 -2.656326646842E+000  1.902476064453E+001 -9.768321829993E+001
  1.342043760450E-001  2.605474361847E-003 -2.607380985431E+000  1.877348391339E+001 -9.636526623913E+001
  1.368255300316E-001  2.636874950214E-003 -2.558502318635E+000  1.852262286688E+001 -9.505060377434E+001
  1.394782092560E-001  2.668525472060E-003 -2.509700620093E+000  1.827222734139E+001 -9.373950679709E+001
  1.421626655646E-001  2.700429762411E-003 -2.460985805958E+000  1.802234673474E+001 -9.243224833453E+001
  1.448791546661E-001  2.732591710434E-003 -2.412367731942E+000  1.777302998883E+001 -9.112909844104E+001
  1.476279361856E-001  2.765015260497E-003 -2.363856190385E+000  1.752432557249E+001 -8.983032409083E+001
  1.504092737207E-001  2.797704413242E-003 -2.315460907352E+000  1.727628146444E+001 -8.853618907165E+001
  1.532234348983E-001  2.830663226680E-003 -2.267191539745E+000  1.702894513650E+001 -8.724695387961E+001
  1.560706914324E-001  2.863895817319E-003 -2.219057672455E+000  1.678236353703E+001 -8.596287561527E+001
  1.589513191834E-001  2.897406361298E-003 -2.171068815531E+000  1.653658307458E+001 -8.468420788106E+001
  1.618655982178E-001  2.931199095559E-003 -2.123234401388E+000  1.629164960175E+001 -8.341120068004E+001
  1.648138128702E-001  2.965278319033E-003 -2.075563782040E+000  1.604760839932E+001 -8.214410031617E+001
  1.677962518056E-001  2.999648393860E-003 -2.028066226372E+000  1.580450416069E+001 -8.088314929611E+001
  1.708132080832E-001  3.034313746623E-003 -1.980750917445E+000  1.556238097647E+001 -7.962858623270E+001
  1.738649792215E-001  3.069278869616E-003 -1.933626949832E+000  1.532128231952E+001 -7.838064575011E+001
  1.769518672648E-001  3.104548322136E-003 -1.886703326999E+000  1.508125103011E+001 -7.713955839076E+001
  1.800741788507E-001  3.140126731803E-003 -1.839988958725E+000  1.484232930155E+001 -7.590555052422E+001
  1.832322252791E-001  3.176018795904E-003 -1.793492658554E+000  1.460455866601E+001 -7.467884425798E+001
  1.864263225826E-001  3.212229282769E-003 -1.747223141303E+000  1.436797998076E+001 -7.345965735032E+001
  1.896567915983E-001  3.248763033179E-003 -1.701189020600E+000  1.413263341472E+001 -7.224820312525E+001
  1.929239580409E-001  3.285624961791E-003 -1.655398806478E+000  1.389855843533E+001 -7.104469038974E+001
  1.962281525771E-001  3.322820058613E-003 -1.609860903007E+000  1.366579379591E+001 -6.984932335319E+001
  1.995697109023E-001  3.360353390492E-003 -1.564583605984E+000  1.343437752319E+001 -6.866230154930E+001
  2.029489738173E-001  3.398230102644E-003 -1.519575100659E+000  1.320434690546E+001 -6.748381976039E+001
  2.063662873085E-001  3.436455420218E-003 -1.474843459524E+000  1.297573848096E+001 -6.631406794427E+001
  2.098220026275E-001  3.475034649885E-003 -1.430396640146E+000  1.274858802675E+001 -6.515323116373E+001
  2.133164763746E-001  3.513973181471E-003 -1.386242483062E+000  1.252293054796E+001 -6.400148951876E+001
  2.168500705817E-001  3.553276489620E-003 -1.342388709713E+000  1.229880026754E+001 -6.285901808154E+001
  2.204231527988E-001  3.592950135496E-003 -1.298842920452E+000  1.207623061641E+001 -6.172598683427E+001
  2.240360961807E-001  3.632999768520E-003 -1.255612592596E+000  1.185525422404E+001 -6.060256060999E+001
  2.276892795770E-001  3.673431128145E-003 -1.212705078542E+000  1.163590290953E+001 -5.948889903643E+001
  2.313830876220E-001  3.714250045674E-003 -1.170127603939E+000  1.141820767319E+001 -5.838515648289E+001
  2.351179108282E-001  3.755462446115E-003 -1.127887265919E+000  1.120219868854E+001 -5.729148201037E+001
  2.388941456809E-001  3.797074350078E-003 -1.085991031396E+000  1.098790529484E+001 -5.620801932495E+001
  2.427121947345E-001  3.839091875711E-003 -1.044445735418E+000  1.077535599012E+001 -5.513490673441E+001
  2.465724667110E-001  3.881521240686E-003 -1.003258079589E+000  1.056457842470E+001 -5.407227710831E+001
  2.504753766009E-001  3.924368764227E-003 -9.624346305479E-001  1.035559939525E+001 -5.302025784154E+001
  2.544213457654E-001  3.967640869177E-003 -9.219818185164E-001  1.014844483939E+001 -5.197897082134E+001
  2.584108020414E-001  4.011344084122E-003 -8.819059359114E-001  9.943139830747E+000 -5.094853239794E+001
  2.624441798480E-001  4.055485045557E-003 -8.422131360211E-001  9.739708574654E+000 -4.992905335884E+001
  2.665219202956E-001  4.100070500102E-003 -8.029094317482E-001  9.538174404314E+000 -4.892063890684E+001
  2.706444712976E-001  4.145107306769E-003 -7.640006944195E-001  9.338559777557E+000 -4.792338864175E+001
  2.748122876832E-001  4.190602439283E-003 -7.254926526622E-001  9.140886274140E+000 -4.693739654597E+001
  2.790258313137E-001  4.236562988450E-003 -6.873908913476E-001  8.945174593610E+000 -4.596275097399E+001
  2.832855712010E-001  4.282996164587E-003 -6.497008506021E-001  8.751444553731E+000 -4.499953464565E+001
  2.875919836279E-001  4.329909300005E-003 -6.124278248858E-001  8.559715089486E+000 -4.404782464354E+001
  2.919455522717E-001  4.377309851548E-003 -5.755769621384E-001  8.370004252642E+000 -4.310769241424E+001
  2.963467683296E-001  4.425205403192E-003 -5.391532629931E-001  8.182329211895E+000 -4.217920377370E+001
  3.007961306479E-001  4.473603668706E-003 -5.031615800576E-001  7.996706253593E+000 -4.126241891659E+001
  3.052941458522E-001  4.522512494374E-003 -4.676066172624E-001  7.813150783029E+000 -4.035739242983E+001
  3.098413284823E-001  4.571939861783E-003 -4.324929292761E-001  7.631677326319E+000 -3.946417331018E+001
  3.144382011281E-001  4.621893890671E-003 -3.978249209868E-001  7.452299532849E+000 -3.858280498594E+001
  3.190852945695E-001  4.672382841850E-003 -3.636068470504E-001  7.275030178306E+000 -3.771332534287E+001
  3.237831479192E-001  4.723415120192E-003 -3.298428115032E-001  7.099881168277E+000 -3.685576675417E+001
  3.285323087679E-001  4.774999277691E-003 -2.965367674402E-001  6.926863542420E+000 -3.601015611470E+001
  3.333333333333E-001  4.827144016591E-003 -2.636925167567E-001  6.755987479207E+000 -3.517651487928E+001
  3.381867866117E-001  4.879858192602E-003 -2.313137099531E-001  6.587262301221E+000 -3.435485910524E+001
  3.430932425333E-001  4.933150818173E-003 -1.994038460022E-001  6.420696481026E+000 -3.354519949898E+001
  3.480532841203E-001  4.987031065868E-003 -1.679662722770E-001  6.256297647573E+000 -3.274754146674E+001
  3.530675036492E-001  5.041508271801E-003 -1.370041845384E-001  6.094072593166E+000 -3.196188516947E+001
  3.581365028158E-001  5.096591939172E-003 -1.065206269815E-001  5.934027280955E+000 -3.118822558169E+001
  3.632608929041E-001  5.152291741875E-003 -7.651849233917E-002  5.776166852964E+000 -3.042655255446E+001
  3.684412949588E-001  5.208617528209E-003 -4.700052204129E-002  5.620495638643E+000 -2.967685088229E+001
  3.736783399619E-001  5.265579324662E-003 -1.796930642768E-002  5.467017163917E+000 -2.893910037402E+001
  3.789726690123E-001  5.323187339805E-003  1.057271498601E-002  5.315734160751E+000 -2.821327592756E+001
  3.843249335105E-001  5.381451968273E-003  3.862325319199E-002  5.166648577183E+000 -2.749934760849E+001
  3.897357953460E-001  5.440383794842E-003  6.618016932518E-002  5.019761587849E+000 -2.679728073242E+001
  3.952059270903E-001  5.499993598618E-003  9.324147425103E-002  4.875073604956E+000 -2.610703595095E+001
  4.007360121927E-001  5.560292357317E-003  1.198053281087E-001  4.732584289700E+000 -2.542856934138E+001
  4.063267451812E-001  5.621291251662E-003  1.458700398110E-001  4.592292564124E+000 -2.476183249981E+001
  4.119788318683E-001  5.683001669888E-003  1.714340665047E-001  4.454196623375E+000 -2.410677263773E+001
  4.176929895600E-001  5.745435212354E-003  1.964960129909E-001  4.318293948370E+000 -2.346333268194E+001
  4.234699472710E-001  5.808603696282E-003  2.210546311113E-001  4.184581318831E+000 -2.283145137762E+001
  4.293104459435E-001  5.872519160606E-003  2.451088190989E-001  4.053054826680E+000 -2.221106339456E+001
  4.352152386716E-001  5.937193870949E-003  2.686576208992E-001  3.923709889778E+000 -2.160209943638E+001
  4.411850909306E-001  6.002640324729E-003  2.917002254613E-001  3.796541265974E+000 -2.100448635256E+001
  4.472207808110E-001  6.068871256391E-003  3.142359660038E-001  3.671543067458E+000 -2.041814725320E+001
  4.533230992589E-001  6.135899642772E-003  3.362643192566E-001  3.548708775386E+000 -1.984300162636E+001
  4.594928503202E-001  6.203738708611E-003  3.577849046817E-001  3.428031254753E+000 -1.927896545787E+001
  4.657308513924E-001  6.272401932198E-003  3.787974836760E-001  3.309502769503E+000 -1.872595135335E+001
  4.720379334802E-001  6.341903051163E-003  3.993019587580E-001  3.193114997837E+000 -1.818386866240E+001
  4.784149414579E-001  6.412256068427E-003  4.192983727415E-001  3.078859047698E+000 -1.765262360473E+001
  4.848627343381E-001  6.483475258298E-003  4.387869078994E-001  2.966725472420E+000 -1.713211939803E+001
  4.913821855461E-001  6.555575172733E-003  4.577678851187E-001  2.856704286495E+000 -1.662225638753E+001
  4.979741832006E-001  6.628570647764E-003  4.762417630519E-001  2.748784981449E+000 -1.612293217693E+001
  5.046396304008E-001  6.702476810086E-003  4.942091372642E-001  2.642956541793E+000 -1.563404176052E+001
  5.113794455212E-001  6.777309083830E-003  5.116707393820E-001  2.539207461016E+000 -1.515547765645E+001
  5.181945625116E-001  6.853083197508E-003  5.286274362434E-001  2.437525757610E+000 -1.468713004079E+001
  5.250859312060E-001  6.929815191146E-003  5.450802290536E-001  2.337898991082E+000 -1.422888688219E+001
  5.320545176366E-001  7.007521423604E-003  5.610302525479E-001  2.240314277932E+000 -1.378063407710E+001
  5.391013043575E-001  7.086218580100E-003  5.764787741644E-001  2.144758307573E+000 -1.334225558511E+001
  5.462272907741E-001  7.165923679926E-003  5.914271932279E-001  2.051217358162E+000 -1.291363356439E+001
  5.534334934816E-001  7.246654084380E-003  6.058770401485E-001  1.959677312309E+000 -1.249464850690E+001
  5.607209466109E-001  7.328427504912E-003  6.198299756354E-001  1.870123672653E+000 -1.208517937325E+001
  5.680907021827E-001  7.411262011483E-003  6.332877899286E-001  1.782541577252E+000 -1.168510372686E+001
  5.755438304707E-001  7.495176041166E-003  6.462524020502E-001  1.696915814787E+000 -1.129429786735E+001
  5.830814203728E-001  7.580188406970E-003  6.587258590758E-001  1.613230839538E+000 -1.091263696289E+001
  5.907045797917E-001  7.666318306912E-003  6.707103354288E-001  1.531470786105E+000 -1.053999518115E+001
  5.984144360243E-001  7.753585333338E-003  6.822081321975E-001  1.451619483858E+000 -1.017624581896E+001
  6.062121361613E-001  7.842009482502E-003  6.932216764766E-001  1.373660471087E+000 -9.821261430059E+000
  6.140988474955E-001  7.931611164409E-003  7.037535207339E-001  1.297577008822E+000 -9.474913951069E+000
  6.220757579409E-001  8.022411212936E-003  7.138063422023E-001  1.223352094310E+000 -9.137074825259E+000
  6.301440764614E-001  8.114430896230E-003  7.233829422972E-001  1.150968474121E+000 -8.807615123986E+000
  6.383050335109E-001  8.207691927403E-003  7.324862460607E-001  1.080408656861E+000 -8.486405665587E+000
  6.465598814833E-001  8.302216475524E-003  7.411193016300E-001  1.011654925481E+000 -8.173317131517E+000
  6.549098951744E-001  8.398027176926E-003  7.492852797321E-001  9.446893491462E-001 -7.868220179534E+000
  6.633563722545E-001  8.495147146827E-003  7.569874732022E-001  8.794937946680E-001 -7.570985553757E+000
  6.719006337539E-001  8.593599991288E-003  7.642292965252E-001  8.160499374697E-001 -7.281484191384E+000
  6.805440245593E-001  8.693409819506E-003  7.710142853993E-001  7.543392720757E-001 -6.999587325925E+000
  6.892879139233E-001  8.794601256469E-003  7.773460963196E-001  6.943431221121E-001 -6.725166586757E+000
  6.981336959871E-001  8.897199455961E-003  7.832285061799E-001  6.360426498072E-001 -6.458094094843E+000
  7.070827903152E-001  9.001230113956E-003  7.886654118908E-001  5.794188649817E-001 -6.198242554482E+000
  7.161366424455E-001  9.106719482390E-003  7.936608300097E-001  5.244526335239E-001 -5.945485340915E+000
  7.252967244510E-001  9.213694383338E-003  7.982188963828E-001  4.711246853419E-001 -5.699696583690E+000
  7.345645355186E-001  9.322182223606E-003  8.023438657928E-001  4.194156217916E-001 -5.460751245637E+000
  7.439416025400E-001  9.432211009745E-003  8.060401116104E-001  3.693059225775E-001 -5.228525197359E+000
  7.534294807203E-001  9.543809363512E-003  8.093121254451E-001  3.207759521292E-001 -5.002895287148E+000
  7.630297542000E-001  9.657006537783E-003  8.121645167910E-001  2.738059654555E-001 -4.783739406215E+000
  7.727440366954E-001  9.771832432940E-003  8.146020126634E-001  2.283761134817E-001 -4.570936549206E+000
  7.825739721536E-001  9.888317613741E-003  8.166294572205E-001  1.844664478784E-001 -4.364366869901E+000
  7.925212354258E-001  1.000649332670E-002  8.182518113654E-001  1.420569253914E-001 -4.163911732099E+000
  8.025875329584E-001  1.012639151798E-002  8.194741523235E-001  1.011274116851E-001 -3.969453755622E+000
  8.127746035011E-001  1.024804485184E-002  8.203016731878E-001  6.165768471399E-002 -3.780876857459E+000
  8.230842188350E-001  1.037148672960E-002  8.207396824275E-001  2.362743764032E-002 -3.598066288038E+000
  8.335181845190E-001  1.049675130923E-002  8.207936033532E-001 -1.298371868420E-002 -3.420908662643E+000
  8.440783406568E-001  1.062387352550E-002  8.204689735311E-001 -4.819625364964E-002 -3.249291988023E+000
  8.547665626839E-001  1.075288911077E-002  8.197714441404E-001 -8.203071520872E-002 -3.083105684244E+000
  8.655847621758E-001  1.088383461638E-002  8.187067792667E-001 -1.145077285607E-001 -2.922240601843E+000
  8.765348876780E-001  1.101674743475E-002  8.172808551233E-001 -1.456479951700E-001 -2.766589034382E+000
  8.876189255584E-001  1.115166582209E-002  8.154996591940E-001 -1.754722920889E-001 -2.616044726499E+000
  8.988389008829E-001  1.128862892191E-002  8.133692892892E-001 -2.040014715523E-001 -2.470502877571E+000
  9.101968783143E-001  1.142767678917E-002  8.108959525075E-001 -2.312564608088E-001 -2.329860141130E+000
  9.216949630368E-001  1.156885041525E-002  8.080859640960E-001 -2.572582621534E-001 -2.194014620182E+000
  9.333353017046E-001  1.171219175365E-002  8.049457462006E-001 -2.820279531226E-001 -2.062865858587E+000
  9.451200834176E-001  1.185774374655E-002  8.014818264983E-001 -3.055866868127E-001 -1.936314828693E+000
  9.570515407237E-001  1.200555035216E-002  7.977008367054E-001 -3.279556922814E-001 -1.814263915411E+000
  9.691319506484E-001  1.215565657299E-002  7.936095109516E-001 -3.491562749882E-001 -1.696616896947E+000
  9.813636357544E-001  1.230810848498E-002  7.892146840150E-001 -3.692098172335E-001 -1.583278922407E+000
  9.937489652293E-001  1.246295326757E-002  7.845232894083E-001 -3.881377785494E-001 -1.474156486521E+000
  1.006290356005E+000  1.262023923477E-002  7.795423573108E-001 -4.059616959996E-001 -1.369157401720E+000
  1.018990273907E+000  1.278001586715E-002  7.742790123382E-001 -4.227031843425E-001 -1.268190767841E+000
  1.031851234841E+000  1.294233384499E-002  7.687404711445E-001 -4.383839360117E-001 -1.171166939710E+000
  1.044875806003E+000  1.310724508236E-002  7.629340398486E-001 -4.530257208701E-001 -1.077997492892E+000
  1.058066607138E+000  1.327480276248E-002  7.568671112817E-001 -4.666503856906E-001 -9.885951878875E-001
  1.071426311823E+000  1.344506137405E-002  7.505471620473E-001 -4.792798533206E-001 -9.028739330641E-001
  1.084957648792E+000  1.361807674895E-002  7.439817493920E-001 -4.909361214862E-001 -8.207487466184E-001
  1.098663403298E+000  1.379390610110E-002  7.371785078804E-001 -5.016412611931E-001 -7.421357178672E-001
  1.112546418516E+000  1.397260806657E-002  7.301451458717E-001 -5.114174146836E-001 -6.669519681666E-001
  1.126609596985E+000  1.415424274514E-002  7.228894417944E-001 -5.202867929095E-001 -5.951156117581E-001
  1.140855902095E+000  1.433887174317E-002  7.154192402165E-001 -5.282716724842E-001 -5.265457168417E-001
  1.155288359613E+000  1.452655821788E-002  7.077424477107E-001 -5.353943920778E-001 -4.611622671710E-001
  1.169910059257E+000  1.471736692327E-002  6.998670285118E-001 -5.416773482221E-001 -3.988861244604E-001
  1.184724156317E+000  1.491136425740E-002  6.918009999682E-001 -5.471429904965E-001 -3.396389918917E-001
  1.199733873325E+000  1.510861831145E-002  6.835524277872E-001 -5.518138160657E-001 -2.833433789944E-001
  1.214942501771E+000  1.530919892035E-002  6.751294210760E-001 -5.557123635475E-001 -2.299225681686E-001
  1.230353403874E+000  1.551317771520E-002  6.665401271812E-001 -5.588612061880E-001 -1.793005831065E-001
  1.245970014403E+000  1.572062817747E-002  6.577927263304E-001 -5.612829443305E-001 -1.314021593551E-001
  1.261795842559E+000  1.593162569510E-002  6.488954260800E-001 -5.630001971618E-001 -8.615271724901E-002
  1.277834473907E+000  1.614624762054E-002  6.398564555761E-001 -5.640355937314E-001 -4.347833742645E-002
  1.294089572372E+000  1.636457333079E-002  6.306840596326E-001 -5.644117632363E-001 -3.305739122479E-003
  1.310564882294E+000  1.658668428962E-002  6.213864926370E-001 -5.641513245748E-001  3.443773858391E-002
  1.327264230548E+000  1.681266411190E-002  6.119720122908E-001 -5.632768751719E-001  6.982415241369E-002
  1.344191528724E+000  1.704259863026E-002  6.024488731934E-001 -5.618109790887E-001  1.029249672887E-001
  1.361350775387E+000  1.727657596408E-002  5.928253202826E-001 -5.597761544287E-001  1.338110653782E-001
  1.378746058390E+000  1.751468659100E-002  5.831095821410E-001 -5.571948600635E-001  1.625527517049E-001
  1.396381557275E+000  1.775702342093E-002  5.733098641816E-001 -5.540894817000E-001  1.892197562459E-001
  1.414261545744E+000  1.800368187279E-002  5.634343417270E-001 -5.504823173209E-001  2.138812324938E-001
  1.432390394201E+000  1.825475995395E-002  5.534911529944E-001 -5.463955620335E-001  2.366057524648E-001
  1.450772572390E+000  1.851035834267E-002  5.434883920044E-001 -5.418512923649E-001  2.574612981703E-001
  1.469412652102E+000  1.877058047342E-002  5.334341014272E-001 -5.368714500500E-001  2.765152495934E-001
  1.488315309978E+000  1.903553262542E-002  5.233362653840E-001 -5.314778253604E-001  2.938343692388E-001
  1.507485330398E+000  1.930532401444E-002  5.132028022213E-001 -5.256920400276E-001  3.094847833520E-001
  1.526927608467E+000  1.958006688797E-002  5.030415572752E-001 -5.195355298191E-001  3.235319599277E-001
  1.546647153093E+000  1.985987662391E-002  4.928602956444E-001 -5.130295268275E-001  3.360406836555E-001
  1.566649090169E+000  2.014487183303E-002  4.826666949917E-001 -5.061950415398E-001  3.470750279739E-001
  1.586938665861E+000  2.043517446518E-002  4.724683383913E-001 -4.990528447533E-001  3.566983244289E-001
  1.607521250000E+000  2.073090991960E-002  4.622727072430E-001 -4.916234494111E-001  3.649731295546E-001
  1.628402339588E+000  2.103220715932E-002  4.520871742725E-001 -4.839270924299E-001  3.719611895158E-001
  1.649587562420E+000  2.133919883002E-002  4.419189966360E-001 -4.759837165967E-001  3.777234027724E-001
  1.671082680832E+000  2.165202138333E-002  4.317753091504E-001 -4.678129526104E-001  3.823197810424E-001
  1.692893595565E+000  2.197081520497E-002  4.216631176665E-001 -4.594341013490E-001  3.858094088560E-001
  1.715026349769E+000  2.229572474776E-002  4.115892926052E-001 -4.508661164388E-001  3.882504020104E-001
  1.737487133138E+000  2.262689866987E-002  4.015605626745E-001 -4.421275872057E-001  3.896998652407E-001
  1.760282286187E+000  2.296448997842E-002  3.915835087851E-001 -4.332367220869E-001  3.902138494378E-001
  1.783418304674E+000  2.330865617868E-002  3.816645581813E-001 -4.242113325791E-001  3.898473087463E-001
  1.806901844175E+000  2.365955942924E-002  3.718099788045E-001 -4.150688177996E-001  3.886540578809E-001
  1.830739724818E+000  2.401736670327E-002  3.620258739028E-001 -4.058261497320E-001  3.866867300015E-001
  1.854938936184E+000  2.438224995616E-002  3.523181769032E-001 -3.964998592274E-001  3.839967354852E-001
  1.879506642368E+000  2.475438629994E-002  3.426926465570E-001 -3.871060228269E-001  3.806342219287E-001
  1.904450187236E+000  2.513395818467E-002  3.331548623721E-001 -3.776602504678E-001  3.766480357072E-001
  1.929777099847E+000  2.552115358717E-002  3.237102203426E-001 -3.681776741321E-001  3.720856854068E-001
  1.955495100083E+000  2.591616620741E-002  3.143639289839E-001 -3.586729374882E-001  3.669933074343E-001
  1.981612104475E+000  2.631919567292E-002  3.051210056816E-001 -3.491601865749E-001  3.614156340914E-001
  2.008136232230E+000  2.673044775156E-002  2.959862733606E-001 -3.396530615673E-001  3.553959643837E-001
  2.035075811486E+000  2.715013457311E-002  2.869643574793E-001 -3.301646896596E-001  3.489761378141E-001
  2.062439385788E+000  2.757847486001E-002  2.780596833505E-001 -3.207076790937E-001  3.421965113860E-001
  2.090235720801E+000  2.801569416771E-002  2.692764737930E-001 -3.112941143525E-001  3.350959400189E-001
  2.118473811262E+000  2.846202513514E-002  2.606187471120E-001 -3.019355525336E-001  3.277117605493E-001
  2.147162888201E+000  2.891770774564E-002  2.520903154071E-001 -2.926430209087E-001  3.200797794634E-001
  2.176312426413E+000  2.938298959899E-002  2.436947832057E-001 -2.834270156671E-001  3.122342644776E-001
  2.205932152222E+000  2.985812619504E-002  2.354355464165E-001 -2.742975018357E-001  3.042079400504E-001
  2.236032051522E+000  3.034338122938E-002  2.273157915979E-001 -2.652639143583E-001  2.960319868797E-001
  2.266622378129E+000  3.083902690182E-002  2.193384955334E-001 -2.563351603113E-001  2.877360454041E-001
  2.297713662445E+000  3.134534423818E-002  2.115064251068E-001 -2.475196222253E-001  2.793482232979E-001
  2.329316720450E+000  3.186262342603E-002  2.038221374673E-001 -2.388251624753E-001  2.708951069126E-001
  2.361442663038E+000  3.239116416519E-002  1.962879804744E-001 -2.302591286949E-001  2.624017765912E-001
  2.394102905709E+000  3.293127603351E-002  1.889060934119E-001 -2.218283601668E-001  2.538918257447E-001
  2.427309178642E+000  3.348327886897E-002  1.816784079592E-001 -2.135391951321E-001  2.453873835554E-001
  2.461073537146E+000  3.404750316862E-002  1.746066494089E-001 -2.053974789602E-001  2.369091411404E-001
  2.495408372530E+000  3.462429050548E-002  1.676923381172E-001 -1.974085731145E-001  2.284763809837E-001
  2.530326423398E+000  3.521399396401E-002  1.609367911762E-001 -1.895773648451E-001  2.201070094193E-001
  2.565840787378E+000  3.581697859546E-002  1.543411242956E-001 -1.819082775400E-001  2.118175919288E-001
  2.601964933334E+000  3.643362189376E-002  1.479062538827E-001 -1.744052816611E-001  2.036233909949E-001
  2.638712714049E+000  3.706431429322E-002  1.416328993086E-001 -1.670719061903E-001  1.955384062377E-001
  2.676098379430E+000  3.770945968912E-002  1.355215853509E-001 -1.599112505145E-001  1.875754165476E-001
  2.714136590232E+000  3.836947598236E-002  1.295726448044E-001 -1.529259966733E-001  1.797460239179E-001
  2.752842432351E+000  3.904479564947E-002  1.237862212495E-001 -1.461184218987E-001  1.720606986753E-001
  2.792231431696E+000  3.973586633921E-002  1.181622719719E-001 -1.394904113774E-001  1.645288258015E-001
  2.832319569669E+000  4.044315149734E-002  1.127005710290E-001 -1.330434711668E-001  1.571587520425E-001
  2.873123299289E+000  4.116713102086E-002  1.074007124564E-001 -1.267787412049E-001  1.499578335040E-001
  2.914659561979E+000  4.190830194354E-002  1.022621136131E-001 -1.206970083526E-001  1.429324834391E-001
  2.956945805065E+000  4.266717915414E-002  9.728401866322E-002 -1.147987194166E-001  1.360882199471E-001
  3.000000000000E+000  4.344429614932E-002  9.246550219499E-002 -1.090839941058E-001  1.294297133141E-001
  3.043840661365E+000  4.424020582308E-002  8.780547297856E-002 -1.035526378786E-001  1.229608327436E-001
  3.088486866678E+000  4.505548129460E-002  8.330267786556E-002 -9.820415464763E-002  1.166846922465E-001
  3.133958277047E+000  4.589071677685E-002  7.895570583551E-002 -9.303775931326E-002  1.106036954786E-001
  3.180275158719E+000  4.674652848797E-002  7.476299219485E-002 -8.805239010642E-002  1.047195793413E-001
  3.227458405560E+000  4.762355560797E-002  7.072282293558E-002 -8.324672072625E-002  9.903345618435E-002
  3.275529562509E+000  4.852246128332E-002  6.683333926168E-002 -7.861917226686E-002  9.354585447819E-002
  3.324510850077E+000  4.944393368200E-002  6.309254229182E-002 -7.416792493335E-002  8.825675784933E-002
  3.374425189910E+000  5.038868710203E-002  5.949829794745E-002 -6.989092955436E-002  8.316564240290E-002
  3.425296231502E+000  5.135746313639E-002  5.604834203557E-002 -6.578591890388E-002  7.827151228279E-002
  3.477148380094E+000  5.235103189784E-002  5.274028553491E-002 -6.185041885115E-002  7.357293344823E-002
  3.530006825834E+000  5.337019330676E-002  4.957162009401E-002 -5.808175936160E-002  6.906806567247E-002
  3.583897574256E+000  5.441577844603E-002  4.653972374853E-002 -5.447708537598E-002  6.475469279429E-002
  3.638847478148E+000  5.548865098670E-002  4.364186686386E-002 -5.103336759787E-002  6.063025127685E-002
  3.694884270887E+000  5.658970868864E-002  4.087521830731E-002 -4.774741322152E-002  5.669185714915E-002
  3.752036601308E+000  5.771988498079E-002  3.823685185210E-002 -4.461587663285E-002  5.293633142477E-002
  3.810334070199E+000  5.888015062562E-002  3.572375281282E-002 -4.163527011652E-002  4.936022410737E-002
  3.869807268505E+000  6.007151547295E-002  3.333282490937E-002 -3.880197460017E-002  4.595983690594E-002
  3.930487817331E+000  6.129503030858E-002  3.106089735295E-002 -3.611225046474E-002  4.273124479106E-002
  3.992408409843E+000  6.255178880352E-002  2.890473214461E-002 -3.356224844596E-002  3.967031652980E-002
  4.055602855172E+000  6.384292957002E-002  2.686103157284E-002 -3.114802064743E-002  3.677273433835E-002
  4.120106124432E+000  6.516963833101E-002  2.492644589327E-002 -2.886553168004E-002  3.403401279028E-002
  4.185954398964E+000  6.653315021009E-002  2.309758116927E-002 -2.671066993574E-002  3.144951711289E-002
  4.253185120935E+000  6.793475214960E-002  2.137100724854E-002 -2.467925899646E-002  2.901448099594E-002
  4.321837046422E+000  6.937578546490E-002  1.974326584690E-002 -2.276706917090E-002  2.672402402514E-002
  4.391950301120E+000  7.085764854355E-002  1.821087870651E-002 -2.096982914347E-002  2.457316883850E-002
  4.463566438835E+000  7.238179969882E-002  1.677035579264E-002 -1.928323771099E-002  2.255685808664E-002
  4.536728502895E+000  7.394976018725E-002  1.541820348961E-002 -1.770297557424E-002  2.066997125925E-002
  4.611481090679E+000  7.556311740127E-002  1.415093275393E-002 -1.622471714254E-002  1.890734141942E-002
  4.687870421430E+000  7.722352824817E-002  1.296506718043E-002 -1.484414230193E-002  1.726377186602E-002
  4.765944407533E+000  7.893272272784E-002  1.185715093545E-002 -1.355694808965E-002  1.573405272277E-002
  4.845752729492E+000  8.069250772248E-002  1.082375651024E-002 -1.235886021124E-002  1.431297743054E-002
  4.927346914797E+000  8.250477101257E-002  9.861492247434E-003 -1.124564433105E-002  1.299535909886E-002
  5.010780420931E+000  8.437148553436E-002  8.967009593989E-003 -1.021311706277E-002  1.177604665317E-002
  5.096108722763E+000  8.629471389541E-002  8.137010035390E-003 -9.257156583694E-003  1.064994069648E-002
  5.183389404586E+000  8.827661316581E-002  7.368251668015E-003 -8.373712795309E-003  9.612008989388E-003
  5.272682257105E+000  9.031943996425E-002  6.657555369653E-003 -7.558816953519E-003  8.657301440171E-003
  5.364049379651E+000  9.242555585946E-002  6.001810531946E-003 -6.808590693815E-003  7.780964487626E-003
  5.457555287978E+000  9.459743310926E-002  5.397980323168E-003 -6.119254381024E-003  6.978254754566E-003
  5.553267027968E+000  9.683766076100E-002  4.843106454993E-003 -5.487134719066E-003  6.244551848172E-003
  5.651254295630E+000  9.914895113938E-002  4.334313432840E-003 -4.908671563699E-003  5.575370186177E-003
  5.751589563796E+000  1.015341467494E-001  3.868812275738E-003 -4.380423890349E-003  4.966369734267E-003
  5.854348215936E+000  1.039962276248E-001  3.443903698392E-003 -3.899074879651E-003  4.413365550370E-003
  5.959608687557E+000  1.065383191537E-001  3.056980755079E-003 -3.461436094938E-003  3.912336045261E-003
  6.067452615683E+000  1.091637004188E-001  2.705530951945E-003 -3.064450738498E-003  3.459429885830E-003
  6.177964996951E+000  1.118758130872E-001  2.387137841143E-003 -2.705195986504E-003  3.050971486984E-003
  6.291234354880E+000  1.146782708938E-001  2.099482116713E-003 -2.380884415931E-003  2.683465059823E-003
  6.407352916949E+000  1.175748697626E-001  1.840342238142E-003 -2.088864549991E-003  2.353597206965E-003
  6.526416802128E+000  1.205695986129E-001  1.607594612822E-003 -1.826620561434E-003  2.058238079832E-003
  6.648526219580E+000  1.236666509049E-001  1.399213373123E-003 -1.591771184982E-003  1.794441136763E-003
  6.773785679311E+000  1.268704369821E-001  1.213269787259E-003 -1.382067900950E-003  1.559441564139E-003
  6.902304215570E+000  1.301855972713E-001  1.047931345494E-003 -1.195392461326E-003  1.350653444655E-003
  7.034195623922E+000  1.336170164087E-001  9.014605644047E-004 -1.029753837073E-003  1.165665776720E-003
  7.169578712934E+000  1.371698383673E-001  7.722135518227E-004 -8.832846708206E-004  1.002237466081E-003
  7.308577571516E+000  1.408494826628E-001  6.586383737427E-004 -7.542373223595E-004  8.582914246895E-004
  7.451321853057E+000  1.446616617293E-001  5.592732618800E-004 -6.409795952848E-004  7.319079220561E-004
  7.597947077547E+000  1.486123995567E-001  4.727446968475E-004 -5.419902317124E-004  6.213173406076E-004
  7.748594953021E+000  1.527080516973E-001  3.977653971569E-004 -4.558542583231E-004  5.248924887552E-004
  7.903413717736E+000  1.569553267535E-001  3.331322386424E-004 -3.812582611497E-004  4.411406234006E-004
  8.062558504629E+000  1.613613094717E-001  2.777241226622E-004 -3.169856587518E-004  3.686953276636E-004
  8.226191729726E+000  1.659334855793E-001  2.304998048053E-004 -2.619120340049E-004  3.063083799401E-004
  8.394483506327E+000  1.706797685137E-001  1.904956890961E-004 -2.150005740165E-004  2.528417374218E-004
  8.567612086926E+000  1.756085282071E-001  1.568235861596E-004 -1.752976560816E-004  2.072597414501E-004
  8.745764335025E+000  1.807286221064E-001  1.286684277797E-004 -1.419286055558E-004  1.686216341758E-004
  8.929136229160E+000  1.860494286260E-001  1.052859250761E-004 -1.140936395290E-004  1.360744566392E-004
  9.117933401693E+000  1.915808832504E-001  8.600015341072E-005 -9.106399871418E-005  1.088463783471E-004
  9.312371715124E+000  1.973335175235E-001  7.020104438847E-005 -7.217825948537E-005  8.624048844615E-005
  9.512677878945E+000  2.033185011886E-001  5.734176412862E-005 -5.683880894638E-005  6.762905945522E-005
  9.719090110332E+000  2.095476877688E-001  4.693595751261E-005 -4.450845866157E-005  5.244827690902E-005
  9.931858842267E+000  2.160336639044E-001  3.855484042958E-005 -3.470716753812E-005  4.019341283110E-005
  1.015124748302E+001  2.227898028021E-001  3.182412613114E-005 -2.700884152525E-005  3.041440821064E-005
  1.037753323129E+001  2.298303221843E-001  2.642077757080E-005 -2.103817739610E-005  2.271182001193E-005
  1.061100795175E+001  2.371703471699E-001  2.206958484322E-005 -1.646751988840E-005  1.673308194477E-005
  1.085197911611E+001  2.448259785618E-001  1.853957526302E-005 -1.301370576844E-005  1.216902536130E-005
  1.110077081537E+001  2.528143670735E-001  1.564027285512E-005 -1.043487469208E-005  8.750607142828E-006
  1.135772484956E+001  2.611537940784E-001  1.321783361649E-005 -8.527234698668E-006  6.245795060490E-006
  1.162320190175E+001  2.698637595360E-001  1.115109234420E-005 -7.121779318726E-006  4.456567440375E-006
  1.189758280382E+001  2.789650778206E-001  9.347565565089E-006 -6.080963056361E-006  3.215992509530E-006
  1.218126990242E+001  2.884799822596E-001  7.739462601488E-006 -5.295351822638E-006  2.385362905851E-006
  1.247468853413E+001  2.984322392826E-001  6.279762545594E-006 -4.680274126272E-006  1.851371792130E-006
  1.277828862002E+001  3.088472731875E-001  4.938418431203E-006 -4.172506870241E-006  1.523328077518E-006
  1.309254639077E+001  3.197523026463E-001  3.698750819788E-006 -3.727035907917E-006  1.330418684215E-006
  1.341796625462E+001  3.311764902095E-001  2.554091115206E-006 -3.313935622768E-006  1.219034923893E-006
  1.375508282195E+001  3.431511062169E-001  1.504730095768E-006 -2.915413379271E-006  1.150187286722E-006
  1.410446310162E+001  3.557097086969E-001  5.552194800986E-007 -2.523063570471E-006  1.097037852529E-006
  1.446670888596E+001  3.688883410292E-001 -2.879359221031E-007 -2.135372152273E-006  1.042581832845E-006
  1.484245934302E+001  3.827257493700E-001 -1.018170354126E-006 -1.755506178480E-006  9.775093562694E-007
  1.523239383723E+001  3.972636220891E-001 -1.630322440851E-006 -1.389414280685E-006  8.982756229964E-007
  1.563723500136E+001  4.125468537596E-001 -2.121677464755E-006 -1.044253776353E-006  8.054022688785E-007
  1.605775208607E+001  4.286238365683E-001 -2.492605282795E-006 -7.271487645306E-007  7.020256488248E-007
  1.649476461582E+001  4.455467823929E-001 -2.746826720724E-006 -4.442718913891E-007  5.926993544032E-007
  1.694914638379E+001  4.633720792263E-001 -2.891353809384E-006 -2.002311783615E-007  4.824492811882E-007
  1.742182982203E+001  4.821606861220E-001 -2.936159389302E-006  2.266878966868E-009  3.760706431674E-007
  1.791381078784E+001  5.019785714107E-001 -2.893638788069E-006  1.625151744861E-007  2.776481489425E-007
  1.842615381215E+001  5.228971995942E-001 -2.777930035057E-006  2.817082394317E-007  1.902736780861E-007
  1.895999786176E+001  5.449940730840E-001 -2.604159207044E-006  3.626958898957E-007  1.159306674649E-007
  1.951656267356E+001  5.683533358366E-001 -2.387674026586E-006  4.096361404283E-007  5.551131704951E-008
  2.009715572669E+001  5.930664469535E-001 -2.143322040706E-006  4.275934141500E-007  8.931755459153E-009
  2.070317992707E+001  6.192329335039E-001 -1.884820100760E-006  4.221238077428E-007 -2.468860715130E-008
  2.133614208874E+001  6.469612332096E-001 -1.624250153709E-006  3.988828837770E-007 -4.681440178349E-008
  2.199766230782E+001  6.763696392388E-001 -1.371703395430E-006  3.632837177364E-007 -5.927479380941E-008
  2.268948433818E+001  7.075873612439E-001 -1.135081565804E-006  3.202243610875E-007 -6.405826675151E-008
  2.341348709294E+001  7.407557189842E-001 -9.200515304579E-007  2.738951619310E-007 -6.313692807325E-008
  2.417169741362E+001  7.760294874639E-001 -7.301381761665E-007  2.276681516600E-007 -5.832965443800E-008
  2.496630426925E+001  8.135784155747E-001 -5.669317883644E-007  1.840635218661E-007 -5.120789584437E-008
  2.579967457140E+001  8.535889438281E-001 -4.303800197427E-007  1.447825210070E-007 -4.304323621054E-008
  2.667437081864E+001  8.962661510291E-001 -3.191315880278E-007  1.107921818185E-007 -3.479211792762E-008
  2.759317081651E+001  9.418359647997E-001 -2.308989702144E-007  8.244526293266E-008 -2.711061824838E-008
  2.855908975674E+001  9.905476768748E-001 -1.628103213073E-007  5.961859174251E-008 -2.039083685140E-008
  2.957540498378E+001  1.042676811269E+000 -1.117261151745E-007  4.185440869972E-008 -1.481022882792E-008
  3.064568382919E+001  1.098528402000E+000 -7.450286033385E-008  2.849198132397E-008 -1.038591795143E-008
  3.177381495601E+001  1.158440747351E+000 -4.819383996489E-008  1.878023347608E-008 -7.027409090379E-009
  3.296404372807E+001  1.222789720048E+000 -3.018429446189E-008  1.196593701603E-008 -4.582909385404E-009
  3.422101220608E+001  1.291993727721E+000 -1.826501721718E-008  7.355671527702E-009 -2.876386782350E-009
  3.554980447538E+001  1.366519436102E+000 -1.065335655936E-008  4.352878215262E-009 -1.734292465051E-009
  3.695599813319E+001  1.446888389511E+000 -5.973744334978E-009  2.473638110911E-009 -1.002357241400E-009
  3.844572291106E+001  1.533684690030E+000 -3.211025358192E-009  1.346158483522E-009 -5.539214438422E-010
  4.002572758518E+001  1.627563929686E+000 -1.649239298920E-009  6.993702412354E-010 -2.918345372950E-010
  4.170345654134E+001  1.729263610453E+000 -8.065272500846E-010  3.456689106447E-010 -1.461004784322E-010
  4.348713762001E+001  1.839615336740E+000 -3.740507909300E-010  1.619086829312E-010 -6.924176613661E-011
  4.538588318162E+001  1.959559126947E+000 -1.637968976464E-010  7.155722529270E-011 -3.093530430323E-011
  4.740980671574E+001  2.090160267552E+000 -6.739280540661E-011  2.969651520526E-011 -1.296729034001E-011
  4.957015778746E+001  2.232629229408E+000 -2.591053106322E-011  1.150988880100E-011 -5.072652826061E-012
  5.187947869225E+001  2.388345286640E+000 -9.251997442196E-012  4.141065807619E-012 -1.840798082772E-012
  5.435178690397E+001  2.558884630889E+000 -3.047282744754E-012  1.373624790289E-012 -6.155026353845E-013
  5.700278828629E+001  2.746053966795E+000 -9.186794180392E-013  4.168799742024E-013 -1.881927081557E-013
  5.985012714155E+001  2.951930820846E+000 -2.513191299257E-013  1.147602612116E-013 -5.216711422274E-014
  6.291368055481E+001  3.178912111311E+000 -6.178040099796E-014  2.837760405150E-014 -1.298365286863E-014
  6.621590623276E+001  3.429772933797E+000 -1.349692037695E-014  6.234050707898E-015 -2.869632861700E-015
  6.978225524452E+001  3.707738044625E+000 -2.587768198115E-015  1.201527383459E-015 -5.562348086734E-016
  7.364166388185E+001  4.016569212832E+000 -4.292568269693E-016  2.002947520221E-016 -9.322003436910E-017
  7.782714245929E+001  4.360672516382E+000 -6.060715059549E-017  2.841189365916E-017 -1.328964669840E-017
  8.237648351994E+001  4.745230855210E+000 -7.148667462936E-018  3.365991131092E-018 -1.581861957431E-018
  8.733311794503E+001  5.176368549127E+000 -6.894163409948E-019  3.259684816567E-019 -1.538692109788E-019
  9.274715535088E+001  5.661357031559E+000 -5.302855427909E-020  2.517160859622E-020 -1.193147519626E-020
  9.867665554529E+001  6.208873552072E+000 -3.160871668035E-021  1.505989658535E-021 -7.166487552019E-022
  1.051891916055E+002  6.829328764649E+000 -1.411926866786E-022  6.750771019115E-023 -3.224333155108E-023
  1.123637836013E+002  7.535284543316E+000 -4.544527966810E-024  2.180082695210E-024 -1.044885859953E-024
  1.202933069206E+002  8.341990973528E+000 -1.006471760401E-025  4.843398512316E-026 -2.328993342303E-026
  1.290875131414E+002  9.268082166539E+000 -1.452323337386E-027  7.009738833965E-028 -3.381115093590E-028
  1.388768482001E+002  1.033648575811E+001 -1.279696881880E-029  6.193908359176E-030 -2.996301635258E-030
  1.498173177370E+002  1.157562284364E+001 -6.371363919168E-032  3.092017100339E-032 -1.499864697797E-032
  1.620967411853E+002  1.302100699722E+001 -1.632486357977E-034  7.942307131167E-035 -3.862575495420E-035
  1.759428668168E+002  1.471739812515E+001 -1.921856273657E-037  9.372261571117E-038 -4.569082598828E-038
  1.916340085825E+002  1.672173748087E+001 -9.050133133852E-041  4.423298565732E-041 -2.161337516228E-041
  2.095131417987E+002  1.910719757888E+001 -1.436978932866E-044  7.038066325914E-045 -3.446369180135E-045
  2.300068054477E+002  2.196884699990E+001 -6.220099261504E-049  3.052516928443E-049 -1.497758201907E-049
  2.536507797910E+002  2.543169216868E+001 -5.619643895455E-054  2.762966412217E-054 -1.358250783608E-054
  2.811254638474E+002  2.966227967912E+001 -7.548279995043E-060  3.717671462108E-060 -1.830812691124E-060
  3.133053780630E+002  3.488573552677E+001 -9.745194241672E-067  4.807525802664E-067 -2.371444498077E-067
  3.513296254502E+002  4.141128389041E+001 -6.850761979663E-075  3.384789504599E-075 -1.672219266868E-075
  3.967041014106E+002  4.967130404214E+001 -1.236937552293E-084  6.120082278831E-085 -3.027907118954E-085
  4.514529193349E+002  6.028257212519E+001 -2.088661993374E-096  1.034786498398E-096 -5.126428079622E-097
  5.183481233601E+002  7.414493328740E+001 -8.266102295740E-111  4.100285734255E-111 -2.033825099235E-111
  6.012676077950E+002  9.260523890243E+001 -1.105917483823E-128  5.491937973621E-129 -2.727208350742E-129
  7.057700503752E+002  1.177394213729E+002 -3.115368195899E-151  1.548679924846E-151 -7.698508880698E-152
  8.400513767914E+002  1.528577972397E+002 -3.081321535834E-180  1.533202323818E-180 -7.628809666036E-181
  1.016602135495E+003  2.034537342122E+002 -2.086559252006E-218  1.039118218090E-218 -5.174825548291E-219
  1.255220715580E+003  2.790860613466E+002 -4.891814093365E-270  2.438026126221E-270 -1.215078951139E-270
  1.588815776243E+003  3.973705897531E+002  0.000000000000E+000  0.000000000000E+000  0.000000000000E+000
  2.075392011604E+003  5.931596040112E+002  0.000000000000E+000  0.000000000000E+000  0.000000000000E+000
  2.825079847529E+003  9.419154890021E+002  0.000000000000E+000  0.000000000000E+000  0.000000000000E+000
  4.068408296184E+003  1.627629972033E+003  0.000000000000E+000  0.000000000000E+000  0.000000000000E+000
  6.357262947674E+003  3.178964796686E+003  0.000000000000E+000  0.000000000000E+000  0.000000000000E+000
  1.130231930164E+004  7.535323971013E+003  0.000000000000E+000  0.000000000000E+000  0.000000000000E+000
  2.543105175140E+004  2.543171841285E+004  0.000000000000E+000  0.000000000000E+000  0.000000000000E+000
  1.017262069958E+005  2.034537473226E+005  0.000000000000E+000  0.000000000000E+000  0.000000000000E+000
