# 1st line: number of mesh points
# abcissa weight wavefunction wavefunction_1st wavefunction_2nd
500
# Principal QN=   1 , l=   1 , Occupation=   2.0100
  9.830308526508E-006  1.966074589941E-005  6.097798082842E-005  6.202887327405E+000 -3.486562749073E+001
  3.932200719717E-005  3.932303800261E-005  2.438965030960E-004  6.201859150892E+000 -3.486087594709E+001
  8.847741541455E-005  5.898842277178E-005  5.487093081856E-004  6.200145744931E+000 -3.485295727670E+001
  1.573003992804E-004  7.865844718600E-005  9.753393051936E-004  6.197747441878E+000 -3.484187233372E+001
  2.457963722417E-004  9.833465899987E-005  1.523678581122E-003  6.194664707050E+000 -3.482762231520E+001
  3.539722959954E-004  1.180186070023E-004  2.193588415168E-003  6.190898138752E+000 -3.481020876228E+001
  4.818366816528E-004  1.377118412759E-004  2.984899297125E-003  6.186448468300E+000 -3.478963356175E+001
  6.293995911626E-004  1.574159134560E-004  3.897410949916E-003  6.181316560062E+000 -3.476589894801E+001
  7.966726389934E-004  1.771323769912E-004  4.930892356283E-003  6.175503411490E+000 -3.473900750526E+001
  9.836689940782E-004  1.968627874036E-004  6.085081789674E-003  6.169010153169E+000 -3.470896217012E+001
  1.190403382016E-003  2.166087025496E-004  7.359686849347E-003  6.161838048866E+000 -3.467576623456E+001
  1.416892087541E-003  2.363716828821E-004  8.754384499749E-003  6.153988495579E+000 -3.463942334909E+001
  1.663152957245E-003  2.561532917128E-004  1.026882111420E-002  6.145463023602E+000 -3.459993752642E+001
  1.929205402573E-003  2.759550954757E-004  1.190261252294E-002  6.136263296578E+000 -3.455731314527E+001
  2.215070403074E-003  2.957786639908E-004  1.365534406559E-002  6.126391111568E+000 -3.451155495465E+001
  2.520770509919E-003  3.156255707300E-004  1.552657064810E-002  6.115848399112E+000 -3.446266807831E+001
  2.846329849692E-003  3.354973930828E-004  1.751581680419E-002  6.104637223300E+000 -3.441065801963E+001
  3.191774128432E-003  3.553957126240E-004  1.962257676146E-002  6.092759781837E+000 -3.435553066665E+001
  3.557130635959E-003  3.753221153821E-004  2.184631451210E-002  6.080218406109E+000 -3.429729229754E+001
  3.942428250463E-003  3.952781921092E-004  2.418646388844E-002  6.067015561253E+000 -3.423594958623E+001
  4.347697443358E-003  4.152655385525E-004  2.664242864322E-002  6.053153846219E+000 -3.417150960837E+001
  4.772970284417E-003  4.352857557265E-004  2.921358253483E-002  6.038635993832E+000 -3.410397984756E+001
  5.218280447175E-003  4.553404501876E-004  3.189926941760E-002  6.023464870850E+000 -3.403336820177E+001
  5.683663214611E-003  4.754312343099E-004  3.469880333705E-002  6.007643478019E+000 -3.395968299007E+001
  6.169155485101E-003  4.955597265624E-004  3.761146863047E-002  5.991174950118E+000 -3.388293295958E+001
  6.674795778653E-003  5.157275517886E-004  4.063652003264E-002  5.974062556001E+000 -3.380312729257E+001
  7.200624243425E-003  5.359363414876E-004  4.377318278704E-002  5.956309698630E+000 -3.372027561389E+001
  7.746682662519E-003  5.561877340970E-004  4.702065276247E-002  5.937919915096E+000 -3.363438799848E+001
  8.313014461060E-003  5.764833752781E-004  5.037809657536E-002  5.918896876636E+000 -3.354547497917E+001
  8.899664713569E-003  5.968249182030E-004  5.384465171762E-002  5.899244388631E+000 -3.345354755457E+001
  9.506680151615E-003  6.172140238444E-004  5.741942669049E-002  5.878966390595E+000 -3.335861719717E+001
  1.013410917176E-002  6.376523612666E-004  6.110150114420E-002  5.858066956152E+000 -3.326069586158E+001
  1.078200184380E-002  6.581416079202E-004  6.488992602368E-002  5.836550292990E+000 -3.315979599288E+001
  1.145040991929E-002  6.786834499385E-004  6.878372372051E-002  5.814420742806E+000 -3.305593053513E+001
  1.213938684040E-002  6.992795824361E-004  7.278188823110E-002  5.791682781226E+000 -3.294911293999E+001
  1.284898774901E-002  7.199317098113E-004  7.688338532131E-002  5.768341017711E+000 -3.283935717535E+001
  1.357926949620E-002  7.406415460502E-004  8.108715269754E-002  5.744400195436E+000 -3.272667773413E+001
  1.433029065191E-002  7.614108150341E-004  8.539210018464E-002  5.719865191152E+000 -3.261108964314E+001
  1.510211151509E-002  7.822412508494E-004  8.979710991039E-002  5.694741015016E+000 -3.249260847188E+001
  1.589479412397E-002  8.031345981016E-004  9.430103649715E-002  5.669032810403E+000 -3.237125034152E+001
  1.670840226680E-002  8.240926122311E-004  9.890270726033E-002  5.642745853683E+000 -3.224703193375E+001
  1.754300149280E-002  8.451170598329E-004  1.036009224142E-001  5.615885553975E+000 -3.211997049976E+001
  1.839865912351E-002  8.662097189796E-004  1.083944552850E-001  5.588457452865E+000 -3.199008386907E+001
  1.927544426443E-002  8.873723795480E-004  1.132820525313E-001  5.560467224098E+000 -3.185739045842E+001
  2.017342781695E-002  9.086068435487E-004  1.182624343722E-001  5.531920673226E+000 -3.172190928060E+001
  2.109268249069E-002  9.299149254598E-004  1.233342948232E-001  5.502823737230E+000 -3.158365995311E+001
  2.203328281612E-002  9.512984525641E-004  1.284963019397E-001  5.473182484097E+000 -3.144266270684E+001
  2.299530515754E-002  9.727592652906E-004  1.337470980686E-001  5.443003112363E+000 -3.129893839462E+001
  2.397882772639E-002  9.942992175591E-004  1.390853001079E-001  5.412291950612E+000 -3.115250849958E+001
  2.498393059493E-002  1.015920177130E-003  1.445094997749E-001  5.381055456934E+000 -3.100339514345E+001
  2.601069571024E-002  1.037624025957E-003  1.500182638821E-001  5.349300218334E+000 -3.085162109459E+001
  2.705920690860E-002  1.059412660547E-003  1.556101346220E-001  5.317032950103E+000 -3.069720977598E+001
  2.812954993023E-002  1.081287992318E-003  1.612836298606E-001  5.284260495133E+000 -3.054018527289E+001
  2.922181243436E-002  1.103251947969E-003  1.670372434391E-001  5.250989823189E+000 -3.038057234034E+001
  3.033608401473E-002  1.125306469854E-003  1.728694454848E-001  5.217228030121E+000 -3.021839641039E+001
  3.147245621542E-002  1.147453516351E-003  1.787786827310E-001  5.182982337033E+000 -3.005368359911E+001
  3.263102254705E-002  1.169695062249E-003  1.847633788457E-001  5.148260089393E+000 -2.988646071327E+001
  3.381187850339E-002  1.192033099133E-003  1.908219347692E-001  5.113068756082E+000 -2.971675525678E+001
  3.501512157837E-002  1.214469635775E-003  1.969527290618E-001  5.077415928391E+000 -2.954459543673E+001
  3.624085128345E-002  1.237006698530E-003  2.031541182602E-001  5.041309318956E+000 -2.937001016920E+001
  3.748916916538E-002  1.259646331739E-003  2.094244372428E-001  5.004756760632E+000 -2.919302908460E+001
  3.876017882444E-002  1.282390598136E-003  2.157619996063E-001  4.967766205301E+000 -2.901368253271E+001
  4.005398593302E-002  1.305241579266E-003  2.221650980497E-001  4.930345722623E+000 -2.883200158727E+001
  4.137069825459E-002  1.328201375897E-003  2.286320047695E-001  4.892503498707E+000 -2.864801805024E+001
  4.271042566323E-002  1.351272108452E-003  2.351609718644E-001  4.854247834734E+000 -2.846176445548E+001
  4.407328016341E-002  1.374455917436E-003  2.417502317491E-001  4.815587145489E+000 -2.827327407214E+001
  4.545937591035E-002  1.397754963880E-003  2.483979975787E-001  4.776529957838E+000 -2.808258090743E+001
  4.686882923075E-002  1.421171429779E-003  2.551024636828E-001  4.737084909129E+000 -2.788971970902E+001
  4.830175864396E-002  1.444707518548E-003  2.618618060094E-001  4.697260745514E+000 -2.769472596682E+001
  4.975828488365E-002  1.468365455478E-003  2.686741825790E-001  4.657066320205E+000 -2.749763591430E+001
  5.123853091993E-002  1.492147488203E-003  2.755377339484E-001  4.616510591646E+000 -2.729848652924E+001
  5.274262198188E-002  1.516055887169E-003  2.824505836851E-001  4.575602621611E+000 -2.709731553394E+001
  5.427068558066E-002  1.540092946119E-003  2.894108388509E-001  4.534351573226E+000 -2.689416139477E+001
  5.582285153302E-002  1.564260982573E-003  2.964165904964E-001  4.492766708908E+000 -2.668906332118E+001
  5.739925198530E-002  1.588562338332E-003  3.034659141650E-001  4.450857388224E+000 -2.648206126413E+001
  5.900002143803E-002  1.612999379973E-003  3.105568704068E-001  4.408633065669E+000 -2.627319591374E+001
  6.062529677088E-002  1.637574499364E-003  3.176875053032E-001  4.366103288361E+000 -2.606250869647E+001
  6.227521726827E-002  1.662290114181E-003  3.248558510004E-001  4.323277693654E+000 -2.585004177149E+001
  6.394992464542E-002  1.687148668440E-003  3.320599262535E-001  4.280166006665E+000 -2.563583802642E+001
  6.564956307496E-002  1.712152633027E-003  3.392977369805E-001  4.236778037721E+000 -2.541994107240E+001
  6.737427921404E-002  1.737304506249E-003  3.465672768252E-001  4.193123679709E+000 -2.520239523838E+001
  6.912422223211E-002  1.762606814387E-003  3.538665277307E-001  4.149212905359E+000 -2.498324556475E+001
  7.089954383907E-002  1.788062112257E-003  3.611934605220E-001  4.105055764421E+000 -2.476253779620E+001
  7.270039831418E-002  1.813672983787E-003  3.685460354979E-001  4.060662380768E+000 -2.454031837378E+001
  7.452694253540E-002  1.839442042599E-003  3.759222030326E-001  4.016042949413E+000 -2.431663442632E+001
  7.637933600943E-002  1.865371932600E-003  3.833199041859E-001  3.971207733427E+000 -2.409153376092E+001
  7.825774090225E-002  1.891465328589E-003  3.907370713234E-001  3.926167060784E+000 -2.386506485281E+001
  8.016232207035E-002  1.917724936867E-003  3.981716287442E-001  3.880931321114E+000 -2.363727683424E+001
  8.209324709253E-002  1.944153495867E-003  4.056214933184E-001  3.835510962365E+000 -2.340821948276E+001
  8.405068630235E-002  1.970753776782E-003  4.130845751328E-001  3.789916487387E+000 -2.317794320849E+001
  8.603481282122E-002  1.997528584221E-003  4.205587781441E-001  3.744158450424E+000 -2.294649904074E+001
  8.804580259214E-002  2.024480756857E-003  4.280420008417E-001  3.698247453522E+000 -2.271393861367E+001
  9.008383441408E-002  2.051613168108E-003  4.355321369164E-001  3.652194142859E+000 -2.248031415121E+001
  9.214908997710E-002  2.078928726810E-003  4.430270759384E-001  3.606009204979E+000 -2.224567845107E+001
  9.424175389809E-002  2.106430377918E-003  4.505247040412E-001  3.559703362957E+000 -2.201008486796E+001
  9.636201375725E-002  2.134121103210E-003  4.580229046136E-001  3.513287372469E+000 -2.177358729595E+001
  9.851006013526E-002  2.162003922007E-003  4.655195589974E-001  3.466772017796E+000 -2.153624014994E+001
  1.006860866512E-001  2.190081891910E-003  4.730125471923E-001  3.420168107736E+000 -2.129809834640E+001
  1.028902900012E-001  2.218358109541E-003  4.804997485663E-001  3.373486471446E+000 -2.105921728307E+001
  1.051228699979E-001  2.246835711311E-003  4.879790425720E-001  3.326737954207E+000 -2.081965281805E+001
  1.073840296104E-001  2.275517874190E-003  4.954483094682E-001  3.279933413113E+000 -2.057946124781E+001
  1.096739750056E-001  2.304407816497E-003  5.029054310463E-001  3.233083712690E+000 -2.033869928458E+001
  1.119929155896E-001  2.333508798707E-003  5.103482913618E-001  3.186199720445E+000 -2.009742403270E+001
  1.143410640503E-001  2.362824124271E-003  5.177747774689E-001  3.139292302343E+000 -1.985569296434E+001
  1.167186364011E-001  2.392357140448E-003  5.251827801599E-001  3.092372318229E+000 -1.961356389422E+001
  1.191258520249E-001  2.422111239159E-003  5.325701947070E-001  3.045450617172E+000 -1.937109495364E+001
  1.215629337189E-001  2.452089857854E-003  5.399349216074E-001  2.998538032768E+000 -1.912834456369E+001
  1.240301077413E-001  2.482296480400E-003  5.472748673308E-001  2.951645378364E+000 -1.888537140760E+001
  1.265276038575E-001  2.512734637975E-003  5.545879450678E-001  2.904783442249E+000 -1.864223440238E+001
  1.290556553882E-001  2.543407909995E-003  5.618720754809E-001  2.857962982780E+000 -1.839899266969E+001
  1.316144992580E-001  2.574319925047E-003  5.691251874556E-001  2.811194723465E+000 -1.815570550597E+001
  1.342043760450E-001  2.605474361847E-003  5.763452188512E-001  2.764489348005E+000 -1.791243235175E+001
  1.368255300316E-001  2.636874950214E-003  5.835301172528E-001  2.717857495289E+000 -1.766923276041E+001
  1.394782092560E-001  2.668525472060E-003  5.906778407207E-001  2.671309754361E+000 -1.742616636607E+001
  1.421626655646E-001  2.700429762411E-003  5.977863585397E-001  2.624856659347E+000 -1.718329285098E+001
  1.448791546661E-001  2.732591710434E-003  6.048536519656E-001  2.578508684356E+000 -1.694067191210E+001
  1.476279361856E-001  2.765015260497E-003  6.118777149690E-001  2.532276238362E+000 -1.669836322722E+001
  1.504092737207E-001  2.797704413242E-003  6.188565549766E-001  2.486169660062E+000 -1.645642642030E+001
  1.532234348983E-001  2.830663226680E-003  6.257881936076E-001  2.440199212716E+000 -1.621492102643E+001
  1.560706914324E-001  2.863895817319E-003  6.326706674061E-001  2.394375078986E+000 -1.597390645611E+001
  1.589513191834E-001  2.897406361298E-003  6.395020285683E-001  2.348707355762E+000 -1.573344195908E+001
  1.618655982178E-001  2.931199095559E-003  6.462803456633E-001  2.303206048994E+000 -1.549358658764E+001
  1.648138128702E-001  2.965278319033E-003  6.530037043483E-001  2.257881068524E+000 -1.525439915959E+001
  1.677962518056E-001  2.999648393860E-003  6.596702080757E-001  2.212742222934E+000 -1.501593822067E+001
  1.708132080832E-001  3.034313746623E-003  6.662779787926E-001  2.167799214408E+000 -1.477826200667E+001
  1.738649792215E-001  3.069278869616E-003  6.728251576318E-001  2.123061633612E+000 -1.454142840523E+001
  1.769518672648E-001  3.104548322136E-003  6.793099055932E-001  2.078538954613E+000 -1.430549491731E+001
  1.800741788507E-001  3.140126731803E-003  6.857304042158E-001  2.034240529816E+000 -1.407051861839E+001
  1.832322252791E-001  3.176018795904E-003  6.920848562379E-001  1.990175584959E+000 -1.383655611953E+001
  1.864263225826E-001  3.212229282769E-003  6.983714862473E-001  1.946353214135E+000 -1.360366352813E+001
  1.896567915983E-001  3.248763033179E-003  7.045885413180E-001  1.902782374881E+000 -1.337189640873E+001
  1.929239580409E-001  3.285624961791E-003  7.107342916350E-001  1.859471883319E+000 -1.314130974358E+001
  1.962281525771E-001  3.322820058613E-003  7.168070311052E-001  1.816430409361E+000 -1.291195789328E+001
  1.995697109023E-001  3.360353390492E-003  7.228050779538E-001  1.773666471990E+000 -1.268389455740E+001
  2.029489738173E-001  3.398230102644E-003  7.287267753064E-001  1.731188434615E+000 -1.245717273517E+001
  2.063662873085E-001  3.436455420218E-003  7.345704917547E-001  1.689004500512E+000 -1.223184468629E+001
  2.098220026275E-001  3.475034649885E-003  7.403346219067E-001  1.647122708357E+000 -1.200796189192E+001
  2.133164763746E-001  3.513973181471E-003  7.460175869188E-001  1.605550927858E+000 -1.178557501588E+001
  2.168500705817E-001  3.553276489620E-003  7.516178350117E-001  1.564296855489E+000 -1.156473386617E+001
  2.204231527988E-001  3.592950135496E-003  7.571338419665E-001  1.523368010339E+000 -1.134548735677E+001
  2.240360961807E-001  3.632999768520E-003  7.625641116028E-001  1.482771730076E+000 -1.112788346988E+001
  2.276892795770E-001  3.673431128145E-003  7.679071762368E-001  1.442515167042E+000 -1.091196921858E+001
  2.313830876220E-001  3.714250045674E-003  7.731615971196E-001  1.402605284476E+000 -1.069779061000E+001
  2.351179108282E-001  3.755462446115E-003  7.783259648540E-001  1.363048852873E+000 -1.048539260910E+001
  2.388941456809E-001  3.797074350078E-003  7.833988997910E-001  1.323852446500E+000 -1.027481910300E+001
  2.427121947345E-001  3.839091875711E-003  7.883790524037E-001  1.285022440051E+000 -1.006611286608E+001
  2.465724667110E-001  3.881521240686E-003  7.932651036386E-001  1.246565005468E+000 -9.859315525713E+000
  2.504753766009E-001  3.924368764227E-003  7.980557652451E-001  1.208486108929E+000 -9.654467528948E+000
  2.544213457654E-001  3.967640869177E-003  8.027497800805E-001  1.170791508006E+000 -9.451608109932E+000
  2.584108020414E-001  4.011344084122E-003  8.073459223920E-001  1.133486748997E+000 -9.250775258323E+000
  2.624441798480E-001  4.055485045557E-003  8.118429980741E-001  1.096577164449E+000 -9.052005688675E+000
  2.665219202956E-001  4.100070500102E-003  8.162398449022E-001  1.060067870871E+000 -8.855334810871E+000
  2.706444712976E-001  4.145107306769E-003  8.205353327404E-001  1.023963766636E+000 -8.660796701657E+000
  2.748122876832E-001  4.190602439283E-003  8.247283637249E-001  9.882695300938E-001 -8.468424077352E+000
  2.790258313137E-001  4.236562988450E-003  8.288178724219E-001  9.529896178867E-001 -8.278248267778E+000
  2.832855712010E-001  4.282996164587E-003  8.328028259600E-001  9.181282634782E-001 -8.090299191473E+000
  2.875919836279E-001  4.329909300005E-003  8.366822241371E-001  8.836894758999E-001 -7.904605332250E+000
  2.919455522717E-001  4.377309851548E-003  8.404550995007E-001  8.496770387208E-001 -7.721193717154E+000
  2.963467683296E-001  4.425205403192E-003  8.441205174038E-001  8.160945092436E-001 -7.540089895864E+000
  3.007961306479E-001  4.473603668706E-003  8.476775760337E-001  7.829452179315E-001 -7.361317921617E+000
  3.052941458522E-001  4.522512494374E-003  8.511254064159E-001  7.502322680700E-001 -7.184900333683E+000
  3.098413284823E-001  4.571939861783E-003  8.544631723917E-001  7.179585356677E-001 -7.010858141452E+000
  3.144382011281E-001  4.621893890671E-003  8.576900705708E-001  6.861266695979E-001 -6.839210810188E+000
  3.190852945695E-001  4.672382841850E-003  8.608053302587E-001  6.547390919847E-001 -6.669976248492E+000
  3.237831479192E-001  4.723415120192E-003  8.638082133587E-001  6.237979988364E-001 -6.503170797514E+000
  3.285323087679E-001  4.774999277691E-003  8.666980142497E-001  5.933053609268E-001 -6.338809221971E+000
  3.333333333333E-001  4.827144016591E-003  8.694740596397E-001  5.632629249271E-001 -6.176904703001E+000
  3.381867866117E-001  4.879858192602E-003  8.721357083955E-001  5.336722147899E-001 -6.017468832897E+000
  3.430932425333E-001  4.933150818173E-003  8.746823513496E-001  5.045345333840E-001 -5.860511611756E+000
  3.480532841203E-001  4.987031065868E-003  8.771134110837E-001  4.758509643822E-001 -5.706041446077E+000
  3.530675036492E-001  5.041508271801E-003  8.794283416918E-001  4.476223744014E-001 -5.554065149330E+000
  3.581365028158E-001  5.096591939172E-003  8.816266285206E-001  4.198494153924E-001 -5.404587944544E+000
  3.632608929041E-001  5.152291741875E-003  8.837077878907E-001  3.925325272809E-001 -5.257613468908E+000
  3.684412949588E-001  5.208617528209E-003  8.856713667981E-001  3.656719408552E-001 -5.113143780434E+000
  3.736783399619E-001  5.265579324662E-003  8.875169425971E-001  3.392676809000E-001 -4.971179366681E+000
  3.789726690123E-001  5.323187339805E-003  8.892441226658E-001  3.133195695715E-001 -4.831719155552E+000
  3.843249335105E-001  5.381451968273E-003  8.908525440558E-001  2.878272300124E-001 -4.694760528189E+000
  3.897357953460E-001  5.440383794842E-003  8.923418731261E-001  2.627900902001E-001 -4.560299333955E+000
  3.952059270903E-001  5.499993598618E-003  8.937118051636E-001  2.382073870256E-001 -4.428329907508E+000
  4.007360121927E-001  5.560292357317E-003  8.949620639904E-001  2.140781705955E-001 -4.298845087965E+000
  4.063267451812E-001  5.621291251662E-003  8.960924015610E-001  1.904013087533E-001 -4.171836240152E+000
  4.119788318683E-001  5.683001669888E-003  8.971025975484E-001  1.671754918111E-001 -4.047293277917E+000
  4.176929895600E-001  5.745435212354E-003  8.979924589229E-001  1.443992374864E-001 -3.925204689495E+000
  4.234699472710E-001  5.808603696282E-003  8.987618195238E-001  1.220708960344E-001 -3.805557564907E+000
  4.293104459435E-001  5.872519160606E-003  8.994105396260E-001  1.001886555689E-001 -3.688337625354E+000
  4.352152386716E-001  5.937193870949E-003  8.999385055034E-001  7.875054756097E-002 -3.573529254586E+000
  4.411850909306E-001  6.002640324729E-003  9.003456289903E-001  5.775445250674E-002 -3.461115532205E+000
  4.472207808110E-001  6.068871256391E-003  9.006318470434E-001  3.719810575368E-002 -3.351078268854E+000
  4.533230992589E-001  6.135899642772E-003  9.007971213050E-001  1.707910347407E-002 -3.243398043255E+000
  4.594928503202E-001  6.203738708611E-003  9.008414376711E-001 -2.605091225732E-003 -3.138054241035E+000
  4.657308513924E-001  6.272401932198E-003  9.007648058642E-001 -2.185714207242E-002 -3.035025095288E+000
  4.720379334802E-001  6.341903051163E-003  9.005672590140E-001 -4.067983328213E-002 -2.934287728809E+000
  4.784149414579E-001  6.412256068427E-003  9.002488532486E-001 -5.907606311931E-002 -2.835818197928E+000
  4.848627343381E-001  6.483475258298E-003  8.998096672960E-001 -7.704883737192E-002 -2.739591537882E+000
  4.913821855461E-001  6.555575172733E-003  8.992498021004E-001 -9.460126275746E-002 -2.645581809628E+000
  4.979741832006E-001  6.628570647764E-003  8.985693804533E-001 -1.117365402744E-001 -2.553762148039E+000
  5.046396304008E-001  6.702476810086E-003  8.977685466432E-001 -1.284579585148E-001 -2.464104811371E+000
  5.113794455212E-001  6.777309083830E-003  8.968474661246E-001 -1.447688869527E-001 -2.376581231928E+000
  5.181945625116E-001  6.853083197508E-003  8.958063252084E-001 -1.606727692265E-001 -2.291162067806E+000
  5.250859312060E-001  6.929815191146E-003  8.946453307769E-001 -1.761731164293E-001 -2.207817255643E+000
  5.320545176366E-001  7.007521423604E-003  8.933647100238E-001 -1.912735004257E-001 -2.126516064238E+000
  5.391013043575E-001  7.086218580100E-003  8.919647102228E-001 -2.059775472118E-001 -2.047227148951E+000
  5.462272907741E-001  7.165923679926E-003  8.904455985246E-001 -2.202889303348E-001 -1.969918606756E+000
  5.534334934816E-001  7.246654084380E-003  8.888076617868E-001 -2.342113643913E-001 -1.894558031838E+000
  5.607209466109E-001  7.328427504912E-003  8.870512064361E-001 -2.477485986204E-001 -1.821112571604E+000
  5.680907021827E-001  7.411262011483E-003  8.851765583657E-001 -2.609044106095E-001 -1.749548982989E+000
  5.755438304707E-001  7.495176041166E-003  8.831840628696E-001 -2.736826001320E-001 -1.679833688924E+000
  5.830814203728E-001  7.580188406970E-003  8.810740846155E-001 -2.860869831321E-001 -1.611932834842E+000
  5.907045797917E-001  7.666318306912E-003  8.788470076564E-001 -2.981213858767E-001 -1.545812345083E+000
  5.984144360243E-001  7.753585333338E-003  8.765032354844E-001 -3.097896392900E-001 -1.481437979060E+000
  6.062121361613E-001  7.842009482502E-003  8.740431911263E-001 -3.210955734890E-001 -1.418775387059E+000
  6.140988474955E-001  7.931611164409E-003  8.714673172830E-001 -3.320430125370E-001 -1.357790165531E+000
  6.220757579409E-001  8.022411212936E-003  8.687760765129E-001 -3.426357694301E-001 -1.298447911736E+000
  6.301440764614E-001  8.114430896230E-003  8.659699514613E-001 -3.528776413353E-001 -1.240714277594E+000
  6.383050335109E-001  8.207691927403E-003  8.630494451353E-001 -3.627724050931E-001 -1.184555022620E+000
  6.465598814833E-001  8.302216475524E-003  8.600150812259E-001 -3.723238130025E-001 -1.129936065791E+000
  6.549098951744E-001  8.398027176926E-003  8.568674044759E-001 -3.815355889000E-001 -1.076823536216E+000
  6.633563722545E-001  8.495147146827E-003  8.536069810965E-001 -3.904114245484E-001 -1.025183822462E+000
  6.719006337539E-001  8.593599991288E-003  8.502343992290E-001 -3.989549763480E-001 -9.749836204153E-001
  6.805440245593E-001  8.693409819506E-003  8.467502694553E-001 -4.071698623805E-001 -9.261899795476E-001
  6.892879139233E-001  8.794601256469E-003  8.431552253533E-001 -4.150596597995E-001 -8.787703474403E-001
  6.981336959871E-001  8.897199455961E-003  8.394499240988E-001 -4.226279025756E-001 -8.326926124661E-001
  7.070827903152E-001  9.001230113956E-003  8.356350471119E-001 -4.298780796057E-001 -7.879251444927E-001
  7.161366424455E-001  9.106719482390E-003  8.317113007470E-001 -4.368136331949E-001 -7.444368334992E-001
  7.252967244510E-001  9.213694383338E-003  8.276794170257E-001 -4.434379579167E-001 -7.021971259933E-001
  7.345645355186E-001  9.322182223606E-003  8.235401544098E-001 -4.497543998579E-001 -6.611760591256E-001
  7.439416025400E-001  9.432211009745E-003  8.192942986135E-001 -4.557662562514E-001 -6.213442924028E-001
  7.534294807203E-001  9.543809363512E-003  8.149426634523E-001 -4.614767755002E-001 -5.826731369084E-001
  7.630297542000E-001  9.657006537783E-003  8.104860917260E-001 -4.668891575926E-001 -5.451345819477E-001
  7.727440366954E-001  9.771832432940E-003  8.059254561343E-001 -4.720065549099E-001 -5.087013190412E-001
  7.825739721536E-001  9.888317613741E-003  8.012616602201E-001 -4.768320734230E-001 -4.733467631979E-001
  7.925212354258E-001  1.000649332670E-002  7.964956393395E-001 -4.813687742756E-001 -4.390450714119E-001
  8.025875329584E-001  1.012639151798E-002  7.916283616535E-001 -4.856196757485E-001 -4.057711583301E-001
  8.127746035011E-001  1.024804485184E-002  7.866608291388E-001 -4.895877555968E-001 -3.735007090545E-001
  8.230842188350E-001  1.037148672960E-002  7.815940786130E-001 -4.932759537541E-001 -3.422101890468E-001
  8.335181845190E-001  1.049675130923E-002  7.764291827704E-001 -4.966871753910E-001 -3.118768511182E-001
  8.440783406568E-001  1.062387352550E-002  7.711672512245E-001 -4.998242943168E-001 -2.824787394946E-001
  8.547665626839E-001  1.075288911077E-002  7.658094315516E-001 -5.026901567110E-001 -2.539946909604E-001
  8.655847621758E-001  1.088383461638E-002  7.603569103307E-001 -5.052875851690E-001 -2.264043330962E-001
  8.765348876780E-001  1.101674743475E-002  7.548109141767E-001 -5.076193830439E-001 -1.996880796328E-001
  8.876189255584E-001  1.115166582209E-002  7.491727107580E-001 -5.096883390668E-001 -1.738271229624E-001
  8.988389008829E-001  1.128862892191E-002  7.434436097967E-001 -5.114972322250E-001 -1.488034238525E-001
  9.101968783143E-001  1.142767678917E-002  7.376249640436E-001 -5.130488368747E-001 -1.245996984253E-001
  9.216949630368E-001  1.156885041525E-002  7.317181702228E-001 -5.143459280661E-001 -1.011994024738E-001
  9.333353017046E-001  1.171219175365E-002  7.257246699405E-001 -5.153912870553E-001 -7.858671319922E-002
  9.451200834176E-001  1.185774374655E-002  7.196459505518E-001 -5.161877069751E-001 -5.674650846497E-002
  9.570515407237E-001  1.200555035216E-002  7.134835459786E-001 -5.167379986397E-001 -3.566434367395E-002
  9.691319506484E-001  1.215565657299E-002  7.072390374742E-001 -5.170449964505E-001 -1.532642638758E-002
  9.813636357544E-001  1.230810848498E-002  7.009140543274E-001 -5.171115643763E-001  4.280411185206E-003
  9.937489652293E-001  1.246295326757E-002  6.945102744994E-001 -5.169406019735E-001  2.316874168965E-002
  1.006290356005E+000  1.262023923477E-002  6.880294251890E-001 -5.165350504161E-001  4.135057396881E-002
  1.018990273907E+000  1.278001586715E-002  6.814732833185E-001 -5.158978985022E-001  5.883738609077E-002
  1.031851234841E+000  1.294233384499E-002  6.748436759360E-001 -5.150321886021E-001  7.564015989233E-002
  1.044875806003E+000  1.310724508236E-002  6.681424805261E-001 -5.139410225155E-001  9.176941686416E-002
  1.058066607138E+000  1.327480276248E-002  6.613716252250E-001 -5.126275672029E-001  1.072352551948E-001
  1.071426311823E+000  1.344506137405E-002  6.545330889348E-001 -5.110950603554E-001  1.220473877843E-001
  1.084957648792E+000  1.361807674895E-002  6.476289013295E-001 -5.093468157708E-001  1.362151810329E-001
  1.098663403298E+000  1.379390610110E-002  6.406611427501E-001 -5.073862284991E-001  1.497476942047E-001
  1.112546418516E+000  1.397260806657E-002  6.336319439832E-001 -5.052167797252E-001  1.626537191628E-001
  1.126609596985E+000  1.415424274514E-002  6.265434859175E-001 -5.028420413548E-001  1.749418202699E-001
  1.140855902095E+000  1.433887174317E-002  6.193979990766E-001 -5.002656802704E-001  1.866203742448E-001
  1.155288359613E+000  1.452655821788E-002  6.121977630222E-001 -4.974914622274E-001  1.976976097673E-001
  1.169910059257E+000  1.471736692327E-002  6.049451056256E-001 -4.945232553578E-001  2.081816466216E-001
  1.184724156317E+000  1.491136425740E-002  5.976424022048E-001 -4.913650332539E-001  2.180805341712E-001
  1.199733873325E+000  1.510861831145E-002  5.902920745238E-001 -4.880208776041E-001  2.274022889613E-001
  1.214942501771E+000  1.530919892035E-002  5.828965896546E-001 -4.844949803551E-001  2.361549312470E-001
  1.230353403874E+000  1.551317771520E-002  5.754584586980E-001 -4.807916453764E-001  2.443465202533E-001
  1.245970014403E+000  1.572062817747E-002  5.679802353644E-001 -4.769152896061E-001  2.519851879760E-001
  1.261795842559E+000  1.593162569510E-002  5.604645144145E-001 -4.728704436584E-001  2.590791713419E-001
  1.277834473907E+000  1.614624762054E-002  5.529139299594E-001 -4.686617518762E-001  2.656368425559E-001
  1.294089572372E+000  1.636457333079E-002  5.453311536226E-001 -4.642939718144E-001  2.716667374702E-001
  1.310564882294E+000  1.658668428962E-002  5.377188925652E-001 -4.597719731428E-001  2.771775818234E-001
  1.327264230548E+000  1.681266411190E-002  5.300798873767E-001 -4.551007359605E-001  2.821783152085E-001
  1.344191528724E+000  1.704259863026E-002  5.224169098353E-001 -4.502853485165E-001  2.866781126413E-001
  1.361350775387E+000  1.727657596408E-002  5.147327605411E-001 -4.453310043336E-001  2.906864036159E-001
  1.378746058390E+000  1.751468659100E-002  5.070302664273E-001 -4.402429987385E-001  2.942128885461E-001
  1.396381557275E+000  1.775702342093E-002  4.993122781540E-001 -4.350267248012E-001  2.972675525103E-001
  1.414261545744E+000  1.800368187279E-002  4.915816673916E-001 -4.296876686917E-001  2.998606762305E-001
  1.432390394201E+000  1.825475995395E-002  4.838413239997E-001 -4.242314044673E-001  3.020028442349E-001
  1.450772572390E+000  1.851035834267E-002  4.760941531088E-001 -4.186635883025E-001  3.037049501697E-001
  1.469412652102E+000  1.877058047342E-002  4.683430721132E-001 -4.129899521823E-001  3.049781992440E-001
  1.488315309978E+000  1.903553262542E-002  4.605910075837E-001 -4.072162970792E-001  3.058341078087E-001
  1.507485330398E+000  1.930532401444E-002  4.528408921078E-001 -4.013484856395E-001  3.062845000903E-001
  1.526927608467E+000  1.958006688797E-002  4.450956610692E-001 -3.953924344066E-001  3.063415021150E-001
  1.546647153093E+000  1.985987662391E-002  4.373582493751E-001 -3.893541056137E-001  3.060175328812E-001
  1.566649090169E+000  2.014487183303E-002  4.296315881416E-001 -3.832394985798E-001  3.053252928520E-001
  1.586938665861E+000  2.043517446518E-002  4.219186013498E-001 -3.770546407454E-001  3.042777498590E-001
  1.607521250000E+000  2.073090991960E-002  4.142222024825E-001 -3.708055783899E-001  3.028881225251E-001
  1.628402339588E+000  2.103220715932E-002  4.065452911522E-001 -3.644983670710E-001  3.011698613295E-001
  1.649587562420E+000  2.133919883002E-002  3.988907497348E-001 -3.581390618321E-001  2.991366274555E-001
  1.671082680832E+000  2.165202138333E-002  3.912614400181E-001 -3.517337072229E-001  2.968022695731E-001
  1.692893595565E+000  2.197081520497E-002  3.836601998782E-001 -3.452883271838E-001  2.941807987252E-001
  1.715026349769E+000  2.229572474776E-002  3.760898399959E-001 -3.388089148406E-001  2.912863614969E-001
  1.737487133138E+000  2.262689866987E-002  3.685531406238E-001 -3.323014222626E-001  2.881332116588E-001
  1.760282286187E+000  2.296448997842E-002  3.610528484170E-001 -3.257717502349E-001  2.847356804847E-001
  1.783418304674E+000  2.330865617868E-002  3.535916733380E-001 -3.192257380965E-001  2.811081459548E-001
  1.806901844175E+000  2.365955942924E-002  3.461722856463E-001 -3.126691536957E-001  2.772650010579E-001
  1.830739724818E+000  2.401736670327E-002  3.387973129844E-001 -3.061076835160E-001  2.732206214172E-001
  1.854938936184E+000  2.438224995616E-002  3.314693375699E-001 -2.995469230212E-001  2.689893324619E-001
  1.879506642368E+000  2.475438629994E-002  3.241908935020E-001 -2.929923672715E-001  2.645853763751E-001
  1.904450187236E+000  2.513395818467E-002  3.169644641933E-001 -2.864494018580E-001  2.600228790424E-001
  1.929777099847E+000  2.552115358717E-002  3.097924799335E-001 -2.799232942024E-001  2.553158172302E-001
  1.955495100083E+000  2.591616620741E-002  3.026773155918E-001 -2.734191852659E-001  2.504779862142E-001
  1.981612104475E+000  2.631919567292E-002  2.956212884667E-001 -2.669420817106E-001  2.455229680783E-001
  2.008136232230E+000  2.673044775156E-002  2.886266562858E-001 -2.604968485509E-001  2.404641008938E-001
  2.035075811486E+000  2.715013457311E-002  2.816956153621E-001 -2.540882023316E-001  2.353144489833E-001
  2.062439385788E+000  2.757847486001E-002  2.748302989092E-001 -2.477207048647E-001  2.300867744622E-001
  2.090235720801E+000  2.801569416771E-002  2.680327755175E-001 -2.413987575540E-001  2.247935102404E-001
  2.118473811262E+000  2.846202513514E-002  2.613050477941E-001 -2.351265963311E-001  2.194467346526E-001
  2.147162888201E+000  2.891770774564E-002  2.546490511637E-001 -2.289082872242E-001  2.140581478748E-001
  2.176312426413E+000  2.938298959899E-002  2.480666528322E-001 -2.227477225740E-001  2.086390502639E-001
  2.205932152222E+000  2.985812619504E-002  2.415596509087E-001 -2.166486179093E-001  2.032003227469E-001
  2.236032051522E+000  3.034338122938E-002  2.351297736832E-001 -2.106145094875E-001  1.977524093644E-001
  2.266622378129E+000  3.083902690182E-002  2.287786790551E-001 -2.046487525020E-001  1.923053020572E-001
  2.297713662445E+000  3.134534423818E-002  2.225079541070E-001 -1.987545199523E-001  1.868685277657E-001
  2.329316720450E+000  3.186262342603E-002  2.163191148167E-001 -1.929348021697E-001  1.814511378906E-001
  2.361442663038E+000  3.239116416519E-002  2.102136058997E-001 -1.871924069834E-001  1.760617001484E-001
  2.394102905709E+000  3.293127603351E-002  2.041928007734E-001 -1.815299605110E-001  1.707082928294E-001
  2.427309178642E+000  3.348327886897E-002  1.982580016333E-001 -1.759499085482E-001  1.653985014507E-001
  2.461073537146E+000  3.404750316862E-002  1.924104396308E-001 -1.704545185333E-001  1.601394177761E-001
  2.495408372530E+000  3.462429050548E-002  1.866512751419E-001 -1.650458820512E-001  1.549376411541E-001
  2.530326423398E+000  3.521399396401E-002  1.809815981145E-001 -1.597259178453E-001  1.497992821083E-001
  2.565840787378E+000  3.581697859546E-002  1.754024284826E-001 -1.544963752953E-001  1.447299680960E-001
  2.601964933334E+000  3.643362189376E-002  1.699147166363E-001 -1.493588383183E-001  1.397348513338E-001
  2.638712714049E+000  3.706431429322E-002  1.645193439328E-001 -1.443147296502E-001  1.348186185723E-001
  2.676098379430E+000  3.770945968912E-002  1.592171232385E-001 -1.393653154565E-001  1.299855026897E-001
  2.714136590232E+000  3.836947598236E-002  1.540087994889E-001 -1.345117102238E-001  1.252392959567E-001
  2.752842432351E+000  3.904479564947E-002  1.488950502550E-001 -1.297548818818E-001  1.205833648178E-001
  2.792231431696E+000  3.973586633921E-002  1.438764863045E-001 -1.250956571004E-001  1.160206660193E-001
  2.832319569669E+000  4.044315149734E-002  1.389536521489E-001 -1.205347267131E-001  1.115537639102E-001
  2.873123299289E+000  4.116713102086E-002  1.341270265649E-001 -1.160726512110E-001  1.071848487307E-001
  2.914659561979E+000  4.190830194354E-002  1.293970230842E-001 -1.117098662580E-001  1.029157557032E-001
  2.956945805065E+000  4.266717915414E-002  1.247639904423E-001 -1.074466881761E-001  9.874798473340E-002
  3.000000000000E+000  4.344429614932E-002  1.202282129825E-001 -1.032833193538E-001  9.468272053160E-002
  3.043840661365E+000  4.424020582308E-002  1.157899110096E-001 -9.921985353117E-002  9.072085296321E-002
  3.088486866678E+000  4.505548129460E-002  1.114492410919E-001 -9.525628092117E-002  8.686299744267E-002
  3.133958277047E+000  4.589071677685E-002  1.072062963101E-001 -9.139249312838E-002  8.310951518911E-002
  3.180275158719E+000  4.674652848797E-002  1.030611064547E-001 -8.762828783162E-002  7.946053317018E-002
  3.227458405560E+000  4.762355560797E-002  9.901363817441E-002 -8.396337320226E-002  7.591596356956E-002
  3.275529562509E+000  4.852246128332E-002  9.506379508202E-002 -8.039737203470E-002  7.247552262535E-002
  3.324510850077E+000  4.944393368200E-002  9.121141782282E-002 -7.692982557158E-002  6.913874869918E-002
  3.374425189910E+000  5.038868710203E-002  8.745628411609E-002 -7.356019701232E-002  6.590501945104E-002
  3.425296231502E+000  5.135746313639E-002  8.379810877951E-002 -7.028787469988E-002  6.277356801090E-002
  3.477148380094E+000  5.235103189784E-002  8.023654374926E-002 -6.711217498693E-002  5.974349805571E-002
  3.530006825834E+000  5.337019330676E-002  7.677117810972E-002 -6.403234478930E-002  5.681379771911E-002
  3.583897574256E+000  5.441577844603E-002  7.340153814817E-002 -6.104756384082E-002  5.398335228072E-002
  3.638847478148E+000  5.548865098670E-002  7.012708745095E-002 -5.815694666987E-002  5.125095560186E-002
  3.694884270887E+000  5.658970868864E-002  6.694722705848E-002 -5.535954432414E-002  4.861532029509E-002
  3.752036601308E+000  5.771988498079E-002  6.386129569688E-002 -5.265434587530E-002  4.607508663533E-002
  3.810334070199E+000  5.888015062562E-002  6.086857010441E-002 -5.004027974047E-002  4.362883024049E-002
  3.869807268505E+000  6.007151547295E-002  5.796826547052E-002 -4.751621486171E-002  4.127506856901E-002
  3.930487817331E+000  6.129503030858E-002  5.515953600470E-002 -4.508096178841E-002  3.901226630020E-002
  3.992408409843E+000  6.255178880352E-002  5.244147565156E-002 -4.273327370987E-002  3.683883968063E-002
  4.055602855172E+000  6.384292957002E-002  4.981311896677E-002 -4.047184748759E-002  3.475315993524E-002
  4.120106124432E+000  6.516963833101E-002  4.727344216688E-002 -3.829532473709E-002  3.275355585562E-002
  4.185954398964E+000  6.653315021009E-002  4.482136436351E-002 -3.620229300899E-002  3.083831568926E-002
  4.253185120935E+000  6.793475214960E-002  4.245574898983E-002 -3.419128711712E-002  2.900568846243E-002
  4.321837046422E+000  6.937578546490E-002  4.017540542406E-002 -3.226079065921E-002  2.725388487560E-002
  4.391950301120E+000  7.085764854355E-002  3.797909081125E-002 -3.040923777117E-002  2.558107791331E-002
  4.463566438835E+000  7.238179969882E-002  3.586551208096E-002 -2.863501515134E-002  2.398540331074E-002
  4.536728502895E+000  7.394976018725E-002  3.383332815437E-002 -2.693646438443E-002  2.246496001609E-002
  4.611481090679E+000  7.556311740127E-002  3.188115233044E-002 -2.531188458797E-002  2.101781078163E-002
  4.687870421430E+000  7.722352824817E-002  3.000755483652E-002 -2.375953539562E-002  1.964198300709E-002
  4.765944407533E+000  7.893272272784E-002  2.821106552468E-002 -2.227764028293E-002  1.833546994665E-002
  4.845752729492E+000  8.069250772248E-002  2.649017669143E-002 -2.086439023150E-002  1.709623237569E-002
  4.927346914797E+000  8.250477101257E-002  2.484334599452E-002 -1.951794771764E-002  1.592220079609E-002
  5.010780420931E+000  8.437148553436E-002  2.326899943772E-002 -1.823645100167E-002  1.481127823875E-002
  5.096108722763E+000  8.629471389541E-002  2.176553439166E-002 -1.701801868379E-002  1.376134370114E-002
  5.183389404586E+000  8.827661316581E-002  2.033132261693E-002 -1.586075448340E-002  1.277025623451E-002
  5.272682257105E+000  9.031943996425E-002  1.896471325443E-002 -1.476275218935E-002  1.183585967258E-002
  5.364049379651E+000  9.242555585946E-002  1.766403574790E-002 -1.372210072117E-002  1.095598797003E-002
  5.457555287978E+000  9.459743310926E-002  1.642760266399E-002 -1.273688923439E-002  1.012847109627E-002
  5.553267027968E+000  9.683766076100E-002  1.525371237746E-002 -1.180521219809E-002  9.351141408798E-003
  5.651254295630E+000  9.914895113938E-002  1.414065159145E-002 -1.092517436945E-002  8.621840410606E-003
  5.751589563796E+000  1.015341467494E-001  1.308669766742E-002 -1.009489558862E-002  7.938425778935E-003
  5.854348215936E+000  1.039962276248E-001  1.209012074403E-002 -9.312515318023E-003  7.298778538901E-003
  5.959608687557E+000  1.065383191537E-001  1.114918563070E-002 -8.576196853352E-003  6.700810244807E-003
  6.067452615683E+000  1.091637004188E-001  1.026215346862E-002 -7.884131138751E-003  6.142470025702E-003
  6.177964996951E+000  1.118758130872E-001  9.427283160091E-003 -7.234540126382E-003  5.621751349608E-003
  6.291234354880E+000  1.146782708938E-001  8.642832575550E-003 -6.625679630517E-003  5.136698363394E-003
  6.407352916949E+000  1.175748697626E-001  7.907059556820E-003 -6.055841638200E-003  4.685411672382E-003
  6.526416802128E+000  1.205695986129E-001  7.218222744125E-003 -5.523356052283E-003  4.266053435531E-003
  6.648526219580E+000  1.236666509049E-001  6.574582263536E-003 -5.026591857851E-003  3.876851668057E-003
  6.773785679311E+000  1.268704369821E-001  5.974400319920E-003 -4.563957719328E-003  3.516103663402E-003
  6.902304215570E+000  1.301855972713E-001  5.415941748128E-003 -4.133902032377E-003  3.182178469886E-003
  7.034195623922E+000  1.336170164087E-001  4.897474581493E-003 -3.734912471599E-003  2.873518383573E-003
  7.169578712934E+000  1.371698383673E-001  4.417270701531E-003 -3.365515091327E-003  2.588639446975E-003
  7.308577571516E+000  1.408494826628E-001  3.973606635487E-003 -3.024273051945E-003  2.326130972407E-003
  7.451321853057E+000  1.446616617293E-001  3.564764568913E-003 -2.709785057474E-003  2.084654137881E-003
  7.597947077547E+000  1.486123995567E-001  3.189033638411E-003 -2.420683601081E-003  1.862939731632E-003
  7.748594953021E+000  1.527080516973E-001  2.844711564818E-003 -2.155633123058E-003  1.659785147303E-003
  7.903413717736E+000  1.569553267535E-001  2.530106679426E-003 -1.913328190222E-003  1.474050754768E-003
  8.062558504629E+000  1.613613094717E-001  2.243540385142E-003 -1.692491806213E-003  1.304655790323E-003
  8.226191729726E+000  1.659334855793E-001  1.983350081072E-003 -1.491873958435E-003  1.150573923770E-003
  8.394483506327E+000  1.706797685137E-001  1.747892562915E-003 -1.310250499395E-003  1.010828668142E-003
  8.567612086926E+000  1.756085282071E-001  1.535547893261E-003 -1.146422447816E-003  8.844887997063E-004
  8.745764335025E+000  1.807286221064E-001  1.344723715883E-003 -9.992157785108E-004  7.706639515035E-004
  8.929136229160E+000  1.860494286260E-001  1.173859966949E-003 -8.674817498418E-004  6.685005326600E-004
  9.117933401693E+000  1.915808832504E-001  1.021433914659E-003 -7.500977944282E-004  5.771781085885E-004
  9.312371715124E+000  1.973335175235E-001  8.859654378937E-004 -6.459689732440E-004  4.959063543169E-004
  9.512677878945E+000  2.033185011886E-001  7.660224350721E-004 -5.540299664600E-004  4.239226654744E-004
  9.719090110332E+000  2.095476877688E-001  6.602262374758E-004 -4.732475473585E-004  3.604904799650E-004
  9.931858842267E+000  2.160336639044E-001  5.672568879200E-004 -4.026234596431E-004  3.048983293886E-004
  1.015124748302E+001  2.227898028021E-001  4.858581366466E-004 -3.411975947333E-004  2.564596043286E-004
  1.037753323129E+001  2.298303221843E-001  4.148420026362E-004 -2.880513454393E-004  2.145129833297E-004
  1.061100795175E+001  2.371703471699E-001  3.530927507914E-004 -2.423109969502E-004  1.784234434017E-004
  1.085197911611E+001  2.448259785618E-001  2.995701441189E-004 -2.031510063708E-004  1.475837418369E-004
  1.110077081537E+001  2.528143670735E-001  2.533118452902E-004 -1.697970189503E-004  1.214162365140E-004
  1.135772484956E+001  2.611537940784E-001  2.134348636550E-004 -1.415284731749E-004  9.937489596136E-005
  1.162320190175E+001  2.698637595360E-001  1.791359714171E-004 -1.176806582639E-004  8.094734223539E-005
  1.189758280382E+001  2.789650778206E-001  1.496910453870E-004 -9.764610608993E-005  6.565676971031E-005
  1.218126990242E+001  2.884799822596E-001  1.244533272857E-004 -8.087522454555E-005  5.306359131329E-005
  1.247468853413E+001  2.984322392826E-001  1.028506344286E-004 -6.687610985190E-005  4.276668021128E-005
  1.277828862002E+001  3.088472731875E-001  8.438159195944E-005 -5.521350985042E-005  3.440409862002E-005
  1.309254639077E+001  3.197523026463E-001  6.861099562020E-005 -4.550694717522E-005  2.765323494350E-005
  1.341796625462E+001  3.311764902095E-001  5.516444827875E-005 -3.742804839795E-005  2.223030414297E-005
  1.375508282195E+001  3.431511062169E-001  4.372244205446E-005 -3.069716065436E-005  1.788920204747E-005
  1.410446310162E+001  3.557097086969E-001  3.401407907667E-005 -2.507936880510E-005  1.441974004129E-005
  1.446670888596E+001  3.688883410292E-001  2.581063618043E-005 -2.038005191504E-005  1.164531995521E-005
  1.484245934302E+001  3.827257493700E-001  1.891918116886E-005 -1.644013612189E-005  9.420137938445E-006
  1.523239383723E+001  3.972636220891E-001  1.317644019670E-005 -1.313121061908E-005  7.626028785035E-006
  1.563723500136E+001  4.125468537596E-001  8.443097551709E-006 -1.035067386426E-005  6.169077261767E-006
  1.605775208607E+001  4.286238365683E-001  4.598681501033E-006 -8.017068233684E-006  4.976129627663E-006
  1.649476461582E+001  4.455467823929E-001  1.537154457200E-006 -6.065743816747E-006  3.991336571171E-006
  1.694914638379E+001  4.633720792263E-001 -8.367153894878E-007 -4.444967142194E-006  3.172848698322E-006
  1.742182982203E+001  4.821606861220E-001 -2.610168071304E-006 -3.112560144721E-006  2.489768571022E-006
  1.791381078784E+001  5.019785714107E-001 -3.864463126942E-006 -2.033120808657E-006  1.919440721687E-006
  1.842615381215E+001  5.228971995942E-001 -4.676141777575E-006 -1.175842079564E-006  1.445135026781E-006
  1.895999786176E+001  5.449940730840E-001 -5.117630224871E-006 -5.129122522374E-007  1.054151459225E-006
  1.951656267356E+001  5.683533358366E-001 -5.257303217302E-006 -1.845038142664E-008  7.363476952306E-007
  2.009715572669E+001  5.930664469535E-001 -5.159146446245E-006  3.320937913781E-007  4.830672543836E-007
  2.070317992707E+001  6.192329335039E-001 -4.882165172413E-006  5.621629762387E-007  2.864263600677E-007
  2.133614208874E+001  6.469612332096E-001 -4.479684487521E-006  6.940354657119E-007  1.389035852618E-007
  2.199766230782E+001  6.763696392388E-001 -3.998674369322E-006  7.485867151373E-007  3.316810651471E-008
  2.268948433818E+001  7.075873612439E-001 -3.479211571624E-006  7.449620895381E-007 -3.792001970881E-008
  2.341348709294E+001  7.407557189842E-001 -2.954162471107E-006  7.002415937780E-007 -8.120126536229E-008
  2.417169741362E+001  7.760294874639E-001 -2.449138850775E-006  6.291608807421E-007 -1.030562095781E-007
  2.496630426925E+001  8.135784155747E-001 -1.982745113226E-006  5.439335041979E-007 -1.092394217964E-007
  2.579967457140E+001  8.535889438281E-001 -1.567103513073E-006  4.541991658241E-007 -1.047416374973E-007
  2.667437081864E+001  8.962661510291E-001 -1.208616394300E-006  3.671034464423E-007 -9.370159888899E-008
  2.759317081651E+001  9.418359647997E-001 -9.089033720755E-007  2.874978273222E-007 -7.937703870572E-008
  2.855908975674E+001  9.905476768748E-001 -6.658384846585E-007  2.182359530346E-007 -6.417408043721E-008
  2.957540498378E+001  1.042676811269E+000 -4.746082849519E-007  1.605338540510E-007 -4.972649418893E-008
  3.064568382919E+001  1.098528402000E+000 -3.287164281462E-007  1.143585051961E-007 -3.701114748272E-008
  3.177381495601E+001  1.158440747351E+000 -2.208723945813E-007  7.881038450611E-008 -2.648366791271E-008
  3.296404372807E+001  1.222789720048E+000 -1.437196069955E-007  5.247086963402E-008 -1.821853802373E-008
  3.422101220608E+001  1.291993727721E+000 -9.037882429158E-008  3.369323442373E-008 -1.204007684056E-008
  3.554980447538E+001  1.366519436102E+000 -5.480354110299E-008  2.082532250454E-008 -7.634363260314E-009
  3.695599813319E+001  1.446888389511E+000 -3.196255881950E-008  1.236126906307E-008 -4.636384795342E-009
  3.844572291106E+001  1.533684690030E+000 -1.787881228187E-008  7.027662987828E-009 -2.690838669348E-009
  4.002572758518E+001  1.627563929686E+000 -9.561666668730E-009  3.815369563032E-009 -1.488483196263E-009
  4.170345654134E+001  1.729263610453E+000 -4.871973446717E-009  1.971404229096E-009 -7.823483716036E-010
  4.348713762001E+001  1.839615336740E+000 -2.355906756144E-009  9.657885252340E-010 -3.893181447851E-010
  4.538588318162E+001  1.959559126947E+000 -1.076476486060E-009  4.466923009279E-010 -1.826785435164E-010
  4.740980671574E+001  2.090160267552E+000 -4.625269701991E-010  1.941258582072E-010 -8.045286427156E-011
  4.957015778746E+001  2.232629229408E+000 -1.858665772325E-010  7.884666320607E-011 -3.308238586229E-011
  5.187947869225E+001  2.388345286640E+000 -6.943244990466E-011  2.975091597110E-011 -1.262673140180E-011
  5.435178690397E+001  2.558884630889E+000 -2.394784716551E-011  1.035866563141E-011 -4.443568020499E-012
  5.700278828629E+001  2.746053966795E+000 -7.568226510194E-012  3.302898747370E-012 -1.431047631313E-012
  5.985012714155E+001  2.951930820846E+000 -2.172739477022E-012  9.562141387652E-013 -4.181833238230E-013
  6.291368055481E+001  3.178912111311E+000 -5.611609775291E-013  2.489316277811E-013 -1.098224146458E-013
  6.621590623276E+001  3.429772933797E+000 -1.289606642509E-013  5.763789697720E-014 -2.563814494987E-014
  6.978225524452E+001  3.707738044625E+000 -2.604325284274E-014  1.172277243574E-014 -5.254888042865E-015
  7.364166388185E+001  4.016569212832E+000 -4.556464615864E-015  2.064832651043E-015 -9.323444384620E-016
  7.782714245929E+001  4.360672516382E+000 -6.795223017874E-016  3.099061358011E-016 -1.408959558583E-016
  8.237648351994E+001  4.745230855210E+000 -8.478893234003E-017  3.890383402985E-017 -1.780201112077E-017
  8.733311794503E+001  5.176368549127E+000 -8.664330430199E-018  3.998348212113E-018 -1.840808857920E-018
  9.274715535088E+001  5.661357031559E+000 -7.073771418771E-019  3.282178641064E-019 -1.519830677421E-019
  9.867665554529E+001  6.208873552072E+000 -4.483647046277E-020  2.091165133691E-020 -9.736189810173E-021
  1.051891916055E+002  6.829328764649E+000 -2.133865115203E-021  1.000128990308E-021 -4.680536113794E-022
  1.123637836013E+002  7.535284543316E+000 -7.332919149253E-023  3.452949616605E-023 -1.623855645994E-023
  1.202933069206E+002  8.341990973528E+000 -1.737753006849E-024  8.219077295721E-025 -3.883142809287E-025
  1.290875131414E+002  9.268082166539E+000 -2.689560471667E-026  1.277438960046E-026 -6.061711597921E-027
  1.388768482001E+002  1.033648575811E+001 -2.548387172363E-028  1.215219167602E-028 -5.790310172043E-029
  1.498173177370E+002  1.157562284364E+001 -1.368118719913E-030  6.548681628752E-031 -3.132532426630E-031
  1.620967411853E+002  1.302100699722E+001 -3.791059510158E-033  1.821150316123E-033 -8.743573727495E-034
  1.759428668168E+002  1.471739812515E+001 -4.842208053633E-036  2.334002509957E-036 -1.124494171756E-036
  1.916340085825E+002  1.672173748087E+001 -2.482558291618E-039  1.200468279034E-039 -5.802756642751E-040
  2.095131417987E+002  1.910719757888E+001 -4.307860863280E-043  2.089439450769E-043 -1.013117515888E-043
  2.300068054477E+002  2.196884699990E+001 -2.046318807300E-047  9.953697819763E-048 -4.840415577263E-048
  2.536507797910E+002  2.543169216868E+001 -2.038087865030E-052  9.940440854720E-053 -4.847264792178E-053
  2.811254638474E+002  2.966227967912E+001 -3.033025828080E-058  1.483068472382E-058 -7.250577957740E-059
  3.133053780630E+002  3.488573552677E+001 -4.362583682395E-065  2.138277248448E-065 -1.047914004467E-065
  3.513296254502E+002  4.141128389041E+001 -3.437986084336E-073  1.688862045071E-073 -8.295415379804E-074
  3.967041014106E+002  4.967130404214E+001 -7.007087863400E-083  3.449322652001E-083 -1.697830355449E-083
  4.514529193349E+002  6.028257212519E+001 -1.346120678755E-094  6.639332180816E-095 -3.274443000805E-095
  5.183481233601E+002  7.414493328740E+001 -6.115241368378E-109  3.021603911862E-109 -1.492934975314E-109
  6.012676077950E+002  9.260523890243E+001 -9.488060548315E-127  4.695973093011E-127 -2.324120218947E-127
  7.057700503752E+002  1.177394213729E+002 -3.136626783295E-149  1.554809208059E-149 -7.706912702980E-150
  8.400513767914E+002  1.528577972397E+002 -3.691850862919E-178  1.832599120879E-178 -9.096684730129E-179
  1.016602135495E+003  2.034537342122E+002 -3.024835702644E-216  1.503412367862E-216 -7.472213157663E-217
  1.255220715580E+003  2.790860613466E+002 -8.754605798179E-268  4.356229331363E-268 -2.167611699346E-268
  1.588815776243E+003  3.973705897531E+002  0.000000000000E+000  0.000000000000E+000  0.000000000000E+000
  2.075392011604E+003  5.931596040112E+002  0.000000000000E+000  0.000000000000E+000  0.000000000000E+000
  2.825079847529E+003  9.419154890021E+002  0.000000000000E+000  0.000000000000E+000  0.000000000000E+000
  4.068408296184E+003  1.627629972033E+003  0.000000000000E+000  0.000000000000E+000  0.000000000000E+000
  6.357262947674E+003  3.178964796686E+003  0.000000000000E+000  0.000000000000E+000  0.000000000000E+000
  1.130231930164E+004  7.535323971013E+003  0.000000000000E+000  0.000000000000E+000  0.000000000000E+000
  2.543105175140E+004  2.543171841285E+004  0.000000000000E+000  0.000000000000E+000  0.000000000000E+000
  1.017262069958E+005  2.034537473226E+005  0.000000000000E+000  0.000000000000E+000  0.000000000000E+000
