# 1st line: number of mesh points
# abcissa weight wavefunction wavefunction_1st wavefunction_2nd
500
# Principal QN=   1 , l=   1 , Occupation=   4.0000
  9.830308526508E-006  1.966074589941E-005  1.490544419683E-004  1.516217118849E+001 -1.163375651369E+002
  3.932200719717E-005  3.932303800261E-005  5.961620360689E-004  1.515874051283E+001 -1.163160849682E+002
  8.847741541455E-005  5.898842277178E-005  1.341155603843E-003  1.515302382801E+001 -1.162802889467E+002
  1.573003992804E-004  7.865844718600E-005  2.383756571046E-003  1.514502279585E+001 -1.162301834662E+002
  2.457963722417E-004  9.833465899987E-005  3.723575052454E-003  1.513473974269E+001 -1.161657774873E+002
  3.539722959954E-004  1.180186070023E-004  5.360109970657E-003  1.512217765919E+001 -1.160870825454E+002
  4.818366816528E-004  1.377118412759E-004  7.292749208884E-003  1.510734020001E+001 -1.159941127629E+002
  6.293995911626E-004  1.574159134560E-004  9.520769797944E-003  1.509023168353E+001 -1.158868848623E+002
  7.966726389934E-004  1.771323769912E-004  1.204333813736E-002  1.507085709138E+001 -1.157654181831E+002
  9.836689940782E-004  1.968627874036E-004  1.485951025082E-002  1.504922206803E+001 -1.156297346997E+002
  1.190403382016E-003  2.166087025496E-004  1.796823207602E-002  1.502533292017E+001 -1.154798590425E+002
  1.416892087541E-003  2.363716828821E-004  2.136833978912E-002  1.499919661613E+001 -1.153158185215E+002
  1.663152957245E-003  2.561532917128E-004  2.505856016383E-002  1.497082078516E+001 -1.151376431510E+002
  1.929205402573E-003  2.759550954757E-004  2.903751096538E-002  1.494021371661E+001 -1.149453656775E+002
  2.215070403074E-003  2.957786639908E-004  3.330370137962E-002  1.490738435908E+001 -1.147390216091E+002
  2.520770509919E-003  3.156255707300E-004  3.785553247716E-002  1.487234231946E+001 -1.145186492469E+002
  2.846329849692E-003  3.354973930828E-004  4.269129771307E-002  1.483509786180E+001 -1.142842897187E+002
  3.191774128432E-003  3.553957126240E-004  4.780918346215E-002  1.479566190615E+001 -1.140359870137E+002
  3.557130635959E-003  3.753221153821E-004  5.320726959002E-002  1.475404602730E+001 -1.137737880196E+002
  3.942428250463E-003  3.952781921092E-004  5.888353006031E-002  1.471026245332E+001 -1.134977425611E+002
  4.347697443358E-003  4.152655385525E-004  6.483583357806E-002  1.466432406407E+001 -1.132079034394E+002
  4.772970284417E-003  4.352857557265E-004  7.106194426976E-002  1.461624438950E+001 -1.129043264737E+002
  5.218280447175E-003  4.553404501876E-004  7.755952240004E-002  1.456603760787E+001 -1.125870705433E+002
  5.683663214611E-003  4.754312343099E-004  8.432612512541E-002  1.451371854379E+001 -1.122561976314E+002
  6.169155485101E-003  4.955597265624E-004  9.135920728533E-002  1.445930266612E+001 -1.119117728695E+002
  6.674795778653E-003  5.157275517886E-004  9.865612223064E-002  1.440280608571E+001 -1.115538645824E+002
  7.200624243425E-003  5.359363414876E-004  1.062141226899E-001  1.434424555298E+001 -1.111825443342E+002
  7.746682662519E-003  5.561877340970E-004  1.140303616736E-001  1.428363845529E+001 -1.107978869752E+002
  8.313014461060E-003  5.764833752781E-004  1.221018934166E-001  1.422100281415E+001 -1.103999706881E+002
  8.899664713569E-003  5.968249182030E-004  1.304256743596E-001  1.415635728227E+001 -1.099888770352E+002
  9.506680151615E-003  6.172140238444E-004  1.389985641680E-001  1.408972114029E+001 -1.095646910059E+002
  1.013410917176E-002  6.376523612666E-004  1.478173267916E-001  1.402111429347E+001 -1.091275010633E+002
  1.078200184380E-002  6.581416079202E-004  1.568786315615E-001  1.395055726801E+001 -1.086773991910E+002
  1.145040991929E-002  6.786834499385E-004  1.661790543280E-001  1.387807120719E+001 -1.082144809399E+002
  1.213938684040E-002  6.992795824361E-004  1.757150786372E-001  1.380367786734E+001 -1.077388454731E+002
  1.284898774901E-002  7.199317098113E-004  1.854830969475E-001  1.372739961343E+001 -1.072505956116E+002
  1.357926949620E-002  7.406415460502E-004  1.954794118860E-001  1.364925941455E+001 -1.067498378779E+002
  1.433029065191E-002  7.614108150341E-004  2.057002375454E-001  1.356928083897E+001 -1.062366825393E+002
  1.510211151509E-002  7.822412508494E-004  2.161417008204E-001  1.348748804908E+001 -1.057112436490E+002
  1.589479412397E-002  8.031345981016E-004  2.267998427850E-001  1.340390579595E+001 -1.051736390869E+002
  1.670840226680E-002  8.240926122311E-004  2.376706201101E-001  1.331855941361E+001 -1.046239905975E+002
  1.754300149280E-002  8.451170598329E-004  2.487499065211E-001  1.323147481306E+001 -1.040624238271E+002
  1.839865912351E-002  8.662097189796E-004  2.600334942970E-001  1.314267847596E+001 -1.034890683583E+002
  1.927544426443E-002  8.873723795480E-004  2.715170958087E-001  1.305219744797E+001 -1.029040577427E+002
  2.017342781695E-002  9.086068435487E-004  2.831963450994E-001  1.296005933183E+001 -1.023075295307E+002
  2.109268249069E-002  9.299149254598E-004  2.950667995038E-001  1.286629228006E+001 -1.016996252997E+002
  2.203328281612E-002  9.512984525641E-004  3.071239413090E-001  1.277092498733E+001 -1.010804906789E+002
  2.299530515754E-002  9.727592652906E-004  3.193631794552E-001  1.267398668248E+001 -1.004502753714E+002
  2.397882772639E-002  9.942992175591E-004  3.317798512765E-001  1.257550712021E+001 -9.980913317317E+001
  2.498393059493E-002  1.015920177130E-003  3.443692242814E-001  1.247551657236E+001 -9.915722198928E+001
  2.601069571024E-002  1.037624025957E-003  3.571264979736E-001  1.237404581889E+001 -9.849470384617E+001
  2.705920690860E-002  1.059412660547E-003  3.700468057121E-001  1.227112613844E+001 -9.782174490074E+001
  2.812954993023E-002  1.081287992318E-003  3.831252166100E-001  1.216678929848E+001 -9.713851544573E+001
  2.922181243436E-002  1.103251947969E-003  3.963567374726E-001  1.206106754521E+001 -9.644518991114E+001
  3.033608401473E-002  1.125306469854E-003  4.097363147739E-001  1.195399359289E+001 -9.574194686182E+001
  3.147245621542E-002  1.147453516351E-003  4.232588366706E-001  1.184560061293E+001 -9.502896899079E+001
  3.263102254705E-002  1.169695062249E-003  4.369191350544E-001  1.173592222250E+001 -9.430644310839E+001
  3.381187850339E-002  1.192033099133E-003  4.507119876401E-001  1.162499247277E+001 -9.357456012698E+001
  3.501512157837E-002  1.214469635775E-003  4.646321200913E-001  1.151284583675E+001 -9.283351504111E+001
  3.624085128345E-002  1.237006698530E-003  4.786742081813E-001  1.139951719672E+001 -9.208350690305E+001
  3.748916916538E-002  1.259646331739E-003  4.928328799883E-001  1.128504183127E+001 -9.132473879354E+001
  3.876017882444E-002  1.282390598136E-003  5.071027181263E-001  1.116945540191E+001 -9.055741778764E+001
  4.005398593302E-002  1.305241579266E-003  5.214782620085E-001  1.105279393929E+001 -8.978175491560E+001
  4.137069825459E-002  1.328201375897E-003  5.359540101434E-001  1.093509382901E+001 -8.899796511865E+001
  4.271042566323E-002  1.351272108452E-003  5.505244224632E-001  1.081639179708E+001 -8.820626719963E+001
  4.407328016341E-002  1.374455917436E-003  5.651839226821E-001  1.069672489486E+001 -8.740688376835E+001
  4.545937591035E-002  1.397754963880E-003  5.799269006853E-001  1.057613048373E+001 -8.660004118157E+001
  4.686882923075E-002  1.421171429779E-003  5.947477149459E-001  1.045464621929E+001 -8.578596947771E+001
  4.830175864396E-002  1.444707518548E-003  6.096406949695E-001  1.033231003519E+001 -8.496490230601E+001
  4.975828488365E-002  1.468365455478E-003  6.246001437653E-001  1.020916012656E+001 -8.413707685021E+001
  5.123853091993E-002  1.492147488203E-003  6.396203403422E-001  1.008523493312E+001 -8.330273374674E+001
  5.274262198188E-002  1.516055887169E-003  6.546955422282E-001  9.960573121828E+000 -8.246211699728E+001
  5.427068558066E-002  1.540092946119E-003  6.698199880131E-001  9.835213569224E+000 -8.161547387583E+001
  5.582285153302E-002  1.564260982573E-003  6.849878999111E-001  9.709195343405E+000 -8.076305483012E+001
  5.739925198530E-002  1.588562338332E-003  7.001934863432E-001  9.582557685641E+000 -7.990511337744E+001
  5.900002143803E-002  1.612999379973E-003  7.154309445383E-001  9.455339991661E+000 -7.904190599493E+001
  6.062529677088E-002  1.637574499364E-003  7.306944631488E-001  9.327581792609E+000 -7.817369200430E+001
  6.227521726827E-002  1.662290114181E-003  7.459782248828E-001  9.199322735685E+000 -7.730073345100E+001
  6.394992464542E-002  1.687148668440E-003  7.612764091478E-001  9.070602564484E+000 -7.642329497801E+001
  6.564956307496E-002  1.712152633027E-003  7.765831947061E-001  8.941461099036E+000 -7.554164369408E+001
  6.737427921404E-002  1.737304506249E-003  7.918927623396E-001  8.811938215584E+000 -7.465604903671E+001
  6.912422223211E-002  1.762606814387E-003  8.071992975215E-001  8.682073826089E+000 -7.376678262985E+001
  7.089954383907E-002  1.788062112257E-003  8.224969930944E-001  8.551907857495E+000 -7.287411813637E+001
  7.270039831418E-002  1.813672983787E-003  8.377800519507E-001  8.421480230760E+000 -7.197833110547E+001
  7.452694253540E-002  1.839442042599E-003  8.530426897160E-001  8.290830839682E+000 -7.107969881515E+001
  7.637933600943E-002  1.865371932600E-003  8.682791374305E-001  8.159999529525E+000 -7.017850010977E+001
  7.825774090225E-002  1.891465328589E-003  8.834836442291E-001  8.029026075479E+000 -6.927501523292E+001
  8.016232207035E-002  1.917724936867E-003  8.986504800151E-001  7.897950160952E+000 -6.836952565578E+001
  8.209324709253E-002  1.944153495867E-003  9.137739381290E-001  7.766811355741E+000 -6.746231390096E+001
  8.405068630235E-002  1.970753776782E-003  9.288483380059E-001  7.635649094084E+000 -6.655366336223E+001
  8.603481282122E-002  1.997528584221E-003  9.438680278229E-001  7.504502652619E+000 -6.564385812006E+001
  8.804580259214E-002  2.024480756857E-003  9.588273871328E-001  7.373411128284E+000 -6.473318275342E+001
  9.008383441408E-002  2.051613168108E-003  9.737208294805E-001  7.242413416158E+000 -6.382192214784E+001
  9.214908997710E-002  2.078928726810E-003  9.885428050023E-001  7.111548187295E+000 -6.291036130004E+001
  9.424175389809E-002  2.106430377918E-003  1.003287803004E+000  6.980853866556E+000 -6.199878511936E+001
  9.636201375725E-002  2.134121103210E-003  1.017950354517E+000  6.850368610466E+000 -6.108747822618E+001
  9.851006013526E-002  2.162003922007E-003  1.032525034826E+000  6.720130285138E+000 -6.017672474760E+001
  1.006860866512E-001  2.190081891910E-003  1.047006465971E+000  6.590176444265E+000 -5.926680811069E+001
  1.028902900012E-001  2.218358109541E-003  1.061389319222E+000  6.460544307231E+000 -5.835801083344E+001
  1.051228699979E-001  2.246835711311E-003  1.075668317514E+000  6.331270737348E+000 -5.745061431380E+001
  1.073840296104E-001  2.275517874190E-003  1.089838237855E+000  6.202392220269E+000 -5.654489861714E+001
  1.096739750056E-001  2.304407816497E-003  1.103893913689E+000  6.073944842577E+000 -5.564114226222E+001
  1.119929155896E-001  2.333508798707E-003  1.117830237227E+000  5.945964270607E+000 -5.473962200617E+001
  1.143410640503E-001  2.362824124271E-003  1.131642161728E+000  5.818485729508E+000 -5.384061262875E+001
  1.167186364011E-001  2.392357140448E-003  1.145324703744E+000  5.691543982587E+000 -5.294438671611E+001
  1.191258520249E-001  2.422111239159E-003  1.158872945311E+000  5.565173310952E+000 -5.205121444446E+001
  1.215629337189E-001  2.452089857854E-003  1.172282036098E+000  5.439407493504E+000 -5.116136336398E+001
  1.240301077413E-001  2.482296480400E-003  1.185547195498E+000  5.314279787276E+000 -5.027509818331E+001
  1.265276038575E-001  2.512734637975E-003  1.198663714670E+000  5.189822908177E+000 -4.939268055488E+001
  1.290556553882E-001  2.543407909995E-003  1.211626958528E+000  5.066069012159E+000 -4.851436886151E+001
  1.316144992580E-001  2.574319925047E-003  1.224432367667E+000  4.943049676826E+000 -4.764041800469E+001
  1.342043760450E-001  2.605474361847E-003  1.237075460232E+000  4.820795883531E+000 -4.677107919467E+001
  1.368255300316E-001  2.636874950214E-003  1.249551833728E+000  4.699337999981E+000 -4.590659974298E+001
  1.394782092560E-001  2.668525472060E-003  1.261857166766E+000  4.578705763374E+000 -4.504722285759E+001
  1.421626655646E-001  2.700429762411E-003  1.273987220738E+000  4.458928264106E+000 -4.419318744110E+001
  1.448791546661E-001  2.732591710434E-003  1.285937841439E+000  4.340033930065E+000 -4.334472789231E+001
  1.476279361856E-001  2.765015260497E-003  1.297704960605E+000  4.222050511547E+000 -4.250207391159E+001
  1.504092737207E-001  2.797704413242E-003  1.309284597395E+000  4.105005066809E+000 -4.166545031036E+001
  1.532234348983E-001  2.830663226680E-003  1.320672859790E+000  3.988923948305E+000 -4.083507682501E+001
  1.560706914324E-001  2.863895817319E-003  1.331865945932E+000  3.873832789603E+000 -4.001116793572E+001
  1.589513191834E-001  2.897406361298E-003  1.342860145379E+000  3.759756493025E+000 -3.919393269047E+001
  1.618655982178E-001  2.931199095559E-003  1.353651840292E+000  3.646719218031E+000 -3.838357453453E+001
  1.648138128702E-001  2.965278319033E-003  1.364237506541E+000  3.534744370366E+000 -3.758029114592E+001
  1.677962518056E-001  2.999648393860E-003  1.374613714742E+000  3.423854591981E+000 -3.678427427708E+001
  1.708132080832E-001  3.034313746623E-003  1.384777131208E+000  3.314071751773E+000 -3.599570960304E+001
  1.738649792215E-001  3.069278869616E-003  1.394724518832E+000  3.205416937137E+000 -3.521477657659E+001
  1.769518672648E-001  3.104548322136E-003  1.404452737883E+000  3.097910446357E+000 -3.444164829059E+001
  1.800741788507E-001  3.140126731803E-003  1.413958746729E+000  2.991571781862E+000 -3.367649134779E+001
  1.832322252791E-001  3.176018795904E-003  1.423239602481E+000  2.886419644339E+000 -3.291946573847E+001
  1.864263225826E-001  3.212229282769E-003  1.432292461557E+000  2.782471927744E+000 -3.217072472625E+001
  1.896567915983E-001  3.248763033179E-003  1.441114580170E+000  2.679745715195E+000 -3.143041474214E+001
  1.929239580409E-001  3.285624961791E-003  1.449703314734E+000  2.578257275778E+000 -3.069867528734E+001
  1.962281525771E-001  3.322820058613E-003  1.458056122196E+000  2.478022062263E+000 -2.997563884490E+001
  1.995697109023E-001  3.360353390492E-003  1.466170560292E+000  2.379054709740E+000 -2.926143080045E+001
  2.029489738173E-001  3.398230102644E-003  1.474044287723E+000  2.281369035184E+000 -2.855616937229E+001
  2.063662873085E-001  3.436455420218E-003  1.481675064260E+000  2.184978037941E+000 -2.785996555105E+001
  2.098220026275E-001  3.475034649885E-003  1.489060750770E+000  2.089893901149E+000 -2.717292304903E+001
  2.133164763746E-001  3.513973181471E-003  1.496199309176E+000  1.996127994085E+000 -2.649513825941E+001
  2.168500705817E-001  3.553276489620E-003  1.503088802341E+000  1.903690875437E+000 -2.582670022553E+001
  2.204231527988E-001  3.592950135496E-003  1.509727393881E+000  1.812592297499E+000 -2.516769062034E+001
  2.240360961807E-001  3.632999768520E-003  1.516113347917E+000  1.722841211281E+000 -2.451818373603E+001
  2.276892795770E-001  3.673431128145E-003  1.522245028754E+000  1.634445772519E+000 -2.387824648414E+001
  2.313830876220E-001  3.714250045674E-003  1.528120900500E+000  1.547413348588E+000 -2.324793840596E+001
  2.351179108282E-001  3.755462446115E-003  1.533739526623E+000  1.461750526290E+000 -2.262731169347E+001
  2.388941456809E-001  3.797074350078E-003  1.539099569444E+000  1.377463120512E+000 -2.201641122077E+001
  2.427121947345E-001  3.839091875711E-003  1.544199789585E+000  1.294556183734E+000 -2.141527458587E+001
  2.465724667110E-001  3.881521240686E-003  1.549039045350E+000  1.213034016367E+000 -2.082393216309E+001
  2.504753766009E-001  3.924368764227E-003  1.553616292060E+000  1.132900177899E+000 -2.024240716571E+001
  2.544213457654E-001  3.967640869177E-003  1.557930581345E+000  1.054157498824E+000 -1.967071571904E+001
  2.584108020414E-001  4.011344084122E-003  1.561981060382E+000  9.768080933410E-001 -1.910886694365E+001
  2.624441798480E-001  4.055485045557E-003  1.565766971095E+000  9.008533727721E-001 -1.855686304870E+001
  2.665219202956E-001  4.100070500102E-003  1.569287649322E+000  8.262940596938E-001 -1.801469943526E+001
  2.706444712976E-001  4.145107306769E-003  1.572542523933E+000  7.531302027345E-001 -1.748236480929E+001
  2.748122876832E-001  4.190602439283E-003  1.575531115931E+000  6.813611920107E-001 -1.695984130432E+001
  2.790258313137E-001  4.236562988450E-003  1.578253037517E+000  6.109857751664E-001 -1.644710461334E+001
  2.832855712010E-001  4.282996164587E-003  1.580707991130E+000  5.420020739764E-001 -1.594412412982E+001
  2.875919836279E-001  4.329909300005E-003  1.582895768470E+000  4.744076014766E-001 -1.545086309758E+001
  2.919455522717E-001  4.377309851548E-003  1.584816249500E+000  4.081992795801E-001 -1.496727876909E+001
  2.963467683296E-001  4.425205403192E-003  1.586469401439E+000  3.433734571354E-001 -1.449332257197E+001
  3.007961306479E-001  4.473603668706E-003  1.587855277744E+000  2.799259283861E-001 -1.402894028336E+001
  3.052941458522E-001  4.522512494374E-003  1.588974017082E+000  2.178519517842E-001 -1.357407221170E+001
  3.098413284823E-001  4.571939861783E-003  1.589825842305E+000  1.571462691119E-001 -1.312865338557E+001
  3.144382011281E-001  4.621893890671E-003  1.590411059428E+000  9.780312486501E-002 -1.269261374921E+001
  3.190852945695E-001  4.672382841850E-003  1.590730056610E+000  3.981628584812E-002 -1.226587836417E+001
  3.237831479192E-001  4.723415120192E-003  1.590783303143E+000 -1.682093906657E-002 -1.184836761682E+001
  3.285323087679E-001  4.774999277691E-003  1.590571348456E+000 -7.211567906767E-002 -1.143999743100E+001
  3.333333333333E-001  4.827144016591E-003  1.590094821138E+000 -1.260754814708E-001 -1.104067948556E+001
  3.381867866117E-001  4.879858192602E-003  1.589354427979E+000 -1.787082917733E-001 -1.065032143603E+001
  3.430932425333E-001  4.933150818173E-003  1.588350953031E+000 -2.300224337502E-001 -1.026882714018E+001
  3.480532841203E-001  4.987031065868E-003  1.587085256704E+000 -2.800265896413E-001 -9.896096886627E+000
  3.530675036492E-001  5.041508271801E-003  1.585558274883E+000 -3.287297804822E-001 -9.532027626129E+000
  3.581365028158E-001  5.096591939172E-003  1.583771018084E+000 -3.761413466306E-001 -9.176513204987E+000
  3.632608929041E-001  5.152291741875E-003  1.581724570643E+000 -4.222709285382E-001 -8.829444599878E+000
  3.684412949588E-001  5.208617528209E-003  1.579420089943E+000 -4.671284478192E-001 -8.490710153622E+000
  3.736783399619E-001  5.265579324662E-003  1.576858805682E+000 -5.107240886643E-001 -8.160195811265E+000
  3.789726690123E-001  5.323187339805E-003  1.574042019185E+000 -5.530682796497E-001 -7.837785355879E+000
  3.843249335105E-001  5.381451968273E-003  1.570971102757E+000 -5.941716759886E-001 -7.523360643493E+000
  3.897357953460E-001  5.440383794842E-003  1.567647499084E+000 -6.340451422700E-001 -7.216801836539E+000
  3.952059270903E-001  5.499993598618E-003  1.564072720681E+000 -6.726997357316E-001 -6.917987635241E+000
  4.007360121927E-001  5.560292357317E-003  1.560248349391E+000 -7.101466901077E-001 -6.626795506327E+000
  4.063267451812E-001  5.621291251662E-003  1.556176035928E+000 -7.463974000948E-001 -6.343101908495E+000
  4.119788318683E-001  5.683001669888E-003  1.551857499475E+000 -7.814634064721E-001 -6.066782514045E+000
  4.176929895600E-001  5.745435212354E-003  1.547294527325E+000 -8.153563819147E-001 -5.797712426102E+000
  4.234699472710E-001  5.808603696282E-003  1.542488974582E+000 -8.480881175337E-001 -5.535766390883E+000
  4.293104459435E-001  5.872519160606E-003  1.537442763897E+000 -8.796705101729E-001 -5.280819004446E+000
  4.352152386716E-001  5.937193870949E-003  1.532157885268E+000 -9.101155504935E-001 -5.032744913405E+000
  4.411850909306E-001  6.002640324729E-003  1.526636395870E+000 -9.394353118689E-001 -4.791419009100E+000
  4.472207808110E-001  6.068871256391E-003  1.520880419946E+000 -9.676419401157E-001 -4.556716614715E+000
  4.533230992589E-001  6.135899642772E-003  1.514892148728E+000 -9.947476440767E-001 -4.328513664897E+000
  4.594928503202E-001  6.203738708611E-003  1.508673840408E+000 -1.020764687074E+000 -4.106686877423E+000
  4.657308513924E-001  6.272401932198E-003  1.502227820140E+000 -1.045705379241E+000 -3.891113916488E+000
  4.720379334802E-001  6.341903051163E-003  1.495556480085E+000 -1.069582070748E+000 -3.681673547249E+000
  4.784149414579E-001  6.412256068427E-003  1.488662279478E+000 -1.092407145917E+000 -3.478245781236E+000
  4.848627343381E-001  6.483475258298E-003  1.481547744728E+000 -1.114193018234E+000 -3.280712012337E+000
  4.913821855461E-001  6.555575172733E-003  1.474215469543E+000 -1.134952126251E+000 -3.088955143033E+000
  4.979741832006E-001  6.628570647764E-003  1.466668115069E+000 -1.154696930372E+000 -2.902859700651E+000
  5.046396304008E-001  6.702476810086E-003  1.458908410045E+000 -1.173439910510E+000 -2.722311943400E+000
  5.113794455212E-001  6.777309083830E-003  1.450939150968E+000 -1.191193564604E+000 -2.547199956012E+000
  5.181945625116E-001  6.853083197508E-003  1.442763202258E+000 -1.207970407967E+000 -2.377413734852E+000
  5.250859312060E-001  6.929815191146E-003  1.434383496423E+000 -1.223782973454E+000 -2.212845262388E+000
  5.320545176366E-001  7.007521423604E-003  1.425803034217E+000 -1.238643812405E+000 -2.053388570957E+000
  5.391013043575E-001  7.086218580100E-003  1.417024884775E+000 -1.252565496352E+000 -1.898939795830E+000
  5.462272907741E-001  7.165923679926E-003  1.408052185738E+000 -1.265560619435E+000 -1.749397217572E+000
  5.534334934816E-001  7.246654084380E-003  1.398888143336E+000 -1.277641801497E+000 -1.604661293788E+000
  5.607209466109E-001  7.328427504912E-003  1.389536032450E+000 -1.288821691816E+000 -1.464634680362E+000
  5.680907021827E-001  7.411262011483E-003  1.379999196620E+000 -1.299112973418E+000 -1.329222242333E+000
  5.755438304707E-001  7.495176041166E-003  1.370281048011E+000 -1.308528367929E+000 -1.198331054622E+000
  5.830814203728E-001  7.580188406970E-003  1.360385067315E+000 -1.317080640910E+000 -1.071870392847E+000
  5.907045797917E-001  7.666318306912E-003  1.350314803597E+000 -1.324782607615E+000 -9.497517144952E-001
  5.984144360243E-001  7.753585333338E-003  1.340073874064E+000 -1.331647139116E+000 -8.318886308093E-001
  6.062121361613E-001  7.842009482502E-003  1.329665963759E+000 -1.337687168728E+000 -7.181968697175E-001
  6.140988474955E-001  7.931611164409E-003  1.319094825163E+000 -1.342915698682E+000 -6.085942302378E-001
  6.220757579409E-001  8.022411212936E-003  1.308364277711E+000 -1.347345806954E+000 -5.030005287869E-001
  6.301440764614E-001  8.114430896230E-003  1.297478207207E+000 -1.350990654217E+000 -4.013375378746E-001
  6.383050335109E-001  8.207691927403E-003  1.286440565129E+000 -1.353863490810E+000 -3.035289176945E-001
  6.465598814833E-001  8.302216475524E-003  1.275255367824E+000 -1.355977663685E+000 -2.095001411551E-001
  6.549098951744E-001  8.398027176926E-003  1.263926695584E+000 -1.357346623235E+000 -1.191784129232E-001
  6.633563722545E-001  8.495147146827E-003  1.252458691595E+000 -1.357983929949E+000 -3.249258307876E-002
  6.719006337539E-001  8.593599991288E-003  1.240855560762E+000 -1.357903260817E+000  5.062694399560E-002
  6.805440245593E-001  8.693409819506E-003  1.229121568389E+000 -1.357118415408E+000  1.302483048470E-001
  6.892879139233E-001  8.794601256469E-003  1.217261038732E+000 -1.355643321564E+000  2.064382756449E-001
  6.981336959871E-001  8.897199455961E-003  1.205278353395E+000 -1.353492040624E+000  2.792623736577E-001
  7.070827903152E-001  9.001230113956E-003  1.193177949591E+000 -1.350678772132E+000  3.487849608279E-001
  7.161366424455E-001  9.106719482390E-003  1.180964318248E+000 -1.347217857945E+000  4.150693487489E-001
  7.252967244510E-001  9.213694383338E-003  1.168642001959E+000 -1.343123785685E+000  4.781779043491E-001
  7.345645355186E-001  9.322182223606E-003  1.156215592790E+000 -1.338411191489E+000  5.381721555824E-001
  7.439416025400E-001  9.432211009745E-003  1.143689729926E+000 -1.333094861979E+000  5.951128964335E-001
  7.534294807203E-001  9.543809363512E-003  1.131069097161E+000 -1.327189735413E+000  6.490602905513E-001
  7.630297542000E-001  9.657006537783E-003  1.118358420243E+000 -1.320710901971E+000  7.000739728364E-001
  7.727440366954E-001  9.771832432940E-003  1.105562464060E+000 -1.313673603129E+000  7.482131483246E-001
  7.825739721536E-001  9.888317613741E-003  1.092686029681E+000 -1.306093230079E+000  7.935366877278E-001
  7.925212354258E-001  1.000649332670E-002  1.079733951249E+000 -1.297985321169E+000  8.361032190179E-001
  8.025875329584E-001  1.012639151798E-002  1.066711092732E+000 -1.289365558333E+000  8.759712144647E-001
  8.127746035011E-001  1.024804485184E-002  1.053622344537E+000 -1.280249762491E+000  9.131990725722E-001
  8.230842188350E-001  1.037148672960E-002  1.040472619993E+000 -1.270653887897E+000  9.478451943908E-001
  8.335181845190E-001  1.049675130923E-002  1.027266851708E+000 -1.260594015441E+000  9.799680537209E-001
  8.440783406568E-001  1.062387352550E-002  1.014009987807E+000 -1.250086344881E+000  1.009626260766E+000
  8.547665626839E-001  1.075288911077E-002  1.000706988065E+000 -1.239147186033E+000  1.036878618835E+000
  8.655847621758E-001  1.088383461638E-002  9.873628199339E-001 -1.227792948912E+000  1.061784173742E+000
  8.765348876780E-001  1.101674743475E-002  9.739824544804E-001 -1.216040132851E+000  1.084402255600E+000
  8.876189255584E-001  1.115166582209E-002  9.605708622458E-001 -1.203905314620E+000  1.104792512764E+000
  8.988389008829E-001  1.128862892191E-002  9.471330090330E-001 -1.191405135578E+000  1.123014937714E+000
  9.101968783143E-001  1.142767678917E-002  9.336738516371E-001 -1.178556287897E+000  1.139129884743E+000
  9.216949630368E-001  1.156885041525E-002  9.201983335311E-001 -1.165375499901E+000  1.153198079370E+000
  9.333353017046E-001  1.171219175365E-002  9.067113805184E-001 -1.151879520574E+000  1.165280619432E+000
  9.451200834176E-001  1.185774374655E-002  8.932178963661E-001 -1.138085103294E+000  1.175438967896E+000
  9.570515407237E-001  1.200555035216E-002  8.797227584333E-001 -1.124008988859E+000  1.183734937477E+000
  9.691319506484E-001  1.215565657299E-002  8.662308133076E-001 -1.109667887871E+000  1.190230667198E+000
  9.813636357544E-001  1.230810848498E-002  8.527468724646E-001 -1.095078462554E+000  1.194988591095E+000
  9.937489652293E-001  1.246295326757E-002  8.392757079647E-001 -1.080257308097E+000  1.198071399321E+000
  1.006290356005E+000  1.262023923477E-002  8.258220482016E-001 -1.065220933580E+000  1.199541991963E+000
  1.018990273907E+000  1.278001586715E-002  8.123905737174E-001 -1.049985742609E+000  1.199463425923E+000
  1.031851234841E+000  1.294233384499E-002  7.989859130983E-001 -1.034568013710E+000  1.197898855271E+000
  1.044875806003E+000  1.310724508236E-002  7.856126389653E-001 -1.018983880616E+000  1.194911465542E+000
  1.058066607138E+000  1.327480276248E-002  7.722752640739E-001 -1.003249312515E+000  1.190564402454E+000
  1.071426311823E+000  1.344506137405E-002  7.589782375359E-001 -9.873800943716E-001  1.184920695599E+000
  1.084957648792E+000  1.361807674895E-002  7.457259411768E-001 -9.713918074178E-001  1.178043177673E+000
  1.098663403298E+000  1.379390610110E-002  7.325226860415E-001 -9.552998099141E-001  1.169994399861E+000
  1.112546418516E+000  1.397260806657E-002  7.193727090587E-001 -9.391192182769E-001  1.160836543994E+000
  1.126609596985E+000  1.415424274514E-002  7.062801698767E-001 -9.228648886724E-001  1.150631332138E+000
  1.140855902095E+000  1.433887174317E-002  6.932491478797E-001 -9.065513991719E-001  1.139439934299E+000
  1.155288359613E+000  1.452655821788E-002  6.802836393934E-001 -8.901930325622E-001  1.127322874901E+000
  1.169910059257E+000  1.471736692327E-002  6.673875550900E-001 -8.738037598995E-001  1.114339938749E+000
  1.184724156317E+000  1.491136425740E-002  6.545647175965E-001 -8.573972248937E-001  1.100550077158E+000
  1.199733873325E+000  1.510861831145E-002  6.418188593157E-001 -8.409867292026E-001  1.086011314933E+000
  1.214942501771E+000  1.530919892035E-002  6.291536204614E-001 -8.245852187124E-001  1.070780658885E+000
  1.230353403874E+000  1.551317771520E-002  6.165725473134E-001 -8.082052708727E-001  1.054914008529E+000
  1.245970014403E+000  1.572062817747E-002  6.040790906930E-001 -7.918590831488E-001  1.038466069619E+000
  1.261795842559E+000  1.593162569510E-002  5.916766046610E-001 -7.755584626471E-001  1.021490271137E+000
  1.277834473907E+000  1.614624762054E-002  5.793683454354E-001 -7.593148169599E-001  1.004038686295E+000
  1.294089572372E+000  1.636457333079E-002  5.671574705296E-001 -7.431391462703E-001  9.861619581347E-001
  1.310564882294E+000  1.658668428962E-002  5.550470381051E-001 -7.270420367475E-001  9.679092302051E-001
  1.327264230548E+000  1.681266411190E-002  5.430400065353E-001 -7.110336552544E-001  9.493280827965E-001
  1.344191528724E+000  1.704259863026E-002  5.311392341738E-001 -6.951237453813E-001  9.304644751436E-001
  1.361350775387E+000  1.727657596408E-002  5.193474793203E-001 -6.793216248085E-001  9.113626939649E-001
  1.378746058390E+000  1.751468659100E-002  5.076674003744E-001 -6.636361839936E-001  8.920653086487E-001
  1.396381557275E+000  1.775702342093E-002  4.961015561683E-001 -6.480758861679E-001  8.726131333420E-001
  1.414261545744E+000  1.800368187279E-002  4.846524064672E-001 -6.326487686189E-001  8.530451961394E-001
  1.432390394201E+000  1.825475995395E-002  4.733223126250E-001 -6.173624452258E-001  8.333987155092E-001
  1.450772572390E+000  1.851035834267E-002  4.621135383833E-001 -6.022241102058E-001  8.137090840332E-001
  1.469412652102E+000  1.877058047342E-002  4.510282507987E-001 -5.872405430230E-001  7.940098594790E-001
  1.488315309978E+000  1.903553262542E-002  4.400685212851E-001 -5.724181144004E-001  7.743327631581E-001
  1.507485330398E+000  1.930532401444E-002  4.292363267555E-001 -5.577627933713E-001  7.547076854701E-001
  1.526927608467E+000  1.958006688797E-002  4.185335508476E-001 -5.432801552960E-001  7.351626984701E-001
  1.546647153093E+000  1.985987662391E-002  4.079619852185E-001 -5.289753907679E-001  7.157240752445E-001
  1.566649090169E+000  2.014487183303E-002  3.975233308918E-001 -5.148533153234E-001  6.964163158251E-001
  1.586938665861E+000  2.043517446518E-002  3.872191996417E-001 -5.009183798675E-001  6.772621793238E-001
  1.607521250000E+000  2.073090991960E-002  3.770511153983E-001 -4.871746817231E-001  6.582827219198E-001
  1.628402339588E+000  2.103220715932E-002  3.670205156593E-001 -4.736259762082E-001  6.394973402953E-001
  1.649587562420E+000  2.133919883002E-002  3.571287528934E-001 -4.602756886443E-001  6.209238200704E-001
  1.671082680832E+000  2.165202138333E-002  3.473770959206E-001 -4.471269266953E-001  6.025783887615E-001
  1.692893595565E+000  2.197081520497E-002  3.377667312574E-001 -4.341824929412E-001  5.844757727556E-001
  1.715026349769E+000  2.229572474776E-002  3.282987644135E-001 -4.214448975857E-001  5.666292577723E-001
  1.737487133138E+000  2.262689866987E-002  3.189742211298E-001 -4.089163712032E-001  5.490507522666E-001
  1.760282286187E+000  2.296448997842E-002  3.097940485478E-001 -3.965988774307E-001  5.317508532176E-001
  1.783418304674E+000  2.330865617868E-002  3.007591163008E-001 -3.844941255154E-001  5.147389137388E-001
  1.806901844175E+000  2.365955942924E-002  2.918702175213E-001 -3.726035826317E-001  4.980231119494E-001
  1.830739724818E+000  2.401736670327E-002  2.831280697586E-001 -3.609284858887E-001  4.816105205496E-001
  1.854938936184E+000  2.438224995616E-002  2.745333158021E-001 -3.494698539535E-001  4.655071765568E-001
  1.879506642368E+000  2.475438629994E-002  2.660865244098E-001 -3.382284982236E-001  4.497181506751E-001
  1.904450187236E+000  2.513395818467E-002  2.577881909395E-001 -3.272050334898E-001  4.342476157931E-001
  1.929777099847E+000  2.552115358717E-002  2.496387378859E-001 -3.163998880374E-001  4.190989141326E-001
  1.955495100083E+000  2.591616620741E-002  2.416385153254E-001 -3.058133131439E-001  4.042746226028E-001
  1.981612104475E+000  2.631919567292E-002  2.337878012745E-001 -2.954453919397E-001  3.897766159492E-001
  2.008136232230E+000  2.673044775156E-002  2.260868019666E-001 -2.852960476074E-001  3.756061273263E-001
  2.035075811486E+000  2.715013457311E-002  2.185356520575E-001 -2.753650509054E-001  3.617638059672E-001
  2.062439385788E+000  2.757847486001E-002  2.111344147666E-001 -2.656520270102E-001  3.482497716664E-001
  2.090235720801E+000  2.801569416771E-002  2.038830819665E-001 -2.561564616825E-001  3.350636658397E-001
  2.118473811262E+000  2.846202513514E-002  1.967815742324E-001 -2.468777067699E-001  3.222046989764E-001
  2.147162888201E+000  2.891770774564E-002  1.898297408641E-001 -2.378149850697E-001  3.096716943442E-001
  2.176312426413E+000  2.938298959899E-002  1.830273598949E-001 -2.289673945822E-001  2.974631278618E-001
  2.205932152222E+000  2.985812619504E-002  1.763741381020E-001 -2.203339121952E-001  2.855771641008E-001
  2.236032051522E+000  3.034338122938E-002  1.698697110330E-001 -2.119133968442E-001  2.740116884271E-001
  2.266622378129E+000  3.083902690182E-002  1.635136430650E-001 -2.037045922041E-001  2.627643353419E-001
  2.297713662445E+000  3.134534423818E-002  1.573054275088E-001 -1.957061289700E-001  2.518325131240E-001
  2.329316720450E+000  3.186262342603E-002  1.512444867765E-001 -1.879165267914E-001  2.412134249201E-001
  2.361442663038E+000  3.239116416519E-002  1.453301726240E-001 -1.803341959284E-001  2.309040864674E-001
  2.394102905709E+000  3.293127603351E-002  1.395617664830E-001 -1.729574386994E-001  2.209013406686E-001
  2.427309178642E+000  3.348327886897E-002  1.339384798951E-001 -1.657844507945E-001  2.112018692728E-001
  2.461073537146E+000  3.404750316862E-002  1.284594550582E-001 -1.588133225246E-001  2.018022019395E-001
  2.495408372530E+000  3.462429050548E-002  1.231237654953E-001 -1.520420400819E-001  1.926987229885E-001
  2.530326423398E+000  3.521399396401E-002  1.179304168536E-001 -1.454684868781E-001  1.838876761535E-001
  2.565840787378E+000  3.581697859546E-002  1.128783478383E-001 -1.390904450304E-001  1.753651676707E-001
  2.601964933334E+000  3.643362189376E-002  1.079664312862E-001 -1.329055970566E-001  1.671271680401E-001
  2.638712714049E+000  3.706431429322E-002  1.031934753790E-001 -1.269115278368E-001  1.591695127982E-001
  2.676098379430E+000  3.770945968912E-002  9.855822499633E-002 -1.211057268921E-001  1.514879026367E-001
  2.714136590232E+000  3.836947598236E-002  9.405936320311E-002 -1.154855910254E-001  1.440779031938E-001
  2.752842432351E+000  3.904479564947E-002  8.969551286681E-002 -1.100484273577E-001  1.369349448293E-001
  2.792231431696E+000  3.973586633921E-002  8.546523839455E-002 -1.047914567859E-001  1.300543226751E-001
  2.832319569669E+000  4.044315149734E-002  8.136704757950E-002 -9.971181788099E-002  1.234311972305E-001
  2.873123299289E+000  4.116713102086E-002  7.739939354289E-002 -9.480657122987E-002  1.170605957425E-001
  2.914659561979E+000  4.190830194354E-002  7.356067675611E-002 -9.007270421896E-002  1.109374145809E-001
  2.956945805065E+000  4.266717915414E-002  6.984924712517E-002 -8.550713624441E-002  1.050564227821E-001
  3.000000000000E+000  4.344429614932E-002  6.626340611851E-002 -8.110672432401E-002  9.941226690040E-002
  3.043840661365E+000  4.424020582308E-002  6.280140891756E-002 -7.686826907608E-002  9.399947726352E-002
  3.088486866678E+000  4.505548129460E-002  5.946146656856E-002 -7.278852102065E-002  8.881247569266E-002
  3.133958277047E+000  4.589071677685E-002  5.624174811366E-002 -6.886418714938E-002  8.384558470295E-002
  3.180275158719E+000  4.674652848797E-002  5.314038267928E-002 -6.509193770277E-002  7.909303816202E-002
  3.227458405560E+000  4.762355560797E-002  5.015546150001E-002 -6.146841308592E-002  7.454899334387E-002
  3.275529562509E+000  4.852246128332E-002  4.728503985743E-002 -5.799023084872E-002  7.020754427765E-002
  3.324510850077E+000  4.944393368200E-002  4.452713891452E-002 -5.465399265154E-002  6.606273625550E-002
  3.374425189910E+000  5.038868710203E-002  4.187974742835E-002 -5.145629113518E-002  6.210858133156E-002
  3.425296231502E+000  5.135746313639E-002  3.934082332655E-002 -4.839371661222E-002  5.833907461564E-002
  3.477148380094E+000  5.235103189784E-002  3.690829513564E-002 -4.546286349797E-002  5.474821114143E-002
  3.530006825834E+000  5.337019330676E-002  3.458006325316E-002 -4.266033640115E-002  5.133000306981E-002
  3.583897574256E+000  5.441577844603E-002  3.235400105948E-002 -3.998275579906E-002  4.807849697450E-002
  3.638847478148E+000  5.548865098670E-002  3.022795586934E-002 -3.742676322791E-002  4.498779094935E-002
  3.694884270887E+000  5.658970868864E-002  2.819974972805E-002 -3.498902592644E-002  4.205205127465E-002
  3.752036601308E+000  5.771988498079E-002  2.626718006204E-002 -3.266624088097E-002  3.926552838403E-002
  3.810334070199E+000  5.888015062562E-002  2.442802019860E-002 -3.045513823036E-002  3.662257188381E-002
  3.869807268505E+000  6.007151547295E-002  2.268001977450E-002 -2.835248400190E-002  3.411764439281E-002
  3.930487817331E+000  6.129503030858E-002  2.102090505858E-002 -2.635508216228E-002  3.174533399207E-002
  3.992408409843E+000  6.255178880352E-002  1.944837921766E-002 -2.445977598216E-002  2.950036510107E-002
  4.055602855172E+000  6.384292957002E-002  1.796012256002E-002 -2.266344872711E-002  2.737760762818E-002
  4.120106124432E+000  6.516963833101E-002  1.655379279438E-002 -2.096302370294E-002  2.537208427864E-002
  4.185954398964E+000  6.653315021009E-002  1.522702534583E-002 -1.935546369785E-002  2.347897594140E-002
  4.253185120935E+000  6.793475214960E-002  1.397743377285E-002 -1.783776987829E-002  2.169362511688E-002
  4.321837046422E+000  6.937578546490E-002  1.280261033123E-002 -1.640698020843E-002  2.001153738963E-002
  4.391950301120E+000  7.085764854355E-002  1.170012673170E-002 -1.506016747565E-002  1.842838099127E-002
  4.463566438835E+000  7.238179969882E-002  1.066753513794E-002 -1.379443701457E-002  1.693998454070E-002
  4.536728502895E+000  7.394976018725E-002  9.702369450073E-003 -1.260692423117E-002  1.554233308743E-002
  4.611481090679E+000  7.556311740127E-002  8.802146916694E-003 -1.149479203476E-002  1.423156261981E-002
  4.687870421430E+000  7.722352824817E-002  7.964370114354E-003 -1.045522828949E-002  1.300395323259E-002
  4.765944407533E+000  7.893272272784E-002  7.186529328874E-003 -9.485443398907E-003  1.185592117532E-002
  4.845752729492E+000  8.069250772248E-002  6.466105366577E-003 -8.582668135061E-003  1.078401002503E-002
  4.927346914797E+000  8.250477101257E-002  5.800572816404E-003 -7.744151820001E-003  9.784881242300E-003
  5.010780420931E+000  8.437148553436E-002  5.187403775623E-003 -6.967160960087E-003  8.855304378746E-003
  5.096108722763E+000  8.629471389541E-002  4.624072042672E-003 -6.248978423921E-003  7.992147206090E-003
  5.183389404586E+000  8.827661316581E-002  4.108057770768E-003 -5.586903242250E-003  7.192366031940E-003
  5.272682257105E+000  9.031943996425E-002  3.636852565426E-003 -4.978251093450E-003  6.452996455603E-003
  5.364049379651E+000  9.242555585946E-002  3.207964998142E-003 -4.420355521397E-003  5.771144798826E-003
  5.457555287978E+000  9.459743310926E-002  2.818926497541E-003 -3.910569914060E-003  5.143980421817E-003
  5.553267027968E+000  9.683766076100E-002  2.467297568359E-003 -3.446270251407E-003  4.568729105104E-003
  5.651254295630E+000  9.914895113938E-002  2.150674278194E-003 -3.024858610706E-003  4.042667643324E-003
  5.751589563796E+000  1.015341467494E-001  1.866694942065E-003 -2.643767396599E-003  3.563119759191E-003
  5.854348215936E+000  1.039962276248E-001  1.613046925969E-003 -2.300464242800E-003  3.127453405513E-003
  5.959608687557E+000  1.065383191537E-001  1.387473482889E-003 -1.992457512721E-003  2.733079481555E-003
  6.067452615683E+000  1.091637004188E-001  1.187780528454E-003 -1.717302308026E-003  2.377451948392E-003
  6.177964996951E+000  1.118758130872E-001  1.011843258915E-003 -1.472606877814E-003  2.058069287421E-003
  6.291234354880E+000  1.146782708938E-001  8.576125113807E-004 -1.256039307137E-003  1.772477207973E-003
  6.407352916949E+000  1.175748697626E-001  7.231207656803E-004 -1.065334352400E-003  1.518272475223E-003
  6.526416802128E+000  1.205695986129E-001  6.064876887325E-004 -8.983002831740E-004  1.293107699105E-003
  6.648526219580E+000  1.236666509049E-001  5.059251261571E-004 -7.528255853931E-004  1.094696899696E-003
  6.773785679311E+000  1.268704369821E-001  4.197414519311E-004 -6.268853799564E-004  9.208216450917E-004
  6.902304215570E+000  1.301855972713E-001  3.463451952450E-004 -5.185474135318E-004  7.693375446429E-004
  7.034195623922E+000  1.336170164087E-001  2.842478742052E-004 -4.259774848743E-004  6.381808738786E-004
  7.169578712934E+000  1.371698383673E-001  2.320659785141E-004 -3.474441800735E-004  5.253751074844E-004
  7.308577571516E+000  1.408494826628E-001  1.885220575323E-004 -2.813228036629E-004  4.290371432921E-004
  7.451321853057E+000  1.446616617293E-001  1.524448858978E-004 -2.260984091340E-004  3.473830129808E-004
  7.597947077547E+000  1.486123995567E-001  1.227686958325E-004 -1.803678516968E-004  2.787328936110E-004
  7.748594953021E+000  1.527080516973E-001  9.853148300715E-005 -1.428408076520E-004  2.215152575493E-004
  7.903413717736E+000  1.569553267535E-001  7.887241096158E-005 -1.123397279045E-004  1.742700259798E-004
  8.062558504629E+000  1.613613094717E-001  6.302835710948E-005 -8.779871737169E-005  1.356506221443E-004
  8.226191729726E+000  1.659334855793E-001  5.032966083844E-005 -6.826135664122E-005  1.044248537033E-004
  8.394483506327E+000  1.706797685137E-001  4.019515064111E-005 -5.287750654056E-005  7.947458813358E-005
  8.567612086926E+000  1.756085282071E-001  3.212654210869E-005 -4.089915960190E-005  5.979421979990E-005
  8.745764335025E+000  1.807286221064E-001  2.570231151299E-005 -3.167542405862E-005  4.448796121814E-005
  8.929136229160E+000  1.860494286260E-001  2.057116017047E-005 -2.464674534866E-005  3.276602303605E-005
  9.117933401693E+000  1.915808832504E-001  1.644519244396E-005 -1.933848653226E-005  2.393977646052E-005
  9.312371715124E+000  1.973335175235E-001  1.309293478762E-005 -1.535400203793E-005  1.741601739601E-005
  9.512677878945E+000  2.033185011886E-001  1.033232445631E-005 -1.236734830813E-005  1.269047270069E-005
  9.719090110332E+000  2.095476877688E-001  8.023794259551E-006 -1.011577991649E-005  9.340705126007E-006
  9.931858842267E+000  2.160336639044E-001  6.063574031895E-006 -8.392180393507E-006  7.018584259874E-006
  1.015124748302E+001  2.227898028021E-001  4.377320426335E-006 -7.037573294428E-006  5.442495903308E-006
  1.037753323129E+001  2.298303221843E-001  2.914174449237E-006 -5.933851091745E-006  4.389461729326E-006
  1.061100795175E+001  2.371703471699E-001  1.641331203182E-006 -4.996847551911E-006  3.687334956802E-006
  1.085197911611E+001  2.448259785618E-001  5.391890636793E-007 -4.169863792815E-006  3.207226478118E-006
  1.110077081537E+001  2.528143670735E-001 -4.028734326512E-007 -3.417739789015E-006  2.856299958298E-006
  1.135772484956E+001  2.611537940784E-001 -1.190064701389E-006 -2.721542395854E-006  2.571054602977E-006
  1.162320190175E+001  2.698637595360E-001 -1.825083244763E-006 -2.073918801293E-006  2.311191452280E-006
  1.189758280382E+001  2.789650778206E-001 -2.310368693868E-006 -1.475141552821E-006  2.054134193756E-006
  1.218126990242E+001  2.884799822596E-001 -2.649731320911E-006 -9.298488424493E-007  1.790249670120E-006
  1.247468853413E+001  2.984322392826E-001 -2.849407357607E-006 -4.444624474520E-007  1.518787581241E-006
  1.277828862002E+001  3.088472731875E-001 -2.918601695040E-006 -2.524644166992E-008  1.244534409956E-006
  1.309254639077E+001  3.197523026463E-001 -2.869590724352E-006  3.230467672519E-007  9.751543188996E-007
  1.341796625462E+001  3.311764902095E-001 -2.717465827745E-006  5.980097765535E-007  7.191705151405E-007
  1.375508282195E+001  3.431511062169E-001 -2.479602131531E-006  7.999691556076E-007  4.845250229745E-007
  1.410446310162E+001  3.557097086969E-001 -2.174937551172E-006  9.320119316175E-007  2.776433864035E-007
  1.446670888596E+001  3.688883410292E-001 -1.823144037151E-006  9.997332077584E-007  1.029237450495E-007
  1.484245934302E+001  3.827257493700E-001 -1.443766587075E-006  1.010786543059E-006 -3.743305258895E-008
  1.523239383723E+001  3.972636220891E-001 -1.055396493023E-006  9.743134208869E-007 -1.433343948718E-007
  1.563723500136E+001  4.125468537596E-001 -6.749340366271E-007  9.003200602537E-007 -2.165252344140E-007
  1.605775208607E+001  4.286238365683E-001 -3.169831058862E-007  7.990596443445E-007 -2.602054625135E-007
  1.649476461582E+001  4.455467823929E-001  6.593290198265E-009  6.804664841619E-007 -2.785952158363E-007
  1.694914638379E+001  4.633720792263E-001  2.869411677781E-007  5.536764485577E-007 -2.764969085481E-007
  1.742182982203E+001  4.821606861220E-001  5.183048231969E-007  4.266558882861E-007 -2.588911790853E-007
  1.791381078784E+001  5.019785714107E-001  6.979462842735E-007  3.059498968073E-007 -2.305925575870E-007
  1.842615381215E+001  5.228971995942E-001  8.259139346179E-007  1.965506086674E-007 -1.959801173923E-007
  1.895999786176E+001  5.449940730840E-001  9.046870525561E-007  1.018777279914E-007 -1.588091468039E-007
  1.951656267356E+001  5.683533358366E-001  9.387284066045E-007  2.385685279342E-008 -1.221022800477E-007
  2.009715572669E+001  5.930664469535E-001  9.339799823732E-007 -3.692347651378E-008 -8.811271394807E-008
  2.070317992707E+001  6.192329335039E-001  8.973374101969E-007 -8.099774233422E-008 -5.834811972524E-008
  2.133614208874E+001  6.469612332096E-001  8.361368698840E-007 -1.097749872260E-007 -3.364152913786E-008
  2.199766230782E+001  6.763696392388E-001  7.576844299438E-007 -1.252776649776E-007 -1.425463528533E-008
  2.268948433818E+001  7.075873612439E-001  6.688522907520E-007 -1.298873619292E-007  6.495985486908E-013
  2.341348709294E+001  7.407557189842E-001  5.757596823544E-007 -1.261137002061E-007  9.635169894015E-009
  2.417169741362E+001  7.760294874639E-001  4.835487190415E-007 -1.163987611234E-007  1.536077220332E-008
  2.496630426925E+001  8.135784155747E-001  3.962578767818E-007 -1.029650047814E-007  1.798208016861E-008
  2.579967457140E+001  8.535889438281E-001  3.167884918529E-007 -8.771024668296E-008  1.830739938138E-008
  2.667437081864E+001  8.962661510291E-001  2.469533138188E-007 -7.214910331392E-008  1.708172677865E-008
  2.759317081651E+001  9.418359647997E-001  1.875911543838E-007 -5.739672355355E-008  1.494242756198E-008
  2.855908975674E+001  9.905476768748E-001  1.387284179017E-007 -4.418781957483E-008  1.239609648875E-008
  2.957540498378E+001  1.042676811269E+000  9.976698914764E-008 -3.292216845741E-008  9.813551987553E-009
  3.064568382919E+001  1.098528402000E+000  6.967861202269E-008 -2.372695537676E-008  7.438890287463E-009
  3.177381495601E+001  1.158440747351E+000  4.718833817421E-008 -1.652655140033E-008  5.408072790598E-009
  3.296404372807E+001  1.222789720048E+000  3.093348121250E-008 -1.111143993117E-008  3.772600722840E-009
  3.422101220608E+001  1.291993727721E+000  1.958924794642E-008 -7.199808225229E-009  2.524362941585E-009
  3.554980447538E+001  1.366519436102E+000  1.195721067472E-008 -4.487518352063E-009  1.618599227399E-009
  3.695599813319E+001  1.446888389511E+000  7.017409308496E-009 -2.684449921039E-009  9.929491056567E-010
  3.844572291106E+001  1.533684690030E+000  3.948595318836E-009 -1.537265842766E-009  5.815964941762E-010
  4.002572758518E+001  1.627563929686E+000  2.123590748459E-009 -8.402553413206E-010  3.244326768397E-010
  4.170345654134E+001  1.729263610453E+000  1.087799801462E-009 -4.369154649894E-010  1.718427119639E-010
  4.348713762001E+001  1.839615336740E+000  5.286774471285E-010 -2.153170003910E-010  8.612425503344E-011
  4.538588318162E+001  1.959559126947E+000  2.427253549093E-010 -1.001432470906E-010  4.067875346327E-011
  4.740980671574E+001  2.090160267552E+000  1.047663261293E-010 -4.374908492318E-011  1.802499638458E-011
  4.957015778746E+001  2.232629229408E+000  4.228267332231E-011 -1.785699201161E-011  7.454174184535E-012
  5.187947869225E+001  2.388345286640E+000  1.586018682682E-011 -6.769272545588E-012  2.860198812037E-012
  5.435178690397E+001  2.558884630889E+000  5.491745992183E-012 -2.367274149716E-012  1.011553299210E-012
  5.700278828629E+001  2.746053966795E+000  1.742025825147E-012 -7.579449523624E-013  3.272843815210E-013
  5.985012714155E+001  2.951930820846E+000  5.018887458870E-013 -2.202911985979E-013  9.605645048567E-014
  6.291368055481E+001  3.178912111311E+000  1.300629392593E-013 -5.756124320982E-014  2.532935721082E-014
  6.621590623276E+001  3.429772933797E+000  2.998613152494E-014 -1.337459991885E-014  5.935905579917E-015
  6.978225524452E+001  3.707738044625E+000  6.074209862464E-015 -2.729263587725E-015  1.221048723958E-015
  7.364166388185E+001  4.016569212832E+000  1.065838788592E-015 -4.822444835527E-016  2.173823022737E-016
  7.782714245929E+001  4.360672516382E+000  1.593957650214E-016 -7.259539904626E-017  3.295643000403E-017
  8.237648351994E+001  4.745230855210E+000  1.994183719422E-017 -9.139052145882E-018  4.176628590855E-018
  8.733311794503E+001  5.176368549127E+000  2.042960324857E-018 -9.417946675401E-019  4.331189085560E-019
  9.274715535088E+001  5.661357031559E+000  1.671949969619E-019 -7.750774871847E-020  3.585638394584E-020
  9.867665554529E+001  6.208873552072E+000  1.062188631599E-020 -4.950192410445E-021  2.302865369141E-021
  1.051891916055E+002  6.829328764649E+000  5.066264986311E-022 -2.372941435042E-022  1.109743417732E-022
  1.123637836013E+002  7.535284543316E+000  1.744629498962E-023 -8.210460906996E-024  3.858909208059E-024
  1.202933069206E+002  8.341990973528E+000  4.142630672939E-025 -1.958385176660E-025  9.247759663138E-026
  1.290875131414E+002  9.268082166539E+000  6.423762729949E-027 -3.049766907029E-027  1.446549245754E-027
  1.388768482001E+002  1.033648575811E+001  6.097521237266E-029 -2.906620206532E-029  1.384445766431E-029
  1.498173177370E+002  1.157562284364E+001  3.279084526336E-031 -1.569106366685E-031  7.503426833234E-032
  1.620967411853E+002  1.302100699722E+001  9.101079005223E-034 -4.370876399632E-034  2.097968708208E-034
  1.759428668168E+002  1.471739812515E+001  1.164241274452E-036 -5.610599761832E-037  2.702534251494E-037
  1.916340085825E+002  1.672173748087E+001  5.977660571037E-040 -2.890056987096E-040  1.396729129402E-040
  2.095131417987E+002  1.910719757888E+001  1.038703988318E-043 -5.037292238057E-044  2.442097836989E-044
  2.300068054477E+002  2.196884699990E+001  4.940476860008E-048 -2.402860828814E-048  1.168353901881E-048
  2.536507797910E+002  2.543169216868E+001  4.926653031474E-053 -2.402663608570E-053  1.171498118873E-053
  2.811254638474E+002  2.966227967912E+001  7.340195464289E-059 -3.588881574025E-059  1.754431592767E-059
  3.133053780630E+002  3.488573552677E+001  1.056933081393E-065 -5.180133924399E-066  2.538490255575E-066
  3.513296254502E+002  4.141128389041E+001  8.337782500673E-074 -4.095619215266E-074  2.011602774641E-074
  3.967041014106E+002  4.967130404214E+001  1.700975130142E-083 -8.372937905016E-084  4.121182226846E-084
  4.514529193349E+002  6.028257212519E+001  3.270621039647E-095 -1.613088212101E-095  7.955335995399E-096
  5.183481233601E+002  7.414493328740E+001  1.487024551879E-109 -7.347382678956E-110  3.630166399663E-110
  6.012676077950E+002  9.260523890243E+001  2.308943547791E-127 -1.142758679670E-127  5.655624030268E-128
  7.057700503752E+002  1.177394213729E+002  7.638420720300E-150 -3.786280923754E-150  1.876770378654E-150
  8.400513767914E+002  1.528577972397E+002  8.996295841455E-179 -4.465638344254E-179  2.216642700177E-179
  1.016602135495E+003  2.034537342122E+002  7.375214016348E-217 -3.665629579283E-217  1.821869734548E-217
  1.255220715580E+003  2.790860613466E+002  2.135686344887E-268 -1.062698476998E-268  5.287851527475E-269
  1.588815776243E+003  3.973705897531E+002  0.000000000000E+000  0.000000000000E+000  0.000000000000E+000
  2.075392011604E+003  5.931596040112E+002  0.000000000000E+000  0.000000000000E+000  0.000000000000E+000
  2.825079847529E+003  9.419154890021E+002  0.000000000000E+000  0.000000000000E+000  0.000000000000E+000
  4.068408296184E+003  1.627629972033E+003  0.000000000000E+000  0.000000000000E+000  0.000000000000E+000
  6.357262947674E+003  3.178964796686E+003  0.000000000000E+000  0.000000000000E+000  0.000000000000E+000
  1.130231930164E+004  7.535323971013E+003  0.000000000000E+000  0.000000000000E+000  0.000000000000E+000
  2.543105175140E+004  2.543171841285E+004  0.000000000000E+000  0.000000000000E+000  0.000000000000E+000
  1.017262069958E+005  2.034537473226E+005  0.000000000000E+000  0.000000000000E+000  0.000000000000E+000
