500
   9.830308526508E-06   1.966074589941E-05   1.615533449534E+03  -1.955189769033E+04   2.420203496024E+05
   3.932200719717E-05   3.932303800261E-05   1.614956936096E+03  -1.954476143291E+04   2.419299027133E+05
   8.847741541455E-05   5.898842277178E-05   1.613996497590E+03  -1.953287297344E+04   2.417792269451E+05
   1.573003992804E-04   7.865844718600E-05   1.612652759428E+03  -1.951624026067E+04   2.415684257932E+05
   2.457963722417E-04   9.833465899987E-05   1.610926596330E+03  -1.949487441163E+04   2.412976440011E+05
   3.539722959954E-04   1.180186070023E-04   1.608819131474E+03  -1.946878970049E+04   2.409670674105E+05
   4.818366816528E-04   1.377118412759E-04   1.606331735397E+03  -1.943800354416E+04   2.405769227689E+05
   6.293995911626E-04   1.574159134560E-04   1.603466024666E+03  -1.940253648479E+04   2.401274774949E+05
   7.966726389934E-04   1.771323769912E-04   1.600223860296E+03  -1.936241216914E+04   2.396190394021E+05
   9.836689940782E-04   1.968627874036E-04   1.596607345944E+03  -1.931765732485E+04   2.390519563804E+05
   1.190403382016E-03   2.166087025496E-04   1.592618825857E+03  -1.926830173354E+04   2.384266160371E+05
   1.416892087541E-03   2.363716828821E-04   1.588260882595E+03  -1.921437820105E+04   2.377434452966E+05
   1.663152957245E-03   2.561532917128E-04   1.583536334524E+03  -1.915592252445E+04   2.370029099602E+05
   1.929205402573E-03   2.759550954757E-04   1.578448233074E+03  -1.909297345629E+04   2.362055142263E+05
   2.215070403074E-03   2.957786639908E-04   1.572999859785E+03  -1.902557266577E+04   2.353518001712E+05
   2.520770509919E-03   3.156255707300E-04   1.567194723122E+03  -1.895376469715E+04   2.344423471918E+05
   2.846329849692E-03   3.354973930828E-04   1.561036555086E+03  -1.887759692524E+04   2.334777714109E+05
   3.191774128432E-03   3.553957126240E-04   1.554529307597E+03  -1.879711950822E+04   2.324587250447E+05
   3.557130635959E-03   3.753221153821E-04   1.547677148686E+03  -1.871238533768E+04   2.313858957352E+05
   3.942428250463E-03   3.952781921092E-04   1.540484458472E+03  -1.862344998602E+04   2.302600058468E+05
   4.347697443358E-03   4.152655385525E-04   1.532955824944E+03  -1.853037165131E+04   2.290818117283E+05
   4.772970284417E-03   4.352857557265E-04   1.525096039551E+03  -1.843321109959E+04   2.278521029422E+05
   5.218280447175E-03   4.553404501876E-04   1.516910092603E+03  -1.833203160476E+04   2.265717014609E+05
   5.683663214611E-03   4.754312343099E-04   1.508403168489E+03  -1.822689888608E+04   2.252414608316E+05
   6.169155485101E-03   4.955597265624E-04   1.499580640715E+03  -1.811788104335E+04   2.238622653113E+05
   6.674795778653E-03   5.157275517886E-04   1.490448066777E+03  -1.800504848999E+04   2.224350289715E+05
   7.200624243425E-03   5.359363414876E-04   1.481011182865E+03  -1.788847388381E+04   2.209606947762E+05
   7.746682662519E-03   5.561877340970E-04   1.471275898408E+03  -1.776823205590E+04   2.194402336310E+05
   8.313014461060E-03   5.764833752781E-04   1.461248290468E+03  -1.764439993750E+04   2.178746434088E+05
   8.899664713569E-03   5.968249182030E-04   1.450934597990E+03  -1.751705648495E+04   2.162649479483E+05
   9.506680151615E-03   6.172140238444E-04   1.440341215906E+03  -1.738628260292E+04   2.146121960316E+05
   1.013410917176E-02   6.376523612666E-04   1.429474689117E+03  -1.725216106600E+04   2.129174603381E+05
   1.078200184380E-02   6.581416079202E-04   1.418341706345E+03  -1.711477643857E+04   2.111818363785E+05
   1.145040991929E-02   6.786834499385E-04   1.406949093865E+03  -1.697421499331E+04   2.094064414094E+05
   1.213938684040E-02   6.992795824361E-04   1.395303809132E+03  -1.683056462823E+04   2.075924133293E+05
   1.284898774901E-02   7.199317098113E-04   1.383412934303E+03  -1.668391478249E+04   2.057409095589E+05
   1.357926949620E-02   7.406415460502E-04   1.371283669661E+03  -1.653435635093E+04   2.038531059053E+05
   1.433029065191E-02   7.614108150341E-04   1.358923326958E+03  -1.638198159761E+04   2.019301954128E+05
   1.510211151509E-02   7.822412508494E-04   1.346339322676E+03  -1.622688406833E+04   1.999733872015E+05
   1.589479412397E-02   8.031345981016E-04   1.333539171209E+03  -1.606915850226E+04   1.979839052942E+05
   1.670840226680E-02   8.240926122311E-04   1.320530477992E+03  -1.590890074280E+04   1.959629874350E+05
   1.754300149280E-02   8.451170598329E-04   1.307320932570E+03  -1.574620764784E+04   1.939118838982E+05
   1.839865912351E-02   8.662097189796E-04   1.293918301615E+03  -1.558117699938E+04   1.918318562924E+05
   1.927544426443E-02   8.873723795480E-04   1.280330421912E+03  -1.541390741274E+04   1.897241763580E+05
   2.017342781695E-02   9.086068435487E-04   1.266565193301E+03  -1.524449824546E+04   1.875901247621E+05
   2.109268249069E-02   9.299149254598E-04   1.252630571612E+03  -1.507304950592E+04   1.854309898906E+05
   2.203328281612E-02   9.512984525641E-04   1.238534561566E+03  -1.489966176183E+04   1.832480666398E+05
   2.299530515754E-02   9.727592652906E-04   1.224285209687E+03  -1.472443604882E+04   1.810426552088E+05
   2.397882772639E-02   9.942992175591E-04   1.209890597197E+03  -1.454747377893E+04   1.788160598940E+05
   2.498393059493E-02   1.015920177130E-03   1.195358832936E+03  -1.436887664949E+04   1.765695878875E+05
   2.601069571024E-02   1.037624025957E-03   1.180698046288E+03  -1.418874655215E+04   1.743045480803E+05
   2.705920690860E-02   1.059412660547E-03   1.165916380136E+03  -1.400718548245E+04   1.720222498720E+05
   2.812954993023E-02   1.081287992318E-03   1.151021983850E+03  -1.382429544983E+04   1.697240019891E+05
   2.922181243436E-02   1.103251947969E-03   1.136023006311E+03  -1.364017838826E+04   1.674111113116E+05
   3.033608401473E-02   1.125306469854E-03   1.120927588995E+03  -1.345493606764E+04   1.650848817113E+05
   3.147245621542E-02   1.147453516351E-03   1.105743859098E+03  -1.326867000596E+04   1.627466129015E+05
   3.263102254705E-02   1.169695062249E-03   1.090479922733E+03  -1.308148138247E+04   1.603975993006E+05
   3.381187850339E-02   1.192033099133E-03   1.075143858200E+03  -1.289347095174E+04   1.580391289097E+05
   3.501512157837E-02   1.214469635775E-03   1.059743709330E+03  -1.270473895901E+04   1.556724822075E+05
   3.624085128345E-02   1.237006698530E-03   1.044287478915E+03  -1.251538505655E+04   1.532989310610E+05
   3.748916916538E-02   1.259646331739E-03   1.028783122230E+03  -1.232550822153E+04   1.509197376556E+05
   3.876017882444E-02   1.282390598136E-03   1.013238540661E+03  -1.213520667511E+04   1.485361534448E+05
   4.005398593302E-02   1.305241579266E-03   9.976615754310E+02  -1.194457780309E+04   1.461494181204E+05
   4.137069825459E-02   1.328201375897E-03   9.820600014435E+02  -1.175371807818E+04   1.437607586052E+05
   4.271042566323E-02   1.351272108452E-03   9.664415212445E+02  -1.156272298376E+04   1.413713880683E+05
   4.407328016341E-02   1.374455917436E-03   9.508137591098E+02  -1.137168693955E+04   1.389825049648E+05
   4.545937591035E-02   1.397754963880E-03   9.351842552648E+02  -1.118070322897E+04   1.365952921008E+05
   4.686882923075E-02   1.421171429779E-03   9.195604602403E+02  -1.098986392841E+04   1.342109157241E+05
   4.830175864396E-02   1.444707518548E-03   9.039497293733E+02  -1.079925983848E+04   1.318305246427E+05
   4.975828488365E-02   1.468365455478E-03   8.883593174544E+02  -1.060898041722E+04   1.294552493701E+05
   5.123853091993E-02   1.492147488203E-03   8.727963735307E+02  -1.041911371549E+04   1.270862013009E+05
   5.274262198188E-02   1.516055887169E-03   8.572679358656E+02  -1.022974631443E+04   1.247244719148E+05
   5.427068558066E-02   1.540092946119E-03   8.417809270641E+02  -1.004096326514E+04   1.223711320116E+05
   5.582285153302E-02   1.564260982573E-03   8.263421493639E+02  -9.852848030680E+03   1.200272309769E+05
   5.739925198530E-02   1.588562338332E-03   8.109582801002E+02  -9.665482430324E+03   1.176937960803E+05
   5.900002143803E-02   1.612999379973E-03   7.956358673459E+02  -9.478946586211E+03   1.153718318049E+05
   6.062529677088E-02   1.637574499364E-03   7.803813257316E+02  -9.293318872397E+03   1.130623192107E+05
   6.227521726827E-02   1.662290114181E-03   7.652009324499E+02  -9.108675866371E+03   1.107662153306E+05
   6.394992464542E-02   1.687148668440E-03   7.501008234446E+02  -8.925092303050E+03   1.084844526012E+05
   6.564956307496E-02   1.712152633027E-03   7.350869897914E+02  -8.742641031304E+03   1.062179383271E+05
   6.737427921404E-02   1.737304506249E-03   7.201652742688E+02  -8.561392973041E+03   1.039675541802E+05
   6.912422223211E-02   1.762606814387E-03   7.053413681251E+02  -8.381417084867E+03   1.017341557342E+05
   7.089954383907E-02   1.788062112257E-03   6.906208080414E+02  -8.202780322357E+03   9.951857203405E+04
   7.270039831418E-02   1.813672983787E-03   6.760089732930E+02  -8.025547606950E+03   9.732160520061E+04
   7.452694253540E-02   1.839442042599E-03   6.615110831111E+02  -7.849781795484E+03   9.514403007154E+04
   7.637933600943E-02   1.865371932600E-03   6.471321942464E+02  -7.675543652387E+03   9.298659387731E+04
   7.825774090225E-02   1.891465328589E-03   6.328771987337E+02  -7.502891824519E+03   9.085001595310E+04
   8.016232207035E-02   1.917724936867E-03   6.187508218612E+02  -7.331882818689E+03   8.873498748645E+04
   8.209324709253E-02   1.944153495867E-03   6.047576203419E+02  -7.162570981828E+03   8.664217130048E+04
   8.405068630235E-02   1.970753776782E-03   5.909019806897E+02  -6.995008483827E+03   8.457220167269E+04
   8.603481282122E-02   1.997528584221E-03   5.771881177984E+02  -6.829245303028E+03   8.252568418907E+04
   8.804580259214E-02   2.024480756857E-03   5.636200737243E+02  -6.665329214354E+03   8.050319563342E+04
   9.008383441408E-02   2.051613168108E-03   5.502017166709E+02  -6.503305780074E+03   7.850528391151E+04
   9.214908997710E-02   2.078928726810E-03   5.369367401750E+02  -6.343218343165E+03   7.653246800980E+04
   9.424175389809E-02   2.106430377918E-03   5.238286624938E+02  -6.185108023276E+03   7.458523798840E+04
   9.636201375725E-02   2.134121103210E-03   5.108808261900E+02  -6.029013715243E+03   7.266405500776E+04
   9.851006013526E-02   2.162003922007E-03   4.980963979142E+02  -5.874972090139E+03   7.076935138877E+04
   1.006860866512E-01   2.190081891910E-03   4.854783683824E+02  -5.723017598829E+03   6.890153070558E+04
   1.028902900012E-01   2.218358109541E-03   4.730295525465E+02  -5.573182477982E+03   6.706096791083E+04
   1.051228699979E-01   2.246835711311E-03   4.607525899544E+02  -5.425496758516E+03   6.524800949245E+04
   1.073840296104E-01   2.275517874190E-03   4.486499452977E+02  -5.279988276425E+03   6.346297366155E+04
   1.096739750056E-01   2.304407816497E-03   4.367239091449E+02  -5.136682685937E+03   6.170615057073E+04
   1.119929155896E-01   2.333508798707E-03   4.249765988541E+02  -4.995603474974E+03   5.997780256196E+04
   1.143410640503E-01   2.362824124271E-03   4.134099596651E+02  -4.856771982841E+03   5.827816444348E+04
   1.167186364011E-01   2.392357140448E-03   4.020257659645E+02  -4.720207420107E+03   5.660744379470E+04
   1.191258520249E-01   2.422111239159E-03   3.908256227216E+02  -4.585926890609E+03   5.496582129853E+04
   1.215629337189E-01   2.452089857854E-03   3.798109670901E+02  -4.453945415528E+03   5.335345110000E+04
   1.240301077413E-01   2.482296480400E-03   3.689830701722E+02  -4.324275959475E+03   5.177046119059E+04
   1.265276038575E-01   2.512734637975E-03   3.583430389388E+02  -4.196929458518E+03   5.021695381708E+04
   1.290556553882E-01   2.543407909995E-03   3.478918183042E+02  -4.071914850085E+03   4.869300591415E+04
   1.316144992580E-01   2.574319925047E-03   3.376301933472E+02  -3.949239104681E+03   4.719866955966E+04
   1.342043760450E-01   2.605474361847E-03   3.275587916755E+02  -3.828907259344E+03   4.573397245174E+04
   1.368255300316E-01   2.636874950214E-03   3.176780859285E+02  -3.710922452763E+03   4.429891840645E+04
   1.394782092560E-01   2.668525472060E-03   3.079883964113E+02  -3.595285961998E+03   4.289348787529E+04
   1.421626655646E-01   2.700429762411E-03   2.984898938574E+02  -3.481997240711E+03   4.151763848116E+04
   1.448791546661E-01   2.732591710434E-03   2.891826023113E+02  -3.371053958847E+03   4.017130557200E+04
   1.476279361856E-01   2.765015260497E-03   2.800664021282E+02  -3.262452043671E+03   3.885440279079E+04
   1.504092737207E-01   2.797704413242E-03   2.711410330828E+02  -3.156185722100E+03   3.756682266104E+04
   1.532234348983E-01   2.830663226680E-03   2.624060975838E+02  -3.052247564230E+03   3.630843718642E+04
   1.560706914324E-01   2.863895817319E-03   2.538610639849E+02  -2.950628527999E+03   3.507909846360E+04
   1.589513191834E-01   2.897406361298E-03   2.455052699901E+02  -2.851318004885E+03   3.387863930714E+04
   1.618655982178E-01   2.931199095559E-03   2.373379261435E+02  -2.754303866573E+03   3.270687388524E+04
   1.648138128702E-01   2.965278319033E-03   2.293581194008E+02  -2.659572512495E+03   3.156359836530E+04
   1.677962518056E-01   2.999648393860E-03   2.215648167743E+02  -2.567108918172E+03   3.044859156812E+04
   1.708132080832E-01   3.034313746623E-03   2.139568690451E+02  -2.476896684272E+03   2.936161562968E+04
   1.738649792215E-01   3.069278869616E-03   2.065330145384E+02  -2.388918086295E+03   2.830241666928E+04
   1.769518672648E-01   3.104548322136E-03   1.992918829531E+02  -2.303154124814E+03   2.727072546307E+04
   1.800741788507E-01   3.140126731803E-03   1.922319992413E+02  -2.219584576181E+03   2.626625812169E+04
   1.832322252791E-01   3.176018795904E-03   1.853517875309E+02  -2.138188043622E+03   2.528871677115E+04
   1.864263225826E-01   3.212229282769E-03   1.786495750849E+02  -2.058942008639E+03   2.433779023567E+04
   1.896567915983E-01   3.248763033179E-03   1.721235962922E+02  -1.981822882636E+03   2.341315472152E+04
   1.929239580409E-01   3.285624961791E-03   1.657719966823E+02  -1.906806058698E+03   2.251447450081E+04
   1.962281525771E-01   3.322820058613E-03   1.595928369597E+02  -1.833865963436E+03   2.164140259417E+04
   1.995697109023E-01   3.360353390492E-03   1.535840970503E+02  -1.762976108825E+03   2.079358145136E+04
   2.029489738173E-01   3.398230102644E-03   1.477436801557E+02  -1.694109143962E+03   1.997064362872E+04
   2.063662873085E-01   3.436455420218E-03   1.420694168076E+02  -1.627236906669E+03   1.917221246265E+04
   2.098220026275E-01   3.475034649885E-03   1.365590689187E+02  -1.562330474867E+03   1.839790273803E+04
   2.133164763746E-01   3.513973181471E-03   1.312103338226E+02  -1.499360217646E+03   1.764732135077E+04
   2.168500705817E-01   3.553276489620E-03   1.260208482990E+02  -1.438295845976E+03   1.692006796352E+04
   2.204231527988E-01   3.592950135496E-03   1.209881925767E+02  -1.379106462977E+03   1.621573565381E+04
   2.240360961807E-01   3.632999768520E-03   1.161098943119E+02  -1.321760613688E+03   1.553391155358E+04
   2.276892795770E-01   3.673431128145E-03   1.113834325338E+02  -1.266226334279E+03   1.487417747958E+04
   2.313830876220E-01   3.714250045674E-03   1.068062415550E+02  -1.212471200630E+03   1.423611055364E+04
   2.351179108282E-01   3.755462446115E-03   1.023757148400E+02  -1.160462376240E+03   1.361928381217E+04
   2.388941456809E-01   3.797074350078E-03   9.808920882827E+01  -1.110166659383E+03   1.302326680423E+04
   2.427121947345E-01   3.839091875711E-03   9.394404670759E+01  -1.061550529481E+03   1.244762617743E+04
   2.465724667110E-01   3.881521240686E-03   8.993752213185E+01  -1.014580192629E+03   1.189192625115E+04
   2.504753766009E-01   3.924368764227E-03   8.606690288090E+01  -9.692216262275E+02   1.135572957630E+04
   2.544213457654E-01   3.967640869177E-03   8.232943445737E+01  -9.254406226780E+02   1.083859748132E+04
   2.584108020414E-01   4.011344084122E-03   7.872234361709E+01  -8.832028320893E+02   1.034009060365E+04
   2.624441798480E-01   4.055485045557E-03   7.524284182945E+01  -8.424738039656E+02   9.859769406422E+03
   2.665219202956E-01   4.100070500102E-03   7.188812866417E+01  -8.032190278284E+02   9.397194679720E+03
   2.706444712976E-01   4.145107306769E-03   6.865539510141E+01  -7.654039727415E+02   8.951928026228E+03
   2.748122876832E-01   4.190602439283E-03   6.554182676210E+01  -7.289941257042E+02   8.523532330719E+03
   2.790258313137E-01   4.236562988450E-03   6.254460705565E+01  -6.939550288833E+02   8.111572213166E+03
   2.832855712010E-01   4.282996164587E-03   5.966092024251E+01  -6.602523156560E+02   7.715614465163E+03
   2.875919836279E-01   4.329909300005E-03   5.688795440907E+01  -6.278517454400E+02   7.335228469408E+03
   2.919455522717E-01   4.377309851548E-03   5.422290435265E+01  -5.967192372872E+02   6.969986602045E+03
   2.963467683296E-01   4.425205403192E-03   5.166297437469E+01  -5.668209022242E+02   6.619464617693E+03
   3.007961306479E-01   4.473603668706E-03   4.920538098020E+01  -5.381230743212E+02   6.283242017030E+03
   3.052941458522E-01   4.522512494374E-03   4.684735548188E+01  -5.105923404766E+02   5.960902396835E+03
   3.098413284823E-01   4.571939861783E-03   4.458614650756E+01  -4.841955689069E+02   5.652033782433E+03
   3.144382011281E-01   4.621893890671E-03   4.241902240974E+01  -4.588999363317E+02   5.356228942514E+03
   3.190852945695E-01   4.672382841850E-03   4.034327357608E+01  -4.346729538506E+02   5.073085686338E+03
   3.237831479192E-01   4.723415120192E-03   3.835621464026E+01  -4.114824915066E+02   4.802207143369E+03
   3.285323087679E-01   4.774999277691E-03   3.645518659237E+01  -3.892968015371E+02   4.543202025424E+03
   3.333333333333E-01   4.827144016591E-03   3.463755878860E+01  -3.680845403130E+02   4.295684871434E+03
   3.381867866117E-01   4.879858192602E-03   3.290073085981E+01  -3.478147889717E+02   4.059276274971E+03
   3.430932425333E-01   4.933150818173E-03   3.124213451906E+01  -3.284570727486E+02   3.833603094700E+03
   3.480532841203E-01   4.987031065868E-03   2.965923526815E+01  -3.099813790185E+02   3.618298647965E+03
   3.530675036492E-01   5.041508271801E-03   2.814953400354E+01  -2.923581740551E+02   3.413002887735E+03
   3.581365028158E-01   5.096591939172E-03   2.671056852210E+01  -2.755584185243E+02   3.217362563162E+03
   3.632608929041E-01   5.152291741875E-03   2.533991492723E+01  -2.595535817255E+02   3.031031364025E+03
   3.684412949588E-01   5.208617528209E-03   2.403518893641E+01  -2.443156545971E+02   2.853670049383E+03
   3.736783399619E-01   5.265579324662E-03   2.279404709086E+01  -2.298171615077E+02   2.684946560738E+03
   3.789726690123E-01   5.323187339805E-03   2.161418786863E+01  -2.160311708508E+02   2.524536120073E+03
   3.843249335105E-01   5.381451968273E-03   2.049335270224E+01  -2.029313044685E+02   2.372121313124E+03
   3.897357953460E-01   5.440383794842E-03   1.942932690234E+01  -1.904917459262E+02   2.227392158279E+03
   3.952059270903E-01   5.499993598618E-03   1.841994048900E+01  -1.786872476642E+02   2.090046161490E+03
   4.007360121927E-01   5.560292357317E-03   1.746306893203E+01  -1.674931370547E+02   1.959788357647E+03
   4.063267451812E-01   5.621291251662E-03   1.655663380241E+01  -1.568853213904E+02   1.836331338804E+03
   4.119788318683E-01   5.683001669888E-03   1.569860333646E+01  -1.468402918355E+02   1.719395269749E+03
   4.176929895600E-01   5.745435212354E-03   1.488699291499E+01  -1.373351263699E+02   1.608707891329E+03
   4.234699472710E-01   5.808603696282E-03   1.411986545924E+01  -1.283474917566E+02   1.504004512032E+03
   4.293104459435E-01   5.872519160606E-03   1.339533174604E+01  -1.198556445673E+02   1.405027988283E+03
   4.352152386716E-01   5.937193870949E-03   1.271155064429E+01  -1.118384312964E+02   1.311528693933E+03
   4.411850909306E-01   6.002640324729E-03   1.206672927522E+01  -1.042752876006E+02   1.223264479442E+03
   4.472207808110E-01   6.068871256391E-03   1.145912309875E+01  -9.714623669618E+01   1.140000621233E+03
   4.533230992589E-01   6.135899642772E-03   1.088703592844E+01  -9.043188695023E+01   1.061509761715E+03
   4.594928503202E-01   6.203738708611E-03   1.034881987764E+01  -8.411342870113E+01   9.875718404842E+02
   4.657308513924E-01   6.272401932198E-03   9.842875239289E+00  -7.817263034392E+01   9.179740171724E+02
   4.720379334802E-01   6.341903051163E-03   9.367650302113E+00  -7.259183371672E+01   8.525105864649E+02
   4.784149414579E-01   6.412256068427E-03   8.921641105760E+00  -6.735394882421E+01   7.909828857640E+02
   4.848627343381E-01   6.483475258298E-03   8.503391137632E+00  -6.244244793437E+01   7.331991959933E+02
   4.913821855461E-01   6.555575172733E-03   8.111490974071E+00  -5.784135908465E+01   6.789746360281E+02
   4.979741832006E-01   6.628570647764E-03   7.744577868640E+00  -5.353525903351E+01   6.281310512311E+02
   5.046396304008E-01   6.702476810086E-03   7.401335290200E+00  -4.950926569304E+01   5.804968965655E+02
   5.113794455212E-01   6.777309083830E-03   7.080492413525E+00  -4.574903007826E+01   5.359071147538E+02
   5.181945625116E-01   6.853083197508E-03   6.780823565156E+00  -4.224072780804E+01   4.942030099373E+02
   5.250859312060E-01   6.929815191146E-03   6.501147627221E+00  -3.897105019252E+01   4.552321172865E+02
   5.320545176366E-01   7.007521423604E-03   6.240327401894E+00  -3.592719494104E+01   4.188480689992E+02
   5.391013043575E-01   7.086218580100E-03   5.997268939171E+00  -3.309685652417E+01   3.849104571154E+02
   5.462272907741E-01   7.165923679926E-03   5.770920830614E+00  -3.046821622298E+01   3.532846935635E+02
   5.534334934816E-01   7.246654084380E-03   5.560273471648E+00  -2.802993189771E+01   3.238418678438E+02
   5.607209466109E-01   7.328427504912E-03   5.364358295010E+00  -2.577112750734E+01   2.964586027398E+02
   5.680907021827E-01   7.411262011483E-03   5.182246977868E+00  -2.368138241105E+01   2.710169084356E+02
   5.755438304707E-01   7.495176041166E-03   5.013050625084E+00  -2.175072048127E+01   2.474040354058E+02
   5.830814203728E-01   7.580188406970E-03   4.855918931083E+00  -1.996959905756E+01   2.255123264274E+02
   5.907045797917E-01   7.666318306912E-03   4.710039322676E+00  -1.832889776945E+01   2.052390680519E+02
   5.984144360243E-01   7.753585333338E-03   4.574636085184E+00  -1.681990725537E+01   1.864863418593E+02
   6.062121361613E-01   7.842009482502E-03   4.448969474110E+00  -1.543431780406E+01   1.691608758016E+02
   6.140988474955E-01   7.931611164409E-03   4.332334814565E+00  -1.416420794371E+01   1.531738959292E+02
   6.220757579409E-01   8.022411212936E-03   4.224061590567E+00  -1.300203300293E+01   1.384409787774E+02
   6.301440764614E-01   8.114430896230E-03   4.123512526292E+00  -1.194061366698E+01   1.248819046761E+02
   6.383050335109E-01   8.207691927403E-03   4.030082661245E+00  -1.097312455123E+01   1.124205122299E+02
   6.465598814833E-01   8.302216475524E-03   3.943198421291E+00  -1.009308281310E+01   1.009845542019E+02
   6.549098951744E-01   8.398027176926E-03   3.862316687363E+00  -9.294336822417E+00   9.050555501861E+01
   6.633563722545E-01   8.495147146827E-03   3.786923863628E+00  -8.571054909190E+00   8.091867009844E+01
   6.719006337539E-01   8.593599991288E-03   3.716534946791E+00  -7.917714206715E+00   7.216254719238E+01
   6.805440245593E-01   8.693409819506E-03   3.650692598143E+00  -7.329089606781E+00   6.417918991055E+01
   6.892879139233E-01   8.794601256469E-03   3.588966219885E+00  -6.800242842764E+00   5.691382359398E+01
   6.981336959871E-01   8.897199455961E-03   3.530951037173E+00  -6.326511715277E+00   5.031476367718E+01
   7.070827903152E-01   9.001230113956E-03   3.476267187244E+00  -5.903499474032E+00   4.433328667331E+01
   7.161366424455E-01   9.106719482390E-03   3.424558816928E+00  -5.527064368505E+00   3.892350390053E+01
   7.252967244510E-01   9.213694383338E-03   3.375493189731E+00  -5.193309378993E+00   3.404223805500E+01
   7.345645355186E-01   9.322182223606E-03   3.328759803632E+00  -4.898572138629E+00   2.964890272338E+01
   7.439416025400E-01   9.432211009745E-03   3.284069520631E+00  -4.639415055955E+00   2.570538491574E+01
   7.534294807203E-01   9.543809363512E-03   3.241153709027E+00  -4.412615646655E+00   2.217593068740E+01
   7.630297542000E-01   9.657006537783E-03   3.199763399309E+00  -4.215157082158E+00   1.902703390759E+01
   7.727440366954E-01   9.771832432940E-03   3.159668454477E+00  -4.044218961844E+00   1.622732822118E+01
   7.825739721536E-01   9.888317613741E-03   3.120656755541E+00  -3.897168314733E+00   1.374748223978E+01
   7.925212354258E-01   1.000649332670E-02   3.082533402860E+00  -3.771550835669E+00   1.156009798810E+01
   8.025875329584E-01   1.012639151798E-02   3.045119933919E+00  -3.665082360160E+00   9.639612622254E+00
   8.127746035011E-01   1.024804485184E-02   3.008253558066E+00  -3.575640581224E+00   7.962203427153E+00
   8.230842188350E-01   1.037148672960E-02   2.971786408679E+00  -3.501257010851E+00   6.505696092073E+00
   8.335181845190E-01   1.049675130923E-02   2.935584813150E+00  -3.440109187897E+00   5.249476254825E+00
   8.440783406568E-01   1.062387352550E-02   2.899528581005E+00  -3.390513133549E+00   4.174404297632E+00
   8.547665626839E-01   1.075288911077E-02   2.863510310461E+00  -3.350916054810E+00   3.262733370453E+00
   8.655847621758E-01   1.088383461638E-02   2.827434713595E+00  -3.319889295800E+00   2.498030610839E+00
   8.765348876780E-01   1.101674743475E-02   2.791217960304E+00  -3.296121536064E+00   1.865101523098E+00
   8.876189255584E-01   1.115166582209E-02   2.754787041153E+00  -3.278412234499E+00   1.349917473751E+00
   8.988389008829E-01   1.128862892191E-02   2.718079149161E+00  -3.265665316965E+00   9.395462549054E-01
   9.101968783143E-01   1.142767678917E-02   2.681041080525E+00  -3.256883105143E+00   6.220856622249E-01
   9.216949630368E-01   1.156885041525E-02   2.643628654256E+00  -3.251160483709E+00   3.866000296946E-01
   9.333353017046E-01   1.171219175365E-02   2.605806150633E+00  -3.247679302483E+00   2.230596593102E-01
   9.451200834176E-01   1.185774374655E-02   2.567545768359E+00  -3.245703009780E+00   1.222830801470E-01
   9.570515407237E-01   1.200555035216E-02   2.528827100259E+00  -3.244571512822E+00   7.588206800786E-02
   9.691319506484E-01   1.215565657299E-02   2.489636627341E+00  -3.243696260756E+00   7.620935396684E-02
   9.813636357544E-01   1.230810848498E-02   2.449967230987E+00  -3.242555545477E+00   1.163089476337E-01
   9.937489652293E-01   1.246295326757E-02   2.409817723043E+00  -3.240690015234E+00   1.898689988224E-01
   1.006290356005E+00   1.262023923477E-02   2.369192393523E+00  -3.237698395704E+00   2.911771195228E-01
   1.018990273907E+00   1.278001586715E-02   2.328100575650E+00  -3.233233413067E+00   4.150780866339E-01
   1.031851234841E+00   1.294233384499E-02   2.286556227916E+00  -3.226997913398E+00   5.569338447967E-01
   1.044875806003E+00   1.310724508236E-02   2.244577532844E+00  -3.218741172570E+00   7.125857278591E-01
   1.058066607138E+00   1.327480276248E-02   2.202186512107E+00  -3.208255390747E+00   8.783188170036E-01
   1.071426311823E+00   1.344506137405E-02   2.159408657660E+00  -3.195372365438E+00   1.050828353354E+00
   1.084957648792E+00   1.361807674895E-02   2.116272578538E+00  -3.179960337064E+00   1.227188122933E+00
   1.098663403298E+00   1.379390610110E-02   2.072809662944E+00  -3.161921000932E+00   1.404820732167E+00
   1.112546418516E+00   1.397260806657E-02   2.029053755282E+00  -3.141186679494E+00   1.581469692705E+00
   1.126609596985E+00   1.415424274514E-02   1.985040847753E+00  -3.117717648836E+00   1.755173235115E+00
   1.140855902095E+00   1.433887174317E-02   1.940808786175E+00  -3.091499613331E+00   1.924239772051E+00
   1.155288359613E+00   1.452655821788E-02   1.896396989635E+00  -3.062541322489E+00   2.087224932724E+00
   1.169910059257E+00   1.471736692327E-02   1.851846183654E+00  -3.030872324105E+00   2.242910091920E+00
   1.184724156317E+00   1.491136425740E-02   1.807198146483E+00  -2.996540847929E+00   2.390282318422E+00
   1.199733873325E+00   1.510861831145E-02   1.762495468215E+00  -2.959611814172E+00   2.528515669468E+00
   1.214942501771E+00   1.530919892035E-02   1.717781322362E+00  -2.920164961332E+00   2.656953759787E+00
   1.230353403874E+00   1.551317771520E-02   1.673099249577E+00  -2.878293087953E+00   2.775093535810E+00
   1.245970014403E+00   1.572062817747E-02   1.628492953213E+00  -2.834100403098E+00   2.882570187845E+00
   1.261795842559E+00   1.593162569510E-02   1.584006106407E+00  -2.787700980496E+00   2.979143135264E+00
   1.277834473907E+00   1.614624762054E-02   1.539682170404E+00  -2.739217311497E+00   3.064683022145E+00
   1.294089572372E+00   1.636457333079E-02   1.495564223828E+00  -2.688778952163E+00   3.139159663225E+00
   1.310564882294E+00   1.658668428962E-02   1.451694802645E+00  -2.636521260012E+00   3.202630882576E+00
   1.327264230548E+00   1.681266411190E-02   1.408115750538E+00  -2.582584216138E+00   3.255232189903E+00
   1.344191528724E+00   1.704259863026E-02   1.364868079464E+00  -2.527111328607E+00   3.297167242002E+00
   1.361350775387E+00   1.727657596408E-02   1.321991840132E+00  -2.470248613268E+00   3.328699039455E+00
   1.378746058390E+00   1.751468659100E-02   1.279526002188E+00  -2.412143648267E+00   3.350141811268E+00
   1.396381557275E+00   1.775702342093E-02   1.237508343874E+00  -2.352944698769E+00   3.361853542705E+00
   1.414261545744E+00   1.800368187279E-02   1.195975350941E+00  -2.292799908600E+00   3.364229104135E+00
   1.432390394201E+00   1.825475995395E-02   1.154962124614E+00  -2.231856555655E+00   3.357693941177E+00
   1.450772572390E+00   1.851035834267E-02   1.114502298400E+00  -2.170260368144E+00   3.342698288924E+00
   1.469412652102E+00   1.877058047342E-02   1.074627963535E+00  -2.108154898877E+00   3.319711875337E+00
   1.488315309978E+00   1.903553262542E-02   1.035369602868E+00  -2.045680954967E+00   3.289219081264E+00
   1.507485330398E+00   1.930532401444E-02   9.967560329903E-01  -1.982976080462E+00   3.251714526675E+00
   1.526927608467E+00   1.958006688797E-02   9.588143544068E-01  -1.920174089571E+00   3.207699054888E+00
   1.546647153093E+00   1.985987662391E-02   9.215699095492E-01  -1.857404648251E+00   3.157676088490E+00
   1.566649090169E+00   2.014487183303E-02   8.850462484287E-01  -1.794792902053E+00   3.102148332618E+00
   1.586938665861E+00   2.043517446518E-02   8.492651017227E-01  -1.732459148207E+00   3.041614802979E+00
   1.607521250000E+00   2.073090991960E-02   8.142463610819E-01  -1.670518550044E+00   2.976568157684E+00
   1.628402339588E+00   2.103220715932E-02   7.800080664439E-01  -1.609080891892E+00   2.907492313491E+00
   1.649587562420E+00   2.133919883002E-02   7.465664001261E-01  -1.548250372673E+00   2.834860328444E+00
   1.671082680832E+00   2.165202138333E-02   7.139356874686E-01  -1.488125436491E+00   2.759132534210E+00
   1.692893595565E+00   2.197081520497E-02   6.821284037881E-01  -1.428798638507E+00   2.680754902551E+00
   1.715026349769E+00   2.229572474776E-02   6.511551873941E-01  -1.370356544485E+00   2.600157631450E+00
   1.737487133138E+00   2.262689866987E-02   6.210248584118E-01  -1.312879662365E+00   2.517753937296E+00
   1.760282286187E+00   2.296448997842E-02   5.917444431468E-01  -1.256442404292E+00   2.433939040417E+00
   1.783418304674E+00   2.330865617868E-02   5.633192037174E-01  -1.201113077485E+00   2.349089331937E+00
   1.806901844175E+00   2.365955942924E-02   5.357526726721E-01  -1.146953902399E+00   2.263561710565E+00
   1.830739724818E+00   2.401736670327E-02   5.090466923022E-01  -1.094021056580E+00   2.177693078514E+00
   1.854938936184E+00   2.438224995616E-02   4.832014583506E-01  -1.042364742649E+00   2.091799986150E+00
   1.879506642368E+00   2.475438629994E-02   4.582155678125E-01  -9.920292788292E-01   2.006178415447E+00
   1.904450187236E+00   2.513395818467E-02   4.340860705159E-01  -9.430532104476E-01   1.921103692607E+00
   1.929777099847E+00   2.552115358717E-02   4.108085241661E-01  -8.954694408074E-01   1.836830520536E+00
   1.955495100083E+00   2.591616620741E-02   3.883770525336E-01  -8.493053798613E-01   1.753593122111E+00
   1.981612104475E+00   2.631919567292E-02   3.667844064621E-01  -8.045831090898E-01   1.671605485378E+00
   2.008136232230E+00   2.673044775156E-02   3.460220273706E-01  -7.613195610065E-01   1.591061702059E+00
   2.035075811486E+00   2.715013457311E-02   3.260801129270E-01  -7.195267117130E-01   1.512136390885E+00
   2.062439385788E+00   2.757847486001E-02   3.069476845654E-01  -6.792117849403E-01   1.434985197478E+00
   2.090235720801E+00   2.801569416771E-02   2.886126565290E-01  -6.403774660306E-01   1.359745362677E+00
   2.118473811262E+00   2.846202513514E-02   2.710619061186E-01  -6.030221243342E-01   1.286536351368E+00
   2.147162888201E+00   2.891770774564E-02   2.542813448360E-01  -5.671400425260E-01   1.215460534081E+00
   2.176312426413E+00   2.938298959899E-02   2.382559901161E-01  -5.327216513794E-01   1.146603913805E+00
   2.205932152222E+00   2.985812619504E-02   2.229700373511E-01  -4.997537685738E-01   1.080036890719E+00
   2.236032051522E+00   3.034338122938E-02   2.084069319193E-01  -4.682198401631E-01   1.015815057736E+00
   2.266622378129E+00   3.083902690182E-02   1.945494409413E-01  -4.381001833772E-01   9.539800200398E-01
   2.297713662445E+00   3.134534423818E-02   1.813797244992E-01  -4.093722294932E-01   8.945602320878E-01
   2.329316720450E+00   3.186262342603E-02   1.688794060667E-01  -3.820107655706E-01   8.375718458137E-01
   2.361442663038E+00   3.239116416519E-02   1.570296419129E-01  -3.559881739157E-01   7.830195641297E-01
   2.394102905709E+00   3.293127603351E-02   1.458111892548E-01  -3.312746682105E-01   7.308974941431E-01
   2.427309178642E+00   3.348327886897E-02   1.352044729534E-01  -3.078385253179E-01   6.811899948732E-01
   2.461073537146E+00   3.404750316862E-02   1.251896505598E-01  -2.856463118538E-01   6.338725146286E-01
   2.495408372530E+00   3.462429050548E-02   1.157466755361E-01  -2.646631046986E-01   5.889124135925E-01
   2.530326423398E+00   3.521399396401E-02   1.068553584932E-01  -2.448527047019E-01   5.462697675655E-01
   2.565840787378E+00   3.581697859546E-02   9.849542630260E-02  -2.261778429212E-01   5.058981492183E-01
   2.601964933334E+00   3.643362189376E-02   9.064657895798E-02  -2.086003788179E-01   4.677453836221E-01
   2.638712714049E+00   3.706431429322E-02   8.328854407613E-02  -1.920814899190E-01   4.317542752308E-01
   2.676098379430E+00   3.770945968912E-02   7.640112894604E-02  -1.765818525358E-01   3.978633039016E-01
   2.714136590232E+00   3.836947598236E-02   6.996427004853E-02  -1.620618132132E-01   3.660072879425E-01
   2.752842432351E+00   3.904479564947E-02   6.395807998460E-02  -1.484815506612E-01   3.361180125698E-01
   2.792231431696E+00   3.973586633921E-02   5.836289176529E-02  -1.358012279957E-01   3.081248225400E-01
   2.832319569669E+00   4.044315149734E-02   5.315930042912E-02  -1.239811351905E-01   2.819551780901E-01
   2.873123299289E+00   4.116713102086E-02   4.832820196624E-02  -1.129818217074E-01   2.575351736694E-01
   2.914659561979E+00   4.190830194354E-02   4.385082953997E-02  -1.027642193364E-01   2.347900192761E-01
   2.956945805065E+00   4.266717915414E-02   3.970878700752E-02  -9.328975533658E-02   2.136444845200E-01
   3.000000000000E+00   4.344429614932E-02   3.588407975126E-02  -8.452045601972E-02   1.940233058180E-01
   3.043840661365E+00   4.424020582308E-02   3.235914284076E-02  -7.641904096782E-02   1.758515573871E-01
   3.088486866678E+00   4.505548129460E-02   2.911686655362E-02  -6.894900811527E-02   1.590549869295E-01
   3.133958277047E+00   4.589071677685E-02   2.614061928988E-02  -6.207470996322E-02   1.435603171107E-01
   3.180275158719E+00   4.674652848797E-02   2.341426792047E-02  -5.576142122256E-02   1.292955141044E-01
   3.227458405560E+00   4.762355560797E-02   2.092219561542E-02  -4.997539820585E-02   1.161900246256E-01
   3.275529562509E+00   4.852246128332E-02   1.864931720135E-02  -4.468393030654E-02   1.041749829900E-01
   3.324510850077E+00   4.944393368200E-02   1.658109210157E-02  -3.985538391671E-02   9.318338982780E-02
   3.374425189910E+00   5.038868710203E-02   1.470353491494E-02  -3.545923914215E-02   8.315026414180E-02
   3.425296231502E+00   5.135746313639E-02   1.300322369196E-02  -3.146611967676E-02   7.401277043704E-02
   3.477148380094E+00   5.235103189784E-02   1.146730596892E-02  -2.784781619765E-02   6.571032266021E-02
   3.530006825834E+00   5.337019330676E-02   1.008350262300E-02  -2.457730363763E-02   5.818466667744E-02
   3.583897574256E+00   5.441577844603E-02   8.840109612682E-03  -2.162875268491E-02   5.137994298886E-02
   3.638847478148E+00   5.548865098670E-02   7.725997670516E-03  -1.897753584999E-02   4.524273133039E-02
   3.694884270887E+00   5.658970868864E-02   6.730610016841E-03  -1.660022842886E-02   3.972207875048E-02
   3.752036601308E+00   5.771988498079E-02   5.843958166014E-03  -1.447460467950E-02   3.476951267495E-02
   3.810334070199E+00   5.888015062562E-02   5.056615899335E-03  -1.257962951606E-02   3.033904038925E-02
   3.869807268505E+00   6.007151547295E-02   4.359711482239E-03  -1.089544601303E-02   2.638713627701E-02
   3.930487817331E+00   6.129503030858E-02   3.744918207136E-03  -9.403358999924E-03   2.287271806040E-02
   3.992408409843E+00   6.255178880352E-02   3.204443347523E-03  -8.085815016777E-03   1.975711319293E-02
   4.055602855172E+00   6.384292957002E-02   2.731015613795E-03  -6.926378891819E-03   1.700401646288E-02
   4.120106124432E+00   6.516963833101E-02   2.317871206316E-03  -5.909707195436E-03   1.457943977576E-02
   4.185954398964E+00   6.653315021009E-02   1.958738566893E-03  -5.021518819600E-03   1.245165500120E-02
   4.253185120935E+00   6.793475214960E-02   1.647821935528E-03  -4.248562928651E-03   1.059113069305E-02
   4.321837046422E+00   6.937578546490E-02   1.379783825230E-03  -3.578584526246E-03   8.970463423174E-03
   4.391950301120E+00   7.085764854355E-02   1.149726533506E-03  -3.000287883956E-03   7.564304410567E-03
   4.463566438835E+00   7.238179969882E-02   9.531728147741E-04  -2.503298079280E-03   6.349282077336E-03
   4.536728502895E+00   7.394976018725E-02   7.860458431334E-04  -2.078120894414E-03   5.303921122457E-03
   4.611481090679E+00   7.556311740127E-02   6.446485995449E-04  -1.716101331536E-03   4.408558672514E-03
   4.687870421430E+00   7.722352824817E-02   5.256428212446E-04  -1.409381005216E-03   3.645258044760E-03
   4.765944407533E+00   7.893272272784E-02   4.260276539847E-04  -1.150854677276E-03   2.997720641135E-03
   4.845752729492E+00   8.069250772248E-02   3.431181492603E-04  -9.341262035472E-04   2.451196480867E-03
   4.927346914797E+00   8.250477101257E-02   2.745237488692E-04  -7.534641648962E-04   1.992393872579E-03
   5.010780420931E+00   8.437148553436E-02   2.181268978180E-04  -6.037574561103E-04   1.609388722875E-03
   5.096108722763E+00   8.629471389541E-02   1.720619236152E-04  -4.804711053141E-04   1.291533975576E-03
   5.183389404586E+00   8.827661316581E-02   1.346943153074E-04  -3.796025930072E-04   1.029369672530E-03
   5.272682257105E+00   9.031943996425E-02   1.046005291725E-04  -2.976389332912E-04   8.145341217492E-04
   5.364049379651E+00   9.242555585946E-02   8.054843981479E-05  -2.315147700768E-04   6.396766500936E-04
   5.457555287978E+00   9.459743310926E-02   6.147854554706E-05  -1.785717278874E-04   4.983724047668E-04
   5.553267027968E+00   9.683766076100E-02   4.648602553993E-05  -1.365192402418E-04   3.850396493888E-04
   5.651254295630E+00   9.914895113938E-02   3.480373340193E-05  -1.033970585897E-04   2.948599758507E-04
   5.751589563796E+00   1.015341467494E-01   2.578619786469E-05  -7.753962158327E-05   2.237018220298E-04
   5.854348215936E+00   1.039962276248E-01   1.889468632778E-05  -5.754243842076E-05   1.680476477315E-04
   5.959608687557E+00   1.065383191537E-01   1.368337147224E-05  -4.223061153528E-05   1.249250771578E-04
   6.067452615683E+00   1.091637004188E-01   9.786625304034E-06  -3.062959357768E-05   9.184226633338E-05
   6.177964996951E+00   1.118758130872E-01   6.907449186914E-06  -2.193824208714E-05   6.672769910797E-05
   6.291234354880E+00   1.146782708938E-01   4.807033023734E-06  -1.550420317587E-05   4.787455671249E-05
   6.407352916949E+00   1.175748697626E-01   3.295422098960E-06  -1.080162372599E-05   3.388974471267E-05
   6.526416802128E+00   1.205695986129E-01   2.223256538247E-06  -7.411160780978E-06   2.364759909058E-05
   6.648526219580E+00   1.236666509049E-01   1.474536179684E-06  -5.002227772719E-06   1.624823170364E-05
   6.773785679311E+00   1.268704369821E-01   9.603531491987E-07  -3.317390671819E-06   1.098041617761E-05
   6.902304215570E+00   1.301855972713E-01   6.135257998192E-07  -2.158803725654E-06   7.288859999342E-06
   7.034195623922E+00   1.336170164087E-01   3.840610585373E-07  -1.376554692157E-06   4.745658692707E-06
   7.169578712934E+00   1.371698383673E-01   2.353677032096E-07  -8.587737958213E-07   3.025684807710E-06
   7.308577571516E+00   1.408494826628E-01   1.411406703043E-07  -5.233492869117E-07   1.885629101352E-06
   7.451321853057E+00   1.446616617293E-01   8.283610384908E-08  -3.110855755602E-07   1.146384510499E-06
   7.597947077547E+00   1.486123995567E-01   4.765835856115E-08  -1.801373748267E-07   6.784457416693E-07
   7.748594953021E+00   1.527080516973E-01   2.698336489526E-08  -1.015548956021E-07   3.899885986970E-07
   7.903413717736E+00   1.569553267535E-01   1.514739744319E-08  -5.578051774204E-08   2.172932422494E-07
   8.062558504629E+00   1.613613094717E-01   8.536068314236E-09  -2.994601501018E-08   1.171837874651E-07
   8.226191729726E+00   1.659334855793E-01   4.914977526580E-09  -1.583073565847E-08   6.117205644419E-08
   8.394483506327E+00   1.706797685137E-01   2.950569094071E-09  -8.354468857081E-09   3.101472334560E-08
   8.567612086926E+00   1.756085282071E-01   1.877049355910E-09  -4.493363076593E-09   1.541915886393E-08
   8.745764335025E+00   1.807286221064E-01   1.272432351618E-09  -2.522516967091E-09   7.662540652023E-09
   8.929136229160E+00   1.860494286260E-01   9.136325424579E-10  -1.504090672142E-09   3.919779057468E-09
   9.117933401693E+00   1.915808832504E-01   6.868228329685E-10  -9.544150843190E-10   2.127116312239E-09
   9.312371715124E+00   1.973335175235E-01   5.348654277243E-10  -6.371373853266E-10   1.238638684875E-09
   9.512677878945E+00   2.033185011886E-01   4.284119720002E-10  -4.415793096665E-10   7.613444730294E-10
   9.719090110332E+00   2.095476877688E-01   3.512213988782E-10  -3.159707662360E-10   4.800296651999E-10
   9.931858842267E+00   2.160336639044E-01   2.933739011084E-10  -2.339501871035E-10   3.055466223276E-10
   1.015124748302E+01   2.227898028021E-01   2.484254002588E-10  -1.797023872726E-10   1.986841022571E-10
   1.037753323129E+01   2.298303221843E-01   2.122391840210E-10  -1.424395082403E-10   1.369811938363E-10
   1.061100795175E+01   2.371703471699E-01   1.823610903489E-10  -1.147996252838E-10   1.034066603022E-10
   1.085197911611E+01   2.448259785618E-01   1.574916615954E-10  -9.236846001972E-11   8.435656877233E-11
   1.110077081537E+01   2.528143670735E-01   1.369710100071E-10  -7.317313389297E-11   7.030502053827E-11
   1.135772484956E+01   2.611537940784E-01   1.203367130447E-10  -5.690323507486E-11   5.619888633060E-11
   1.162320190175E+01   2.698637595360E-01   1.070315350033E-10  -4.401362336398E-11   4.083597295257E-11
   1.189758280382E+01   2.789650778206E-01   9.629488454901E-11  -3.495083504227E-11   2.548775871074E-11
   1.218126990242E+01   2.884799822596E-01   8.721672641390E-11  -2.967345715199E-11   1.233526350008E-11
   1.247468853413E+01   2.984322392826E-01   7.889228693334E-11  -2.751426065761E-11   3.206194946901E-12
   1.277828862002E+01   3.088472731875E-01   7.060101595529E-11  -2.732411973145E-11  -1.131824026463E-12
   1.309254639077E+01   3.197523026463E-01   6.194278480586E-11  -2.777562596087E-11  -1.104429398980E-12
   1.341796625462E+01   3.311764902095E-01   5.289017077477E-11  -2.769273192718E-11   1.962619216004E-12
   1.375508282195E+01   3.431511062169E-01   4.374738792098E-11  -2.630051047050E-11   6.345308411188E-12
   1.410446310162E+01   3.557097086969E-01   3.503437951137E-11  -2.333780108511E-11   1.042572006792E-11
   1.446670888596E+01   3.688883410292E-01   2.733238205805E-11  -1.902672505224E-11   1.305537918081E-11
   1.484245934302E+01   3.827257493700E-01   2.113238382358E-11  -1.393290243401E-11   1.371526611507E-11
   1.523239383723E+01   3.972636220891E-01   1.672154214848E-11  -8.771477315627E-12   1.248273444570E-11
   1.563723500136E+01   4.125468537596E-01   1.412855288672E-11  -4.216104416748E-12   9.863590599939E-12
   1.605775208607E+01   4.286238365683E-01   1.313207800621E-11  -7.551441037503E-13   6.566245156857E-12
   1.649476461582E+01   4.455467823929E-01   1.332126732056E-11   1.381620102023E-12   3.288259777029E-12
   1.694914638379E+01   4.633720792263E-01   1.418743890140E-11   2.224271697228E-12   5.630139817437E-13
   1.742182982203E+01   4.821606861220E-01   1.522256206925E-11   2.007717267232E-12  -1.313922339925E-12
   1.791381078784E+01   5.019785714107E-01   1.600291121736E-11   1.085341566772E-12  -2.284025413468E-12
   1.842615381215E+01   5.228971995942E-01   1.624334773515E-11  -1.623855308123E-13  -2.472328279046E-12
   1.895999786176E+01   5.449940730840E-01   1.581667157103E-11  -1.403332581913E-12  -2.109087532749E-12
   1.951656267356E+01   5.683533358366E-01   1.474093189187E-11  -2.400973800058E-12  -1.452026502747E-12
   2.009715572669E+01   5.930664469535E-01   1.314368140103E-11  -3.030720645156E-12  -7.266624951795E-13
   2.070317992707E+01   6.192329335039E-01   1.121500643016E-11  -3.270130544018E-12  -9.249567478464E-14
   2.133614208874E+01   6.469612332096E-01   9.160820978123E-12  -3.172252287752E-12   3.657214578255E-13
   2.199766230782E+01   6.763696392388E-01   7.165167528570E-12  -2.832461840256E-12   6.280392318623E-13
   2.268948433818E+01   7.075873612439E-01   5.366293451972E-12  -2.357545138405E-12   7.193077065276E-13
   2.341348709294E+01   7.407557189842E-01   3.847268105831E-12  -1.842657640517E-12   6.871292153678E-13
   2.417169741362E+01   7.760294874639E-01   2.638775363325E-12  -1.358307351518E-12   5.834082623217E-13
   2.496630426925E+01   8.135784155747E-01   1.729946009035E-12  -9.466278643915E-13   4.522409711465E-13
   2.579967457140E+01   8.535889438281E-01   1.082721893453E-12  -6.244338348823E-13   3.243746676909E-13
   2.667437081864E+01   8.962661510291E-01   6.459435510011E-13  -3.899460249172E-13   2.168232619567E-13
   2.759317081651E+01   9.418359647997E-01   3.666631750792E-13  -2.304055246459E-13   1.355711889534E-13
   2.855908975674E+01   9.905476768748E-01   1.976040896743E-13  -1.286584729238E-13   7.942169604970E-14
   2.957540498378E+01   1.042676811269E+00   1.008543030637E-13  -6.777756906479E-14   4.360193473418E-14
   3.064568382919E+01   1.098528402000E+00   4.860966103207E-14  -3.360913720267E-14   2.241243322850E-14
   3.177381495601E+01   1.158440747351E+00   2.205345590616E-14  -1.564439652748E-14   1.076804098042E-14
   3.296404372807E+01   1.222789720048E+00   9.383742829848E-15  -6.813630500050E-15   4.823556270725E-15
   3.422101220608E+01   1.291993727721E+00   3.729497526818E-15  -2.766213629321E-15   2.008206387550E-15
   3.554980447538E+01   1.366519436102E+00   1.378231828608E-15  -1.042360613302E-15   7.741007285642E-16
   3.695599813319E+01   1.446888389511E+00   4.711794699456E-16  -3.627982701343E-16   2.750327969680E-16
   3.844572291106E+01   1.533684690030E+00   1.481792236370E-16  -1.159984763267E-16   8.960297610104E-17
   4.002572758518E+01   1.627563929686E+00   4.259823271500E-17  -3.386205950809E-17   2.661034834136E-17
   4.170345654134E+01   1.729263610453E+00   1.111620627005E-17  -8.963206819074E-18   7.155997640396E-18
   4.348713762001E+01   1.839615336740E+00   2.612726728933E-18  -2.134829431522E-18   1.729473097487E-18
   4.538588318162E+01   1.959559126947E+00   5.442088743920E-19  -4.495030312021E-19   3.683811355962E-19
   4.740980671574E+01   2.090160267552E+00   1.012098315697E-19  -9.155933037514E-20   7.706529903372E-20
   4.957015778746E+01   2.232629229408E+00   1.730935764483E-20  -1.333501667086E-20   7.760653819699E-21
   5.187947869225E+01   2.388345286640E+00   1.837388773450E-21  -1.520878351502E-21   3.223989330392E-21
   5.435178690397E+01   2.558884630889E+00   4.489903415216E-22  -3.221116506997E-22  -1.901530096981E-22
   5.700278828629E+01   2.746053966795E+00   0.000000000000E+00  -8.490511413874E-23   7.579294627252E-23
   5.985012714155E+01   2.951930820846E+00   7.373375363460E-24   0.000000000000E+00   0.000000000000E+00
   6.291368055481E+01   3.178912111311E+00   0.000000000000E+00   0.000000000000E+00   0.000000000000E+00
   6.621590623276E+01   3.429772933797E+00   0.000000000000E+00   0.000000000000E+00   0.000000000000E+00
   6.978225524452E+01   3.707738044625E+00   0.000000000000E+00   0.000000000000E+00   0.000000000000E+00
   7.364166388185E+01   4.016569212832E+00   0.000000000000E+00   0.000000000000E+00   0.000000000000E+00
   7.782714245929E+01   4.360672516382E+00   0.000000000000E+00   0.000000000000E+00   0.000000000000E+00
   8.237648351994E+01   4.745230855210E+00   0.000000000000E+00   0.000000000000E+00   0.000000000000E+00
   8.733311794503E+01   5.176368549127E+00   0.000000000000E+00   0.000000000000E+00   0.000000000000E+00
   9.274715535088E+01   5.661357031559E+00   0.000000000000E+00   0.000000000000E+00   0.000000000000E+00
   9.867665554529E+01   6.208873552072E+00   0.000000000000E+00   0.000000000000E+00   0.000000000000E+00
   1.051891916055E+02   6.829328764649E+00   0.000000000000E+00   0.000000000000E+00   0.000000000000E+00
   1.123637836013E+02   7.535284543316E+00   0.000000000000E+00   0.000000000000E+00   0.000000000000E+00
   1.202933069206E+02   8.341990973528E+00   0.000000000000E+00   0.000000000000E+00   0.000000000000E+00
   1.290875131414E+02   9.268082166539E+00   0.000000000000E+00   0.000000000000E+00   0.000000000000E+00
   1.388768482001E+02   1.033648575811E+01   0.000000000000E+00   0.000000000000E+00   0.000000000000E+00
   1.498173177370E+02   1.157562284364E+01   0.000000000000E+00   0.000000000000E+00   0.000000000000E+00
   1.620967411853E+02   1.302100699722E+01   0.000000000000E+00   0.000000000000E+00   0.000000000000E+00
   1.759428668168E+02   1.471739812515E+01   0.000000000000E+00   0.000000000000E+00   0.000000000000E+00
   1.916340085825E+02   1.672173748087E+01   0.000000000000E+00   0.000000000000E+00   0.000000000000E+00
   2.095131417987E+02   1.910719757888E+01   0.000000000000E+00   0.000000000000E+00   0.000000000000E+00
   2.300068054477E+02   2.196884699990E+01   0.000000000000E+00   0.000000000000E+00   0.000000000000E+00
   2.536507797910E+02   2.543169216868E+01   0.000000000000E+00   0.000000000000E+00   0.000000000000E+00
   2.811254638474E+02   2.966227967912E+01   0.000000000000E+00   0.000000000000E+00   0.000000000000E+00
   3.133053780630E+02   3.488573552677E+01   0.000000000000E+00   0.000000000000E+00   0.000000000000E+00
   3.513296254502E+02   4.141128389041E+01   0.000000000000E+00   0.000000000000E+00   0.000000000000E+00
   3.967041014106E+02   4.967130404214E+01   0.000000000000E+00   0.000000000000E+00   0.000000000000E+00
   4.514529193349E+02   6.028257212519E+01   0.000000000000E+00   0.000000000000E+00   0.000000000000E+00
   5.183481233601E+02   7.414493328740E+01   0.000000000000E+00   0.000000000000E+00   0.000000000000E+00
   6.012676077950E+02   9.260523890243E+01   0.000000000000E+00   0.000000000000E+00   0.000000000000E+00
   7.057700503752E+02   1.177394213729E+02   0.000000000000E+00   0.000000000000E+00   0.000000000000E+00
   8.400513767914E+02   1.528577972397E+02   0.000000000000E+00   0.000000000000E+00   0.000000000000E+00
   1.016602135495E+03   2.034537342122E+02   0.000000000000E+00   0.000000000000E+00   0.000000000000E+00
   1.255220715580E+03   2.790860613466E+02   0.000000000000E+00   0.000000000000E+00   0.000000000000E+00
   1.588815776243E+03   3.973705897531E+02   0.000000000000E+00   0.000000000000E+00   0.000000000000E+00
   2.075392011604E+03   5.931596040112E+02   0.000000000000E+00   0.000000000000E+00   0.000000000000E+00
   2.825079847529E+03   9.419154890021E+02   0.000000000000E+00   0.000000000000E+00   0.000000000000E+00
   4.068408296184E+03   1.627629972033E+03   0.000000000000E+00   0.000000000000E+00   0.000000000000E+00
   6.357262947674E+03   3.178964796686E+03   0.000000000000E+00   0.000000000000E+00   0.000000000000E+00
   1.130231930164E+04   7.535323971013E+03   0.000000000000E+00   0.000000000000E+00   0.000000000000E+00
   2.543105175140E+04   2.543171841285E+04   0.000000000000E+00   0.000000000000E+00   0.000000000000E+00
   1.017262069958E+05   2.034537473226E+05   0.000000000000E+00   0.000000000000E+00   0.000000000000E+00
