# 1st line: number of mesh points
# abcissa weight wavefunction wavefunction_1st wavefunction_2nd
500
# Principal QN=   2 , l=   0 , Occupation=   1.9900
  9.830308526508E-006  1.966074589941E-005 -1.010939595712E+001  8.156044184441E+001 -5.659517253924E+002
  3.932200719717E-005  3.932303800261E-005 -1.010699084725E+001  8.154375275403E+001 -5.658305183366E+002
  8.847741541455E-005  5.898842277178E-005 -1.010298321431E+001  8.151594408796E+001 -5.656285581861E+002
  1.573003992804E-004  7.865844718600E-005 -1.009737438316E+001  8.147702556962E+001 -5.653459223248E+002
  2.457963722417E-004  9.833465899987E-005 -1.009016620780E+001  8.142701080503E+001 -5.649827190313E+002
  3.539722959954E-004  1.180186070023E-004 -1.008136107054E+001  8.136591727601E+001 -5.645390874192E+002
  4.818366816528E-004  1.377118412759E-004 -1.007096188100E+001  8.129376633145E+001 -5.640151973616E+002
  6.293995911626E-004  1.574159134560E-004 -1.005897207478E+001  8.121058317666E+001 -5.634112493979E+002
  7.966726389934E-004  1.771323769912E-004 -1.004539561203E+001  8.111639686082E+001 -5.627274746246E+002
  9.836689940782E-004  1.968627874036E-004 -1.003023697565E+001  8.101124026247E+001 -5.619641345688E+002
  1.190403382016E-003  2.166087025496E-004 -1.001350116940E+001  8.089515007315E+001 -5.611215210453E+002
  1.416892087541E-003  2.363716828821E-004 -9.995193715657E+000  8.076816677908E+001 -5.601999559976E+002
  1.663152957245E-003  2.561532917128E-004 -9.975320653047E+000  8.063033464097E+001 -5.591997913219E+002
  1.929205402573E-003  2.759550954757E-004 -9.953888533792E+000  8.048170167200E+001 -5.581214086748E+002
  2.215070403074E-003  2.957786639908E-004 -9.930904420852E+000  8.032231961387E+001 -5.569652192652E+002
  2.520770509919E-003  3.156255707300E-004 -9.906375884851E+000  8.015224391102E+001 -5.557316636296E+002
  2.846329849692E-003  3.354973930828E-004 -9.880311000768E+000  7.997153368302E+001 -5.544212113918E+002
  3.191774128432E-003  3.553957126240E-004 -9.852718344421E+000  7.978025169514E+001 -5.530343610067E+002
  3.557130635959E-003  3.753221153821E-004 -9.823606988727E+000  7.957846432708E+001 -5.515716394880E+002
  3.942428250463E-003  3.952781921092E-004 -9.792986499750E+000  7.936624153995E+001 -5.500336021211E+002
  4.347697443358E-003  4.152655385525E-004 -9.760866932532E+000  7.914365684146E+001 -5.484208321598E+002
  4.772970284417E-003  4.352857557265E-004 -9.727258826716E+000  7.891078724932E+001 -5.467339405088E+002
  5.218280447175E-003  4.553404501876E-004 -9.692173201953E+000  7.866771325300E+001 -5.449735653901E+002
  5.683663214611E-003  4.754312343099E-004 -9.655621553111E+000  7.841451877367E+001 -5.431403719955E+002
  6.169155485101E-003  4.955597265624E-004 -9.617615845272E+000  7.815129112253E+001 -5.412350521239E+002
  6.674795778653E-003  5.157275517886E-004 -9.578168508524E+000  7.787812095741E+001 -5.392583238048E+002
  7.200624243425E-003  5.359363414876E-004 -9.537292432566E+000  7.759510223778E+001 -5.372109309066E+002
  7.746682662519E-003  5.561877340970E-004 -9.495000961098E+000  7.730233217813E+001 -5.350936427326E+002
  8.313014461060E-003  5.764833752781E-004 -9.451307886029E+000  7.699991119971E+001 -5.329072536014E+002
  8.899664713569E-003  5.968249182030E-004 -9.406227441491E+000  7.668794288076E+001 -5.306525824152E+002
  9.506680151615E-003  6.172140238444E-004 -9.359774297657E+000  7.636653390520E+001 -5.283304722147E+002
  1.013410917176E-002  6.376523612666E-004 -9.311963554384E+000  7.603579400974E+001 -5.259417897203E+002
  1.078200184380E-002  6.581416079202E-004 -9.262810734661E+000  7.569583592962E+001 -5.234874248615E+002
  1.145040991929E-002  6.786834499385E-004 -9.212331777892E+000  7.534677534279E+001 -5.209682902935E+002
  1.213938684040E-002  6.992795824361E-004 -9.160543032985E+000  7.498873081277E+001 -5.183853209021E+002
  1.284898774901E-002  7.199317098113E-004 -9.107461251287E+000  7.462182373002E+001 -5.157394732959E+002
  1.357926949620E-002  7.406415460502E-004 -9.053103579333E+000  7.424617825204E+001 -5.130317252880E+002
  1.433029065191E-002  7.614108150341E-004 -8.997487551440E+000  7.386192124216E+001 -5.102630753662E+002
  1.510211151509E-002  7.822412508494E-004 -8.940631082136E+000  7.346918220691E+001 -5.074345421518E+002
  1.589479412397E-002  8.031345981016E-004 -8.882552458429E+000  7.306809323233E+001 -5.045471638489E+002
  1.670840226680E-002  8.240926122311E-004 -8.823270331920E+000  7.265878891892E+001 -5.016019976825E+002
  1.754300149280E-002  8.451170598329E-004 -8.762803710773E+000  7.224140631548E+001 -4.986001193272E+002
  1.839865912351E-002  8.662097189796E-004 -8.701171951529E+000  7.181608485178E+001 -4.955426223266E+002
  1.927544426443E-002  8.873723795480E-004 -8.638394750783E+000  7.138296627019E+001 -4.924306175030E+002
  2.017342781695E-002  9.086068435487E-004 -8.574492136725E+000  7.094219455613E+001 -4.892652323589E+002
  2.109268249069E-002  9.299149254598E-004 -8.509484460535E+000  7.049391586765E+001 -4.860476104693E+002
  2.203328281612E-002  9.512984525641E-004 -8.443392387667E+000  7.003827846390E+001 -4.827789108669E+002
  2.299530515754E-002  9.727592652906E-004 -8.376236888988E+000  6.957543263274E+001 -4.794603074190E+002
  2.397882772639E-002  9.942992175591E-004 -8.308039231813E+000  6.910553061740E+001 -4.760929881969E+002
  2.498393059493E-002  1.015920177130E-003 -8.238820970810E+000  6.862872654232E+001 -4.726781548395E+002
  2.601069571024E-002  1.037624025957E-003 -8.168603938803E+000  6.814517633820E+001 -4.692170219090E+002
  2.705920690860E-002  1.059412660547E-003 -8.097410237460E+000  6.765503766619E+001 -4.657108162415E+002
  2.812954993023E-002  1.081287992318E-003 -8.025262227890E+000  6.715846984147E+001 -4.621607762918E+002
  2.922181243436E-002  1.103251947969E-003 -7.952182521126E+000  6.665563375607E+001 -4.585681514722E+002
  3.033608401473E-002  1.125306469854E-003 -7.878193968530E+000  6.614669180109E+001 -4.549342014876E+002
  3.147245621542E-002  1.147453516351E-003 -7.803319652105E+000  6.563180778833E+001 -4.512601956652E+002
  3.263102254705E-002  1.169695062249E-003 -7.727582874720E+000  6.511114687138E+001 -4.475474122808E+002
  3.381187850339E-002  1.192033099133E-003 -7.651007150262E+000  6.458487546621E+001 -4.437971378811E+002
  3.501512157837E-002  1.214469635775E-003 -7.573616193715E+000  6.405316117131E+001 -4.400106666034E+002
  3.624085128345E-002  1.237006698530E-003 -7.495433911171E+000  6.351617268745E+001 -4.361892994919E+002
  3.748916916538E-002  1.259646331739E-003 -7.416484389771E+000  6.297407973705E+001 -4.323343438125E+002
  3.876017882444E-002  1.282390598136E-003 -7.336791887605E+000  6.242705298333E+001 -4.284471123654E+002
  4.005398593302E-002  1.305241579266E-003 -7.256380823541E+000  6.187526394906E+001 -4.245289227963E+002
  4.137069825459E-002  1.328201375897E-003 -7.175275767022E+000  6.131888493529E+001 -4.205810969066E+002
  4.271042566323E-002  1.351272108452E-003 -7.093501427809E+000  6.075808893976E+001 -4.166049599640E+002
  4.407328016341E-002  1.374455917436E-003 -7.011082645701E+000  6.019304957530E+001 -4.126018400114E+002
  4.545937591035E-002  1.397754963880E-003 -6.928044380211E+000  5.962394098814E+001 -4.085730671785E+002
  4.686882923075E-002  1.421171429779E-003 -6.844411700225E+000  5.905093777622E+001 -4.045199729921E+002
  4.830175864396E-002  1.444707518548E-003 -6.760209773634E+000  5.847421490754E+001 -4.004438896894E+002
  4.975828488365E-002  1.468365455478E-003 -6.675463856962E+000  5.789394763861E+001 -3.963461495322E+002
  5.123853091993E-002  1.492147488203E-003 -6.590199284968E+000  5.731031143302E+001 -3.922280841240E+002
  5.274262198188E-002  1.516055887169E-003 -6.504441460260E+000  5.672348188024E+001 -3.880910237292E+002
  5.427068558066E-002  1.540092946119E-003 -6.418215842902E+000  5.613363461465E+001 -3.839362965962E+002
  5.582285153302E-002  1.564260982573E-003 -6.331547940025E+000  5.554094523480E+001 -3.797652282838E+002
  5.739925198530E-002  1.588562338332E-003 -6.244463295460E+000  5.494558922315E+001 -3.755791409914E+002
  5.900002143803E-002  1.612999379973E-003 -6.156987479377E+000  5.434774186606E+001 -3.713793528946E+002
  6.062529677088E-002  1.637574499364E-003 -6.069146077957E+000  5.374757817432E+001 -3.671671774853E+002
  6.227521726827E-002  1.662290114181E-003 -5.980964683086E+000  5.314527280411E+001 -3.629439229172E+002
  6.394992464542E-002  1.687148668440E-003 -5.892468882083E+000  5.254099997857E+001 -3.587108913574E+002
  6.564956307496E-002  1.712152633027E-003 -5.803684247469E+000  5.193493340985E+001 -3.544693783445E+002
  6.737427921404E-002  1.737304506249E-003 -5.714636326781E+000  5.132724622193E+001 -3.502206721536E+002
  6.912422223211E-002  1.762606814387E-003 -5.625350632433E+000  5.071811087403E+001 -3.459660531680E+002
  7.089954383907E-002  1.788062112257E-003 -5.535852631633E+000  5.010769908480E+001 -3.417067932590E+002
  7.270039831418E-002  1.813672983787E-003 -5.446167736358E+000  4.949618175727E+001 -3.374441551744E+002
  7.452694253540E-002  1.839442042599E-003 -5.356321293400E+000  4.888372890464E+001 -3.331793919343E+002
  7.637933600943E-002  1.865371932600E-003 -5.266338574475E+000  4.827050957698E+001 -3.289137462369E+002
  7.825774090225E-002  1.891465328589E-003 -5.176244766411E+000  4.765669178874E+001 -3.246484498733E+002
  8.016232207035E-002  1.917724936867E-003 -5.086064961420E+000  4.704244244738E+001 -3.203847231521E+002
  8.209324709253E-002  1.944153495867E-003 -4.995824147445E+000  4.642792728290E+001 -3.161237743346E+002
  8.405068630235E-002  1.970753776782E-003 -4.905547198609E+000  4.581331077843E+001 -3.118667990798E+002
  8.603481282122E-002  1.997528584221E-003 -4.815258865751E+000  4.519875610202E+001 -3.076149799013E+002
  8.804580259214E-002  2.024480756857E-003 -4.724983767067E+000  4.458442503943E+001 -3.033694856352E+002
  9.008383441408E-002  2.051613168108E-003 -4.634746378851E+000  4.397047792821E+001 -2.991314709193E+002
  9.214908997710E-002  2.078928726810E-003 -4.544571026349E+000  4.335707359294E+001 -2.949020756854E+002
  9.424175389809E-002  2.106430377918E-003 -4.454481874724E+000  4.274436928179E+001 -2.906824246632E+002
  9.636201375725E-002  2.134121103210E-003 -4.364502920141E+000  4.213252060429E+001 -2.864736268975E+002
  9.851006013526E-002  2.162003922007E-003 -4.274657980973E+000  4.152168147058E+001 -2.822767752785E+002
  1.006860866512E-001  2.190081891910E-003 -4.184970689136E+000  4.091200403188E+001 -2.780929460854E+002
  1.028902900012E-001  2.218358109541E-003 -4.095464481553E+000  4.030363862250E+001 -2.739231985439E+002
  1.051228699979E-001  2.246835711311E-003 -4.006162591751E+000  3.969673370323E+001 -2.697685743984E+002
  1.073840296104E-001  2.275517874190E-003 -3.917088041604E+000  3.909143580621E+001 -2.656300974972E+002
  1.096739750056E-001  2.304407816497E-003 -3.828263633210E+000  3.848788948135E+001 -2.615087733942E+002
  1.119929155896E-001  2.333508798707E-003 -3.739711940920E+000  3.788623724428E+001 -2.574055889640E+002
  1.143410640503E-001  2.362824124271E-003 -3.651455303519E+000  3.728661952587E+001 -2.533215120332E+002
  1.167186364011E-001  2.392357140448E-003 -3.563515816550E+000  3.668917462331E+001 -2.492574910271E+002
  1.191258520249E-001  2.422111239159E-003 -3.475915324811E+000  3.609403865294E+001 -2.452144546314E+002
  1.215629337189E-001  2.452089857854E-003 -3.388675414998E+000  3.550134550460E+001 -2.411933114708E+002
  1.240301077413E-001  2.482296480400E-003 -3.301817408521E+000  3.491122679773E+001 -2.371949498028E+002
  1.265276038575E-001  2.512734637975E-003 -3.215362354476E+000  3.432381183922E+001 -2.332202372291E+002
  1.290556553882E-001  2.543407909995E-003 -3.129331022800E+000  3.373922758283E+001 -2.292700204218E+002
  1.316144992580E-001  2.574319925047E-003 -3.043743897587E+000  3.315759859056E+001 -2.253451248682E+002
  1.342043760450E-001  2.605474361847E-003 -2.958621170581E+000  3.257904699560E+001 -2.214463546304E+002
  1.368255300316E-001  2.636874950214E-003 -2.873982734848E+000  3.200369246722E+001 -2.175744921240E+002
  1.394782092560E-001  2.668525472060E-003 -2.789848178624E+000  3.143165217728E+001 -2.137302979120E+002
  1.421626655646E-001  2.700429762411E-003 -2.706236779348E+000  3.086304076875E+001 -2.099145105171E+002
  1.448791546661E-001  2.732591710434E-003 -2.623167497878E+000  3.029797032587E+001 -2.061278462505E+002
  1.476279361856E-001  2.765015260497E-003 -2.540658972883E+000  2.973655034627E+001 -2.023709990590E+002
  1.504092737207E-001  2.797704413242E-003 -2.458729515436E+000  2.917888771488E+001 -1.986446403881E+002
  1.532234348983E-001  2.830663226680E-003 -2.377397103784E+000  2.862508667964E+001 -1.949494190638E+002
  1.560706914324E-001  2.863895817319E-003 -2.296679378314E+000  2.807524882920E+001 -1.912859611914E+002
  1.589513191834E-001  2.897406361298E-003 -2.216593636703E+000  2.752947307232E+001 -1.876548700712E+002
  1.618655982178E-001  2.931199095559E-003 -2.137156829267E+000  2.698785561924E+001 -1.840567261327E+002
  1.648138128702E-001  2.965278319033E-003 -2.058385554499E+000  2.645048996483E+001 -1.804920868851E+002
  1.677962518056E-001  2.999648393860E-003 -1.980296054796E+000  2.591746687368E+001 -1.769614868861E+002
  1.708132080832E-001  3.034313746623E-003 -1.902904212392E+000  2.538887436697E+001 -1.734654377272E+002
  1.738649792215E-001  3.069278869616E-003 -1.826225545468E+000  2.486479771122E+001 -1.700044280365E+002
  1.769518672648E-001  3.104548322136E-003 -1.750275204471E+000  2.434531940886E+001 -1.665789234987E+002
  1.800741788507E-001  3.140126731803E-003 -1.675067968622E+000  2.383051919066E+001 -1.631893668921E+002
  1.832322252791E-001  3.176018795904E-003 -1.600618242611E+000  2.332047400996E+001 -1.598361781418E+002
  1.864263225826E-001  3.212229282769E-003 -1.526940053503E+000  2.281525803871E+001 -1.565197543906E+002
  1.896567915983E-001  3.248763033179E-003 -1.454047047818E+000  2.231494266530E+001 -1.532404700851E+002
  1.929239580409E-001  3.285624961791E-003 -1.381952488818E+000  2.181959649414E+001 -1.499986770794E+002
  1.962281525771E-001  3.322820058613E-003 -1.310669253978E+000  2.132928534710E+001 -1.467947047539E+002
  1.995697109023E-001  3.360353390492E-003 -1.240209832654E+000  2.084407226653E+001 -1.436288601503E+002
  2.029489738173E-001  3.398230102644E-003 -1.170586323937E+000  2.036401752013E+001 -1.405014281225E+002
  2.063662873085E-001  3.436455420218E-003 -1.101810434695E+000  1.988917860743E+001 -1.374126715021E+002
  2.098220026275E-001  3.475034649885E-003 -1.033893477809E+000  1.941961026800E+001 -1.343628312793E+002
  2.133164763746E-001  3.513973181471E-003 -9.668463705862E-001  1.895536449126E+001 -1.313521267993E+002
  2.168500705817E-001  3.553276489620E-003 -9.006796333645E-001  1.849649052789E+001 -1.283807559717E+002
  2.204231527988E-001  3.592950135496E-003 -8.354033882969E-001  1.804303490288E+001 -1.254488954952E+002
  2.240360961807E-001  3.632999768520E-003 -7.710273583157E-001  1.759504143007E+001 -1.225567010952E+002
  2.276892795770E-001  3.673431128145E-003 -7.075608662774E-001  1.715255122826E+001 -1.197043077757E+002
  2.313830876220E-001  3.714250045674E-003 -6.450128342823E-001  1.671560273873E+001 -1.168918300836E+002
  2.351179108282E-001  3.755462446115E-003 -5.833917831695E-001  1.628423174433E+001 -1.141193623853E+002
  2.388941456809E-001  3.797074350078E-003 -5.227058321831E-001  1.585847138983E+001 -1.113869791567E+002
  2.427121947345E-001  3.839091875711E-003 -4.629626988077E-001  1.543835220376E+001 -1.086947352837E+002
  2.465724667110E-001  3.881521240686E-003 -4.041696987711E-001  1.502390212152E+001 -1.060426663749E+002
  2.504753766009E-001  3.924368764227E-003 -3.463337462104E-001  1.461514650983E+001 -1.034307890850E+002
  2.544213457654E-001  3.967640869177E-003 -2.894613539999E-001  1.421210819233E+001 -1.008591014485E+002
  2.584108020414E-001  4.011344084122E-003 -2.335586342371E-001  1.381480747652E+001 -9.832758322360E+001
  2.624441798480E-001  4.055485045557E-003 -1.786312988840E-001  1.342326218176E+001 -9.583619624564E+001
  2.665219202956E-001  4.100070500102E-003 -1.246846605618E-001  1.303748766840E+001 -9.338488478930E+001
  2.706444712976E-001  4.145107306769E-003 -7.172363349366E-002  1.265749686802E+001 -9.097357593963E+001
  2.748122876832E-001  4.190602439283E-003 -1.975273459474E-002  1.228330031464E+001 -8.860217997090E+001
  2.790258313137E-001  4.236562988450E-003  3.122391529473E-002  1.191490617695E+001 -8.627059073309E+001
  2.832855712010E-001  4.282996164587E-003  8.120259003667E-002  1.155232029142E+001 -8.397868604521E+001
  2.875919836279E-001  4.329909300005E-003  1.301799566854E-001  1.119554619632E+001 -8.172632809520E+001
  2.919455522717E-001  4.377309851548E-003  1.781530738444E-001  1.084458516654E+001 -7.951336384571E+001
  2.963467683296E-001  4.425205403192E-003  2.251193898927E-001  1.049943624923E+001 -7.733962544517E+001
  3.007961306479E-001  4.473603668706E-003  2.710767410843E-001  1.016009630009E+001 -7.520493064382E+001
  3.052941458522E-001  4.522512494374E-003  3.160233495237E-001  9.826560020402E+000 -7.310908321390E+001
  3.098413284823E-001  4.571939861783E-003  3.599578210208E-001  9.498819994687E+000 -7.105187337368E+001
  3.144382011281E-001  4.621893890671E-003  4.028791428285E-001  9.176866728880E+000 -6.903307821459E+001
  3.190852945695E-001  4.672382841850E-003  4.447866812658E-001  8.860688689078E+000 -6.705246213102E+001
  3.237831479192E-001  4.723415120192E-003  4.856801792302E-001  8.550272340751E+000 -6.510977725222E+001
  3.285323087679E-001  4.774999277691E-003  5.255597536016E-001  8.245602188365E+000 -6.320476387565E+001
  3.333333333333E-001  4.827144016591E-003  5.644258925410E-001  7.946660815393E+000 -6.133715090144E+001
  3.381867866117E-001  4.879858192602E-003  6.022794526879E-001  7.653428924637E+000 -5.950665626720E+001
  3.430932425333E-001  4.933150818173E-003  6.391216562574E-001  7.365885378840E+000 -5.771298738280E+001
  3.480532841203E-001  4.987031065868E-003  6.749540880416E-001  7.084007241512E+000 -5.595584156447E+001
  3.530675036492E-001  5.041508271801E-003  7.097786923166E-001  6.807769817949E+000 -5.423490646781E+001
  3.581365028158E-001  5.096591939172E-003  7.435977696588E-001  6.537146696375E+000 -5.254986051907E+001
  3.632608929041E-001  5.152291741875E-003  7.764139736719E-001  6.272109789182E+000 -5.090037334436E+001
  3.684412949588E-001  5.208617528209E-003  8.082303076278E-001  6.012629374210E+000 -4.928610619606E+001
  3.736783399619E-001  5.265579324662E-003  8.390501210233E-001  5.758674136026E+000 -4.770671237615E+001
  3.789726690123E-001  5.323187339805E-003  8.688771060547E-001  5.510211207165E+000 -4.616183765587E+001
  3.843249335105E-001  5.381451968273E-003  8.977152940117E-001  5.267206209293E+000 -4.465112069131E+001
  3.897357953460E-001  5.440383794842E-003  9.255690515939E-001  5.029623294236E+000 -4.317419343436E+001
  3.952059270903E-001  5.499993598618E-003  9.524430771499E-001  4.797425184868E+000 -4.173068153877E+001
  4.007360121927E-001  5.560292357317E-003  9.783423968414E-001  4.570573215785E+000 -4.032020476068E+001
  4.063267451812E-001  5.621291251662E-003  1.003272360734E+000  4.349027373766E+000 -3.894237735345E+001
  4.119788318683E-001  5.683001669888E-003  1.027238638813E+000  4.132746337958E+000 -3.759680845612E+001
  4.176929895600E-001  5.745435212354E-003  1.050247216932E+000  3.921687519773E+000 -3.628310247546E+001
  4.234699472710E-001  5.808603696282E-003  1.072304392687E+000  3.715807102464E+000 -3.500085946088E+001
  4.293104459435E-001  5.872519160606E-003  1.093416771220E+000  3.515060080343E+000 -3.374967547224E+001
  4.352152386716E-001  5.937193870949E-003  1.113591260956E+000  3.319400297630E+000 -3.252914293994E+001
  4.411850909306E-001  6.002640324729E-003  1.132835069269E+000  3.128780486896E+000 -3.133885101715E+001
  4.472207808110E-001  6.068871256391E-003  1.151155698078E+000  2.943152307090E+000 -3.017838592393E+001
  4.533230992589E-001  6.135899642772E-003  1.168560939373E+000  2.762466381126E+000 -2.904733128282E+001
  4.594928503202E-001  6.203738708611E-003  1.185058870677E+000  2.586672333004E+000 -2.794526844586E+001
  4.657308513924E-001  6.272401932198E-003  1.200657850431E+000  2.415718824472E+000 -2.687177681275E+001
  4.720379334802E-001  6.341903051163E-003  1.215366513314E+000  2.249553591191E+000 -2.582643413985E+001
  4.784149414579E-001  6.412256068427E-003  1.229193765486E+000  2.088123478409E+000 -2.480881684012E+001
  4.848627343381E-001  6.483475258298E-003  1.242148779768E+000  1.931374476135E+000 -2.381850027357E+001
  4.913821855461E-001  6.555575172733E-003  1.254240990739E+000  1.779251753791E+000 -2.285505902832E+001
  4.979741832006E-001  6.628570647764E-003  1.265480089766E+000  1.631699694362E+000 -2.191806719203E+001
  5.046396304008E-001  6.702476810086E-003  1.275876019954E+000  1.488661928019E+000 -2.100709861374E+001
  5.113794455212E-001  6.777309083830E-003  1.285438971025E+000  1.350081365234E+000 -2.012172715595E+001
  5.181945625116E-001  6.853083197508E-003  1.294179374108E+000  1.215900229378E+000 -1.926152693709E+001
  5.250859312060E-001  6.929815191146E-003  1.302107896462E+000  1.086060088803E+000 -1.842607256418E+001
  5.320545176366E-001  7.007521423604E-003  1.309235436103E+000  9.605018884362E-001 -1.761493935584E+001
  5.391013043575E-001  7.086218580100E-003  1.315573116360E+000  8.391659808622E-001 -1.682770355567E+001
  5.462272907741E-001  7.165923679926E-003  1.321132280338E+000  7.219921569341E-001 -1.606394253599E+001
  5.534334934816E-001  7.246654084380E-003  1.325924485290E+000  6.089196759067E-001 -1.532323499216E+001
  5.607209466109E-001  7.328427504912E-003  1.329961496910E+000  4.998872951120E-001 -1.460516112748E+001
  5.680907021827E-001  7.411262011483E-003  1.333255283523E+000  3.948332991939E-001 -1.390930282888E+001
  5.755438304707E-001  7.495176041166E-003  1.335818010184E+000  2.936955289162E-001 -1.323524383344E+001
  5.830814203728E-001  7.580188406970E-003  1.337662032687E+000  1.964114095648E-001 -1.258256988606E+001
  5.907045797917E-001  7.666318306912E-003  1.338799891466E+000  1.029179789633E-001 -1.195086888840E+001
  5.984144360243E-001  7.753585333338E-003  1.339244305401E+000  1.315191512312E-002 -1.133973103921E+001
  6.062121361613E-001  7.842009482502E-003  1.339008165523E+000 -7.295043644863E-002 -1.074874896649E+001
  6.140988474955E-001  7.931611164409E-003  1.338104528609E+000 -1.554530357610E-001 -1.017751785149E+001
  6.220757579409E-001  8.022411212936E-003  1.336546610676E+000 -2.344201216459E-001 -9.625635544958E+000
  6.301440764614E-001  8.114430896230E-003  1.334347780367E+000 -3.099161853340E-001 -9.092702675845E+000
  6.383050335109E-001  8.207691927403E-003  1.331521552221E+000 -3.820059442760E-001 -8.578322752786E+000
  6.465598814833E-001  8.302216475524E-003  1.328081579844E+000 -4.507543161814E-001 -8.082102258618E+000
  6.549098951744E-001  8.398027176926E-003  1.324041648958E+000 -5.162263932483E-001 -7.603650738255E+000
  6.633563722545E-001  8.495147146827E-003  1.319415670339E+000 -5.784874165600E-001 -7.142580880252E+000
  6.719006337539E-001  8.593599991288E-003  1.314217672647E+000 -6.376027506188E-001 -6.698508592354E+000
  6.805440245593E-001  8.693409819506E-003  1.308461795135E+000 -6.936378579933E-001 -6.271053071383E+000
  6.892879139233E-001  8.794601256469E-003  1.302162280248E+000 -7.466582740515E-001 -5.859836867782E+000
  6.981336959871E-001  8.897199455961E-003  1.295333466105E+000 -7.967295817555E-001 -5.464485945170E+000
  7.070827903152E-001  9.001230113956E-003  1.287989778870E+000 -8.439173864927E-001 -5.084629735240E+000
  7.161366424455E-001  9.106719482390E-003  1.280145725009E+000 -8.882872909186E-001 -4.719901188348E+000
  7.252967244510E-001  9.213694383338E-003  1.271815883432E+000 -9.299048697908E-001 -4.369936820131E+000
  7.345645355186E-001  9.322182223606E-003  1.263014897530E+000 -9.688356447701E-001 -4.034376754507E+000
  7.439416025400E-001  9.432211009745E-003  1.253757467100E+000 -1.005145059170E+000 -3.712864763381E+000
  7.534294807203E-001  9.543809363512E-003  1.244058340163E+000 -1.038898452633E+000 -3.405048303398E+000
  7.630297542000E-001  9.657006537783E-003  1.233932304683E+000 -1.070161035726E+000 -3.110578550074E+000
  7.727440366954E-001  9.771832432940E-003  1.223394180181E+000 -1.098997864422E+000 -2.829110429620E+000
  7.825739721536E-001  9.888317613741E-003  1.212458809258E+000 -1.125473814474E+000 -2.560302648774E+000
  7.925212354258E-001  1.000649332670E-002  1.201141049017E+000 -1.149653555656E+000 -2.303817722942E+000
  8.025875329584E-001  1.012639151798E-002  1.189455762413E+000 -1.171601525872E+000 -2.059322002946E+000
  8.127746035011E-001  1.024804485184E-002  1.177417809500E+000 -1.191381905117E+000 -1.826485700642E+000
  8.230842188350E-001  1.037148672960E-002  1.165042038623E+000 -1.209058589292E+000 -1.604982913700E+000
  8.335181845190E-001  1.049675130923E-002  1.152343277526E+000 -1.224695163877E+000 -1.394491649768E+000
  8.440783406568E-001  1.062387352550E-002  1.139336324400E+000 -1.238354877442E+000 -1.194693850279E+000
  8.547665626839E-001  1.075288911077E-002  1.126035938878E+000 -1.250100615032E+000 -1.005275414107E+000
  8.655847621758E-001  1.088383461638E-002  1.112456832982E+000 -1.259994871401E+000 -8.259262212853E-001
  8.765348876780E-001  1.101674743475E-002  1.098613662025E+000 -1.268099724128E+000 -6.563401569536E-001
  8.876189255584E-001  1.115166582209E-002  1.084521015492E+000 -1.274476806613E+000 -4.962151357204E-001
  8.988389008829E-001  1.128862892191E-002  1.070193407893E+000 -1.279187280980E+000 -3.452531265705E-001
  9.101968783143E-001  1.142767678917E-002  1.055645269608E+000 -1.282291810897E+000 -2.031601784499E-001
  9.216949630368E-001  1.156885041525E-002  1.040890937734E+000 -1.283850534341E+000 -6.964644663215E-002
  9.333353017046E-001  1.171219175365E-002  1.025944646939E+000 -1.283923036327E+000  5.557378005033E-002
  9.451200834176E-001  1.185774374655E-002  1.010820520343E+000 -1.282568321632E+000  1.727820510454E-001
  9.570515407237E-001  1.200555035216E-002  9.955325604323E-001 -1.279844787552E+000  2.822557249498E-001
  9.691319506484E-001  1.215565657299E-002  9.800946400225E-001 -1.275810196712E+000  3.842679393869E-001
  9.813636357544E-001  1.230810848498E-002  9.645204932793E-001 -1.270521649972E+000  4.790875798919E-001
  9.937489652293E-001  1.246295326757E-002  9.488237068162E-001 -1.264035559475E+000  5.669792478296E-001
  1.006290356005E+000  1.262023923477E-002  9.330177108789E-001 -1.256407621870E+000  6.482032273835E-001
  1.018990273907E+000  1.278001586715E-002  9.171157706311E-001 -1.247692791757E+000  7.230154516816E-001
  1.031851234841E+000  1.294233384499E-002  9.011309775570E-001 -1.237945255407E+000  7.916674681405E-001
  1.044875806003E+000  1.310724508236E-002  8.850762409939E-001 -1.227218404794E+000  8.544064031303E-001
  1.058066607138E+000  1.327480276248E-002  8.689642798112E-001 -1.215564812005E+000  9.114749260815E-001
  1.071426311823E+000  1.344506137405E-002  8.528076142491E-001 -1.203036204077E+000  9.631112131718E-001
  1.084957648792E+000  1.361807674895E-002  8.366185579333E-001 -1.189683438304E+000  1.009548910750E+000
  1.098663403298E+000  1.379390610110E-002  8.204092100810E-001 -1.175556478091E+000  1.051017098668E+000
  1.112546418516E+000  1.397260806657E-002  8.041914479120E-001 -1.160704369398E+000  1.087740253710E+000
  1.126609596985E+000  1.415424274514E-002  7.879769192811E-001 -1.145175217842E+000  1.119938213312E+000
  1.140855902095E+000  1.433887174317E-002  7.717770355475E-001 -1.129016166508E+000  1.147826139803E+000
  1.155288359613E+000  1.452655821788E-002  7.556029646936E-001 -1.112273374542E+000  1.171614485370E+000
  1.169910059257E+000  1.471736692327E-002  7.394656247106E-001 -1.094991996571E+000  1.191508958004E+000
  1.184724156317E+000  1.491136425740E-002  7.233756772635E-001 -1.077216163027E+000  1.207710488649E+000
  1.199733873325E+000  1.510861831145E-002  7.073435216495E-001 -1.058988961423E+000  1.220415199830E+000
  1.214942501771E+000  1.530919892035E-002  6.913792890645E-001 -1.040352418648E+000  1.229814375990E+000
  1.230353403874E+000  1.551317771520E-002  6.754928371891E-001 -1.021347484335E+000  1.236094435823E+000
  1.245970014403E+000  1.572062817747E-002  6.596937451077E-001 -1.002014015366E+000  1.239436906845E+000
  1.261795842559E+000  1.593162569510E-002  6.439913085725E-001 -9.823907615580E-001  1.240018402472E+000
  1.277834473907E+000  1.614624762054E-002  6.283945356224E-001 -9.625153525997E-001  1.238010601883E+000
  1.294089572372E+000  1.636457333079E-002  6.129121425683E-001 -9.424242862785E-001  1.233580232906E+000
  1.310564882294E+000  1.658668428962E-002  5.975525503543E-001 -9.221529180508E-001  1.226889058197E+000
  1.327264230548E+000  1.681266411190E-002  5.823238813020E-001 -9.017354520030E-001  1.218093864960E+000
  1.344191528724E+000  1.704259863026E-002  5.672339562475E-001 -8.812049332443E-001  1.207346458445E+000
  1.361350775387E+000  1.727657596408E-002  5.522902920757E-001 -8.605932417715E-001  1.194793659471E+000
  1.378746058390E+000  1.751468659100E-002  5.375000996594E-001 -8.399310878401E-001  1.180577306169E+000
  1.396381557275E+000  1.775702342093E-002  5.228702822062E-001 -8.192480088747E-001  1.164834260190E+000
  1.414261545744E+000  1.800368187279E-002  5.084074340160E-001 -7.985723679436E-001  1.147696417542E+000
  1.432390394201E+000  1.825475995395E-002  4.941178396534E-001 -7.779313538202E-001  1.129290724253E+000
  1.450772572390E+000  1.851035834267E-002  4.800074735326E-001 -7.573509826483E-001  1.109739197014E+000
  1.469412652102E+000  1.877058047342E-002  4.660819999166E-001 -7.368561012222E-001  1.089158948952E+000
  1.488315309978E+000  1.903553262542E-002  4.523467733275E-001 -7.164703918881E-001  1.067662220648E+000
  1.507485330398E+000  1.930532401444E-002  4.388068393651E-001 -6.962163790671E-001  1.045356416510E+000
  1.526927608467E+000  1.958006688797E-002  4.254669359286E-001 -6.761154373937E-001  1.022344146575E+000
  1.546647153093E+000  1.985987662391E-002  4.123314948360E-001 -6.561878014590E-001  9.987232737988E-001
  1.566649090169E+000  2.014487183303E-002  3.994046438336E-001 -6.364525771397E-001  9.745869668648E-001
  1.586938665861E+000  2.043517446518E-002  3.866902089861E-001 -6.169277544900E-001  9.500237585194E-001
  1.607521250000E+000  2.073090991960E-002  3.741917174380E-001 -5.976302221650E-001  9.251176094120E-001
  1.628402339588E+000  2.103220715932E-002  3.619124005351E-001 -5.785757833398E-001  8.999479773957E-001
  1.649587562420E+000  2.133919883002E-002  3.498551972918E-001 -5.597791730809E-001  8.745898922159E-001
  1.671082680832E+000  2.165202138333E-002  3.380227581925E-001 -5.412540771204E-001  8.491140354856E-001
  1.692893595565E+000  2.197081520497E-002  3.264174493099E-001 -5.230131519784E-001  8.235868258216E-001
  1.715026349769E+000  2.229572474776E-002  3.150413567254E-001 -5.050680463716E-001  7.980705089861E-001
  1.737487133138E+000  2.262689866987E-002  3.038962912342E-001 -4.874294238419E-001  7.726232528535E-001
  1.760282286187E+000  2.296448997842E-002  2.929837933161E-001 -4.701069865314E-001  7.472992469939E-001
  1.783418304674E+000  2.330865617868E-002  2.823051383547E-001 -4.531095000263E-001  7.221488066395E-001
  1.806901844175E+000  2.365955942924E-002  2.718613420830E-001 -4.364448191880E-001  6.972184807764E-001
  1.830739724818E+000  2.401736670327E-002  2.616531662384E-001 -4.201199148819E-001  6.725511640777E-001
  1.854938936184E+000  2.438224995616E-002  2.516811244035E-001 -4.041409015148E-001  6.481862123733E-001
  1.879506642368E+000  2.475438629994E-002  2.419454880131E-001 -3.885130652843E-001  6.241595613283E-001
  1.904450187236E+000  2.513395818467E-002  2.324462925067E-001 -3.732408930428E-001  6.005038479844E-001
  1.929777099847E+000  2.552115358717E-002  2.231833436042E-001 -3.583281016752E-001  5.772485347979E-001
  1.955495100083E+000  2.591616620741E-002  2.141562236852E-001 -3.437776678871E-001  5.544200357929E-001
  1.981612104475E+000  2.631919567292E-002  2.053642982496E-001 -3.295918583011E-001  5.320418444358E-001
  2.008136232230E+000  2.673044775156E-002  1.968067224410E-001 -3.157722597535E-001  5.101346628222E-001
  2.035075811486E+000  2.715013457311E-002  1.884824476126E-001 -3.023198096908E-001  4.887165317602E-001
  2.062439385788E+000  2.757847486001E-002  1.803902279168E-001 -2.892348265577E-001  4.678029613284E-001
  2.090235720801E+000  2.801569416771E-002  1.725286269010E-001 -2.765170400774E-001  4.474070614784E-001
  2.118473811262E+000  2.846202513514E-002  1.648960240926E-001 -2.641656213229E-001  4.275396722575E-001
  2.147162888201E+000  2.891770774564E-002  1.574906215592E-001 -2.521792124806E-001  4.082094932212E-001
  2.176312426413E+000  2.938298959899E-002  1.503104504285E-001 -2.405559562149E-001  3.894232116173E-001
  2.205932152222E+000  2.985812619504E-002  1.433533773566E-001 -2.292935245427E-001  3.711856289257E-001
  2.236032051522E+000  3.034338122938E-002  1.366171109341E-001 -2.183891471351E-001  3.534997853525E-001
  2.266622378129E+000  3.083902690182E-002  1.300992080208E-001 -2.078396389666E-001  3.363670818894E-001
  2.297713662445E+000  3.134534423818E-002  1.237970800027E-001 -1.976414272415E-001  3.197873995666E-001
  2.329316720450E+000  3.186262342603E-002  1.177079989660E-001 -1.877905775323E-001  3.037592155482E-001
  2.361442663038E+000  3.239116416519E-002  1.118291037856E-001 -1.782828190724E-001  2.882797157413E-001
  2.394102905709E+000  3.293127603351E-002  1.061574061263E-001 -1.691135691559E-001  2.733449036162E-001
  2.427309178642E+000  3.348327886897E-002  1.006897963595E-001 -1.602779566026E-001  2.589497049620E-001
  2.461073537146E+000  3.404750316862E-002  9.542304939692E-002 -1.517708442579E-001  2.450880683343E-001
  2.495408372530E+000  3.462429050548E-002  9.035383044823E-002 -1.435868505049E-001  2.317530609828E-001
  2.530326423398E+000  3.521399396401E-002  8.547870070757E-002 -1.357203697767E-001  2.189369600813E-001
  2.565840787378E+000  3.581697859546E-002  8.079412297963E-002 -1.281655920639E-001  2.066313391187E-001
  2.601964933334E+000  3.643362189376E-002  7.629646725460E-002 -1.209165214253E-001  1.948271493465E-001
  2.638712714049E+000  3.706431429322E-002  7.198201624400E-002 -1.139669935149E-001  1.835147962162E-001
  2.676098379430E+000  3.770945968912E-002  6.784697089056E-002 -1.073106921509E-001  1.726842107783E-001
  2.714136590232E+000  3.836947598236E-002  6.388745586594E-002 -1.009411649580E-001  1.623249160518E-001
  2.752842432351E+000  3.904479564947E-002  6.009952507100E-002 -9.485183812405E-002  1.524260884138E-001
  2.792231431696E+000  3.973586633921E-002  5.647916715379E-002 -8.903603031957E-002  1.429766140907E-001
  2.832319569669E+000  4.044315149734E-002  5.302231106036E-002 -8.348696583331E-002  1.339651408739E-001
  2.873123299289E+000  4.116713102086E-002  4.972483163334E-002 -7.819778698574E-002  1.253801252128E-001
  2.914659561979E+000  4.190830194354E-002  4.658255527266E-002 -7.316156588476E-002  1.172098748698E-001
  2.956945805065E+000  4.266717915414E-002  4.359126567183E-002 -6.837131559309E-002  1.094425873544E-001
  3.000000000000E+000  4.344429614932E-002  4.074670964179E-002 -6.382000077915E-002  1.020663843747E-001
  3.043840661365E+000  4.424020582308E-002  3.804460303272E-002 -5.950054792458E-002  9.506934257191E-002
  3.088486866678E+000  4.505548129460E-002  3.548063676224E-002 -5.540585516226E-002  8.843952081988E-002
  3.133958277047E+000  4.589071677685E-002  3.305048295579E-002 -5.152880181739E-002  8.216498438729E-002
  3.180275158719E+000  4.674652848797E-002  3.074980120241E-002 -4.786225772208E-002  7.623382627223E-002
  3.227458405560E+000  4.762355560797E-002  2.857424492616E-002 -4.439909237055E-002  7.063418602416E-002
  3.275529562509E+000  4.852246128332E-002  2.651946786982E-002 -4.113218397697E-002  6.535426637137E-002
  3.324510850077E+000  4.944393368200E-002  2.458113068431E-002 -3.805442849234E-002  6.038234796926E-002
  3.374425189910E+000  5.038868710203E-002  2.275490761329E-002 -3.515874862961E-002  5.570680257817E-002
  3.425296231502E+000  5.135746313639E-002  2.103649325850E-002 -3.243810293808E-002  5.131610496830E-002
  3.477148380094E+000  5.235103189784E-002  1.942160940783E-002 -2.988549495927E-002  4.719884383393E-002
  3.530006825834E+000  5.337019330676E-002  1.790601190351E-002 -2.749398248659E-002  4.334373197967E-002
  3.583897574256E+000  5.441577844603E-002  1.648549752467E-002 -2.525668694067E-002  3.973961601885E-002
  3.638847478148E+000  5.548865098670E-002  1.515591085414E-002 -2.316680286153E-002  3.637548579762E-002
  3.694884270887E+000  5.658970868864E-002  1.391315109623E-002 -2.121760750754E-002  3.324048372985E-002
  3.752036601308E+000  5.771988498079E-002  1.275317880883E-002 -1.940247054003E-002  3.032391419635E-002
  3.810334070199E+000  5.888015062562E-002  1.167202251032E-002 -1.771486376157E-002  2.761525312924E-002
  3.869807268505E+000  6.007151547295E-002  1.066578511938E-002 -1.614837086498E-002  2.510415786852E-002
  3.930487817331E+000  6.129503030858E-002  9.730650184018E-003 -1.469669714080E-002  2.278047734332E-002
  3.992408409843E+000  6.255178880352E-002  8.862887854602E-003 -1.335367908111E-002  2.063426259625E-002
  4.055602855172E+000  6.384292957002E-002  8.058860555303E-003 -1.211329381002E-002  1.865577763627E-002
  4.120106124432E+000  6.516963833101E-002  7.315028308312E-003 -1.096966826416E-002  1.683551057351E-002
  4.185954398964E+000  6.653315021009E-002  6.627953666060E-003 -9.917088040801E-003  1.516418496036E-002
  4.253185120935E+000  6.793475214960E-002  5.994306208332E-003 -8.950005828014E-003  1.363277123627E-002
  4.321837046422E+000  6.937578546490E-002  5.410866563578E-003 -8.063049328425E-003  1.223249815043E-002
  4.391950301120E+000  7.085764854355E-002  4.874529917014E-003 -7.251028588487E-003  1.095486401713E-002
  4.463566438835E+000  7.238179969882E-002  4.382308972156E-003 -6.508942646401E-003  9.791647643168E-003
  4.536728502895E+000  7.394976018725E-002  3.931336337272E-003 -5.831985415548E-003  8.734918756158E-003
  4.611481090679E+000  7.556311740127E-002  3.518866313811E-003 -5.215550725701E-003  7.777047756417E-003
  4.687870421430E+000  7.722352824817E-002  3.142276070088E-003 -4.655236451668E-003  6.910714614349E-003
  4.765944407533E+000  7.893272272784E-002  2.799066190335E-003 -4.146847668107E-003  6.128916738870E-003
  4.845752729492E+000  8.069250772248E-002  2.486860596514E-003 -3.686398780069E-003  5.424975651167E-003
  4.927346914797E+000  8.250477101257E-002  2.203405847960E-003 -3.270114591062E-003  4.792542311273E-003
  5.010780420931E+000  8.437148553436E-002  1.946569831831E-003 -2.894430283937E-003  4.225600962388E-003
  5.096108722763E+000  8.629471389541E-002  1.714339865331E-003 -2.555990304433E-003  3.718471379192E-003
  5.183389404586E+000  8.827661316581E-002  1.504820238624E-003 -2.251646152453E-003  3.265809430970E-003
  5.272682257105E+000  9.031943996425E-002  1.316229235061E-003 -1.978453101846E-003  2.862605897635E-003
  5.364049379651E+000  9.242555585946E-002  1.146895672687E-003 -1.733665885183E-003  2.504183506117E-003
  5.457555287978E+000  9.459743310926E-002  9.952550177337E-004 -1.514733395602E-003  2.186192185165E-003
  5.553267027968E+000  9.683766076100E-002  8.598451268983E-004 -1.319292472650E-003  1.904602567856E-003
  5.651254295630E+000  9.914895113938E-002  7.393016803108E-004 -1.145160853090E-003  1.655697802054E-003
  5.751589563796E+000  1.015341467494E-001  6.323533712751E-004 -9.903293803230E-004  1.436063759138E-003
  5.854348215936E+000  1.039962276248E-001  5.378169217939E-004 -8.529535772064E-004  1.242577759551E-003
  5.959608687557E+000  1.065383191537E-001  4.545919945896E-004 -7.313446963047E-004  1.072395959678E-003
  6.067452615683E+000  1.091637004188E-001  3.816560726329E-004 -6.239603687272E-004  9.229395673598E-004
  6.177964996951E+000  1.118758130872E-001  3.180593760722E-004 -5.293949774996E-004  7.918800725811E-004
  6.291234354880E+000  1.146782708938E-001  2.629198838631E-004 -4.463698837049E-004  6.771236950340E-004
  6.407352916949E+000  1.175748697626E-001  2.154185233470E-004 -3.737236333289E-004  5.767952609150E-004
  6.526416802128E+000  1.205695986129E-001  1.747945855494E-004 -3.104022697946E-004  4.892217273272E-004
  6.648526219580E+000  1.236666509049E-001  1.403414171513E-004 -2.554498716053E-004  4.129155737970E-004
  6.773785679311E+000  1.268704369821E-001  1.114024320423E-004 -2.079994264156E-004  3.465582767251E-004
  6.902304215570E+000  1.301855972713E-001  8.736747625294E-005 -1.672641423724E-004  2.889840741693E-004
  7.034195623922E+000  1.336170164087E-001  6.766957008828E-005 -1.325292849348E-004  2.391642154454E-004
  7.169578712934E+000  1.371698383673E-001  5.178204066900E-005 -1.031446128771E-004  1.961918729907E-004
  7.308577571516E+000  1.408494826628E-001  3.921604710674E-005 -7.851747114973E-005  1.592678732260E-004
  7.451321853057E+000  1.446616617293E-001  2.951848948125E-005 -5.810658110787E-005  1.276873793446E-004
  7.597947077547E+000  1.486123995567E-001  2.227028196790E-005 -4.141655077441E-005  1.008276326931E-004
  7.748594953021E+000  1.527080516973E-001  1.708496020745E-005 -2.799310973664E-005  7.813683142068E-005
  7.903413717736E+000  1.569553267535E-001  1.360758364595E-005 -1.741905550395E-005  5.912419611162E-005
  8.062558504629E+000  1.613613094717E-001  1.151388542240E-005 -9.310881168427E-006  4.335124300007E-005
  8.226191729726E+000  1.659334855793E-001  1.050961574662E-005 -3.316038518522E-006  3.042425688952E-005
  8.394483506327E+000  1.706797685137E-001  1.033001986077E-005  8.892231673120E-007  1.998792886597E-005
  8.567612086926E+000  1.756085282071E-001  1.073938884109E-005  3.601514138645E-006  1.172009905659E-005
  8.745764335025E+000  1.807286221064E-001  1.153062084233E-005  5.091537628269E-006  5.327522739849E-006
  8.929136229160E+000  1.860494286260E-001  1.252473201802E-005  5.604986615037E-006  5.425596660808E-007
  9.117933401693E+000  1.915808832504E-001  1.357026029050E-005  5.363193905435E-006 -2.879328001636E-006
  9.312371715124E+000  1.973335175235E-001  1.454251133426E-005  4.563625469959E-006 -5.161393798911E-006
  9.512677878945E+000  2.033185011886E-001  1.534260442320E-005  3.380303682353E-006 -6.506871291372E-006
  9.719090110332E+000  2.095476877688E-001  1.589628593310E-005  1.964240732715E-006 -7.099815640460E-006
  9.931858842267E+000  2.160336639044E-001  1.615248995066E-005  4.439532667282E-007 -7.105649726621E-006
  1.015124748302E+001  2.227898028021E-001  1.608163820379E-005 -1.073882389457E-006 -6.671534202715E-006
  1.037753323129E+001  2.298303221843E-001  1.567368490556E-005 -2.503588746780E-006 -5.926669087877E-006
  1.061100795175E+001  2.371703471699E-001  1.493592555438E-005 -3.779428848405E-006 -4.982619535292E-006
  1.085197911611E+001  2.448259785618E-001  1.389060167815E-005 -4.854316453838E-006 -3.933740946039E-006
  1.110077081537E+001  2.528143670735E-001  1.257234536589E-005 -5.698295970092E-006 -2.857759486763E-006
  1.135772484956E+001  2.611537940784E-001  1.102551762858E-005 -6.296808689995E-006 -1.816544198840E-006
  1.162320190175E+001  2.698637595360E-001  9.301502655716E-006 -6.648775857669E-006 -8.570871821933E-007
  1.189758280382E+001  2.789650778206E-001  7.456025442678E-006 -6.764541056498E-006 -1.268969764263E-008
  1.218126990242E+001  2.884799822596E-001  5.546562724025E-006 -6.663723852735E-006  6.956647107872E-007
  1.247468853413E+001  2.984322392826E-001  3.629916453421E-006 -6.373043098520E-006  1.257783099880E-006
  1.277828862002E+001  3.088472731875E-001  1.760015166354E-006 -5.924171521941E-006  1.672625991881E-006
  1.309254639077E+001  3.197523026463E-001 -1.399844904171E-008 -5.351683099144E-006  1.946611583547E-006
  1.341796625462E+001  3.311764902095E-001 -1.649345298785E-006 -4.691151284837E-006  2.091916322326E-006
  1.375508282195E+001  3.431511062169E-001 -3.110816742146E-006 -3.977449722415E-006  2.124826845003E-006
  1.410446310162E+001  3.557097086969E-001 -4.371588483484E-006 -3.243297979947E-006  2.064194814949E-006
  1.446670888596E+001  3.688883410292E-001 -5.413634725198E-006 -2.518083723100E-006  1.930039748419E-006
  1.484245934302E+001  3.827257493700E-001 -6.227751546694E-006 -1.826980210254E-006  1.742336090882E-006
  1.523239383723E+001  3.972636220891E-001 -6.813213846807E-006 -1.190364815977E-006  1.520010307515E-006
  1.563723500136E+001  4.125468537596E-001 -7.177104408438E-006 -6.235312159275E-007  1.280162365374E-006
  1.605775208607E+001  4.286238365683E-001 -7.333365977505E-006 -1.366756319434E-007  1.037514492525E-006
  1.649476461582E+001  4.455467823929E-001 -7.301637050338E-006  2.648731984975E-007  8.040792374583E-007
  1.694914638379E+001  4.633720792263E-001 -7.105938823113E-006  5.802193502800E-007  5.890292601143E-007
  1.742182982203E+001  4.821606861220E-001 -6.773284125392E-006  8.123055896505E-007  3.987434684565E-007
  1.791381078784E+001  5.019785714107E-001 -6.332278973857E-006  9.672085931127E-007  2.369984153298E-007
  1.842615381215E+001  5.228971995942E-001 -5.811783674753E-006  1.053373064140E-006  1.052704609747E-007
  1.895999786176E+001  5.449940730840E-001 -5.239693404601E-006  1.080832406974E-006  3.113089085337E-009
  1.951656267356E+001  5.683533358366E-001 -4.641888325619E-006  1.060459303745E-006 -7.142521227222E-008
  2.009715572669E+001  5.930664469535E-001 -4.041391129424E-006  1.003283198715E-006 -1.213742073725E-007
  2.070317992707E+001  6.192329335039E-001 -3.457756172202E-006  9.199038090224E-007 -1.504336330074E-007
  2.133614208874E+001  6.469612332096E-001 -2.906699888730E-006  8.200209115523E-007 -1.626052716743E-007
  2.199766230782E+001  6.763696392388E-001 -2.399967828590E-006  7.120913913157E-007 -1.618812257360E-007
  2.268948433818E+001  7.075873612439E-001 -1.945420326338E-006  6.031154679162E-007 -1.519980397537E-007
  2.341348709294E+001  7.407557189842E-001 -1.547307326535E-006  4.985456981319E-007 -1.362603695288E-007
  2.417169741362E+001  7.760294874639E-001 -1.206693951294E-006  4.023052717133E-007 -1.174325550606E-007
  2.496630426925E+001  8.135784155747E-001 -9.219925703380E-007  3.168966642651E-007 -9.769200407141E-008
  2.579967457140E+001  8.535889438281E-001 -6.895547376186E-007  2.435781521514E-007 -7.863493344145E-008
  2.667437081864E+001  8.962661510291E-001 -5.042774582179E-007  1.825841522281E-007 -6.132285833480E-008
  2.759317081651E+001  9.418359647997E-001 -3.601826232119E-007  1.333657895631E-007 -4.635728046954E-008
  2.855908975674E+001  9.905476768748E-001 -2.509355949722E-007  9.483032648623E-008 -3.397023392374E-008
  2.957540498378E+001  1.042676811269E+000 -1.702780881439E-007  6.556176766172E-008 -2.411954074296E-008
  3.064568382919E+001  1.098528402000E+000 -1.123607354293E-007  4.400963191866E-008 -1.657958054099E-008
  3.177381495601E+001  1.158440747351E+000 -7.197102594494E-008  2.863802190352E-008 -1.102080985222E-008
  3.296404372807E+001  1.222789720048E+000 -4.466165639124E-008  1.803217925293E-008 -7.073877896628E-009
  3.422101220608E+001  1.291993727721E+000 -2.679188715475E-008  1.096418333426E-008 -4.376685463180E-009
  3.554980447538E+001  1.366519436102E+000 -1.549964717305E-008  6.422938889032E-009 -2.604875235339E-009
  3.695599813319E+001  1.446888389511E+000 -8.624614413718E-009  3.615859110646E-009 -1.487848171820E-009
  3.844572291106E+001  1.533684690030E+000 -4.602403118760E-009  1.950622367053E-009 -8.133837145712E-010
  4.002572758518E+001  1.627563929686E+000 -2.347732998011E-009  1.005176678687E-009 -4.243077469617E-010
  4.170345654134E+001  1.729263610453E+000 -1.140701076585E-009  4.930452912673E-010 -2.104910264510E-010
  4.348713762001E+001  1.839615336740E+000 -5.258034507309E-010  2.292979566081E-010 -9.892144522596E-011
  4.538588318162E+001  1.959559126947E+000 -2.289182950231E-010  1.006656220818E-010 -4.385180473636E-011
  4.740980671574E+001  2.090160267552E+000 -9.367050522404E-011  4.151536008370E-011 -1.824886338114E-011
  4.957015778746E+001  2.232629229408E+000 -3.582647566693E-011  1.599608712994E-011 -7.090782142113E-012
  5.187947869225E+001  2.388345286640E+000 -1.272969069826E-011  5.723280344038E-012 -2.557029999864E-012
  5.435178690397E+001  2.558884630889E+000 -4.173098657858E-012  1.888560113543E-012 -8.499834997668E-013
  5.700278828629E+001  2.746053966795E+000 -1.252494624997E-012  5.703387398324E-013 -2.584632142738E-013
  5.985012714155E+001  2.951930820846E+000 -3.411927908832E-013  1.562761378360E-013 -7.127852579453E-014
  6.291368055481E+001  3.178912111311E+000 -8.353690004770E-014  3.847406275349E-014 -1.765480972345E-014
  6.621590623276E+001  3.429772933797E+000 -1.818031914590E-014  8.417017594095E-015 -3.884401792677E-015
  6.978225524452E+001  3.707738044625E+000 -3.473062179487E-015  1.615901101728E-015 -7.497307982791E-016
  7.364166388185E+001  4.016569212832E+000 -5.741186484396E-016  2.683708484062E-016 -1.251453967502E-016
  7.782714245929E+001  4.360672516382E+000 -8.079388298022E-017  3.793468485572E-017 -1.777373810044E-017
  8.237648351994E+001  4.745230855210E+000 -9.499902133283E-018  4.479201106260E-018 -2.108084194170E-018
  8.733311794503E+001  5.176368549127E+000 -9.134418169205E-019  4.324048951002E-019 -2.043681184809E-019
  9.274715535088E+001  5.661357031559E+000 -7.006112464116E-020  3.329087435732E-020 -1.579719397409E-020
  9.867665554529E+001  6.208873552072E+000 -4.164875227613E-021  1.986110458346E-021 -9.460056760067E-022
  1.051891916055E+002  6.829328764649E+000 -1.855633761314E-022  8.879046287737E-023 -4.244254436107E-023
  1.123637836013E+002  7.535284543316E+000 -5.958108288796E-024  2.860082184500E-024 -1.371742992582E-024
  1.202933069206E+002  8.341990973528E+000 -1.316476315367E-025  6.338790468045E-026 -3.049853392382E-026
  1.290875131414E+002  9.268082166539E+000 -1.895469307098E-027  9.153010029364E-028 -4.417111748569E-028
  1.388768482001E+002  1.033648575811E+001 -1.666674047462E-029  8.070222019060E-030 -3.905614366031E-030
  1.498173177370E+002  1.157562284364E+001 -8.281564123947E-032  4.020421020669E-032 -1.950904653320E-032
  1.620967411853E+002  1.302100699722E+001 -2.117924423915E-034  1.030702714879E-034 -5.014101465760E-035
  1.759428668168E+002  1.471739812515E+001 -2.488889873310E-037  1.214043868737E-037 -5.920070740147E-038
  1.916340085825E+002  1.672173748087E+001 -1.170051724134E-040  5.719838336572E-041 -2.795435905083E-041
  2.095131417987E+002  1.910719757888E+001 -1.854837481951E-044  9.086171800078E-045 -4.450031017698E-045
  2.300068054477E+002  2.196884699990E+001 -8.016723550738E-049  3.934746375643E-049 -1.930903486683E-049
  2.536507797910E+002  2.543169216868E+001 -7.232527284308E-054  3.556353024891E-054 -1.748469340666E-054
  2.811254638474E+002  2.966227967912E+001 -9.701690784510E-060  4.778691973617E-060 -2.353537589078E-060
  3.133053780630E+002  3.488573552677E+001 -1.250960190857E-066  6.171707759597E-067 -3.044583251165E-067
  3.513296254502E+002  4.141128389041E+001 -8.783748589301E-075  4.340071437782E-075 -2.144287046864E-075
  3.967041014106E+002  4.967130404214E+001 -1.584201446549E-084  7.838603279916E-085 -3.878313980814E-085
  4.514529193349E+002  6.028257212519E+001 -2.672299802467E-096  1.323982208722E-096 -6.559349595496E-097
  5.183481233601E+002  7.414493328740E+001 -1.056584410571E-110  5.241171389295E-111 -2.599792851372E-111
  6.012676077950E+002  9.260523890243E+001 -1.412355063167E-128  7.013822434531E-129 -3.483016182566E-129
  7.057700503752E+002  1.177394213729E+002 -3.975383234247E-151  1.976227943550E-151 -9.823986637029E-152
  8.400513767914E+002  1.528577972397E+002 -3.929028947349E-180  1.955022266226E-180 -9.727764955894E-181
  1.016602135495E+003  2.034537342122E+002 -2.658808993471E-218  1.324110140530E-218 -6.594131633616E-219
  1.255220715580E+003  2.790860613466E+002 -6.229651060603E-270  3.104802054793E-270 -1.547397353505E-270
  1.588815776243E+003  3.973705897531E+002  0.000000000000E+000  0.000000000000E+000  0.000000000000E+000
  2.075392011604E+003  5.931596040112E+002  0.000000000000E+000  0.000000000000E+000  0.000000000000E+000
  2.825079847529E+003  9.419154890021E+002  0.000000000000E+000  0.000000000000E+000  0.000000000000E+000
  4.068408296184E+003  1.627629972033E+003  0.000000000000E+000  0.000000000000E+000  0.000000000000E+000
  6.357262947674E+003  3.178964796686E+003  0.000000000000E+000  0.000000000000E+000  0.000000000000E+000
  1.130231930164E+004  7.535323971013E+003  0.000000000000E+000  0.000000000000E+000  0.000000000000E+000
  2.543105175140E+004  2.543171841285E+004  0.000000000000E+000  0.000000000000E+000  0.000000000000E+000
  1.017262069958E+005  2.034537473226E+005  0.000000000000E+000  0.000000000000E+000  0.000000000000E+000
