# 1st line: number of mesh points
# abcissa weight wavefunction wavefunction_1st wavefunction_2nd
500
# Principal QN=   1 , l=   1 , Occupation=   0.0000
  9.830308526508E-006  1.966074589941E-005  5.305047928390E-006  5.396503984099E-001 -2.442449575910E+000
  3.932200719717E-005  3.932303800261E-005  2.121919276189E-005  5.395783734332E-001 -2.441974184186E+000
  8.847741541455E-005  5.898842277178E-005  4.773943807716E-005  5.394583566655E-001 -2.441182041987E+000
  1.573003992804E-004  7.865844718600E-005  8.486079127435E-005  5.392903853858E-001 -2.440073415262E+000
  2.457963722417E-004  9.833465899987E-005  1.325762657347E-004  5.390745117632E-001 -2.438648676213E+000
  3.539722959954E-004  1.180186070023E-004  1.908768838412E-004  5.388108028351E-001 -2.436908303176E+000
  4.818366816528E-004  1.377118412759E-004  2.597516808595E-004  5.384993404794E-001 -2.434852880456E+000
  6.293995911626E-004  1.574159134560E-004  3.391877096800E-004  5.381402213803E-001 -2.432483098132E+000
  7.966726389934E-004  1.771323769912E-004  4.291700464178E-004  5.377335569884E-001 -2.429799751828E+000
  9.836689940782E-004  1.968627874036E-004  5.296817968701E-004  5.372794734740E-001 -2.426803742446E+000
  1.190403382016E-003  2.166087025496E-004  6.407041038276E-004  5.367781116747E-001 -2.423496075860E+000
  1.416892087541E-003  2.363716828821E-004  7.622161552399E-004  5.362296270366E-001 -2.419877862585E+000
  1.663152957245E-003  2.561532917128E-004  8.941951932298E-004  5.356341895495E-001 -2.415950317395E+000
  1.929205402573E-003  2.759550954757E-004  1.036616523955E-003  5.349919836759E-001 -2.411714758921E+000
  2.215070403074E-003  2.957786639908E-004  1.189453528314E-003  5.343032082735E-001 -2.407172609203E+000
  2.520770509919E-003  3.156255707300E-004  1.352677673494E-003  5.335680765125E-001 -2.402325393211E+000
  2.846329849692E-003  3.354973930828E-004  1.526258525351E-003  5.327868157856E-001 -2.397174738328E+000
  3.191774128432E-003  3.553957126240E-004  1.710163761630E-003  5.319596676128E-001 -2.391722373796E+000
  3.557130635959E-003  3.753221153821E-004  1.904359186008E-003  5.310868875396E-001 -2.385970130135E+000
  3.942428250463E-003  3.952781921092E-004  2.108808742964E-003  5.301687450294E-001 -2.379919938514E+000
  4.347697443358E-003  4.152655385525E-004  2.323474533465E-003  5.292055233496E-001 -2.373573830096E+000
  4.772970284417E-003  4.352857557265E-004  2.548316831471E-003  5.281975194519E-001 -2.366933935341E+000
  5.218280447175E-003  4.553404501876E-004  2.783294101242E-003  5.271450438460E-001 -2.360002483280E+000
  5.683663214611E-003  4.754312343099E-004  3.028363015454E-003  5.260484204684E-001 -2.352781800743E+000
  6.169155485101E-003  4.955597265624E-004  3.283478474106E-003  5.249079865436E-001 -2.345274311565E+000
  6.674795778653E-003  5.157275517886E-004  3.548593624217E-003  5.237240924410E-001 -2.337482535744E+000
  7.200624243425E-003  5.359363414876E-004  3.823659880312E-003  5.224971015243E-001 -2.329409088568E+000
  7.746682662519E-003  5.561877340970E-004  4.108626945673E-003  5.212273899962E-001 -2.321056679709E+000
  8.313014461060E-003  5.764833752781E-004  4.403442834368E-003  5.199153467363E-001 -2.312428112281E+000
  8.899664713569E-003  5.968249182030E-004  4.708053894033E-003  5.185613731337E-001 -2.303526281852E+000
  9.506680151615E-003  6.172140238444E-004  5.022404829410E-003  5.171658829133E-001 -2.294354175437E+000
  1.013410917176E-002  6.376523612666E-004  5.346438726625E-003  5.157293019565E-001 -2.284914870443E+000
  1.078200184380E-002  6.581416079202E-004  5.680097078201E-003  5.142520681157E-001 -2.275211533583E+000
  1.145040991929E-002  6.786834499385E-004  6.023319808793E-003  5.127346310238E-001 -2.265247419751E+000
  1.213938684040E-002  6.992795824361E-004  6.376045301643E-003  5.111774518974E-001 -2.255025870868E+000
  1.284898774901E-002  7.199317098113E-004  6.738210425732E-003  5.095810033338E-001 -2.244550314689E+000
  1.357926949620E-002  7.406415460502E-004  7.109750563630E-003  5.079457691035E-001 -2.233824263567E+000
  1.433029065191E-002  7.614108150341E-004  7.490599640023E-003  5.062722439361E-001 -2.222851313197E+000
  1.510211151509E-002  7.822412508494E-004  7.880690150918E-003  5.045609333008E-001 -2.211635141309E+000
  1.589479412397E-002  8.031345981016E-004  8.279953193499E-003  5.028123531817E-001 -2.200179506339E+000
  1.670840226680E-002  8.240926122311E-004  8.688318496633E-003  5.010270298470E-001 -2.188488246053E+000
  1.754300149280E-002  8.451170598329E-004  9.105714452003E-003  4.992054996136E-001 -2.176565276142E+000
  1.839865912351E-002  8.662097189796E-004  9.532068145870E-003  4.973483086048E-001 -2.164414588785E+000
  1.927544426443E-002  8.873723795480E-004  9.967305391430E-003  4.954560125044E-001 -2.152040251167E+000
  2.017342781695E-002  9.086068435487E-004  1.041135076177E-002  4.935291763040E-001 -2.139446403971E+000
  2.109268249069E-002  9.299149254598E-004  1.086412762338E-002  4.915683740461E-001 -2.126637259832E+000
  2.203328281612E-002  9.512984525641E-004  1.132555817028E-002  4.895741885610E-001 -2.113617101755E+000
  2.299530515754E-002  9.727592652906E-004  1.179556345861E-002  4.875472111995E-001 -2.100390281499E+000
  2.397882772639E-002  9.942992175591E-004  1.227406344178E-002  4.854880415599E-001 -2.086961217928E+000
  2.498393059493E-002  1.015920177130E-003  1.276097700621E-002  4.833972872102E-001 -2.073334395327E+000
  2.601069571024E-002  1.037624025957E-003  1.325622200742E-002  4.812755634051E-001 -2.059514361680E+000
  2.705920690860E-002  1.059412660547E-003  1.375971530669E-002  4.791234927987E-001 -2.045505726921E+000
  2.812954993023E-002  1.081287992318E-003  1.427137280815E-002  4.769417051516E-001 -2.031313161144E+000
  2.922181243436E-002  1.103251947969E-003  1.479110949634E-002  4.747308370341E-001 -2.016941392786E+000
  3.033608401473E-002  1.125306469854E-003  1.531883947408E-002  4.724915315239E-001 -2.002395206769E+000
  3.147245621542E-002  1.147453516351E-003  1.585447600089E-002  4.702244379002E-001 -1.987679442616E+000
  3.263102254705E-002  1.169695062249E-003  1.639793153165E-002  4.679302113324E-001 -1.972798992529E+000
  3.381187850339E-002  1.192033099133E-003  1.694911775568E-002  4.656095125650E-001 -1.957758799435E+000
  3.501512157837E-002  1.214469635775E-003  1.750794563613E-002  4.632630075981E-001 -1.942563855003E+000
  3.624085128345E-002  1.237006698530E-003  1.807432544970E-002  4.608913673634E-001 -1.927219197625E+000
  3.748916916538E-002  1.259646331739E-003  1.864816682658E-002  4.584952673970E-001 -1.911729910365E+000
  3.876017882444E-002  1.282390598136E-003  1.922937879074E-002  4.560753875070E-001 -1.896101118879E+000
  4.005398593302E-002  1.305241579266E-003  1.981786980037E-002  4.536324114383E-001 -1.880337989301E+000
  4.137069825459E-002  1.328201375897E-003  2.041354778857E-002  4.511670265330E-001 -1.864445726102E+000
  4.271042566323E-002  1.351272108452E-003  2.101632020419E-002  4.486799233876E-001 -1.848429569912E+000
  4.407328016341E-002  1.374455917436E-003  2.162609405288E-002  4.461717955064E-001 -1.832294795319E+000
  4.545937591035E-002  1.397754963880E-003  2.224277593820E-002  4.436433389517E-001 -1.816046708634E+000
  4.686882923075E-002  1.421171429779E-003  2.286627210286E-002  4.410952519909E-001 -1.799690645628E+000
  4.830175864396E-002  1.444707518548E-003  2.349648847001E-002  4.385282347401E-001 -1.783231969240E+000
  4.975828488365E-002  1.468365455478E-003  2.413333068458E-002  4.359429888051E-001 -1.766676067256E+000
  5.123853091993E-002  1.492147488203E-003  2.477670415465E-002  4.333402169199E-001 -1.750028349963E+000
  5.274262198188E-002  1.516055887169E-003  2.542651409271E-002  4.307206225814E-001 -1.733294247771E+000
  5.427068558066E-002  1.540092946119E-003  2.608266555697E-002  4.280849096832E-001 -1.716479208815E+000
  5.582285153302E-002  1.564260982573E-003  2.674506349247E-002  4.254337821457E-001 -1.699588696524E+000
  5.739925198530E-002  1.588562338332E-003  2.741361277219E-002  4.227679435451E-001 -1.682628187170E+000
  5.900002143803E-002  1.612999379973E-003  2.808821823787E-002  4.200880967396E-001 -1.665603167389E+000
  6.062529677088E-002  1.637574499364E-003  2.876878474071E-002  4.173949434945E-001 -1.648519131679E+000
  6.227521726827E-002  1.662290114181E-003  2.945521718185E-002  4.146891841051E-001 -1.631381579876E+000
  6.394992464542E-002  1.687148668440E-003  3.014742055253E-002  4.119715170190E-001 -1.614196014605E+000
  6.564956307496E-002  1.712152633027E-003  3.084529997397E-002  4.092426384559E-001 -1.596967938712E+000
  6.737427921404E-002  1.737304506249E-003  3.154876073692E-002  4.065032420280E-001 -1.579702852672E+000
  6.912422223211E-002  1.762606814387E-003  3.225770834081E-002  4.037540183583E-001 -1.562406251979E+000
  7.089954383907E-002  1.788062112257E-003  3.297204853247E-002  4.009956546989E-001 -1.545083624518E+000
  7.270039831418E-002  1.813672983787E-003  3.369168734441E-002  3.982288345491E-001 -1.527740447914E+000
  7.452694253540E-002  1.839442042599E-003  3.441653113261E-002  3.954542372729E-001 -1.510382186871E+000
  7.637933600943E-002  1.865371932600E-003  3.514648661368E-002  3.926725377171E-001 -1.493014290484E+000
  7.825774090225E-002  1.891465328589E-003  3.588146090154E-002  3.898844058293E-001 -1.475642189550E+000
  8.016232207035E-002  1.917724936867E-003  3.662136154342E-002  3.870905062769E-001 -1.458271293852E+000
  8.209324709253E-002  1.944153495867E-003  3.736609655517E-002  3.842914980670E-001 -1.440906989435E+000
  8.405068630235E-002  1.970753776782E-003  3.811557445587E-002  3.814880341668E-001 -1.423554635872E+000
  8.603481282122E-002  1.997528584221E-003  3.886970430167E-002  3.786807611262E-001 -1.406219563517E+000
  8.804580259214E-002  2.024480756857E-003  3.962839571884E-002  3.758703187016E-001 -1.388907070747E+000
  9.008383441408E-002  2.051613168108E-003  4.039155893597E-002  3.730573394817E-001 -1.371622421202E+000
  9.214908997710E-002  2.078928726810E-003  4.115910481516E-002  3.702424485157E-001 -1.354370841008E+000
  9.424175389809E-002  2.106430377918E-003  4.193094488247E-002  3.674262629439E-001 -1.337157516006E+000
  9.636201375725E-002  2.134121103210E-003  4.270699135714E-002  3.646093916314E-001 -1.319987588966E+000
  9.851006013526E-002  2.162003922007E-003  4.348715717995E-002  3.617924348043E-001 -1.302866156809E+000
  1.006860866512E-001  2.190081891910E-003  4.427135604039E-002  3.589759836900E-001 -1.285798267820E+000
  1.028902900012E-001  2.218358109541E-003  4.505950240271E-002  3.561606201614E-001 -1.268788918863E+000
  1.051228699979E-001  2.246835711311E-003  4.585151153076E-002  3.533469163844E-001 -1.251843052602E+000
  1.073840296104E-001  2.275517874190E-003  4.664729951166E-002  3.505354344707E-001 -1.234965554720E+000
  1.096739750056E-001  2.304407816497E-003  4.744678327807E-002  3.477267261349E-001 -1.218161251151E+000
  1.119929155896E-001  2.333508798707E-003  4.824988062926E-002  3.449213323570E-001 -1.201434905307E+000
  1.143410640503E-001  2.362824124271E-003  4.905651025060E-002  3.421197830501E-001 -1.184791215331E+000
  1.167186364011E-001  2.392357140448E-003  4.986659173183E-002  3.393225967344E-001 -1.168234811344E+000
  1.191258520249E-001  2.422111239159E-003  5.068004558366E-002  3.365302802168E-001 -1.151770252714E+000
  1.215629337189E-001  2.452089857854E-003  5.149679325293E-002  3.337433282778E-001 -1.135402025342E+000
  1.240301077413E-001  2.482296480400E-003  5.231675713615E-002  3.309622233651E-001 -1.119134538953E+000
  1.265276038575E-001  2.512734637975E-003  5.313986059137E-002  3.281874352940E-001 -1.102972124421E+000
  1.290556553882E-001  2.543407909995E-003  5.396602794845E-002  3.254194209564E-001 -1.086919031100E+000
  1.316144992580E-001  2.574319925047E-003  5.479518451750E-002  3.226586240377E-001 -1.070979424193E+000
  1.342043760450E-001  2.605474361847E-003  5.562725659554E-002  3.199054747419E-001 -1.055157382131E+000
  1.368255300316E-001  2.636874950214E-003  5.646217147141E-002  3.171603895259E-001 -1.039456893989E+000
  1.394782092560E-001  2.668525472060E-003  5.729985742871E-002  3.144237708430E-001 -1.023881856933E+000
  1.421626655646E-001  2.700429762411E-003  5.814024374685E-002  3.116960068968E-001 -1.008436073691E+000
  1.448791546661E-001  2.732591710434E-003  5.898326070008E-002  3.089774714042E-001 -9.931232500643E-001
  1.476279361856E-001  2.765015260497E-003  5.982883955460E-002  3.062685233700E-001 -9.779469924775E-001
  1.504092737207E-001  2.797704413242E-003  6.067691256347E-002  3.035695068719E-001 -9.629108055610E-001
  1.532234348983E-001  2.830663226680E-003  6.152741295952E-002  3.008807508573E-001 -9.480180897819E-001
  1.560706914324E-001  2.863895817319E-003  6.238027494604E-002  2.982025689519E-001 -9.332721391169E-001
  1.589513191834E-001  2.897406361298E-003  6.323543368536E-002  2.955352592805E-001 -9.186761387719E-001
  1.618655982178E-001  2.931199095559E-003  6.409282528506E-002  2.928791043006E-001 -9.042331629535E-001
  1.648138128702E-001  2.965278319033E-003  6.495238678207E-002  2.902343706496E-001 -8.899461726913E-001
  1.677962518056E-001  2.999648393860E-003  6.581405612436E-002  2.876013090047E-001 -8.758180137166E-001
  1.708132080832E-001  3.034313746623E-003  6.667777215031E-002  2.849801539581E-001 -8.618514143993E-001
  1.738649792215E-001  3.069278869616E-003  6.754347456575E-002  2.823711239052E-001 -8.480489837456E-001
  1.769518672648E-001  3.104548322136E-003  6.841110391856E-002  2.797744209494E-001 -8.344132094601E-001
  1.800741788507E-001  3.140126731803E-003  6.928060157081E-002  2.771902308206E-001 -8.209464560747E-001
  1.832322252791E-001  3.176018795904E-003  7.015190966856E-002  2.746187228107E-001 -8.076509631470E-001
  1.864263225826E-001  3.212229282769E-003  7.102497110902E-002  2.720600497251E-001 -7.945288435326E-001
  1.896567915983E-001  3.248763033179E-003  7.189972950537E-002  2.695143478499E-001 -7.815820817324E-001
  1.929239580409E-001  3.285624961791E-003  7.277612914896E-002  2.669817369375E-001 -7.688125323191E-001
  1.962281525771E-001  3.322820058613E-003  7.365411496901E-002  2.644623202088E-001 -7.562219184463E-001
  1.995697109023E-001  3.360353390492E-003  7.453363248978E-002  2.619561843733E-001 -7.438118304424E-001
  2.029489738173E-001  3.398230102644E-003  7.541462778519E-002  2.594633996681E-001 -7.315837244925E-001
  2.063662873085E-001  3.436455420218E-003  7.629704743089E-002  2.569840199145E-001 -7.195389214122E-001
  2.098220026275E-001  3.475034649885E-003  7.718083845376E-002  2.545180825947E-001 -7.076786055163E-001
  2.133164763746E-001  3.513973181471E-003  7.806594827889E-002  2.520656089473E-001 -6.960038235841E-001
  2.168500705817E-001  3.553276489620E-003  7.895232467401E-002  2.496266040824E-001 -6.845154839270E-001
  2.204231527988E-001  3.592950135496E-003  7.983991569137E-002  2.472010571176E-001 -6.732143555593E-001
  2.240360961807E-001  3.632999768520E-003  8.072866960717E-002  2.447889413334E-001 -6.621010674762E-001
  2.276892795770E-001  3.673431128145E-003  8.161853485845E-002  2.423902143504E-001 -6.511761080431E-001
  2.313830876220E-001  3.714250045674E-003  8.250945997755E-002  2.400048183265E-001 -6.404398244974E-001
  2.351179108282E-001  3.755462446115E-003  8.340139352413E-002  2.376326801766E-001 -6.298924225674E-001
  2.388941456809E-001  3.797074350078E-003  8.429428401480E-002  2.352737118129E-001 -6.195339662113E-001
  2.427121947345E-001  3.839091875711E-003  8.518807985045E-002  2.329278104076E-001 -6.093643774784E-001
  2.465724667110E-001  3.881521240686E-003  8.608272924120E-002  2.305948586774E-001 -5.993834364966E-001
  2.504753766009E-001  3.924368764227E-003  8.697818012920E-002  2.282747251910E-001 -5.895907815888E-001
  2.544213457654E-001  3.967640869177E-003  8.787438010920E-002  2.259672646981E-001 -5.799859095207E-001
  2.584108020414E-001  4.011344084122E-003  8.877127634706E-002  2.236723184813E-001 -5.705681758839E-001
  2.624441798480E-001  4.055485045557E-003  8.966881549614E-002  2.213897147315E-001 -5.613367956161E-001
  2.665219202956E-001  4.100070500102E-003  9.056694361186E-002  2.191192689454E-001 -5.522908436619E-001
  2.706444712976E-001  4.145107306769E-003  9.146560606431E-002  2.168607843460E-001 -5.434292557765E-001
  2.748122876832E-001  4.190602439283E-003  9.236474744913E-002  2.146140523264E-001 -5.347508294751E-001
  2.790258313137E-001  4.236562988450E-003  9.326431149677E-002  2.123788529161E-001 -5.262542251303E-001
  2.832855712010E-001  4.282996164587E-003  9.416424098010E-002  2.101549552711E-001 -5.179379672204E-001
  2.875919836279E-001  4.329909300005E-003  9.506447762075E-002  2.079421181859E-001 -5.098004457302E-001
  2.919455522717E-001  4.377309851548E-003  9.596496199403E-002  2.057400906290E-001 -5.018399177075E-001
  2.963467683296E-001  4.425205403192E-003  9.686563343272E-002  2.035486123005E-001 -4.940545089758E-001
  3.007961306479E-001  4.473603668706E-003  9.776642992992E-002  2.013674142128E-001 -4.864422160073E-001
  3.052941458522E-001  4.522512494374E-003  9.866728804097E-002  1.991962192928E-001 -4.790009079560E-001
  3.098413284823E-001  4.571939861783E-003  9.956814278470E-002  1.970347430065E-001 -4.717283288536E-001
  3.144382011281E-001  4.621893890671E-003  1.004689275442E-001  1.948826940056E-001 -4.646220999693E-001
  3.190852945695E-001  4.672382841850E-003  1.013695739670E-001  1.927397747942E-001 -4.576797223356E-001
  3.237831479192E-001  4.723415120192E-003  1.022700118659E-001  1.906056824176E-001 -4.508985794395E-001
  3.285323087679E-001  4.774999277691E-003  1.031701691185E-001  1.884801091707E-001 -4.442759400822E-001
  3.333333333333E-001  4.827144016591E-003  1.040699715684E-001  1.863627433265E-001 -4.378089614058E-001
  3.381867866117E-001  4.879858192602E-003  1.049693429260E-001  1.842532698838E-001 -4.314946920899E-001
  3.430932425333E-001  4.933150818173E-003  1.058682046702E-001  1.821513713335E-001 -4.253300757160E-001
  3.480532841203E-001  4.987031065868E-003  1.067664759514E-001  1.800567284432E-001 -4.193119543010E-001
  3.530675036492E-001  5.041508271801E-003  1.076640734952E-001  1.779690210580E-001 -4.134370720001E-001
  3.581365028158E-001  5.096591939172E-003  1.085609115078E-001  1.758879289188E-001 -4.077020789774E-001
  3.632608929041E-001  5.152291741875E-003  1.094569015835E-001  1.738131324950E-001 -4.021035354433E-001
  3.684412949588E-001  5.208617528209E-003  1.103519526131E-001  1.717443138324E-001 -3.966379158596E-001
  3.736783399619E-001  5.265579324662E-003  1.112459706961E-001  1.696811574141E-001 -3.913016133086E-001
  3.789726690123E-001  5.323187339805E-003  1.121388590542E-001  1.676233510341E-001 -3.860909440259E-001
  3.843249335105E-001  5.381451968273E-003  1.130305179483E-001  1.655705866818E-001 -3.810021520945E-001
  3.897357953460E-001  5.440383794842E-003  1.139208445989E-001  1.635225614363E-001 -3.760314142978E-001
  3.952059270903E-001  5.499993598618E-003  1.148097331092E-001  1.614789783702E-001 -3.711748451292E-001
  4.007360121927E-001  5.560292357317E-003  1.156970743930E-001  1.594395474593E-001 -3.664285019543E-001
  4.063267451812E-001  5.621291251662E-003  1.165827561060E-001  1.574039864995E-001 -3.617883903238E-001
  4.119788318683E-001  5.683001669888E-003  1.174666625826E-001  1.553720220267E-001 -3.572504694314E-001
  4.176929895600E-001  5.745435212354E-003  1.183486747762E-001  1.533433902402E-001 -3.528106577143E-001
  4.234699472710E-001  5.808603696282E-003  1.192286702060E-001  1.513178379270E-001 -3.484648385902E-001
  4.293104459435E-001  5.872519160606E-003  1.201065229090E-001  1.492951233844E-001 -3.442088663268E-001
  4.352152386716E-001  5.937193870949E-003  1.209821033976E-001  1.472750173414E-001 -3.400385720375E-001
  4.411850909306E-001  6.002640324729E-003  1.218552786238E-001  1.452573038740E-001 -3.359497697979E-001
  4.472207808110E-001  6.068871256391E-003  1.227259119506E-001  1.432417813150E-001 -3.319382628767E-001
  4.533230992589E-001  6.135899642772E-003  1.235938631294E-001  1.412282631548E-001 -3.279998500737E-001
  4.594928503202E-001  6.203738708611E-003  1.244589882862E-001  1.392165789312E-001 -3.241303321578E-001
  4.657308513924E-001  6.272401932198E-003  1.253211399143E-001  1.372065751065E-001 -3.203255183974E-001
  4.720379334802E-001  6.341903051163E-003  1.261801668763E-001  1.351981159290E-001 -3.165812331753E-001
  4.784149414579E-001  6.412256068427E-003  1.270359144143E-001  1.331910842768E-001 -3.128933226771E-001
  4.848627343381E-001  6.483475258298E-003  1.278882241690E-001  1.311853824819E-001 -3.092576616476E-001
  4.913821855461E-001  6.555575172733E-003  1.287369342081E-001  1.291809331312E-001 -3.056701602014E-001
  4.979741832006E-001  6.628570647764E-003  1.295818790648E-001  1.271776798422E-001 -3.021267706805E-001
  5.046396304008E-001  6.702476810086E-003  1.304228897862E-001  1.251755880112E-001 -2.986234945460E-001
  5.113794455212E-001  6.777309083830E-003  1.312597939917E-001  1.231746455311E-001 -2.951563892941E-001
  5.181945625116E-001  6.853083197508E-003  1.320924159428E-001  1.211748634752E-001 -2.917215753831E-001
  5.250859312060E-001  6.929815191146E-003  1.329205766241E-001  1.191762767457E-001 -2.883152431605E-001
  5.320545176366E-001  7.007521423604E-003  1.337440938344E-001  1.171789446827E-001 -2.849336597761E-001
  5.391013043575E-001  7.086218580100E-003  1.345627822914E-001  1.151829516320E-001 -2.815731760686E-001
  5.462272907741E-001  7.165923679926E-003  1.353764537470E-001  1.131884074674E-001 -2.782302334113E-001
  5.534334934816E-001  7.246654084380E-003  1.361849171155E-001  1.111954480664E-001 -2.749013705030E-001
  5.607209466109E-001  7.328427504912E-003  1.369879786138E-001  1.092042357340E-001 -2.715832300887E-001
  5.680907021827E-001  7.411262011483E-003  1.377854419150E-001  1.072149595744E-001 -2.682725655952E-001
  5.755438304707E-001  7.495176041166E-003  1.385771083139E-001  1.052278358045E-001 -2.649662476664E-001
  5.830814203728E-001  7.580188406970E-003  1.393627769069E-001  1.032431080096E-001 -2.616612705804E-001
  5.907045797917E-001  7.666318306912E-003  1.401422447837E-001  1.012610473350E-001 -2.583547585340E-001
  5.984144360243E-001  7.753585333338E-003  1.409153072331E-001  9.928195261309E-002 -2.550439717760E-001
  6.062121361613E-001  7.842009482502E-003  1.416817579617E-001  9.730615042191E-002 -2.517263125726E-001
  6.140988474955E-001  7.931611164409E-003  1.424413893264E-001  9.533399507228E-002 -2.483993309872E-001
  6.220757579409E-001  8.022411212936E-003  1.431939925799E-001  9.336586852096E-002 -2.450607304565E-001
  6.301440764614E-001  8.114430896230E-003  1.439393581290E-001  9.140218020701E-002 -2.417083731447E-001
  6.383050335109E-001  8.207691927403E-003  1.446772758068E-001  8.944336680864E-002 -2.383402850575E-001
  6.465598814833E-001  8.302216475524E-003  1.454075351576E-001  8.748989191798E-002 -2.349546608962E-001
  6.549098951744E-001  8.398027176926E-003  1.461299257339E-001  8.554224563130E-002 -2.315498686348E-001
  6.633563722545E-001  8.495147146827E-003  1.468442374066E-001  8.360094405234E-002 -2.281244537996E-001
  6.719006337539E-001  8.593599991288E-003  1.475502606866E-001  8.166652870643E-002 -2.246771434326E-001
  6.805440245593E-001  8.693409819506E-003  1.482477870586E-001  7.973956586352E-002 -2.212068497206E-001
  6.892879139233E-001  8.794601256469E-003  1.489366093256E-001  7.782064576799E-002 -2.177126732693E-001
  6.981336959871E-001  8.897199455961E-003  1.496165219640E-001  7.591038177373E-002 -2.141939060053E-001
  7.070827903152E-001  9.001230113956E-003  1.502873214891E-001  7.400940938279E-002 -2.106500336865E-001
  7.161366424455E-001  9.106719482390E-003  1.509488068292E-001  7.211838518646E-002 -2.070807380017E-001
  7.252967244510E-001  9.213694383338E-003  1.516007797089E-001  7.023798570758E-002 -2.034858982425E-001
  7.345645355186E-001  9.322182223606E-003  1.522430450390E-001  6.836890614347E-002 -1.998655925296E-001
  7.439416025400E-001  9.432211009745E-003  1.528754113141E-001  6.651185900867E-002 -1.962200985749E-001
  7.534294807203E-001  9.543809363512E-003  1.534976910152E-001  6.466757267760E-002 -1.925498939647E-001
  7.630297542000E-001  9.657006537783E-003  1.541097010167E-001  6.283678982693E-002 -1.888556559455E-001
  7.727440366954E-001  9.771832432940E-003  1.547112629968E-001  6.102026577829E-002 -1.851382606996E-001
  7.825739721536E-001  9.888317613741E-003  1.553022038499E-001  5.921876674201E-002 -1.813987820937E-001
  7.925212354258E-001  1.000649332670E-002  1.558823560991E-001  5.743306796300E-002 -1.776384898883E-001
  8.025875329584E-001  1.012639151798E-002  1.564515583082E-001  5.566395177051E-002 -1.738588473942E-001
  8.127746035011E-001  1.024804485184E-002  1.570096554906E-001  5.391220553348E-002 -1.700615085660E-001
  8.230842188350E-001  1.037148672960E-002  1.575564995140E-001  5.217861952410E-002 -1.662483145199E-001
  8.335181845190E-001  1.049675130923E-002  1.580919494988E-001  5.046398469239E-002 -1.624212894702E-001
  8.440783406568E-001  1.062387352550E-002  1.586158722089E-001  4.876909035500E-002 -1.585826360732E-001
  8.547665626839E-001  1.075288911077E-002  1.591281424315E-001  4.709472180227E-002 -1.547347301751E-001
  8.655847621758E-001  1.088383461638E-002  1.596286433455E-001  4.544165782774E-002 -1.508801149591E-001
  8.765348876780E-001  1.101674743475E-002  1.601172668751E-001  4.381066818501E-002 -1.470214944878E-001
  8.876189255584E-001  1.115166582209E-002  1.605939140265E-001  4.220251097737E-002 -1.431617266417E-001
  8.988389008829E-001  1.128862892191E-002  1.610584952061E-001  4.061792998612E-002 -1.393038154540E-001
  9.101968783143E-001  1.142767678917E-002  1.615109305165E-001  3.905765194417E-002 -1.354509028456E-001
  9.216949630368E-001  1.156885041525E-002  1.619511500283E-001  3.752238376190E-002 -1.316062597655E-001
  9.333353017046E-001  1.171219175365E-002  1.623790940260E-001  3.601280971311E-002 -1.277732767452E-001
  9.451200834176E-001  1.185774374655E-002  1.627947132231E-001  3.452958858924E-002 -1.239554538755E-001
  9.570515407237E-001  1.200555035216E-002  1.631979689460E-001  3.307335083074E-002 -1.201563902216E-001
  9.691319506484E-001  1.215565657299E-002  1.635888332823E-001  3.164469564508E-002 -1.163797726880E-001
  9.813636357544E-001  1.230810848498E-002  1.639672891914E-001  3.024418812153E-002 -1.126293643554E-001
  9.937489652293E-001  1.246295326757E-002  1.643333305737E-001  2.887235635316E-002 -1.089089923067E-001
  1.006290356005E+000  1.262023923477E-002  1.646869622972E-001  2.752968857762E-002 -1.052225349692E-001
  1.018990273907E+000  1.278001586715E-002  1.650282001759E-001  2.621663034818E-002 -1.015739089965E-001
  1.031851234841E+000  1.294233384499E-002  1.653570708996E-001  2.493358174767E-002 -9.796705572319E-002
  1.044875806003E+000  1.310724508236E-002  1.656736119108E-001  2.368089465803E-002 -9.440592722170E-002
  1.058066607138E+000  1.327480276248E-002  1.659778712259E-001  2.245887009907E-002 -9.089447199980E-002
  1.071426311823E+000  1.344506137405E-002  1.662699071989E-001  2.126775565015E-002 -8.743662037610E-002
  1.084957648792E+000  1.361807674895E-002  1.665497882229E-001  2.010774296940E-002 -8.403626957634E-002
  1.098663403298E+000  1.379390610110E-002  1.668175923690E-001  1.897896542496E-002 -8.069726859533E-002
  1.112546418516E+000  1.397260806657E-002  1.670734069582E-001  1.788149585363E-002 -7.742340287296E-002
  1.126609596985E+000  1.415424274514E-002  1.673173280648E-001  1.681534446230E-002 -7.421837883554E-002
  1.140855902095E+000  1.433887174317E-002  1.675494599491E-001  1.578045688788E-002 -7.108580835690E-002
  1.155288359613E+000  1.452655821788E-002  1.677699144166E-001  1.477671243176E-002 -6.802919319641E-002
  1.169910059257E+000  1.471736692327E-002  1.679788101027E-001  1.380392248473E-002 -6.505190947409E-002
  1.184724156317E+000  1.491136425740E-002  1.681762716806E-001  1.286182915873E-002 -6.215719224570E-002
  1.199733873325E+000  1.510861831145E-002  1.683624289913E-001  1.195010414136E-002 -5.934812024303E-002
  1.214942501771E+000  1.530919892035E-002  1.685374160947E-001  1.106834778933E-002 -5.662760084737E-002
  1.230353403874E+000  1.551317771520E-002  1.687013702409E-001  1.021608847660E-002 -5.399835536601E-002
  1.245970014403E+000  1.572062817747E-002  1.688544307614E-001  9.392782212875E-003 -5.146290468386E-002
  1.261795842559E+000  1.593162569510E-002  1.689967378802E-001  8.597812547534E-003 -4.902355536387E-002
  1.277834473907E+000  1.614624762054E-002  1.691284314451E-001  7.830490773696E-003 -4.668238627147E-002
  1.294089572372E+000  1.636457333079E-002  1.692496495804E-001  7.090056446461E-003 -4.444123579934E-002
  1.310564882294E+000  1.658668428962E-002  1.693605272620E-001  6.375678228612E-003 -4.230168976977E-002
  1.327264230548E+000  1.681266411190E-002  1.694611948168E-001  5.686455076218E-003 -4.026507009207E-002
  1.344191528724E+000  1.704259863026E-002  1.695517763494E-001  5.021417775552E-003 -3.833242425299E-002
  1.361350775387E+000  1.727657596408E-002  1.696323880986E-001  4.379530841595E-003 -3.650451571728E-002
  1.378746058390E+000  1.751468659100E-002  1.697031367270E-001  3.759694787133E-003 -3.478181531498E-002
  1.396381557275E+000  1.775702342093E-002  1.697641175494E-001  3.160748770011E-003 -3.316449369078E-002
  1.414261545744E+000  1.800368187279E-002  1.698154127034E-001  2.581473624531E-003 -3.165241488884E-002
  1.432390394201E+000  1.825475995395E-002  1.698570892682E-001  2.020595281269E-003 -3.024513114420E-002
  1.450772572390E+000  1.851035834267E-002  1.698891973397E-001  1.476788577713E-003 -2.894187894907E-002
  1.469412652102E+000  1.877058047342E-002  1.699117680660E-001  9.486814600899E-004 -2.774157645885E-002
  1.488315309978E+000  1.903553262542E-002  1.699248116542E-001  4.348595745973E-004 -2.664282229853E-002
  1.507485330398E+000  1.930532401444E-002  1.699283153550E-001 -6.612875605770E-005 -2.564389582559E-002
  1.526927608467E+000  1.958006688797E-002  1.699222414357E-001 -5.557671773693E-004 -2.474275890033E-002
  1.546647153093E+000  1.985987662391E-002  1.699065251521E-001 -1.035565578122E-003 -2.393705920825E-002
  1.566649090169E+000  2.014487183303E-002  1.698810727288E-001 -1.507054007707E-003 -2.322413517300E-002
  1.586938665861E+000  2.043517446518E-002  1.698457593618E-001 -1.971776250327E-003 -2.260102249086E-002
  1.607521250000E+000  2.073090991960E-002  1.698004272542E-001 -2.431283073697E-003 -2.206446231003E-002
  1.628402339588E+000  2.103220715932E-002  1.697448836994E-001 -2.887125172857E-003 -2.161091106954E-002
  1.649587562420E+000  2.133919883002E-002  1.696788992259E-001 -3.340845832828E-003 -2.123655200337E-002
  1.671082680832E+000  2.165202138333E-002  1.696022058174E-001 -3.793973336978E-003 -2.093730830590E-002
  1.692893595565E+000  2.197081520497E-002  1.695144952252E-001 -4.248013151191E-003 -2.070885794434E-002
  1.715026349769E+000  2.229572474776E-002  1.694154173872E-001 -4.704439917133E-003 -2.054665009337E-002
  1.737487133138E+000  2.262689866987E-002  1.693045789713E-001 -5.164689291129E-003 -2.044592315553E-002
  1.760282286187E+000  2.296448997842E-002  1.691815420598E-001 -5.630149668335E-003 -2.040172431980E-002
  1.783418304674E+000  2.330865617868E-002  1.690458229914E-001 -6.102153835030E-003 -2.040893059827E-002
  1.806901844175E+000  2.365955942924E-002  1.688968913798E-001 -6.581970594875E-003 -2.046227126888E-002
  1.830739724818E+000  2.401736670327E-002  1.687341693253E-001 -7.070796417881E-003 -2.055635163945E-002
  1.854938936184E+000  2.438224995616E-002  1.685570308378E-001 -7.569747163620E-003 -2.068567803580E-002
  1.879506642368E+000  2.475438629994E-002  1.683648014894E-001 -8.079849932733E-003 -2.084468390370E-002
  1.904450187236E+000  2.513395818467E-002  1.681567583132E-001 -8.602035103143E-003 -2.102775690229E-002
  1.929777099847E+000  2.552115358717E-002  1.679321299657E-001 -9.137128609439E-003 -2.122926685374E-002
  1.955495100083E+000  2.591616620741E-002  1.676900971707E-001 -9.685844525649E-003 -2.144359440192E-002
  1.981612104475E+000  2.631919567292E-002  1.674297934580E-001 -1.024877801302E-002 -2.166516022147E-002
  2.008136232230E+000  2.673044775156E-002  1.671503062146E-001 -1.082639869541E-002 -2.188845460687E-002
  2.035075811486E+000  2.715013457311E-002  1.668506780610E-001 -1.141904452558E-002 -2.210806726146E-002
  2.062439385788E+000  2.757847486001E-002  1.665299085653E-001 -1.202691620556E-002 -2.231871709617E-002
  2.090235720801E+000  2.801569416771E-002  1.661869563071E-001 -1.265007222418E-002 -2.251528183944E-002
  2.118473811262E+000  2.846202513514E-002  1.658207412993E-001 -1.328842457351E-002 -2.269282725243E-002
  2.147162888201E+000  2.891770774564E-002  1.654301477780E-001 -1.394173520477E-002 -2.284663573718E-002
  2.176312426413E+000  2.938298959899E-002  1.650140273627E-001 -1.460961328193E-002 -2.297223412122E-002
  2.205932152222E+000  2.985812619504E-002  1.645712025931E-001 -1.529151328834E-002 -2.306542039841E-002
  2.236032051522E+000  3.034338122938E-002  1.641004708414E-001 -1.598673403842E-002 -2.312228920507E-002
  2.266622378129E+000  3.083902690182E-002  1.636006085989E-001 -1.669441864217E-002 -2.313925581056E-002
  2.297713662445E+000  3.134534423818E-002  1.630703761309E-001 -1.741355546543E-002 -2.311307840418E-002
  2.329316720450E+000  3.186262342603E-002  1.625085224937E-001 -1.814298012299E-002 -2.304087846502E-002
  2.361442663038E+000  3.239116416519E-002  1.619137909003E-001 -1.888137853589E-002 -2.292015900783E-002
  2.394102905709E+000  3.293127603351E-002  1.612849244215E-001 -1.962729107649E-002 -2.274882050781E-002
  2.427309178642E+000  3.348327886897E-002  1.606206720027E-001 -2.037911781791E-002 -2.252517431803E-002
  2.461073537146E+000  3.404750316862E-002  1.599197947762E-001 -2.113512489555E-002 -2.224795340748E-002
  2.495408372530E+000  3.462429050548E-002  1.591810726410E-001 -2.189345197972E-002 -2.191632026410E-002
  2.530326423398E+000  3.521399396401E-002  1.584033110822E-001 -2.265212084875E-002 -2.152987182548E-002
  2.565840787378E+000  3.581697859546E-002  1.575853481956E-001 -2.340904504190E-002 -2.108864132138E-002
  2.601964933334E+000  3.643362189376E-002  1.567260618810E-001 -2.416204056089E-002 -2.059309693516E-002
  2.638712714049E+000  3.706431429322E-002  1.558243771630E-001 -2.490883757798E-002 -2.004413721673E-002
  2.676098379430E+000  3.770945968912E-002  1.548792735943E-001 -2.564709309753E-002 -1.944308320738E-002
  2.714136590232E+000  3.836947598236E-002  1.538897926947E-001 -2.637440450643E-002 -1.879166726544E-002
  2.752842432351E+000  3.904479564947E-002  1.528550453741E-001 -2.708832393782E-002 -1.809201861324E-002
  2.792231431696E+000  3.973586633921E-002  1.517742192857E-001 -2.778637336108E-002 -1.734664565741E-002
  2.832319569669E+000  4.044315149734E-002  1.506465860525E-001 -2.846606030009E-002 -1.655841516801E-002
  2.873123299289E+000  4.116713102086E-002  1.494715083100E-001 -2.912489407133E-002 -1.573052843569E-002
  2.914659561979E+000  4.190830194354E-002  1.482484465020E-001 -2.976040242317E-002 -1.486649456000E-002
  2.956945805065E+000  4.266717915414E-002  1.469769653715E-001 -3.037014844851E-002 -1.397010105632E-002
  3.000000000000E+000  4.344429614932E-002  1.456567400812E-001 -3.095174763427E-002 -1.304538200173E-002
  3.043840661365E+000  4.424020582308E-002  1.442875619036E-001 -3.150288490398E-002 -1.209658397308E-002
  3.088486866678E+000  4.505548129460E-002  1.428693434188E-001 -3.202133150348E-002 -1.112813006091E-002
  3.133958277047E+000  4.589071677685E-002  1.414021231596E-001 -3.250496157464E-002 -1.014458227201E-002
  3.180275158719E+000  4.674652848797E-002  1.398860696459E-001 -3.295176825915E-002 -9.150602659763E-003
  3.227458405560E+000  4.762355560797E-002  1.383214847540E-001 -3.335987917224E-002 -8.150913544536E-003
  3.275529562509E+000  4.852246128332E-002  1.367088063695E-001 -3.372757108688E-002 -7.150257206517E-003
  3.324510850077E+000  4.944393368200E-002  1.350486102767E-001 -3.405328367067E-002 -6.153355449183E-003
  3.374425189910E+000  5.038868710203E-002  1.333416112436E-001 -3.433563212220E-002 -5.164869443048E-003
  3.425296231502E+000  5.135746313639E-002  1.315886632677E-001 -3.457341855935E-002 -4.189360266133E-003
  3.477148380094E+000  5.235103189784E-002  1.297907589539E-001 -3.476564202099E-002 -3.231250559124E-003
  3.530006825834E+000  5.337019330676E-002  1.279490280056E-001 -3.491150695364E-002 -2.294787709318E-003
  3.583897574256E+000  5.441577844603E-002  1.260647348159E-001 -3.501043006758E-002 -1.384008967972E-003
  3.638847478148E+000  5.548865098670E-002  1.241392751567E-001 -3.506204546157E-002 -5.027088903577E-004
  3.694884270887E+000  5.658970868864E-002  1.221741719734E-001 -3.506620793243E-002  3.455905332740E-004
  3.752036601308E+000  5.771988498079E-002  1.201710703010E-001 -3.502299440392E-002  1.157666714502E-003
  3.810334070199E+000  5.888015062562E-002  1.181317313307E-001 -3.493270343038E-002  1.930619962518E-003
  3.869807268505E+000  6.007151547295E-002  1.160580256637E-001 -3.479585275186E-002  2.661893367933E-003
  3.930487817331E+000  6.129503030858E-002  1.139519258016E-001 -3.461317490114E-002  3.349288846504E-003
  3.992408409843E+000  6.255178880352E-002  1.118154979335E-001 -3.438561088659E-002  3.990979162020E-003
  4.055602855172E+000  6.384292957002E-002  1.096508930874E-001 -3.411430199993E-002  4.585515798823E-003
  4.120106124432E+000  6.516963833101E-002  1.074603377281E-001 -3.380057982259E-002  5.131832608906E-003
  4.185954398964E+000  6.653315021009E-002  1.052461238876E-001 -3.344595452923E-002  5.629245215374E-003
  4.253185120935E+000  6.793475214960E-002  1.030105989261E-001 -3.305210161125E-002  6.077446212469E-003
  4.321837046422E+000  6.937578546490E-002  1.007561550282E-001 -3.262084716628E-002  6.476496261326E-003
  4.391950301120E+000  7.085764854355E-002  9.848521854300E-002 -3.215415192149E-002  6.826811239175E-003
  4.463566438835E+000  7.238179969882E-002  9.620023928437E-002 -3.165409417850E-002  7.129145656781E-003
  4.536728502895E+000  7.394976018725E-002  9.390367990839E-002 -3.112285188532E-002  7.384572613411E-003
  4.611481090679E+000  7.556311740127E-002  9.159800548769E-002 -3.056268405573E-002  7.594460609572E-003
  4.687870421430E+000  7.722352824817E-002  8.928567340123E-002 -2.997591176831E-002  7.760447583992E-003
  4.765944407533E+000  7.893272272784E-002  8.696912365596E-002 -2.936489898592E-002  7.884412582007E-003
  4.845752729492E+000  8.069250772248E-002  8.465076975236E-002 -2.873203344097E-002  7.968445496639E-003
  4.927346914797E+000  8.250477101257E-002  8.233299019902E-002 -2.807970783285E-002  8.014815350474E-003
  5.010780420931E+000  8.437148553436E-002  8.001812077329E-002 -2.741030158028E-002  8.025937605284E-003
  5.096108722763E+000  8.629471389541E-002  7.770844761418E-002 -2.672616336416E-002  8.004340996675E-003
  5.183389404586E+000  8.827661316581E-002  7.540620122102E-002 -2.602959468434E-002  7.952634392521E-003
  5.272682257105E+000  9.031943996425E-002  7.311355141753E-002 -2.532283463830E-002  7.873474166391E-003
  5.364049379651E+000  9.242555585946E-002  7.083260332432E-002 -2.460804610961E-002  7.769532560625E-003
  5.457555287978E+000  9.459743310926E-002  6.856539436610E-002 -2.388730353061E-002  7.643467488392E-003
  5.553267027968E+000  9.683766076100E-002  6.631389232071E-002 -2.316258235683E-002  7.497894190394E-003
  5.651254295630E+000  9.914895113938E-002  6.407999439823E-002 -2.243575036107E-002  7.335359120463E-003
  5.751589563796E+000  1.015341467494E-001  6.186552731815E-002 -2.170856082263E-002  7.158316386016E-003
  5.854348215936E+000  1.039962276248E-001  5.967224833280E-002 -2.098264765345E-002  6.969107015100E-003
  5.959608687557E+000  1.065383191537E-001  5.750184712523E-002 -2.025952246763E-002  6.769941262748E-003
  6.067452615683E+000  1.091637004188E-001  5.535594849118E-002 -1.954057356554E-002  6.562884106889E-003
  6.177964996951E+000  1.118758130872E-001  5.323611569634E-002 -1.882706676820E-002  6.349844019362E-003
  6.291234354880E+000  1.146782708938E-001  5.114385438422E-002 -1.812014800373E-002  6.132565032286E-003
  6.407352916949E+000  1.175748697626E-001  4.908061689566E-002 -1.742084751519E-002  5.912622055392E-003
  6.526416802128E+000  1.205695986129E-001  4.704780684888E-002 -1.673008552944E-002  5.691419337578E-003
  6.648526219580E+000  1.236666509049E-001  4.504678382043E-002 -1.604867920035E-002  5.470191907188E-003
  6.773785679311E+000  1.268704369821E-001  4.307886796120E-002 -1.537735061678E-002  5.250009771690E-003
  6.902304215570E+000  1.301855972713E-001  4.114534437948E-002 -1.471673564826E-002  5.031784609824E-003
  7.034195623922E+000  1.336170164087E-001  3.924746712449E-002 -1.406739338789E-002  4.816278648834E-003
  7.169578712934E+000  1.371698383673E-001  3.738646260863E-002 -1.342981594465E-002  4.604115387105E-003
  7.308577571516E+000  1.408494826628E-001  3.556353231622E-002 -1.280443833504E-002  4.395791798948E-003
  7.451321853057E+000  1.446616617293E-001  3.377985465939E-002 -1.219164822823E-002  4.191691643939E-003
  7.597947077547E+000  1.486123995567E-001  3.203658585836E-002 -1.159179530789E-002  3.992099498305E-003
  7.748594953021E+000  1.527080516973E-001  3.033485974420E-002 -1.100520002950E-002  3.797215130293E-003
  7.903413717736E+000  1.569553267535E-001  2.867578640552E-002 -1.043216157204E-002  3.607167855004E-003
  8.062558504629E+000  1.613613094717E-001  2.706044962719E-002 -9.872964808323E-003  3.422030526307E-003
  8.226191729726E+000  1.659334855793E-001  2.548990309826E-002 -9.327886147569E-003  3.241832853312E-003
  8.394483506327E+000  1.706797685137E-001  2.396516539665E-002 -8.797198136906E-003  3.066573765643E-003
  8.567612086926E+000  1.756085282071E-001  2.248721379039E-002 -8.281172743817E-003  2.896232594141E-003
  8.745764335025E+000  1.807286221064E-001  2.105697692709E-002 -7.780083279022E-003  2.730778880388E-003
  8.929136229160E+000  1.860494286260E-001  1.967532651521E-002 -7.294204957207E-003  2.570180678111E-003
  9.117933401693E+000  1.915808832504E-001  1.834306813151E-002 -6.823814130700E-003  2.414411260673E-003
  9.312371715124E+000  1.973335175235E-001  1.706093131758E-002 -6.369186267553E-003  2.263454199835E-003
  9.512677878945E+000  2.033185011886E-001  1.582955915430E-002 -5.930592779436E-003  2.117306830398E-003
  9.719090110332E+000  2.095476877688E-001  1.464949752578E-002 -5.508296835414E-003  1.975982161681E-003
  9.931858842267E+000  2.160336639044E-001  1.352118430238E-002 -5.102548324158E-003  1.839509338775E-003
  1.015124748302E+001  2.227898028021E-001  1.244493868647E-002 -4.713578148711E-003  1.707932793010E-003
  1.037753323129E+001  2.298303221843E-001  1.142095097263E-002 -4.341592054064E-003  1.581310251078E-003
  1.061100795175E+001  2.371703471699E-001  1.044927297767E-002 -3.986764198013E-003  1.459709795182E-003
  1.085197911611E+001  2.448259785618E-001  9.529809392543E-003 -3.649230679971E-003  1.343206181892E-003
  1.110077081537E+001  2.528143670735E-001  8.662310300274E-003 -3.329083240517E-003  1.231876635079E-003
  1.135772484956E+001  2.611537940784E-001  7.846365089780E-003 -3.026363336677E-003  1.125796328422E-003
  1.162320190175E+001  2.698637595360E-001  7.081397975787E-003 -2.741056784731E-003  1.025033766069E-003
  1.189758280382E+001  2.789650778206E-001  6.366665310411E-003 -2.473089144114E-003  9.296462566965E-004
  1.218126990242E+001  2.884799822596E-001  5.701254842424E-003 -2.222321993569E-003  8.396756574442E-004
  1.247468853413E+001  2.984322392826E-001  5.084087046493E-003 -1.988550224823E-003  7.551445409825E-004
  1.277828862002E+001  3.088472731875E-001  4.513918607327E-003 -1.771500450535E-003  6.760529125638E-004
  1.309254639077E+001  3.197523026463E-001  3.989348103310E-003 -1.570830593075E-003  6.023755754517E-004
  1.341796625462E+001  3.311764902095E-001  3.508823891483E-003 -1.386130689594E-003  5.340602138725E-004
  1.375508282195E+001  3.431511062169E-001  3.070654151469E-003 -1.216924917677E-003  4.710262336589E-004
  1.410446310162E+001  3.557097086969E-001  2.673019000734E-003 -1.062674815474E-003  4.131643730618E-004
  1.446670888596E+001  3.688883410292E-001  2.313984548305E-003 -9.227836410261E-004  3.603370705903E-004
  1.484245934302E+001  3.827257493700E-001  1.991518709468E-003 -7.966017883039E-004  3.123795538274E-004
  1.523239383723E+001  3.972636220891E-001  1.703508560927E-003 -6.834331525704E-004  2.691015933714E-004
  1.563723500136E+001  4.125468537596E-001  1.447778975339E-003 -5.825423154863E-004  2.302898496091E-004
  1.605775208607E+001  4.286238365683E-001  1.222112236996E-003 -4.931624012463E-004  1.957107269957E-004
  1.649476461582E+001  4.455467823929E-001  1.024268307842E-003 -4.145034391835E-004  1.651136408420E-004
  1.694914638379E+001  4.633720792263E-001  8.520053861039E-004 -3.457610560226E-004  1.382345951268E-004
  1.742182982203E+001  4.821606861220E-001  7.031003797430E-004 -2.861253125334E-004  1.147999663706E-004
  1.791381078784E+001  5.019785714107E-001  5.753689050314E-004 -2.347894950195E-004  9.453038790065E-005
  1.842615381215E+001  5.228971995942E-001  4.666844179173E-004 -1.909586721501E-004  7.714463070128E-005
  1.895999786176E+001  5.449940730840E-001  3.749960936289E-004 -1.538578323589E-004  6.236338130988E-005
  1.951656267356E+001  5.683533358366E-001  2.983450890559E-004 -1.227394266337E-004  4.991282373564E-005
  2.009715572669E+001  5.930664469535E-001  2.348788534523E-004 -9.689015612519E-005  3.952794102135E-005
  2.070317992707E+001  6.192329335039E-001  1.828631961233E-004 -7.563686363834E-005  3.095546271570E-005
  2.133614208874E+001  6.469612332096E-001  1.406918746798E-004 -5.835141255539E-005  2.395639701957E-005
  2.199766230782E+001  6.763696392388E-001  1.068935332351E-004 -4.445446568329E-005  1.830810050868E-005
  2.268948433818E+001  7.075873612439E-001  8.013589496912E-005 -3.341810925604E-005  1.380585382752E-005
  2.341348709294E+001  7.407557189842E-001  5.922719545893E-005 -2.476730290811E-005  1.026392820915E-005
  2.417169741362E+001  7.760294874639E-001  4.311492902355E-005 -1.808017363635E-005  7.516144607326E-006
  2.496630426925E+001  8.135784155747E-001  3.088206638715E-005 -1.298720909244E-005  5.415944037038E-006
  2.579967457140E+001  8.535889438281E-001  2.174098404434E-005 -9.169441300670E-006  3.836003730660E-006
  2.667437081864E+001  8.962661510291E-001  1.502541938592E-005 -6.355744264291E-006  2.667448204734E-006
  2.759317081651E+001  9.418359647997E-001  1.018082648001E-005 -4.319396088385E-006  1.818716570574E-006
  2.855908975674E+001  9.905476768748E-001  6.753551350764E-006 -2.874076527296E-006  1.214156736034E-006
  2.957540498378E+001  1.042676811269E+000  4.379269352427E-006 -1.869482864813E-006  7.924229756896E-007
  3.064568382919E+001  1.098528402000E+000  2.771128650659E-006 -1.186749808714E-006  5.047553071853E-007
  3.177381495601E+001  1.158440747351E+000  1.708022242909E-006 -7.338522696598E-007  3.132170493835E-007
  3.296404372807E+001  1.222789720048E+000  1.023367474730E-006 -4.411538385142E-007  1.889609749290E-007
  3.422101220608E+001  1.291993727721E+000  5.947095887660E-007 -2.572395665637E-007  1.105850256002E-007
  3.554980447538E+001  1.366519436102E+000  3.343891731201E-007 -1.451411047941E-007  6.262634442242E-008
  3.695599813319E+001  1.446888389511E+000  1.814285587831E-007 -7.902779243306E-008  3.422835577827E-008
  3.844572291106E+001  1.533684690030E+000  9.470619278665E-008 -4.140171571091E-008  1.800092783000E-008
  4.002572758518E+001  1.627563929686E+000  4.740781124027E-008 -2.080099899925E-008  9.079475348913E-009
  4.170345654134E+001  1.729263610453E+000  2.267512165973E-008 -9.986313760361E-009  4.376326781441E-009
  4.348713762001E+001  1.839615336740E+000  1.032138244000E-008 -4.562887201483E-009  2.007696454452E-009
  4.538588318162E+001  1.959559126947E+000  4.451271868614E-009 -1.975399404360E-009  8.727507269540E-010
  4.740980671574E+001  2.090160267552E+000  1.809847123885E-009 -8.063092012943E-010  3.577124693929E-010
  4.957015778746E+001  2.232629229408E+000  6.899532698647E-010 -3.085924902047E-010  1.374775494280E-010
  5.187947869225E+001  2.388345286640E+000  2.451022046648E-010 -1.100607947994E-010  4.923865206992E-011
  5.435178690397E+001  2.558884630889E+000  8.058166329134E-011 -3.632885874944E-011  1.632155470700E-011
  5.700278828629E+001  2.746053966795E+000  2.432957316844E-011 -1.101252321444E-011  4.968644376786E-012
  5.985012714155E+001  2.951930820846E+000  6.687626565755E-012 -3.039233967210E-012  1.377074079089E-012
  6.291368055481E+001  3.178912111311E+000  1.657286674868E-012 -7.561859945600E-013  3.440807227041E-013
  6.621590623276E+001  3.429772933797E+000  3.661879804236E-013 -1.677525553707E-013  7.665341380172E-014
  6.978225524452E+001  3.707738044625E+000  7.124247566614E-014 -3.276645264832E-014  1.503523493080E-014
  7.364166388185E+001  4.016569212832E+000  1.203092204369E-014 -5.555231165957E-015  2.559675621480E-015
  7.782714245929E+001  4.360672516382E+000  1.735010883441E-015 -8.042700154535E-016  3.721055599966E-016
  8.237648351994E+001  4.745230855210E+000  2.097182888745E-016 -9.759159464916E-017  4.533501292427E-017
  8.733311794503E+001  5.176368549127E+000  2.079566812991E-017 -9.714084543794E-018  4.530562284268E-018
  9.274715535088E+001  5.661357031559E+000  1.650224848271E-018 -7.737454648221E-019  3.622810386161E-019
  9.867665554529E+001  6.208873552072E+000  1.018270340428E-019 -4.791969199176E-020  2.252287856322E-020
  1.051891916055E+002  6.829328764649E+000  4.724935610374E-021 -2.231565947986E-021  1.052795808701E-021
  1.123637836013E+002  7.535284543316E+000  1.585380878156E-022 -7.514058864434E-023  3.557894032871E-023
  1.202933069206E+002  8.341990973528E+000  3.673470186480E-024 -1.747054157670E-024  8.301676337016E-025
  1.290875131414E+002  9.268082166539E+000  5.566465898026E-026 -2.656181296995E-026  1.266522802707E-026
  1.388768482001E+002  1.033648575811E+001  5.170424018349E-028 -2.475198436811E-028  1.184170259625E-028
  1.498173177370E+002  1.157562284364E+001  2.724427349443E-030 -1.308339191675E-030  6.279493603683E-031
  1.620967411853E+002  1.302100699722E+001  7.418346825850E-033 -3.573283373522E-033  1.720369711197E-033
  1.759428668168E+002  1.471739812515E+001  9.321084798228E-036 -4.502923151293E-036  2.174441170132E-036
  1.916340085825E+002  1.672173748087E+001  4.706067858768E-039 -2.279845185143E-039  1.104091483152E-039
  2.095131417987E+002  1.910719757888E+001  8.049966211627E-043 -3.910305176421E-043  1.898908077640E-043
  2.300068054477E+002  2.196884699990E+001  3.773087560080E-047 -1.837521324463E-047  8.946757833497E-048
  2.536507797910E+002  2.543169216868E+001  3.711382687051E-052 -1.811919714648E-052  8.844193527600E-053
  2.811254638474E+002  2.966227967912E+001  5.459560387943E-058 -2.671633342304E-058  1.307157230428E-058
  3.133053780630E+002  3.488573552677E+001  7.768835549490E-065 -3.810122368468E-065  1.868388190521E-065
  3.513296254502E+002  4.141128389041E+001  6.061666657816E-073 -2.979109106600E-073  1.463987196970E-073
  3.967041014106E+002  4.967130404214E+001  1.224139010431E-082 -6.028146673516E-083  2.968266246126E-083
  4.514529193349E+002  6.028257212519E+001  2.331831157037E-094 -1.150419209212E-094  5.675301472515E-095
  5.183481233601E+002  7.414493328740E+001  1.051108408462E-108 -5.194690564380E-109  2.567154587955E-109
  6.012676077950E+002  9.260523890243E+001  1.619273306385E-126 -8.015538322129E-127  3.967624192458E-127
  7.057700503752E+002  1.177394213729E+002  5.318515488186E-149 -2.636638669803E-149  1.307073956364E-149
  8.400513767914E+002  1.528577972397E+002  6.223313491655E-178 -3.089419679272E-178  1.533644293919E-178
  1.016602135495E+003  2.034537342122E+002  5.072058740620E-216 -2.521053536094E-216  1.253068335625E-216
  1.255220715580E+003  2.790860613466E+002  1.461066181721E-267 -7.270393531064E-268  3.617783779745E-268
  1.588815776243E+003  3.973705897531E+002  0.000000000000E+000  0.000000000000E+000  0.000000000000E+000
  2.075392011604E+003  5.931596040112E+002  0.000000000000E+000  0.000000000000E+000  0.000000000000E+000
  2.825079847529E+003  9.419154890021E+002  0.000000000000E+000  0.000000000000E+000  0.000000000000E+000
  4.068408296184E+003  1.627629972033E+003  0.000000000000E+000  0.000000000000E+000  0.000000000000E+000
  6.357262947674E+003  3.178964796686E+003  0.000000000000E+000  0.000000000000E+000  0.000000000000E+000
  1.130231930164E+004  7.535323971013E+003  0.000000000000E+000  0.000000000000E+000  0.000000000000E+000
  2.543105175140E+004  2.543171841285E+004  0.000000000000E+000  0.000000000000E+000  0.000000000000E+000
  1.017262069958E+005  2.034537473226E+005  0.000000000000E+000  0.000000000000E+000  0.000000000000E+000
