# 1st line: number of mesh points
# abcissa weight wavefunction wavefunction_1st wavefunction_2nd
500
# Principal QN=   2 , l=   0 , Occupation=   1.0000
  9.830308526508E-006  1.966074589941E-005 -1.661633605246E+000  5.094823798380E+000 -1.543596192465E+001
  3.932200719717E-005  3.932303800261E-005 -1.661483356950E+000  5.094368589574E+000 -1.543433896737E+001
  8.847741541455E-005  5.898842277178E-005 -1.661232959828E+000  5.093609974818E+000 -1.543163433397E+001
  1.573003992804E-004  7.865844718600E-005 -1.660882438935E+000  5.092548053980E+000 -1.542784846751E+001
  2.457963722417E-004  9.833465899987E-005 -1.660431829345E+000  5.091182966864E+000 -1.542298198816E+001
  3.539722959954E-004  1.180186070023E-004 -1.659881176153E+000  5.089514893188E+000 -1.541703569316E+001
  4.818366816528E-004  1.377118412759E-004 -1.659230534468E+000  5.087544052562E+000 -1.541001055665E+001
  6.293995911626E-004  1.574159134560E-004 -1.658479969411E+000  5.085270704467E+000 -1.540190772958E+001
  7.966726389934E-004  1.771323769912E-004 -1.657629556113E+000  5.082695148222E+000 -1.539272853951E+001
  9.836689940782E-004  1.968627874036E-004 -1.656679379710E+000  5.079817722948E+000 -1.538247449042E+001
  1.190403382016E-003  2.166087025496E-004 -1.655629535339E+000  5.076638807529E+000 -1.537114726250E+001
  1.416892087541E-003  2.363716828821E-004 -1.654480128128E+000  5.073158820567E+000 -1.535874871192E+001
  1.663152957245E-003  2.561532917128E-004 -1.653231273200E+000  5.069378220332E+000 -1.534528087053E+001
  1.929205402573E-003  2.759550954757E-004 -1.651883095656E+000  5.065297504711E+000 -1.533074594558E+001
  2.215070403074E-003  2.957786639908E-004 -1.650435730575E+000  5.060917211143E+000 -1.531514631939E+001
  2.520770509919E-003  3.156255707300E-004 -1.648889323003E+000  5.056237916563E+000 -1.529848454904E+001
  2.846329849692E-003  3.354973930828E-004 -1.647244027947E+000  5.051260237325E+000 -1.528076336591E+001
  3.191774128432E-003  3.553957126240E-004 -1.645500010364E+000  5.045984829135E+000 -1.526198567538E+001
  3.557130635959E-003  3.753221153821E-004 -1.643657445154E+000  5.040412386970E+000 -1.524215455633E+001
  3.942428250463E-003  3.952781921092E-004 -1.641716517150E+000  5.034543644997E+000 -1.522127326071E+001
  4.347697443358E-003  4.152655385525E-004 -1.639677421105E+000  5.028379376481E+000 -1.519934521306E+001
  4.772970284417E-003  4.352857557265E-004 -1.637540361682E+000  5.021920393696E+000 -1.517637401001E+001
  5.218280447175E-003  4.553404501876E-004 -1.635305553447E+000  5.015167547823E+000 -1.515236341972E+001
  5.683663214611E-003  4.754312343099E-004 -1.632973220848E+000  5.008121728854E+000 -1.512731738132E+001
  6.169155485101E-003  4.955597265624E-004 -1.630543598209E+000  5.000783865476E+000 -1.510124000438E+001
  6.674795778653E-003  5.157275517886E-004 -1.628016929714E+000  4.993154924963E+000 -1.507413556818E+001
  7.200624243425E-003  5.359363414876E-004 -1.625393469395E+000  4.985235913059E+000 -1.504600852118E+001
  7.746682662519E-003  5.561877340970E-004 -1.622673481112E+000  4.977027873849E+000 -1.501686348026E+001
  8.313014461060E-003  5.764833752781E-004 -1.619857238544E+000  4.968531889638E+000 -1.498670523007E+001
  8.899664713569E-003  5.968249182030E-004 -1.616945025169E+000  4.959749080815E+000 -1.495553872229E+001
  9.506680151615E-003  6.172140238444E-004 -1.613937134248E+000  4.950680605710E+000 -1.492336907485E+001
  1.013410917176E-002  6.376523612666E-004 -1.610833868809E+000  4.941327660460E+000 -1.489020157117E+001
  1.078200184380E-002  6.581416079202E-004 -1.607635541628E+000  4.931691478849E+000 -1.485604165932E+001
  1.145040991929E-002  6.786834499385E-004 -1.604342475211E+000  4.921773332165E+000 -1.482089495119E+001
  1.213938684040E-002  6.992795824361E-004 -1.600955001773E+000  4.911574529031E+000 -1.478476722163E+001
  1.284898774901E-002  7.199317098113E-004 -1.597473463221E+000  4.901096415245E+000 -1.474766440751E+001
  1.357926949620E-002  7.406415460502E-004 -1.593898211130E+000  4.890340373610E+000 -1.470959260682E+001
  1.433029065191E-002  7.614108150341E-004 -1.590229606725E+000  4.879307823755E+000 -1.467055807767E+001
  1.510211151509E-002  7.822412508494E-004 -1.586468020856E+000  4.868000221959E+000 -1.463056723736E+001
  1.589479412397E-002  8.031345981016E-004 -1.582613833976E+000  4.856419060960E+000 -1.458962666127E+001
  1.670840226680E-002  8.240926122311E-004 -1.578667436120E+000  4.844565869763E+000 -1.454774308187E+001
  1.754300149280E-002  8.451170598329E-004 -1.574629226877E+000  4.832442213447E+000 -1.450492338763E+001
  1.839865912351E-002  8.662097189796E-004 -1.570499615369E+000  4.820049692956E+000 -1.446117462185E+001
  1.927544426443E-002  8.873723795480E-004 -1.566279020221E+000  4.807389944892E+000 -1.441650398159E+001
  2.017342781695E-002  9.086068435487E-004 -1.561967869538E+000  4.794464641304E+000 -1.437091881641E+001
  2.109268249069E-002  9.299149254598E-004 -1.557566600877E+000  4.781275489461E+000 -1.432442662724E+001
  2.203328281612E-002  9.512984525641E-004 -1.553075661218E+000  4.767824231631E+000 -1.427703506505E+001
  2.299530515754E-002  9.727592652906E-004 -1.548495506938E+000  4.754112644847E+000 -1.422875192965E+001
  2.397882772639E-002  9.942992175591E-004 -1.543826603776E+000  4.740142540669E+000 -1.417958516834E+001
  2.498393059493E-002  1.015920177130E-003 -1.539069426811E+000  4.725915764941E+000 -1.412954287457E+001
  2.601069571024E-002  1.037624025957E-003 -1.534224460422E+000  4.711434197542E+000 -1.407863328657E+001
  2.705920690860E-002  1.059412660547E-003 -1.529292198264E+000  4.696699752129E+000 -1.402686478597E+001
  2.812954993023E-002  1.081287992318E-003 -1.524273143230E+000  4.681714375876E+000 -1.397424589630E+001
  2.922181243436E-002  1.103251947969E-003 -1.519167807419E+000  4.666480049206E+000 -1.392078528158E+001
  3.033608401473E-002  1.125306469854E-003 -1.513976712103E+000  4.650998785519E+000 -1.386649174474E+001
  3.147245621542E-002  1.147453516351E-003 -1.508700387692E+000  4.635272630910E+000 -1.381137422614E+001
  3.263102254705E-002  1.169695062249E-003 -1.503339373694E+000  4.619303663884E+000 -1.375544180197E+001
  3.381187850339E-002  1.192033099133E-003 -1.497894218683E+000  4.603093995065E+000 -1.369870368262E+001
  3.501512157837E-002  1.214469635775E-003 -1.492365480260E+000  4.586645766895E+000 -1.364116921104E+001
  3.624085128345E-002  1.237006698530E-003 -1.486753725012E+000  4.569961153332E+000 -1.358284786108E+001
  3.748916916538E-002  1.259646331739E-003 -1.481059528475E+000  4.553042359539E+000 -1.352374923573E+001
  3.876017882444E-002  1.282390598136E-003 -1.475283475094E+000  4.535891621565E+000 -1.346388306542E+001
  4.005398593302E-002  1.305241579266E-003 -1.469426158180E+000  4.518511206023E+000 -1.340325920615E+001
  4.137069825459E-002  1.328201375897E-003 -1.463488179868E+000  4.500903409759E+000 -1.334188763777E+001
  4.271042566323E-002  1.351272108452E-003 -1.457470151075E+000  4.483070559518E+000 -1.327977846201E+001
  4.407328016341E-002  1.374455917436E-003 -1.451372691457E+000  4.465015011599E+000 -1.321694190067E+001
  4.545937591035E-002  1.397754963880E-003 -1.445196429360E+000  4.446739151508E+000 -1.315338829361E+001
  4.686882923075E-002  1.421171429779E-003 -1.438942001781E+000  4.428245393599E+000 -1.308912809684E+001
  4.830175864396E-002  1.444707518548E-003 -1.432610054312E+000  4.409536180717E+000 -1.302417188047E+001
  4.975828488365E-002  1.468365455478E-003 -1.426201241103E+000  4.390613983826E+000 -1.295853032670E+001
  5.123853091993E-002  1.492147488203E-003 -1.419716224804E+000  4.371481301635E+000 -1.289221422769E+001
  5.274262198188E-002  1.516055887169E-003 -1.413155676521E+000  4.352140660217E+000 -1.282523448347E+001
  5.427068558066E-002  1.540092946119E-003 -1.406520275763E+000  4.332594612622E+000 -1.275760209979E+001
  5.582285153302E-002  1.564260982573E-003 -1.399810710393E+000  4.312845738478E+000 -1.268932818592E+001
  5.739925198530E-002  1.588562338332E-003 -1.393027676570E+000  4.292896643595E+000 -1.262042395238E+001
  5.900002143803E-002  1.612999379973E-003 -1.386171878703E+000  4.272749959557E+000 -1.255090070872E+001
  6.062529677088E-002  1.637574499364E-003 -1.379244029392E+000  4.252408343304E+000 -1.248076986120E+001
  6.227521726827E-002  1.662290114181E-003 -1.372244849371E+000  4.231874476717E+000 -1.241004291041E+001
  6.394992464542E-002  1.687148668440E-003 -1.365175067457E+000  4.211151066183E+000 -1.233873144894E+001
  6.564956307496E-002  1.712152633027E-003 -1.358035420487E+000  4.190240842173E+000 -1.226684715892E+001
  6.737427921404E-002  1.737304506249E-003 -1.350826653264E+000  4.169146558789E+000 -1.219440180957E+001
  6.912422223211E-002  1.762606814387E-003 -1.343549518493E+000  4.147870993328E+000 -1.212140725472E+001
  7.089954383907E-002  1.788062112257E-003 -1.336204776726E+000  4.126416945823E+000 -1.204787543024E+001
  7.270039831418E-002  1.813672983787E-003 -1.328793196295E+000  4.104787238586E+000 -1.197381835153E+001
  7.452694253540E-002  1.839442042599E-003 -1.321315553253E+000  4.082984715739E+000 -1.189924811084E+001
  7.637933600943E-002  1.865371932600E-003 -1.313772631310E+000  4.061012242749E+000 -1.182417687468E+001
  7.825774090225E-002  1.891465328589E-003 -1.306165221768E+000  4.038872705941E+000 -1.174861688111E+001
  8.016232207035E-002  1.917724936867E-003 -1.298494123454E+000  4.016569012018E+000 -1.167258043701E+001
  8.209324709253E-002  1.944153495867E-003 -1.290760142657E+000  3.994104087572E+000 -1.159607991537E+001
  8.405068630235E-002  1.970753776782E-003 -1.282964093057E+000  3.971480878581E+000 -1.151912775245E+001
  8.603481282122E-002  1.997528584221E-003 -1.275106795657E+000  3.948702349911E+000 -1.144173644497E+001
  8.804580259214E-002  2.024480756857E-003 -1.267189078716E+000  3.925771484803E+000 -1.136391854725E+001
  9.008383441408E-002  2.051613168108E-003 -1.259211777674E+000  3.902691284361E+000 -1.128568666829E+001
  9.214908997710E-002  2.078928726810E-003 -1.251175735084E+000  3.879464767029E+000 -1.120705346887E+001
  9.424175389809E-002  2.106430377918E-003 -1.243081800539E+000  3.856094968064E+000 -1.112803165855E+001
  9.636201375725E-002  2.134121103210E-003 -1.234930830595E+000  3.832584939004E+000 -1.104863399267E+001
  9.851006013526E-002  2.162003922007E-003 -1.226723688699E+000  3.808937747129E+000 -1.096887326931E+001
  1.006860866512E-001  2.190081891910E-003 -1.218461245115E+000  3.785156474918E+000 -1.088876232625E+001
  1.028902900012E-001  2.218358109541E-003 -1.210144376841E+000  3.761244219499E+000 -1.080831403781E+001
  1.051228699979E-001  2.246835711311E-003 -1.201773967538E+000  3.737204092093E+000 -1.072754131176E+001
  1.073840296104E-001  2.275517874190E-003 -1.193350907448E+000  3.713039217456E+000 -1.064645708613E+001
  1.096739750056E-001  2.304407816497E-003 -1.184876093314E+000  3.688752733313E+000 -1.056507432602E+001
  1.119929155896E-001  2.333508798707E-003 -1.176350428301E+000  3.664347789789E+000 -1.048340602035E+001
  1.143410640503E-001  2.362824124271E-003 -1.167774821912E+000  3.639827548831E+000 -1.040146517862E+001
  1.167186364011E-001  2.392357140448E-003 -1.159150189908E+000  3.615195183632E+000 -1.031926482763E+001
  1.191258520249E-001  2.422111239159E-003 -1.150477454220E+000  3.590453878044E+000 -1.023681800813E+001
  1.215629337189E-001  2.452089857854E-003 -1.141757542871E+000  3.565606825991E+000 -1.015413777149E+001
  1.240301077413E-001  2.482296480400E-003 -1.132991389883E+000  3.540657230876E+000 -1.007123717635E+001
  1.265276038575E-001  2.512734637975E-003 -1.124179935196E+000  3.515608304980E+000 -9.988129285206E+000
  1.290556553882E-001  2.543407909995E-003 -1.115324124578E+000  3.490463268869E+000 -9.904827160978E+000
  1.316144992580E-001  2.574319925047E-003 -1.106424909538E+000  3.465225350782E+000 -9.821343863589E+000
  1.342043760450E-001  2.605474361847E-003 -1.097483247234E+000  3.439897786024E+000 -9.737692446486E+000
  1.368255300316E-001  2.636874950214E-003 -1.088500100384E+000  3.414483816358E+000 -9.653885953154E+000
  1.394782092560E-001  2.668525472060E-003 -1.079476437179E+000  3.388986689386E+000 -9.569937413611E+000
  1.421626655646E-001  2.700429762411E-003 -1.070413231183E+000  3.363409657933E+000 -9.485859840883E+000
  1.448791546661E-001  2.732591710434E-003 -1.061311461247E+000  3.337755979427E+000 -9.401666227453E+000
  1.476279361856E-001  2.765015260497E-003 -1.052172111411E+000  3.312028915275E+000 -9.317369541710E+000
  1.504092737207E-001  2.797704413242E-003 -1.042996170811E+000  3.286231730236E+000 -9.232982724370E+000
  1.532234348983E-001  2.830663226680E-003 -1.033784633584E+000  3.260367691798E+000 -9.148518684886E+000
  1.560706914324E-001  2.863895817319E-003 -1.024538498771E+000  3.234440069544E+000 -9.063990297853E+000
  1.589513191834E-001  2.897406361298E-003 -1.015258770218E+000  3.208452134524E+000 -8.979410399396E+000
  1.618655982178E-001  2.931199095559E-003 -1.005946456482E+000  3.182407158624E+000 -8.894791783551E+000
  1.648138128702E-001  2.965278319033E-003 -9.966025707281E-001  3.156308413927E+000 -8.810147198639E+000
  1.677962518056E-001  2.999648393860E-003 -9.872281306329E-001  3.130159172088E+000 -8.725489343636E+000
  1.708132080832E-001  3.034313746623E-003 -9.778241582822E-001  3.103962703691E+000 -8.640830864541E+000
  1.738649792215E-001  3.069278869616E-003 -9.683916800709E-001  3.077722277620E+000 -8.556184350735E+000
  1.769518672648E-001  3.104548322136E-003 -9.589317266005E-001  3.051441160423E+000 -8.471562331351E+000
  1.800741788507E-001  3.140126731803E-003 -9.494453325772E-001  3.025122615677E+000 -8.386977271638E+000
  1.832322252791E-001  3.176018795904E-003 -9.399335367076E-001  2.998769903358E+000 -8.302441569331E+000
  1.864263225826E-001  3.212229282769E-003 -9.303973815954E-001  2.972386279202E+000 -8.217967551032E+000
  1.896567915983E-001  3.248763033179E-003 -9.208379136361E-001  2.945974994083E+000 -8.133567468591E+000
  1.929239580409E-001  3.285624961791E-003 -9.112561829117E-001  2.919539293376E+000 -8.049253495509E+000
  1.962281525771E-001  3.322820058613E-003 -9.016532430844E-001  2.893082416333E+000 -7.965037723341E+000
  1.995697109023E-001  3.360353390492E-003 -8.920301512900E-001  2.866607595461E+000 -7.880932158127E+000
  2.029489738173E-001  3.398230102644E-003 -8.823879680299E-001  2.840118055892E+000 -7.796948716828E+000
  2.063662873085E-001  3.436455420218E-003 -8.727277570632E-001  2.813617014773E+000 -7.713099223794E+000
  2.098220026275E-001  3.475034649885E-003 -8.630505852980E-001  2.787107680641E+000 -7.629395407246E+000
  2.133164763746E-001  3.513973181471E-003 -8.533575226815E-001  2.760593252820E+000 -7.545848895788E+000
  2.168500705817E-001  3.553276489620E-003 -8.436496420899E-001  2.734076920806E+000 -7.462471214943E+000
  2.204231527988E-001  3.592950135496E-003 -8.339280192179E-001  2.707561863666E+000 -7.379273783720E+000
  2.240360961807E-001  3.632999768520E-003 -8.241937324672E-001  2.681051249440E+000 -7.296267911218E+000
  2.276892795770E-001  3.673431128145E-003 -8.144478628341E-001  2.654548234544E+000 -7.213464793261E+000
  2.313830876220E-001  3.714250045674E-003 -8.046914937973E-001  2.628055963189E+000 -7.130875509072E+000
  2.351179108282E-001  3.755462446115E-003 -7.949257112041E-001  2.601577566790E+000 -7.048511017993E+000
  2.388941456809E-001  3.797074350078E-003 -7.851516031569E-001  2.575116163395E+000 -6.966382156240E+000
  2.427121947345E-001  3.839091875711E-003 -7.753702598985E-001  2.548674857118E+000 -6.884499633715E+000
  2.465724667110E-001  3.881521240686E-003 -7.655827736966E-001  2.522256737570E+000 -6.802874030863E+000
  2.504753766009E-001  3.924368764227E-003 -7.557902387281E-001  2.495864879310E+000 -6.721515795581E+000
  2.544213457654E-001  3.967640869177E-003 -7.459937509627E-001  2.469502341295E+000 -6.640435240189E+000
  2.584108020414E-001  4.011344084122E-003 -7.361944080456E-001  2.443172166342E+000 -6.559642538449E+000
  2.624441798480E-001  4.055485045557E-003 -7.263933091795E-001  2.416877380598E+000 -6.479147722663E+000
  2.665219202956E-001  4.100070500102E-003 -7.165915550062E-001  2.390620993015E+000 -6.398960680818E+000
  2.706444712976E-001  4.145107306769E-003 -7.067902474872E-001  2.364405994842E+000 -6.319091153812E+000
  2.748122876832E-001  4.190602439283E-003 -6.969904897837E-001  2.338235359116E+000 -6.239548732749E+000
  2.790258313137E-001  4.236562988450E-003 -6.871933861359E-001  2.312112040176E+000 -6.160342856305E+000
  2.832855712010E-001  4.282996164587E-003 -6.774000417411E-001  2.286038973172E+000 -6.081482808180E+000
  2.875919836279E-001  4.329909300005E-003 -6.676115626318E-001  2.260019073599E+000 -6.002977714618E+000
  2.919455522717E-001  4.377309851548E-003 -6.578290555521E-001  2.234055236830E+000 -5.924836542026E+000
  2.963467683296E-001  4.425205403192E-003 -6.480536278337E-001  2.208150337665E+000 -5.847068094673E+000
  3.007961306479E-001  4.473603668706E-003 -6.382863872708E-001  2.182307229897E+000 -5.769681012478E+000
  3.052941458522E-001  4.522512494374E-003 -6.285284419942E-001  2.156528745878E+000 -5.692683768899E+000
  3.098413284823E-001  4.571939861783E-003 -6.187809003443E-001  2.130817696104E+000 -5.616084668911E+000
  3.144382011281E-001  4.621893890671E-003 -6.090448707428E-001  2.105176868811E+000 -5.539891847091E+000
  3.190852945695E-001  4.672382841850E-003 -5.993214615639E-001  2.079609029586E+000 -5.464113265802E+000
  3.237831479192E-001  4.723415120192E-003 -5.896117810035E-001  2.054116920982E+000 -5.388756713485E+000
  3.285323087679E-001  4.774999277691E-003 -5.799169369481E-001  2.028703262157E+000 -5.313829803059E+000
  3.333333333333E-001  4.827144016591E-003 -5.702380368414E-001  2.003370748514E+000 -5.239339970438E+000
  3.381867866117E-001  4.879858192602E-003 -5.605761875507E-001  1.978122051367E+000 -5.165294473154E+000
  3.430932425333E-001  4.933150818173E-003 -5.509324952306E-001  1.952959817605E+000 -5.091700389107E+000
  3.480532841203E-001  4.987031065868E-003 -5.413080651862E-001  1.927886669384E+000 -5.018564615432E+000
  3.530675036492E-001  5.041508271801E-003 -5.317040017341E-001  1.902905203822E+000 -4.945893867488E+000
  3.581365028158E-001  5.096591939172E-003 -5.221214080621E-001  1.878017992711E+000 -4.873694677974E+000
  3.632608929041E-001  5.152291741875E-003 -5.125613860869E-001  1.853227582239E+000 -4.801973396175E+000
  3.684412949588E-001  5.208617528209E-003 -5.030250363099E-001  1.828536492736E+000 -4.730736187336E+000
  3.736783399619E-001  5.265579324662E-003 -4.935134576712E-001  1.803947218415E+000 -4.659989032170E+000
  3.789726690123E-001  5.323187339805E-003 -4.840277474014E-001  1.779462227142E+000 -4.589737726502E+000
  3.843249335105E-001  5.381451968273E-003 -4.745690008713E-001  1.755083960212E+000 -4.519987881048E+000
  3.897357953460E-001  5.440383794842E-003 -4.651383114390E-001  1.730814832138E+000 -4.450744921332E+000
  3.952059270903E-001  5.499993598618E-003 -4.557367702953E-001  1.706657230451E+000 -4.382014087746E+000
  4.007360121927E-001  5.560292357317E-003 -4.463654663057E-001  1.682613515518E+000 -4.313800435754E+000
  4.063267451812E-001  5.621291251662E-003 -4.370254858502E-001  1.658686020365E+000 -4.246108836227E+000
  4.119788318683E-001  5.683001669888E-003 -4.277179126605E-001  1.634877050517E+000 -4.178943975937E+000
  4.176929895600E-001  5.745435212354E-003 -4.184438276537E-001  1.611188883845E+000 -4.112310358190E+000
  4.234699472710E-001  5.808603696282E-003 -4.092043087634E-001  1.587623770425E+000 -4.046212303596E+000
  4.293104459435E-001  5.872519160606E-003 -4.000004307672E-001  1.564183932411E+000 -3.980653951003E+000
  4.352152386716E-001  5.937193870949E-003 -3.908332651115E-001  1.540871563911E+000 -3.915639258559E+000
  4.411850909306E-001  6.002640324729E-003 -3.817038797322E-001  1.517688830879E+000 -3.851172004931E+000
  4.472207808110E-001  6.068871256391E-003 -3.726133388717E-001  1.494637871008E+000 -3.787255790668E+000
  4.533230992589E-001  6.135899642772E-003 -3.635627028927E-001  1.471720793641E+000 -3.723894039702E+000
  4.594928503202E-001  6.203738708611E-003 -3.545530280875E-001  1.448939679677E+000 -3.661090001008E+000
  4.657308513924E-001  6.272401932198E-003 -3.455853664834E-001  1.426296581495E+000 -3.598846750388E+000
  4.720379334802E-001  6.341903051163E-003 -3.366607656439E-001  1.403793522875E+000 -3.537167192412E+000
  4.784149414579E-001  6.412256068427E-003 -3.277802684652E-001  1.381432498927E+000 -3.476054062490E+000
  4.848627343381E-001  6.483475258298E-003 -3.189449129686E-001  1.359215476024E+000 -3.415509929086E+000
  4.913821855461E-001  6.555575172733E-003 -3.101557320879E-001  1.337144391738E+000 -3.355537196065E+000
  4.979741832006E-001  6.628570647764E-003 -3.014137534516E-001  1.315221154775E+000 -3.296138105166E+000
  5.046396304008E-001  6.702476810086E-003 -2.927199991607E-001  1.293447644913E+000 -3.237314738618E+000
  5.113794455212E-001  6.777309083830E-003 -2.840754855610E-001  1.271825712941E+000 -3.179069021868E+000
  5.181945625116E-001  6.853083197508E-003 -2.754812230101E-001  1.250357180588E+000 -3.121402726432E+000
  5.250859312060E-001  6.929815191146E-003 -2.669382156390E-001  1.229043840461E+000 -3.064317472872E+000
  5.320545176366E-001  7.007521423604E-003 -2.584474611079E-001  1.207887455969E+000 -3.007814733873E+000
  5.391013043575E-001  7.086218580100E-003 -2.500099503569E-001  1.186889761246E+000 -2.951895837431E+000
  5.462272907741E-001  7.165923679926E-003 -2.416266673500E-001  1.166052461064E+000 -2.896561970148E+000
  5.534334934816E-001  7.246654084380E-003 -2.332985888142E-001  1.145377230741E+000 -2.841814180613E+000
  5.607209466109E-001  7.328427504912E-003 -2.250266839715E-001  1.124865716034E+000 -2.787653382874E+000
  5.680907021827E-001  7.411262011483E-003 -2.168119142659E-001  1.104519533027E+000 -2.734080359997E+000
  5.755438304707E-001  7.495176041166E-003 -2.086552330834E-001  1.084340267996E+000 -2.681095767692E+000
  5.830814203728E-001  7.580188406970E-003 -2.005575854660E-001  1.064329477272E+000 -2.628700138008E+000
  5.907045797917E-001  7.666318306912E-003 -1.925199078202E-001  1.044488687078E+000 -2.576893883090E+000
  5.984144360243E-001  7.753585333338E-003 -1.845431276178E-001  1.024819393349E+000 -2.525677298978E+000
  6.062121361613E-001  7.842009482502E-003 -1.766281630920E-001  1.005323061536E+000 -2.475050569456E+000
  6.140988474955E-001  7.931611164409E-003 -1.687759229261E-001  9.860011263868E-001 -2.425013769923E+000
  6.220757579409E-001  8.022411212936E-003 -1.609873059367E-001  9.668549917036E-001 -2.375566871289E+000
  6.301440764614E-001  8.114430896230E-003 -1.532632007506E-001  9.478860300753E-001 -2.326709743885E+000
  6.383050335109E-001  8.207691927403E-003 -1.456044854758E-001  9.290955825842E-001 -2.278442161367E+000
  6.465598814833E-001  8.302216475524E-003 -1.380120273666E-001  9.104849584848E-001 -2.230763804616E+000
  6.549098951744E-001  8.398027176926E-003 -1.304866824829E-001  8.920554348520E-001 -2.183674265603E+000
  6.633563722545E-001  8.495147146827E-003 -1.230292953444E-001  8.738082561987E-001 -2.137173051239E+000
  6.719006337539E-001  8.593599991288E-003 -1.156406985791E-001  8.557446340598E-001 -2.091259587158E+000
  6.805440245593E-001  8.693409819506E-003 -1.083217125677E-001  8.378657465424E-001 -2.045933221456E+000
  6.892879139233E-001  8.794601256469E-003 -1.010731450818E-001  8.201727378391E-001 -2.001193228349E+000
  6.981336959871E-001  8.897199455961E-003 -9.389579091999E-002  8.026667177053E-001 -1.957038811752E+000
  7.070827903152E-001  9.001230113956E-003 -8.679043153811E-002  7.853487608963E-001 -1.913469108754E+000
  7.161366424455E-001  9.106719482390E-003 -7.975783467747E-002  7.682199065655E-001 -1.870483192988E+000
  7.252967244510E-001  9.213694383338E-003 -7.279875398954E-002  7.512811576209E-001 -1.828080077870E+000
  7.345645355186E-001  9.322182223606E-003 -6.591392865860E-002  7.345334800399E-001 -1.786258719698E+000
  7.439416025400E-001  9.432211009745E-003 -5.910408302261E-002  7.179778021410E-001 -1.745018020604E+000
  7.534294807203E-001  9.543809363512E-003 -5.236992619313E-002  7.016150138113E-001 -1.704356831334E+000
  7.630297542000E-001  9.657006537783E-003 -4.571215167494E-002  6.854459656903E-001 -1.664273953848E+000
  7.727440366954E-001  9.771832432940E-003 -3.913143698625E-002  6.694714683082E-001 -1.624768143723E+000
  7.825739721536E-001  9.888317613741E-003 -3.262844328025E-002  6.536922911800E-001 -1.585838112354E+000
  7.925212354258E-001  1.000649332670E-002 -2.620381496901E-002  6.381091618537E-001 -1.547482528922E+000
  8.025875329584E-001  1.012639151798E-002 -1.985817935075E-002  6.227227649141E-001 -1.509700022138E+000
  8.127746035011E-001  1.024804485184E-002 -1.359214624144E-002  6.075337409418E-001 -1.472489181729E+000
  8.230842188350E-001  1.037148672960E-002 -7.406307611981E-003  5.925426854288E-001 -1.435848559668E+000
  8.335181845190E-001  1.049675130923E-002 -1.301237232083E-003  5.777501476508E-001 -1.399776671124E+000
  8.440783406568E-001  1.062387352550E-002  4.722509677819E-003  5.631566294978E-001 -1.364271995139E+000
  8.547665626839E-001  1.075288911077E-002  1.066439678528E-002  5.487625842650E-001 -1.329332974993E+000
  8.655847621758E-001  1.088383461638E-002  1.652390697379E-002  5.345684154048E-001 -1.294958018273E+000
  8.765348876780E-001  1.101674743475E-002  2.230054265838E-002  5.205744752430E-001 -1.261145496622E+000
  8.876189255584E-001  1.115166582209E-002  2.799382608744E-002  5.067810636613E-001 -1.227893745158E+000
  8.988389008829E-001  1.128862892191E-002  3.360329962900E-002  4.931884267485E-001 -1.195201061570E+000
  9.101968783143E-001  1.142767678917E-002  3.912852603976E-002  4.797967554252E-001 -1.163065704861E+000
  9.216949630368E-001  1.156885041525E-002  4.456908871528E-002  4.666061840437E-001 -1.131485893756E+000
  9.333353017046E-001  1.171219175365E-002  4.992459191916E-002  4.536167889687E-001 -1.100459804754E+000
  9.451200834176E-001  1.185774374655E-002  5.519466098967E-002  4.408285871421E-001 -1.069985569822E+000
  9.570515407237E-001  1.200555035216E-002  6.037894252159E-002  4.282415346383E-001 -1.040061273748E+000
  9.691319506484E-001  1.215565657299E-002  6.547710452140E-002  4.158555252135E-001 -1.010684951120E+000
  9.813636357544E-001  1.230810848498E-002  7.048883653374E-002  4.036703888569E-001 -9.818545829643E-001
  9.937489652293E-001  1.246295326757E-002  7.541384973700E-002  3.916858903478E-001 -9.535680930251E-001
  1.006290356005E+000  1.262023923477E-002  8.025187700597E-002  3.799017278279E-001 -9.258233437032E-001
  1.018990273907E+000  1.278001586715E-002  8.500267293929E-002  3.683175313935E-001 -8.986181316505E-001
  1.031851234841E+000  1.294233384499E-002  8.966601384971E-002  3.569328617173E-001 -8.719501830359E-001
  1.044875806003E+000  1.310724508236E-002  9.424169771480E-002  3.457472087071E-001 -8.458171484920E-001
  1.058066607138E+000  1.327480276248E-002  9.872954408601E-002  3.347599902097E-001 -8.202165977535E-001
  1.071426311823E+000  1.344506137405E-002  1.031293939540E-001  3.239705507697E-001 -7.951460140055E-001
  1.084957648792E+000  1.361807674895E-002  1.074411095679E-001  3.133781604530E-001 -7.706027879579E-001
  1.098663403298E+000  1.379390610110E-002  1.116645742068E-001  3.029820137440E-001 -7.465842116654E-001
  1.112546418516E+000  1.397260806657E-002  1.157996919011E-001  2.927812285279E-001 -7.230874721172E-001
  1.126609596985E+000  1.415424274514E-002  1.198463871016E-001  2.827748451680E-001 -7.001096446206E-001
  1.140855902095E+000  1.433887174317E-002  1.238046042955E-001  2.729618256899E-001 -6.776476860050E-001
  1.155288359613E+000  1.452655821788E-002  1.276743075664E-001  2.633410530842E-001 -6.556984276787E-001
  1.169910059257E+000  1.471736692327E-002  1.314554800970E-001  2.539113307383E-001 -6.342585685690E-001
  1.184724156317E+000  1.491136425740E-002  1.351481236139E-001  2.446713820108E-001 -6.133246679823E-001
  1.199733873325E+000  1.510861831145E-002  1.387522577722E-001  2.356198499601E-001 -5.928931384209E-001
  1.214942501771E+000  1.530919892035E-002  1.422679194794E-001  2.267552972399E-001 -5.729602383985E-001
  1.230353403874E+000  1.551317771520E-002  1.456951621575E-001  2.180762061732E-001 -5.535220652948E-001
  1.245970014403E+000  1.572062817747E-002  1.490340549437E-001  2.095809790192E-001 -5.345745482974E-001
  1.261795842559E+000  1.593162569510E-002  1.522846818277E-001  2.012679384438E-001 -5.161134414762E-001
  1.277834473907E+000  1.614624762054E-002  1.554471407272E-001  1.931353282073E-001 -4.981343170411E-001
  1.294089572372E+000  1.636457333079E-002  1.585215425021E-001  1.851813140812E-001 -4.806325588352E-001
  1.310564882294E+000  1.658668428962E-002  1.615080099064E-001  1.774039850063E-001 -4.636033561170E-001
  1.327264230548E+000  1.681266411190E-002  1.644066764810E-001  1.698013545026E-001 -4.470416976869E-001
  1.344191528724E+000  1.704259863026E-002  1.672176853884E-001  1.623713623444E-001 -4.309423664160E-001
  1.361350775387E+000  1.727657596408E-002  1.699411881909E-001  1.551118765085E-001 -4.152999342349E-001
  1.378746058390E+000  1.751468659100E-002  1.725773435755E-001  1.480206954071E-001 -4.001087576422E-001
  1.396381557275E+000  1.775702342093E-002  1.751263160287E-001  1.410955504145E-001 -3.853629737939E-001
  1.414261545744E+000  1.800368187279E-002  1.775882744647E-001  1.343341086938E-001 -3.710564972326E-001
  1.432390394201E+000  1.825475995395E-002  1.799633908116E-001  1.277339763331E-001 -3.571830173192E-001
  1.450772572390E+000  1.851035834267E-002  1.822518385600E-001  1.212927017950E-001 -3.437359964269E-001
  1.469412652102E+000  1.877058047342E-002  1.844537912811E-001  1.150077796854E-001 -3.307086689569E-001
  1.488315309978E+000  1.903553262542E-002  1.865694211185E-001  1.088766548426E-001 -3.180940412356E-001
  1.507485330398E+000  1.930532401444E-002  1.885988972632E-001  1.028967267505E-001 -3.058848923499E-001
  1.526927608467E+000  1.958006688797E-002  1.905423844171E-001  9.706535427297E-002 -2.940737759755E-001
  1.546647153093E+000  1.985987662391E-002  1.924000412556E-001  9.137986070864E-002 -2.826530232515E-001
  1.566649090169E+000  2.014487183303E-002  1.941720188979E-001  8.583753916104E-002 -2.716147467496E-001
  1.586938665861E+000  2.043517446518E-002  1.958584593945E-001  8.043565821709E-002 -2.609508455855E-001
  1.607521250000E+000  2.073090991960E-002  1.974594942438E-001  7.517146792531E-002 -2.506530117117E-001
  1.628402339588E+000  2.103220715932E-002  1.989752429486E-001  7.004220606182E-002 -2.407127374301E-001
  1.649587562420E+000  2.133919883002E-002  2.004058116257E-001  6.504510467010E-002 -2.311213241547E-001
  1.671082680832E+000  2.165202138333E-002  2.017512916811E-001  6.017739685736E-002 -2.218698924500E-001
  1.692893595565E+000  2.197081520497E-002  2.030117585653E-001  5.543632382772E-002 -2.129493933632E-001
  1.715026349769E+000  2.229572474776E-002  2.041872706234E-001  5.081914212935E-002 -2.043506210612E-001
  1.737487133138E+000  2.262689866987E-002  2.052778680544E-001  4.632313108969E-002 -1.960642267763E-001
  1.760282286187E+000  2.296448997842E-002  2.062835719971E-001  4.194560040969E-002 -1.880807340544E-001
  1.783418304674E+000  2.330865617868E-002  2.072043837581E-001  3.768389788495E-002 -1.803905552917E-001
  1.806901844175E+000  2.365955942924E-002  2.080402841990E-001  3.353541721844E-002 -1.729840095360E-001
  1.830739724818E+000  2.401736670327E-002  2.087912333008E-001  2.949760588603E-002 -1.658513415176E-001
  1.854938936184E+000  2.438224995616E-002  2.094571699232E-001  2.556797301337E-002 -1.589827418668E-001
  1.879506642368E+000  2.475438629994E-002  2.100380117756E-001  2.174409721908E-002 -1.523683684588E-001
  1.904450187236E+000  2.513395818467E-002  2.105336556203E-001  1.802363437652E-002 -1.459983688227E-001
  1.929777099847E+000  2.552115358717E-002  2.109439777229E-001  1.440432524321E-002 -1.398629035320E-001
  1.955495100083E+000  2.591616620741E-002  2.112688345704E-001  1.088400290465E-002 -1.339521704878E-001
  1.981612104475E+000  2.631919567292E-002  2.115080638735E-001  7.460599976246E-003 -1.282564299905E-001
  2.008136232230E+000  2.673044775156E-002  2.116614858698E-001  4.132155505214E-003 -1.227660304856E-001
  2.035075811486E+000  2.715013457311E-002  2.117289049442E-001  8.968215119825E-004 -1.174714348559E-001
  2.062439385788E+000  2.757847486001E-002  2.117101115832E-001 -2.247130890808E-003 -1.123632471219E-001
  2.090235720801E+000  2.801569416771E-002  2.116048846758E-001 -5.301305865065E-003 -1.074322393982E-001
  2.118473811262E+000  2.846202513514E-002  2.114129941744E-001 -8.267177763921E-003 -1.026693789474E-001
  2.147162888201E+000  2.891770774564E-002  2.111342041272E-001 -1.114608666285E-002 -9.806585515626E-002
  2.176312426413E+000  2.938298959899E-002  2.107682760925E-001 -1.393923456970E-002 -9.361310625547E-002
  2.205932152222E+000  2.985812619504E-002  2.103149729399E-001 -1.664768237721E-002 -8.930284559055E-002
  2.236032051522E+000  3.034338122938E-002  2.097740630458E-001 -1.927234762059E-002 -8.512708724734E-002
  2.266622378129E+000  3.083902690182E-002  2.091453248844E-001 -2.181400310022E-002 -8.107817082680E-002
  2.297713662445E+000  3.134534423818E-002  2.084285520138E-001 -2.427327642749E-002 -7.714878516008E-002
  2.329316720450E+000  3.186262342603E-002  2.076235584541E-001 -2.665065054759E-002 -7.333199075068E-002
  2.361442663038E+000  3.239116416519E-002  2.067301844488E-001 -2.894646528954E-002 -6.962124072914E-002
  2.394102905709E+000  3.293127603351E-002  2.057483026010E-001 -3.116091998809E-002 -6.601040010567E-002
  2.427309178642E+000  3.348327886897E-002  2.046778243671E-001 -3.329407721674E-002 -6.249376310851E-002
  2.461073537146E+000  3.404750316862E-002  2.035187068907E-001 -3.534586766402E-002 -5.906606840006E-002
  2.495408372530E+000  3.462429050548E-002  2.022709601523E-001 -3.731609617778E-002 -5.572251196975E-002
  2.530326423398E+000  3.521399396401E-002  2.009346544073E-001 -3.920444899381E-002 -5.245875751152E-002
  2.565840787378E+000  3.581697859546E-002  1.995099278789E-001 -4.101050215578E-002 -4.927094410589E-002
  2.601964933334E+000  3.643362189376E-002  1.979969946687E-001 -4.273373112341E-002 -4.615569104048E-002
  2.638712714049E+000  3.706431429322E-002  1.963961528422E-001 -4.437352155503E-002 -4.311009962017E-002
  2.676098379430E+000  3.770945968912E-002  1.947077926406E-001 -4.592918123906E-002 -4.013175183750E-002
  2.714136590232E+000  3.836947598236E-002  1.929324047678E-001 -4.739995313669E-002 -3.721870579634E-002
  2.752842432351E+000  3.904479564947E-002  1.910705886929E-001 -4.878502948548E-002 -3.436948780663E-002
  2.792231431696E+000  3.973586633921E-002  1.891230609075E-001 -5.008356690012E-002 -3.158308109543E-002
  2.832319569669E+000  4.044315149734E-002  1.870906630698E-001 -5.129470239321E-002 -2.885891110937E-002
  2.873123299289E+000  4.116713102086E-002  1.849743699633E-001 -5.241757022499E-002 -2.619682741530E-002
  2.914659561979E+000  4.190830194354E-002  1.827752971965E-001 -5.345131947737E-002 -2.359708224004E-002
  2.956945805065E+000  4.266717915414E-002  1.804947085630E-001 -5.439513223343E-002 -2.106030572569E-002
  3.000000000000E+000  4.344429614932E-002  1.781340229808E-001 -5.524824223058E-002 -1.858747801382E-002
  3.043840661365E+000  4.424020582308E-002  1.756948209259E-001 -5.600995384233E-002 -1.617989830979E-002
  3.088486866678E+000  4.505548129460E-002  1.731788502747E-001 -5.667966123130E-002 -1.383915111720E-002
  3.133958277047E+000  4.589071677685E-002  1.705880314676E-001 -5.725686750486E-002 -1.156706987059E-002
  3.180275158719E+000  4.674652848797E-002  1.679244619067E-001 -5.774120369462E-002 -9.365698233243E-003
  3.227458405560E+000  4.762355560797E-002  1.651904195026E-001 -5.813244737180E-002 -7.237249363788E-003
  3.275529562509E+000  4.852246128332E-002  1.623883652840E-001 -5.843054070360E-002 -5.184063491212E-003
  3.324510850077E+000  4.944393368200E-002  1.595209449909E-001 -5.863560775008E-002 -3.208564171321E-003
  3.374425189910E+000  5.038868710203E-002  1.565909895742E-001 -5.874797079776E-002 -1.313213628569E-003
  3.425296231502E+000  5.135746313639E-002  1.536015145292E-001 -5.876816552510E-002  4.995323855274E-004
  3.477148380094E+000  5.235103189784E-002  1.505557180003E-001 -5.869695479646E-002  2.227269762825E-003
  3.530006825834E+000  5.337019330676E-002  1.474569775988E-001 -5.853534088531E-002  3.867690764629E-003
  3.583897574256E+000  5.441577844603E-002  1.443088458877E-001 -5.828457593435E-002  5.418627816845E-003
  3.638847478148E+000  5.548865098670E-002  1.411150444971E-001 -5.794617047016E-002  6.878095880101E-003
  3.694884270887E+000  5.658970868864E-002  1.378794568451E-001 -5.752189980311E-002  8.244332899554E-003
  3.752036601308E+000  5.771988498079E-002  1.346061194534E-001 -5.701380815922E-002  9.515837844724E-003
  3.810334070199E+000  5.888015062562E-002  1.312992118608E-001 -5.642421040995E-002  1.069140586244E-002
  3.869807268505E+000  6.007151547295E-002  1.279630451524E-001 -5.575569128814E-002  1.177016008620E-002
  3.930487817331E+000  6.129503030858E-002  1.246020491381E-001 -5.501110200363E-002  1.275157967297E-002
  3.992408409843E+000  6.255178880352E-002  1.212207582338E-001 -5.419355419980E-002  1.363552367386E-002
  4.055602855172E+000  6.384292957002E-002  1.178237961111E-001 -5.330641122311E-002  1.442225038789E-002
  4.120106124432E+000  6.516963833101E-002  1.144158592026E-001 -5.235327671014E-002  1.511243189827E-002
  4.185954398964E+000  6.653315021009E-002  1.110016991669E-001 -5.133798053126E-002  1.570716354741E-002
  4.253185120935E+000  6.793475214960E-002  1.075861044330E-001 -5.026456216607E-002  1.620796817008E-002
  4.321837046422E+000  6.937578546490E-002  1.041738809616E-001 -4.913725162242E-002  1.661679497297E-002
  4.391950301120E+000  7.085764854355E-002  1.007698323771E-001 -4.796044804809E-002  1.693601302184E-002
  4.463566438835E+000  7.238179969882E-002  9.737873963768E-002 -4.673869622089E-002  1.716839937489E-002
  4.536728502895E+000  7.394976018725E-002  9.400534042400E-002 -4.547666113893E-002  1.731712197957E-002
  4.611481090679E+000  7.556311740127E-002  9.065430843788E-002 -4.417910096682E-002  1.738571753087E-002
  4.687870421430E+000  7.722352824817E-002  8.733023281215E-002 -4.285083862543E-002  1.737806456857E-002
  4.765944407533E+000  7.893272272784E-002  8.403759783744E-002 -4.149673234130E-002  1.729835216920E-002
  4.845752729492E+000  8.069250772248E-002  8.078076321605E-002 -4.012164549664E-002  1.715104466243E-002
  4.927346914797E+000  8.250477101257E-002  7.756394505269E-002 -3.873041614094E-002  1.694084287128E-002
  5.010780420931E+000  8.437148553436E-002  7.439119778868E-002 -3.732782653985E-002  1.667264243754E-002
  5.096108722763E+000  8.629471389541E-002  7.126639727944E-002 -3.591857314650E-002  1.635148984806E-002
  5.183389404586E+000  8.827661316581E-002  6.819322520450E-002 -3.450723738254E-002  1.598253682214E-002
  5.272682257105E+000  9.031943996425E-002  6.517515498516E-002 -3.309825761244E-002  1.557099375283E-002
  5.364049379651E+000  9.242555585946E-002  6.221543936709E-002 -3.169590268322E-002  1.512208291638E-002
  5.457555287978E+000  9.459743310926E-002  5.931709980368E-002 -3.030424738348E-002  1.464099217146E-002
  5.553267027968E+000  9.683766076100E-002  5.648291775166E-002 -2.892715014999E-002  1.413282986356E-002
  5.651254295630E+000  9.914895113938E-002  5.371542796230E-002 -2.756823331748E-002  1.360258162962E-002
  5.751589563796E+000  1.015341467494E-001  5.101691382201E-002 -2.623086616818E-002  1.305506976307E-002
  5.854348215936E+000  1.039962276248E-001  4.838940476338E-002 -2.491815099232E-002  1.249491575083E-002
  5.959608687557E+000  1.065383191537E-001  4.583467573435E-002 -2.363291232009E-002  1.192650653178E-002
  6.067452615683E+000  1.091637004188E-001  4.335424867871E-002 -2.237768943066E-002  1.135396495202E-002
  6.177964996951E+000  1.118758130872E-001  4.094939594667E-002 -2.115473218547E-002  1.078112480722E-002
  6.291234354880E+000  1.146782708938E-001  3.862114552085E-002 -1.996600017248E-002  1.021151076843E-002
  6.407352916949E+000  1.175748697626E-001  3.637028791077E-002 -1.881316508704E-002  9.648323386627E-003
  6.526416802128E+000  1.205695986129E-001  3.419738454012E-002 -1.769761621465E-002  9.094429265961E-003
  6.648526219580E+000  1.236666509049E-001  3.210277742456E-002 -1.662046882263E-002  8.552356388090E-003
  6.773785679311E+000  1.268704369821E-001  3.008659991651E-002 -1.558257521359E-002  8.024294463311E-003
  6.902304215570E+000  1.301855972713E-001  2.814878827646E-002 -1.458453814464E-002  7.512100081025E-003
  7.034195623922E+000  1.336170164087E-001  2.628909381953E-002 -1.362672627395E-002  7.017306335279E-003
  7.169578712934E+000  1.371698383673E-001  2.450709538080E-002 -1.270929126228E-002  6.541136513330E-003
  7.308577571516E+000  1.408494826628E-001  2.280221184510E-002 -1.183218613204E-002  6.084521358913E-003
  7.451321853057E+000  1.446616617293E-001  2.117371449540E-002 -1.099518447172E-002  5.648119359346E-003
  7.597947077547E+000  1.486123995567E-001  1.962073894930E-002 -1.019790006902E-002  5.232339458594E-003
  7.748594953021E+000  1.527080516973E-001  1.814229647536E-002 -9.439806563038E-003  4.837365568275E-003
  7.903413717736E+000  1.569553267535E-001  1.673728450932E-002 -8.720256723402E-003  4.463182236268E-003
  8.062558504629E+000  1.613613094717E-001  1.540449622396E-002 -8.038500992491E-003  4.109600838161E-003
  8.226191729726E+000  1.659334855793E-001  1.414262904518E-002 -7.393704964746E-003  3.776285680190E-003
  8.394483506327E+000  1.706797685137E-001  1.295029204883E-002 -6.784965523777E-003  3.462779442324E-003
  8.567612086926E+000  1.756085282071E-001  1.182601221755E-002 -6.211325411693E-003  3.168527445496E-003
  8.745764335025E+000  1.807286221064E-001  1.076823958216E-002 -5.671786064304E-003  2.892900295387E-003
  8.929136229160E+000  1.860494286260E-001  9.775351317078E-003 -5.165318608570E-003  2.635214534166E-003
  9.117933401693E+000  1.915808832504E-001  8.845654902109E-003 -4.690872982736E-003  2.394751018209E-003
  9.312371715124E+000  1.973335175235E-001  7.977390501757E-003 -4.247385202718E-003  2.170770830815E-003
  9.512677878945E+000  2.033185011886E-001  7.168732747127E-003 -3.833782858433E-003  1.962528630985E-003
  9.719090110332E+000  2.095476877688E-001  6.417792132706E-003 -3.448988978554E-003  1.769283428940E-003
  9.931858842267E+000  2.160336639044E-001  5.722616259752E-003 -3.091924449875E-003  1.590306863185E-003
  1.015124748302E+001  2.227898028021E-001  5.081191168762E-003 -2.761509216301E-003  1.424889129411E-003
  1.037753323129E+001  2.298303221843E-001  4.491443004946E-003 -2.456662511170E-003  1.272342776031E-003
  1.061100795175E+001  2.371703471699E-001  3.951240252362E-003 -2.176302394263E-003  1.132004632575E-003
  1.085197911611E+001  2.448259785618E-001  3.458396754571E-003 -1.919344871055E-003  1.003236174203E-003
  1.110077081537E+001  2.528143670735E-001  3.010675712618E-003 -1.684702866476E-003  8.854226475389E-004
  1.135772484956E+001  2.611537940784E-001  2.605794815727E-003 -1.471285309336E-003  7.779712899792E-004
  1.162320190175E+001  2.698637595360E-001  2.241432617372E-003 -1.277996557487E-003  6.803089671685E-004
  1.189758280382E+001  2.789650778206E-001  1.915236220754E-003 -1.103736359213E-003  5.918795329664E-004
  1.218126990242E+001  2.884799822596E-001  1.624830284876E-003 -9.474005049546E-004  5.121411847167E-004
  1.247468853413E+001  2.984322392826E-001  1.367827307213E-003 -8.078822772511E-004  4.405640463354E-004
  1.277828862002E+001  3.088472731875E-001  1.141839083311E-003 -6.840747577997E-004  3.766281652046E-004
  1.309254639077E+001  3.197523026463E-001  9.444891897056E-004 -5.748740010077E-004  3.198220587958E-004
  1.341796625462E+001  3.311764902095E-001  7.734262860904E-004 -4.791830353320E-004  2.696418959942E-004
  1.375508282195E+001  3.431511062169E-001  6.263379878289E-004 -3.959166090679E-004  2.255913487276E-004
  1.410446310162E+001  3.557097086969E-001  5.009650222470E-004 -3.240065577140E-004  1.871821038868E-004
  1.446670888596E+001  3.688883410292E-001  3.951153533565E-004 -2.624076370176E-004  1.539349854228E-004
  1.484245934302E+001  3.827257493700E-001  3.066779409625E-004 -2.101036403649E-004  1.253816032372E-004
  1.523239383723E+001  3.972636220891E-001  2.336357925635E-004 -1.661136020571E-004  1.010664198717E-004
  1.563723500136E+001  4.125468537596E-001  1.740779707451E-004 -1.294978795898E-004  8.054910843392E-005
  1.605775208607E+001  4.286238365683E-001  1.262102352674E-004 -9.936390840274E-005  6.340706560743E-005
  1.649476461582E+001  4.455467823929E-001  8.836402772792E-005 -7.487143146002E-005  4.923794159707E-005
  1.694914638379E+001  4.633720792263E-001  5.900354712922E-005 -5.523702296773E-005  3.766205376356E-005
  1.742182982203E+001  4.821606861220E-001  3.673071603782E-005 -3.973774979788E-005  2.832456164254E-005
  1.791381078784E+001  5.019785714107E-001  2.028789795724E-005 -2.771384482749E-005  2.089729701608E-005
  1.842615381215E+001  5.228971995942E-001  8.558295248972E-006 -1.857030226133E-005  1.508016264947E-005
  1.895999786176E+001  5.449940730840E-001  5.640311043680E-007 -1.177734474952E-005  1.060203613425E-005
  1.951656267356E+001  5.683533358366E-001 -4.538004088286E-006 -6.869754208661E-006  7.221139901879E-006
  2.009715572669E+001  5.930664469535E-001 -7.462385341682E-006 -3.445101013935E-006  4.724863812718E-006
  2.070317992707E+001  6.192329335039E-001 -8.803235786819E-006 -1.160947812309E-006  2.929051717508E-006
  2.133614208874E+001  6.469612332096E-001 -9.043866269405E-006  2.688573109182E-007  1.676786985274E-006
  2.199766230782E+001  6.763696392388E-001 -8.567625690970E-006  1.078650139139E-006  8.367331736251E-007
  2.268948433818E+001  7.075873612439E-001 -7.669577968731E-006  1.456007377256E-006  3.011038232532E-007
  2.341348709294E+001  7.407557189842E-001 -6.568601219092E-006  1.547198673447E-006 -1.665107465181E-008
  2.417169741362E+001  7.760294874639E-001 -5.419504155670E-006  1.462832532641E-006 -1.843457627620E-007
  2.496630426925E+001  8.135784155747E-001 -4.324774494320E-006  1.283497208050E-006 -2.536471642274E-007
  2.579967457140E+001  8.535889438281E-001 -3.345613737939E-006  1.065210338515E-006 -2.626540710884E-007
  2.667437081864E+001  8.962661510291E-001 -2.511969916686E-006  8.445135990065E-007 -2.383778185597E-007
  2.759317081651E+001  9.418359647997E-001 -1.831351027692E-006  6.430794673555E-007 -1.990477697977E-007
  2.855908975674E+001  9.905476768748E-001 -1.296282083008E-006  4.717341720402E-007 -1.561813667524E-007
  2.957540498378E+001  1.042676811269E+000 -8.903519202704E-007  3.338411816024E-007 -1.163774843545E-007
  3.064568382919E+001  1.098528402000E+000 -5.928759245058E-007  2.280300884087E-007 -8.281182399612E-008
  3.177381495601E+001  1.158440747351E+000 -3.822714460597E-007  1.502932530711E-007 -5.643247376953E-008
  3.296404372807E+001  1.222789720048E+000 -2.382987846681E-007  9.550424468384E-008 -3.687100346842E-008
  3.422101220608E+001  1.291993727721E+000 -1.433584889983E-007  5.843571585062E-008 -2.309826538534E-008
  3.554980447538E+001  1.366519436102E+000 -8.305374514316E-008  3.436858957969E-008 -1.386356294649E-008
  3.695599813319E+001  1.446888389511E+000 -4.622536046225E-008  1.938908511228E-008 -7.960670654621E-009
  3.844572291106E+001  1.533684690030E+000 -2.464895886791E-008  1.046603336174E-008 -4.364532700202E-009
  4.002572758518E+001  1.627563929686E+000 -1.255382931138E-008  5.389916078017E-009 -2.279024789931E-009
  4.170345654134E+001  1.729263610453E+000 -6.085722532531E-009  2.639510996476E-009 -1.129994433806E-009
  4.348713762001E+001  1.839615336740E+000 -2.797212326492E-009  1.224561879728E-009 -5.301423829724E-010
  4.538588318162E+001  1.959559126947E+000 -1.213767075227E-009  5.359428641559E-010 -2.343909629485E-010
  4.740980671574E+001  2.090160267552E+000 -4.948091493831E-010  2.202268851429E-010 -9.721157443473E-011
  4.957015778746E+001  2.232629229408E+000 -1.884850812089E-010  8.451082989200E-011 -3.762281283423E-011
  5.187947869225E+001  2.388345286640E+000 -6.668272905889E-011  3.010450902295E-011 -1.350733990788E-011
  5.435178690397E+001  2.558884630889E+000 -2.176127394729E-011  9.887535284595E-012 -4.468572316425E-012
  5.700278828629E+001  2.746053966795E+000 -6.500684702096E-012  2.971464611661E-012 -1.351966954796E-012
  5.985012714155E+001  2.951930820846E+000 -1.762322387530E-012  8.101089828388E-013 -3.708947320233E-013
  6.291368055481E+001  3.178912111311E+000 -4.293643148634E-013  1.984193483947E-013 -9.137360714179E-014
  6.621590623276E+001  3.429772933797E+000 -9.297884959945E-014  4.318253519674E-014 -1.999447924505E-014
  6.978225524452E+001  3.707738044625E+000 -1.767318664265E-014  8.246726633930E-015 -3.837954129188E-015
  7.364166388185E+001  4.016569212832E+000 -2.906821305974E-015  1.362430367953E-015 -6.371078643483E-016
  7.782714245929E+001  4.360672516382E+000 -4.070176415009E-016  1.915725980789E-016 -8.998875722640E-017
  8.237648351994E+001  4.745230855210E+000 -4.761936059714E-017  2.250247466050E-017 -1.061517430870E-017
  8.733311794503E+001  5.176368549127E+000 -4.556103620183E-018  2.161105063387E-018 -1.023550471384E-018
  9.274715535088E+001  5.661357031559E+000 -3.477465882962E-019  1.655372005457E-019 -7.869874223714E-020
  9.867665554529E+001  6.208873552072E+000 -2.057269240441E-020  9.826399340263E-021 -4.688290163316E-021
  1.051891916055E+002  6.829328764649E+000 -9.122627615452E-022  4.371379963889E-022 -2.092674287738E-022
  1.123637836013E+002  7.535284543316E+000 -2.915507396331E-023  1.401319172629E-023 -6.729822879104E-024
  1.202933069206E+002  8.341990973528E+000 -6.412690536873E-025  3.091151133249E-025 -1.489002949551E-025
  1.290875131414E+002  9.268082166539E+000 -9.192048884886E-027  4.443093366973E-027 -2.146342547331E-027
  1.388768482001E+002  1.033648575811E+001 -8.047565592539E-029  3.900048093633E-029 -1.889101030902E-029
  1.498173177370E+002  1.157562284364E+001 -3.981962903739E-031  1.934536326068E-031 -9.394431883427E-032
  1.620967411853E+002  1.302100699722E+001 -1.014194991047E-033  4.938781248813E-034 -2.404150790442E-034
  1.759428668168E+002  1.471739812515E+001 -1.187135323087E-036  5.793804925852E-037 -2.826810618425E-037
  1.916340085825E+002  1.672173748087E+001 -5.559586779144E-040  2.719068643814E-040 -1.329502359995E-040
  2.095131417987E+002  1.910719757888E+001 -8.781068329426E-044  4.303180776917E-044 -2.108346856217E-044
  2.300068054477E+002  2.196884699990E+001 -3.781857549456E-048  1.856796122934E-048 -9.114853766984E-049
  2.536507797910E+002  2.543169216868E+001 -3.400394111635E-053  1.672472181244E-053 -8.224864467362E-054
  2.811254638474E+002  2.966227967912E+001 -4.546560226873E-059  2.239950147518E-059 -1.103432054854E-059
  3.133053780630E+002  3.488573552677E+001 -5.844426884109E-066  2.883895500618E-066 -1.422914224277E-066
  3.513296254502E+002  4.141128389041E+001 -4.091747828874E-074  2.022023565935E-074 -9.991560458620E-075
  3.967041014106E+002  4.967130404214E+001 -7.359332349848E-084  3.641783734596E-084 -1.802048067463E-084
  4.514529193349E+002  6.028257212519E+001 -1.238173727495E-095  6.135009953984E-096 -3.039701555283E-096
  5.183481233601E+002  7.414493328740E+001 -4.883588719402E-110  2.422652625938E-110 -1.201792942166E-110
  6.012676077950E+002  9.260523890243E+001 -6.513103720263E-128  3.234592984134E-128 -1.606354058061E-128
  7.057700503752E+002  1.177394213729E+002 -1.829378842029E-150  9.094457177164E-151 -4.521085205225E-151
  8.400513767914E+002  1.528577972397E+002 -1.804522380885E-179  8.979236736186E-180 -4.467982904879E-180
  1.016602135495E+003  2.034537342122E+002 -1.218958402238E-217  6.070621438943E-218 -3.023249394176E-218
  1.255220715580E+003  2.790860613466E+002 -2.851431102338E-269  1.421143284191E-269 -7.082891741263E-270
  1.588815776243E+003  3.973705897531E+002  0.000000000000E+000  0.000000000000E+000  0.000000000000E+000
  2.075392011604E+003  5.931596040112E+002  0.000000000000E+000  0.000000000000E+000  0.000000000000E+000
  2.825079847529E+003  9.419154890021E+002  0.000000000000E+000  0.000000000000E+000  0.000000000000E+000
  4.068408296184E+003  1.627629972033E+003  0.000000000000E+000  0.000000000000E+000  0.000000000000E+000
  6.357262947674E+003  3.178964796686E+003  0.000000000000E+000  0.000000000000E+000  0.000000000000E+000
  1.130231930164E+004  7.535323971013E+003  0.000000000000E+000  0.000000000000E+000  0.000000000000E+000
  2.543105175140E+004  2.543171841285E+004  0.000000000000E+000  0.000000000000E+000  0.000000000000E+000
  1.017262069958E+005  2.034537473226E+005  0.000000000000E+000  0.000000000000E+000  0.000000000000E+000
