# 1st line: number of mesh points
# abcissa weight wavefunction wavefunction_1st wavefunction_2nd
500
# Principal QN=   1 , l=   1 , Occupation=   0.0000
  9.830308526508E-006  1.966074589941E-005  4.676367522980E-006  4.756702057418E-001 -7.919072142936E+000
  3.932200719717E-005  3.932303800261E-005  1.870124642911E-005  4.754366974070E-001 -7.916457644201E+000
  8.847741541455E-005  5.898842277178E-005  4.206196903931E-005  4.750476677742E-001 -7.912101385934E+000
  1.573003992804E-004  7.865844718600E-005  7.473743358529E-005  4.745033431467E-001 -7.906005227064E+000
  2.457963722417E-004  9.833465899987E-005  1.166981207499E-004  4.738040401805E-001 -7.898171769069E+000
  3.539722959954E-004  1.180186070023E-004  1.679061168153E-004  4.729501657153E-001 -7.888604354969E+000
  4.818366816528E-004  1.377118412759E-004  2.283151434093E-004  4.719422165581E-001 -7.877307068005E+000
  6.293995911626E-004  1.574159134560E-004  2.978705938385E-004  4.707807792177E-001 -7.864284730048E+000
  7.966726389934E-004  1.771323769912E-004  3.765095759949E-004  4.694665295921E-001 -7.849542899705E+000
  9.836689940782E-004  1.968627874036E-004  4.641609618176E-004  4.680002326075E-001 -7.833087870143E+000
  1.190403382016E-003  2.166087025496E-004  5.607454432927E-004  4.663827418087E-001 -7.814926666610E+000
  1.416892087541E-003  2.363716828821E-004  6.661755949677E-004  4.646149989032E-001 -7.795067043681E+000
  1.663152957245E-003  2.561532917128E-004  7.803559429565E-004  4.626980332557E-001 -7.773517482204E+000
  1.929205402573E-003  2.759550954757E-004  9.031830404080E-004  4.606329613365E-001 -7.750287185955E+000
  2.215070403074E-003  2.957786639908E-004  1.034545549409E-003  4.584209861213E-001 -7.725386078010E+000
  2.520770509919E-003  3.156255707300E-004  1.174324329287E-003  4.560633964436E-001 -7.698824796823E+000
  2.846329849692E-003  3.354973930828E-004  1.322392531279E-003  4.535615663007E-001 -7.670614692009E+000
  3.191774128432E-003  3.553957126240E-004  1.478615699533E-003  4.509169541110E-001 -7.640767819851E+000
  3.557130635959E-003  3.753221153821E-004  1.642851878384E-003  4.481311019258E-001 -7.609296938504E+000
  3.942428250463E-003  3.952781921092E-004  1.814951725892E-003  4.452056345926E-001 -7.576215502915E+000
  4.347697443358E-003  4.152655385525E-004  1.994758633560E-003  4.421422588733E-001 -7.541537659461E+000
  4.772970284417E-003  4.352857557265E-004  2.182108852209E-003  4.389427625143E-001 -7.505278240284E+000
  5.218280447175E-003  4.553404501876E-004  2.376831623947E-003  4.356090132712E-001 -7.467452757353E+000
  5.683663214611E-003  4.754312343099E-004  2.578749320177E-003  4.321429578874E-001 -7.428077396228E+000
  6.169155485101E-003  4.955597265624E-004  2.787677585586E-003  4.285466210255E-001 -7.387169009538E+000
  6.674795778653E-003  5.157275517886E-004  3.003425488056E-003  4.248221041548E-001 -7.344745110178E+000
  7.200624243425E-003  5.359363414876E-004  3.225795674435E-003  4.209715843916E-001 -7.300823864211E+000
  7.746682662519E-003  5.561877340970E-004  3.454584532087E-003  4.169973132951E-001 -7.255424083490E+000
  8.313014461060E-003  5.764833752781E-004  3.689582356170E-003  4.129016156185E-001 -7.208565217992E+000
  8.899664713569E-003  5.968249182030E-004  3.930573522552E-003  4.086868880148E-001 -7.160267347866E+000
  9.506680151615E-003  6.172140238444E-004  4.177336666293E-003  4.043555976984E-001 -7.110551175197E+000
  1.013410917176E-002  6.376523612666E-004  4.429644865619E-003  3.999102810628E-001 -7.059438015488E+000
  1.078200184380E-002  6.581416079202E-004  4.687265831291E-003  3.953535422542E-001 -7.006949788859E+000
  1.145040991929E-002  6.786834499385E-004  4.949962101294E-003  3.906880517019E-001 -6.953109010956E+000
  1.213938684040E-002  6.992795824361E-004  5.217491240744E-003  3.859165446056E-001 -6.897938783592E+000
  1.284898774901E-002  7.199317098113E-004  5.489606046927E-003  3.810418193796E-001 -6.841462785094E+000
  1.357926949620E-002  7.406415460502E-004  5.766054759368E-003  3.760667360553E-001 -6.783705260379E+000
  1.433029065191E-002  7.614108150341E-004  6.046581274831E-003  3.709942146412E-001 -6.724691010744E+000
  1.510211151509E-002  7.822412508494E-004  6.330925367135E-003  3.658272334419E-001 -6.664445383388E+000
  1.589479412397E-002  8.031345981016E-004  6.618822911694E-003  3.605688273355E-001 -6.602994260646E+000
  1.670840226680E-002  8.240926122311E-004  6.910006114643E-003  3.552220860108E-001 -6.540364048955E+000
  1.754300149280E-002  8.451170598329E-004  7.204203746464E-003  3.497901521646E-001 -6.476581667544E+000
  1.839865912351E-002  8.662097189796E-004  7.501141379958E-003  3.442762196588E-001 -6.411674536850E+000
  1.927544426443E-002  8.873723795480E-004  7.800541632461E-003  3.386835316387E-001 -6.345670566664E+000
  2.017342781695E-002  9.086068435487E-004  8.102124412166E-003  3.330153786132E-001 -6.278598144005E+000
  2.109268249069E-002  9.299149254598E-004  8.405607168419E-003  3.272750964962E-001 -6.210486120730E+000
  2.203328281612E-002  9.512984525641E-004  8.710705145843E-003  3.214660646113E-001 -6.141363800870E+000
  2.299530515754E-002  9.727592652906E-004  9.017131642167E-003  3.155917036597E-001 -6.071260927709E+000
  2.397882772639E-002  9.942992175591E-004  9.324598269588E-003  3.096554736515E-001 -6.000207670598E+000
  2.498393059493E-002  1.015920177130E-003  9.632815219541E-003  3.036608718022E-001 -5.928234611503E+000
  2.601069571024E-002  1.037624025957E-003  9.941491530697E-003  2.976114303940E-001 -5.855372731302E+000
  2.705920690860E-002  1.059412660547E-003  1.025033536005E-002  2.915107146033E-001 -5.781653395820E+000
  2.812954993023E-002  1.081287992318E-003  1.055905425691E-002  2.853623202947E-001 -5.707108341612E+000
  2.922181243436E-002  1.103251947969E-003  1.086735543966E-002  2.791698717825E-001 -5.631769661495E+000
  3.033608401473E-002  1.125306469854E-003  1.117494607504E-002  2.729370195612E-001 -5.555669789832E+000
  3.147245621542E-002  1.147453516351E-003  1.148153355989E-002  2.666674380034E-001 -5.478841487565E+000
  3.263102254705E-002  1.169695062249E-003  1.178682580505E-002  2.603648230300E-001 -5.401317827010E+000
  3.381187850339E-002  1.192033099133E-003  1.209053152128E-002  2.540328897490E-001 -5.323132176412E+000
  3.501512157837E-002  1.214469635775E-003  1.239236050707E-002  2.476753700676E-001 -5.244318184258E+000
  3.624085128345E-002  1.237006698530E-003  1.269202393798E-002  2.412960102762E-001 -5.164909763359E+000
  3.748916916538E-002  1.259646331739E-003  1.298923465746E-002  2.348985686067E-001 -5.084941074707E+000
  3.876017882444E-002  1.282390598136E-003  1.328370746893E-002  2.284868127651E-001 -5.004446511099E+000
  4.005398593302E-002  1.305241579266E-003  1.357515942875E-002  2.220645174398E-001 -4.923460680540E+000
  4.137069825459E-002  1.328201375897E-003  1.386331014008E-002  2.156354617873E-001 -4.842018389427E+000
  4.271042566323E-002  1.351272108452E-003  1.414788204726E-002  2.092034268952E-001 -4.760154625526E+000
  4.407328016341E-002  1.374455917436E-003  1.442860073045E-002  2.027721932248E-001 -4.677904540727E+000
  4.545937591035E-002  1.397754963880E-003  1.470519520054E-002  1.963455380338E-001 -4.595303433606E+000
  4.686882923075E-002  1.421171429779E-003  1.497739819370E-002  1.899272327806E-001 -4.512386731778E+000
  4.830175864396E-002  1.444707518548E-003  1.524494646572E-002  1.835210405115E-001 -4.429189974056E+000
  4.975828488365E-002  1.468365455478E-003  1.550758108563E-002  1.771307132319E-001 -4.345748792427E+000
  5.123853091993E-002  1.492147488203E-003  1.576504772841E-002  1.707599892626E-001 -4.262098893834E+000
  5.274262198188E-002  1.516055887169E-003  1.601709696659E-002  1.644125905842E-001 -4.178276041785E+000
  5.427068558066E-002  1.540092946119E-003  1.626348456044E-002  1.580922201680E-001 -4.094316037786E+000
  5.582285153302E-002  1.564260982573E-003  1.650397174639E-002  1.518025592979E-001 -4.010254702610E+000
  5.739925198530E-002  1.588562338332E-003  1.673832552357E-002  1.455472648831E-001 -3.926127857399E+000
  5.900002143803E-002  1.612999379973E-003  1.696631893805E-002  1.393299667637E-001 -3.841971304623E+000
  6.062529677088E-002  1.637574499364E-003  1.718773136459E-002  1.331542650104E-001 -3.757820808878E+000
  6.227521726827E-002  1.662290114181E-003  1.740234878550E-002  1.270237272203E-001 -3.673712077560E+000
  6.394992464542E-002  1.687148668440E-003  1.760996406644E-002  1.209418858110E-001 -3.589680741388E+000
  6.564956307496E-002  1.712152633027E-003  1.781037722877E-002  1.149122353127E-001 -3.505762334820E+000
  6.737427921404E-002  1.737304506249E-003  1.800339571817E-002  1.089382296629E-001 -3.421992276336E+000
  6.912422223211E-002  1.762606814387E-003  1.818883466921E-002  1.030232795032E-001 -3.338405848628E+000
  7.089954383907E-002  1.788062112257E-003  1.836651716563E-002  9.717074948105E-002 -3.255038178670E+000
  7.270039831418E-002  1.813672983787E-003  1.853627449583E-002  9.138395555855E-002 -3.171924217720E+000
  7.452694253540E-002  1.839442042599E-003  1.869794640346E-002  8.566616232937E-002 -3.089098721216E+000
  7.637933600943E-002  1.865371932600E-003  1.885138133267E-002  8.002058034670E-002 -3.006596228613E+000
  7.825774090225E-002  1.891465328589E-003  1.899643666765E-002  7.445036346371E-002 -2.924451043154E+000
  8.016232207035E-002  1.917724936867E-003  1.913297896621E-002  6.895860618871E-002 -2.842697211584E+000
  8.209324709253E-002  1.944153495867E-003  1.926088418704E-002  6.354834105730E-002 -2.761368503822E+000
  8.405068630235E-002  1.970753776782E-003  1.938003791026E-002  5.822253602340E-002 -2.680498392602E+000
  8.603481282122E-002  1.997528584221E-003  1.949033555096E-002  5.298409187164E-002 -2.600120033087E+000
  8.804580259214E-002  2.024480756857E-003  1.959168256534E-002  4.783583965314E-002 -2.520266242480E+000
  9.008383441408E-002  2.051613168108E-003  1.968399464918E-002  4.278053814734E-002 -2.440969479626E+000
  9.214908997710E-002  2.078928726810E-003  1.976719792817E-002  3.782087135155E-002 -2.362261824635E+000
  9.424175389809E-002  2.106430377918E-003  1.984122913978E-002  3.295944600152E-002 -2.284174958528E+000
  9.636201375725E-002  2.134121103210E-003  1.990603580642E-002  2.819878912471E-002 -2.206740142914E+000
  9.851006013526E-002  2.162003922007E-003  1.996157639935E-002  2.354134562902E-002 -2.129988199728E+000
  1.006860866512E-001  2.190081891910E-003  2.000782049309E-002  1.898947592971E-002 -2.053949491023E+000
  1.028902900012E-001  2.218358109541E-003  2.004474890993E-002  1.454545361661E-002 -1.978653898844E+000
  1.051228699979E-001  2.246835711311E-003  2.007235385425E-002  1.021146316465E-002 -1.904130805192E+000
  1.073840296104E-001  2.275517874190E-003  2.009063903608E-002  5.989597690201E-003 -1.830409072094E+000
  1.096739750056E-001  2.304407816497E-003  2.009961978383E-002  1.881856755751E-003 -1.757517021792E+000
  1.119929155896E-001  2.333508798707E-003  2.009932314557E-002 -2.109855774048E-003 -1.685482417065E+000
  1.143410640503E-001  2.362824124271E-003  2.008978797861E-002 -5.983733822524E-003 -1.614332441708E+000
  1.167186364011E-001  2.392357140448E-003  2.007106502707E-002 -9.738071134259E-003 -1.544093681167E+000
  1.191258520249E-001  2.422111239159E-003  2.004321698688E-002 -1.337126324881E-002 -1.474792103365E+000
  1.215629337189E-001  2.452089857854E-003  2.000631855816E-002 -1.688180941206E-002 -1.406453039722E+000
  1.240301077413E-001  2.482296480400E-003  1.996045648430E-002 -2.026831442218E-002 -1.339101166391E+000
  1.265276038575E-001  2.512734637975E-003  1.990572957763E-002 -2.352949040733E-002 -1.272760485724E+000
  1.290556553882E-001  2.543407909995E-003  1.984224873123E-002 -2.666415853227E-002 -1.207454307990E+000
  1.316144992580E-001  2.574319925047E-003  1.977013691652E-002 -2.967125063069E-002 -1.143205233362E+000
  1.342043760450E-001  2.605474361847E-003  1.968952916635E-002 -3.254981076052E-002 -1.080035134185E+000
  1.368255300316E-001  2.636874950214E-003  1.960057254329E-002 -3.529899667906E-002 -1.017965137548E+000
  1.394782092560E-001  2.668525472060E-003  1.950342609264E-002 -3.791808123490E-002 -9.570156081859E-001
  1.421626655646E-001  2.700429762411E-003  1.939826078001E-002 -4.040645367367E-002 -8.972061317094E-001
  1.448791546661E-001  2.732591710434E-003  1.928525941316E-002 -4.276362085462E-002 -8.385554982100E-001
  1.476279361856E-001  2.765015260497E-003  1.916461654759E-002 -4.498920837472E-002 -7.810816862357E-001
  1.504092737207E-001  2.797704413242E-003  1.903653837595E-002 -4.708296159758E-002 -7.248018471717E-001
  1.532234348983E-001  2.830663226680E-003  1.890124260058E-002 -4.904474658392E-002 -6.697322900389E-001
  1.560706914324E-001  2.863895817319E-003  1.875895828933E-002 -5.087455092042E-002 -6.158884667367E-001
  1.589513191834E-001  2.897406361298E-003  1.860992571405E-002 -5.257248444440E-002 -5.632849577443E-001
  1.618655982178E-001  2.931199095559E-003  1.845439617175E-002 -5.413877986054E-002 -5.119354583072E-001
  1.648138128702E-001  2.965278319033E-003  1.829263178809E-002 -5.557379324744E-002 -4.618527651260E-001
  1.677962518056E-001  2.999648393860E-003  1.812490530305E-002 -5.687800445035E-002 -4.130487635718E-001
  1.708132080832E-001  3.034313746623E-003  1.795149983855E-002 -5.805201735757E-002 -3.655344154476E-001
  1.738649792215E-001  3.069278869616E-003  1.777270864784E-002 -5.909656005730E-002 -3.193197473190E-001
  1.769518672648E-001  3.104548322136E-003  1.758883484661E-002 -6.001248487222E-002 -2.744138394354E-001
  1.800741788507E-001  3.140126731803E-003  1.740019112546E-002 -6.080076826880E-002 -2.308248152637E-001
  1.832322252791E-001  3.176018795904E-003  1.720709944390E-002 -6.146251063863E-002 -1.885598316577E-001
  1.864263225826E-001  3.212229282769E-003  1.700989070556E-002 -6.199893594907E-002 -1.476250696834E-001
  1.896567915983E-001  3.248763033179E-003  1.680890441468E-002 -6.241139126027E-002 -1.080257261257E-001
  1.929239580409E-001  3.285624961791E-003  1.660448831372E-002 -6.270134610631E-002 -6.976600569510E-002
  1.962281525771E-001  3.322820058613E-003  1.639699800218E-002 -6.287039173759E-002 -3.284911396050E-002
  1.995697109023E-001  3.360353390492E-003  1.618679653664E-002 -6.292024022209E-002  2.722748972388E-003
  2.029489738173E-001  3.398230102644E-003  1.597425401191E-002 -6.285272340328E-002  3.694839401247E-002
  2.063662873085E-001  3.436455420218E-003  1.575974712355E-002 -6.266979171216E-002  6.982764784426E-002
  2.098220026275E-001  3.475034649885E-003  1.554365871173E-002 -6.237351283139E-002  1.013613568742E-001
  2.133164763746E-001  3.513973181471E-003  1.532637728660E-002 -6.196607020930E-002  1.315513903419E-001
  2.168500705817E-001  3.553276489620E-003  1.510829653538E-002 -6.144976142214E-002  1.604006425739E-001
  2.204231527988E-001  3.592950135496E-003  1.488981481125E-002 -6.082699638226E-002  1.879130343576E-001
  2.240360961807E-001  3.632999768520E-003  1.467133460443E-002 -6.010029539109E-002  2.140935134152E-001
  2.276892795770E-001  3.673431128145E-003  1.445326199558E-002 -5.927228703482E-002  2.389480539556E-001
  2.313830876220E-001  3.714250045674E-003  1.423600609195E-002 -5.834570592191E-002  2.624836552840E-001
  2.351179108282E-001  3.755462446115E-003  1.401997844658E-002 -5.732339026081E-002  2.847083394488E-001
  2.388941456809E-001  3.797074350078E-003  1.380559246085E-002 -5.620827927714E-002  3.056311479051E-001
  2.427121947345E-001  3.839091875711E-003  1.359326277109E-002 -5.500341046922E-002  3.252621371774E-001
  2.465724667110E-001  3.881521240686E-003  1.338340461938E-002 -5.371191670153E-002  3.436123734994E-001
  2.504753766009E-001  3.924368764227E-003  1.317643320939E-002 -5.233702313543E-002  3.606939264164E-001
  2.544213457654E-001  3.967640869177E-003  1.297276304758E-002 -5.088204399707E-002  3.765198613288E-001
  2.584108020414E-001  4.011344084122E-003  1.277280727059E-002 -4.935037918224E-002  3.911042309626E-001
  2.624441798480E-001  4.055485045557E-003  1.257697695933E-002 -4.774551069877E-002  4.044620657497E-001
  2.665219202956E-001  4.100070500102E-003  1.238568044061E-002 -4.607099894645E-002  4.166093631019E-001
  2.706444712976E-001  4.145107306769E-003  1.219932257703E-002 -4.433047883568E-002  4.275630755651E-001
  2.748122876832E-001  4.190602439283E-003  1.201830404594E-002 -4.252765574547E-002  4.373410978400E-001
  2.790258313137E-001  4.236562988450E-003  1.184302060849E-002 -4.066630132228E-002  4.459622526559E-001
  2.832855712010E-001  4.282996164587E-003  1.167386236947E-002 -3.875024912130E-002  4.534462754871E-001
  2.875919836279E-001  4.329909300005E-003  1.151121302914E-002 -3.678339009182E-002  4.598137981012E-001
  2.919455522717E-001  4.377309851548E-003  1.135544912808E-002 -3.476966790914E-002  4.650863309295E-001
  2.963467683296E-001  4.425205403192E-003  1.120693928605E-002 -3.271307415544E-002  4.692862442532E-001
  3.007961306479E-001  4.473603668706E-003  1.106604343614E-002 -3.061764335240E-002  4.724367481975E-001
  3.052941458522E-001  4.522512494374E-003  1.093311205536E-002 -2.848744784895E-002  4.745618715288E-001
  3.098413284823E-001  4.571939861783E-003  1.080848539308E-002 -2.632659256750E-002  4.756864392526E-001
  3.144382011281E-001  4.621893890671E-003  1.069249269853E-002 -2.413920961288E-002  4.758360490082E-001
  3.190852945695E-001  4.672382841850E-003  1.058545144879E-002 -2.192945274800E-002  4.750370462621E-001
  3.237831479192E-001  4.723415120192E-003  1.048766657888E-002 -1.970149174127E-002  4.733164982996E-001
  3.285323087679E-001  4.774999277691E-003  1.039942971521E-002 -1.745950659061E-002  4.707021670199E-001
  3.333333333333E-001  4.827144016591E-003  1.032101841428E-002 -1.520768162988E-002  4.672224805377E-001
  3.381867866117E-001  4.879858192602E-003  1.025269540807E-002 -1.295019952344E-002  4.629065036010E-001
  3.430932425333E-001  4.933150818173E-003  1.019470785780E-002 -1.069123515544E-002  4.577839068316E-001
  3.480532841203E-001  4.987031065868E-003  1.014728661809E-002 -8.434949420536E-003  4.518849348028E-001
  3.530675036492E-001  5.041508271801E-003  1.011064551295E-002 -6.185482923477E-003  4.452403729656E-001
  3.581365028158E-001  5.096591939172E-003  1.008498062584E-002 -3.946949595122E-003  4.378815134401E-001
  3.632608929041E-001  5.152291741875E-003  1.007046960548E-002 -1.723430233296E-003  4.298401196917E-001
  3.684412949588E-001  5.208617528209E-003  1.006727098947E-002  4.810340229287E-004  4.211483901112E-001
  3.736783399619E-001  5.265579324662E-003  1.007552354781E-002  2.662448276399E-003  4.118389205235E-001
  3.789726690123E-001  5.323187339805E-003  1.009534564835E-002  4.816870502720E-003  4.019446656504E-001
  3.843249335105E-001  5.381451968273E-003  1.012683464621E-002  6.940418218736E-003  3.914988995574E-001
  3.897357953460E-001  5.440383794842E-003  1.017006629955E-002  9.029275178065E-003  3.805351751143E-001
  3.952059270903E-001  5.499993598618E-003  1.022509421362E-002  1.107969808244E-002  3.690872825064E-001
  4.007360121927E-001  5.560292357317E-003  1.029194931563E-002  1.308802329741E-002  3.571892068315E-001
  4.063267451812E-001  5.621291251662E-003  1.037063936243E-002  1.505067356021E-002  3.448750848252E-001
  4.119788318683E-001  5.683001669888E-003  1.046114848358E-002  1.696416466740E-002  3.321791607568E-001
  4.176929895600E-001  5.745435212354E-003  1.056343676183E-002  1.882511212888E-002  3.191357415429E-001
  4.234699472710E-001  5.808603696282E-003  1.067743985373E-002  2.063023777526E-002  3.057791511284E-001
  4.293104459435E-001  5.872519160606E-003  1.080306865226E-002  2.237637630410E-002  2.921436841886E-001
  4.352152386716E-001  5.937193870949E-003  1.094020899437E-002  2.406048175088E-002  2.782635592082E-001
  4.411850909306E-001  6.002640324729E-003  1.108872141533E-002  2.567963386971E-002  2.641728709971E-001
  4.472207808110E-001  6.068871256391E-003  1.124844095256E-002  2.723104440847E-002  2.499055427064E-001
  4.533230992589E-001  6.135899642772E-003  1.141917700112E-002  2.871206326249E-002  2.354952774107E-001
  4.594928503202E-001  6.203738708611E-003  1.160071322328E-002  3.012018449088E-002  2.209755093274E-001
  4.657308513924E-001  6.272401932198E-003  1.179280751443E-002  3.145305217874E-002  2.063793547449E-001
  4.720379334802E-001  6.341903051163E-003  1.199519202753E-002  3.270846612840E-002  1.917395627384E-001
  4.784149414579E-001  6.412256068427E-003  1.220757325852E-002  3.388438736256E-002  1.770884657520E-001
  4.848627343381E-001  6.483475258298E-003  1.242963219457E-002  3.497894342168E-002  1.624579301308E-001
  4.913821855461E-001  6.555575172733E-003  1.266102452748E-002  3.599043343783E-002  1.478793066916E-001
  4.979741832006E-001  6.628570647764E-003  1.290138093415E-002  3.691733296688E-002  1.333833814200E-001
  5.046396304008E-001  6.702476810086E-003  1.315030742613E-002  3.775829856086E-002  1.190003263899E-001
  5.113794455212E-001  6.777309083830E-003  1.340738577000E-002  3.851217206196E-002  1.047596510006E-001
  5.181945625116E-001  6.853083197508E-003  1.367217398031E-002  3.917798459957E-002  9.069015363295E-002
  5.250859312060E-001  6.929815191146E-003  1.394420688679E-002  3.975496027172E-002  7.681987382573E-002
  5.320545176366E-001  7.007521423604E-003  1.422299677718E-002  4.024251949226E-002  6.317604508060E-002
  5.391013043575E-001  7.086218580100E-003  1.450803411710E-002  4.064028198504E-002  4.978504840268E-002
  5.462272907741E-001  7.165923679926E-003  1.479878834797E-002  4.094806940641E-002  3.667236668939E-002
  5.534334934816E-001  7.246654084380E-003  1.509470876416E-002  4.116590757775E-002  2.386254008136E-002
  5.607209466109E-001  7.328427504912E-003  1.539522547005E-002  4.129402830948E-002  1.137912239191E-002
  5.680907021827E-001  7.411262011483E-003  1.569975041757E-002  4.133287079878E-002 -7.553612658415E-004
  5.755438304707E-001  7.495176041166E-003  1.600767852462E-002  4.128308258306E-002 -1.251945553375E-002
  5.830814203728E-001  7.580188406970E-003  1.631838887458E-002  4.114552003206E-002 -2.389281442276E-002
  5.907045797917E-001  7.666318306912E-003  1.663124599663E-002  4.092124836163E-002 -3.485623936206E-002
  5.984144360243E-001  7.753585333338E-003  1.694560122667E-002  4.061154115306E-002 -4.539171555844E-002
  6.062121361613E-001  7.842009482502E-003  1.726079414804E-002  4.021787936214E-002 -5.548244653920E-002
  6.140988474955E-001  7.931611164409E-003  1.757615411113E-002  3.974194980325E-002 -6.511288675193E-002
  6.220757579409E-001  8.022411212936E-003  1.789100183065E-002  3.918564309424E-002 -7.426877209389E-002
  6.301440764614E-001  8.114430896230E-003  1.820465105886E-002  3.855105104908E-002 -8.293714824376E-002
  6.383050335109E-001  8.207691927403E-003  1.851641033280E-002  3.784046350606E-002 -9.110639666934E-002
  6.465598814833E-001  8.302216475524E-003  1.882558479339E-002  3.705636458050E-002 -9.876625818471E-002
  6.549098951744E-001  8.398027176926E-003  1.913147807340E-002  3.620142833219E-002 -1.059078539328E-001
  6.633563722545E-001  8.495147146827E-003  1.943339425152E-002  3.527851383912E-002 -1.125237036701E-001
  6.719006337539E-001  8.593599991288E-003  1.973063986881E-002  3.429065967028E-002 -1.186077412325E-001
  6.805440245593E-001  8.693409819506E-003  2.002252600374E-002  3.324107775221E-002 -1.241553270649E-001
  6.892879139233E-001  8.794601256469E-003  2.030837040144E-002  3.213314662533E-002 -1.291632576988E-001
  6.981336959871E-001  8.897199455961E-003  2.058749965243E-002  3.097040408796E-002 -1.336297720675E-001
  7.070827903152E-001  9.001230113956E-003  2.085925141554E-002  2.975653922786E-002 -1.375545545514E-001
  7.161366424455E-001  9.106719482390E-003  2.112297667930E-002  2.849538384306E-002 -1.409387346521E-001
  7.252967244510E-001  9.213694383338E-003  2.137804205578E-002  2.719090325585E-002 -1.437848831980E-001
  7.345645355186E-001  9.322182223606E-003  2.162383210003E-002  2.584718652615E-002 -1.460970049923E-001
  7.439416025400E-001  9.432211009745E-003  2.185975164823E-002  2.446843607257E-002 -1.478805278184E-001
  7.534294807203E-001  9.543809363512E-003  2.208522816664E-002  2.305895671222E-002 -1.491422877281E-001
  7.630297542000E-001  9.657006537783E-003  2.229971410364E-002  2.162314413270E-002 -1.498905105432E-001
  7.727440366954E-001  9.771832432940E-003  2.250268923592E-002  2.016547281239E-002 -1.501347895128E-001
  7.825739721536E-001  9.888317613741E-003  2.269366300002E-002  1.869048340792E-002 -1.498860590749E-001
  7.925212354258E-001  1.000649332670E-002  2.287217679952E-002  1.720276963070E-002 -1.491565646852E-001
  8.025875329584E-001  1.012639151798E-002  2.303780627813E-002  1.570696463711E-002 -1.479598286820E-001
  8.127746035011E-001  1.024804485184E-002  2.319016354790E-002  1.420772696017E-002 -1.463106121725E-001
  8.230842188350E-001  1.037148672960E-002  2.332889936203E-002  1.270972601356E-002 -1.442248729350E-001
  8.335181845190E-001  1.049675130923E-002  2.345370522081E-002  1.121762720202E-002 -1.417197193460E-001
  8.440783406568E-001  1.062387352550E-002  2.356431539904E-002  9.736076675415E-003 -1.388133603548E-001
  8.547665626839E-001  1.075288911077E-002  2.366050888302E-002  8.269685767089E-003 -1.355250515418E-001
  8.655847621758E-001  1.088383461638E-002  2.374211120460E-002  6.823015160289E-003 -1.318750373141E-001
  8.765348876780E-001  1.101674743475E-002  2.380899615977E-002  5.400558829932E-003 -1.278844893049E-001
  8.876189255584E-001  1.115166582209E-002  2.386108739889E-002  4.006727810290E-003 -1.235754410626E-001
  8.988389008829E-001  1.128862892191E-002  2.389835987542E-002  2.645833842370E-003 -1.189707191297E-001
  9.101968783143E-001  1.142767678917E-002  2.392084113994E-002  1.322072958231E-003 -1.140938706320E-001
  9.216949630368E-001  1.156885041525E-002  2.392861246619E-002  3.950906262862E-005 -1.089690875148E-001
  9.333353017046E-001  1.171219175365E-002  2.392180979566E-002 -1.197942424491E-003 -1.036211275820E-001
  9.451200834176E-001  1.185774374655E-002  2.390062448744E-002 -2.386530797911E-003 -9.807523251394E-002
  9.570515407237E-001  1.200555035216E-002  2.386530386025E-002 -3.522686099982E-003 -9.235704305701E-002
  9.691319506484E-001  1.215565657299E-002  2.381615151338E-002 -4.603034883818E-003 -8.649251160068E-002
  9.813636357544E-001  1.230810848498E-002  2.375352741405E-002 -5.624415631890E-003 -8.050781237468E-002
  9.937489652293E-001  1.246295326757E-002  2.367784773865E-002 -6.583893752430E-003 -7.442924952094E-002
  1.006290356005E+000  1.262023923477E-002  2.358958445599E-002 -7.478776073893E-003 -6.828316331371E-002
  1.018990273907E+000  1.278001586715E-002  2.348926464121E-002 -8.306624755764E-003 -6.209583482222E-002
  1.031851234841E+000  1.294233384499E-002  2.337746950971E-002 -9.065270532274E-003 -5.589338932884E-002
  1.044875806003E+000  1.310724508236E-002  2.325483316121E-002 -9.752825204344E-003 -4.970169883593E-002
  1.058066607138E+000  1.327480276248E-002  2.312204102479E-002 -1.036769329384E-002 -4.354628401316E-002
  1.071426311823E+000  1.344506137405E-002  2.297982799733E-002 -1.090858277385E-002 -3.745221595560E-002
  1.084957648792E+000  1.361807674895E-002  2.282897626812E-002 -1.137451478837E-002 -3.144401814016E-002
  1.098663403298E+000  1.379390610110E-002  2.267031282442E-002 -1.176483227505E-002 -2.554556898524E-002
  1.112546418516E+000  1.397260806657E-002  2.250470663386E-002 -1.207920740545E-002 -1.978000543395E-002
  1.126609596985E+000  1.415424274514E-002  2.233306550097E-002 -1.231764775850E-002 -1.416962799561E-002
  1.140855902095E+000  1.433887174317E-002  2.215633259726E-002 -1.248050114473E-002 -8.735807693875E-003
  1.155288359613E+000  1.452655821788E-002  2.197548266563E-002 -1.256845900142E-002 -3.498895380804E-003
  1.169910059257E+000  1.471736692327E-002  2.179151790235E-002 -1.258255828153E-002  1.521866112994E-003
  1.184724156317E+000  1.491136425740E-002  2.160546352142E-002 -1.252418176354E-002  6.308426515165E-003
  1.199733873325E+000  1.510861831145E-002  2.141836300902E-002 -1.239505671329E-002  1.084400885130E-002
  1.214942501771E+000  1.530919892035E-002  2.123127307751E-002 -1.219725183446E-002  1.511318590101E-002
  1.230353403874E+000  1.551317771520E-002  2.104525833140E-002 -1.193317244993E-002  1.910195188185E-002
  1.245970014403E+000  1.572062817747E-002  2.086138566023E-002 -1.160555386322E-002  2.279778887491E-002
  1.261795842559E+000  1.593162569510E-002  2.068071837594E-002 -1.121745285655E-002  2.618972750983E-002
  1.277834473907E+000  1.614624762054E-002  2.050431011530E-002 -1.077223729020E-002  2.926840143475E-002
  1.294089572372E+000  1.636457333079E-002  2.033319853090E-002 -1.027357377731E-002  3.202609510763E-002
  1.310564882294E+000  1.658668428962E-002  2.016839879715E-002 -9.725413417810E-003  3.445678445928E-002
  1.327264230548E+000  1.681266411190E-002  2.001089696093E-002 -9.131975586058E-003  3.655616999653E-002
  1.344191528724E+000  1.704259863026E-002  1.986164316954E-002 -8.497729778202E-003  3.832170193511E-002
  1.361350775387E+000  1.727657596408E-002  1.972154481191E-002 -7.827375537710E-003  3.975259697757E-002
  1.378746058390E+000  1.751468659100E-002  1.959145961201E-002 -7.125820490435E-003  4.084984638060E-002
  1.396381557275E+000  1.775702342093E-002  1.947218871664E-002 -6.398156534438E-003  4.161621498973E-002
  1.414261545744E+000  1.800368187279E-002  1.936446982281E-002 -5.649634244284E-003  4.205623095693E-002
  1.432390394201E+000  1.825475995395E-002  1.926897039279E-002 -4.885635564563E-003  4.217616589805E-002
  1.450772572390E+000  1.851035834267E-002  1.918628100811E-002 -4.111644883136E-003  4.198400529379E-002
  1.469412652102E+000  1.877058047342E-002  1.911690891592E-002 -3.333218590649E-003  4.148940898690E-002
  1.488315309978E+000  1.903553262542E-002  1.906127182419E-002 -2.555953249528E-003  4.070366168390E-002
  1.507485330398E+000  1.930532401444E-002  1.901969200419E-002 -1.785452512391E-003  3.963961342641E-002
  1.526927608467E+000  1.958006688797E-002  1.899239076061E-002 -1.027292946961E-003  3.831161006100E-002
  1.546647153093E+000  1.985987662391E-002  1.897948333159E-002 -2.869889416136E-004  3.673541380102E-002
  1.566649090169E+000  2.014487183303E-002  1.898097428200E-002  4.300431173900E-004  3.492811404395E-002
  1.586938665861E+000  2.043517446518E-002  1.899675345425E-002  1.118521188966E-003  3.290802868035E-002
  1.607521250000E+000  2.073090991960E-002  1.902659254113E-002  1.773334216367E-003  3.069459620548E-002
  1.628402339588E+000  2.103220715932E-002  1.907014234539E-002  2.389578822283E-003  2.830825902318E-002
  1.649587562420E+000  2.133919883002E-002  1.912693078958E-002  2.962595804847E-003  2.577033841067E-002
  1.671082680832E+000  2.165202138333E-002  1.919636173866E-002  3.488006165378E-003  2.310290169494E-002
  1.692893595565E+000  2.197081520497E-002  1.927771469564E-002  3.961746385859E-003  2.032862227288E-002
  1.715026349769E+000  2.229572474776E-002  1.937014542794E-002  4.380102662721E-003  1.747063319049E-002
  1.737487133138E+000  2.262689866987E-002  1.947268757826E-002  4.739743793747E-003  1.455237507767E-002
  1.760282286187E+000  2.296448997842E-002  1.958425530986E-002  5.037752407030E-003  1.159743931614E-002
  1.783418304674E+000  2.330865617868E-002  1.970364703045E-002  5.271654215094E-003  8.629407396983E-003
  1.806901844175E+000  2.365955942924E-002  1.982955023309E-002  5.439444974039E-003  5.671687499159E-003
  1.830739724818E+000  2.401736670327E-002  1.996054748526E-002  5.539614826839E-003  2.747349392947E-003
  1.854938936184E+000  2.438224995616E-002  2.009512358936E-002  5.571169712019E-003 -1.210411614277E-004
  1.879506642368E+000  2.475438629994E-002  2.023167392886E-002  5.533649524302E-003 -2.911587288317E-003
  1.904450187236E+000  2.513395818467E-002  2.036851400456E-002  5.427142722499E-003 -5.603223858874E-003
  1.929777099847E+000  2.552115358717E-002  2.050389015430E-002  5.252297092053E-003 -8.175877009431E-003
  1.955495100083E+000  2.591616620741E-002  2.063599143792E-002  5.010326385670E-003 -1.061061894740E-002
  1.981612104475E+000  2.631919567292E-002  2.076296265651E-002  4.703012585542E-003 -1.288981664986E-002
  2.008136232230E+000  2.673044775156E-002  2.088291846123E-002  4.332703554452E-003 -1.499727304411E-002
  2.035075811486E+000  2.715013457311E-002  2.099395849319E-002  3.902305871564E-003 -1.691835925684E-002
  2.062439385788E+000  2.757847486001E-002  2.109418348014E-002  3.415272680969E-003 -1.864013652889E-002
  2.090235720801E+000  2.801569416771E-002  2.118171220102E-002  2.875586418161E-003 -2.015146641736E-002
  2.118473811262E+000  2.846202513514E-002  2.125469921248E-002  2.287736320437E-003 -2.144310794650E-002
  2.147162888201E+000  2.891770774564E-002  2.131135321590E-002  1.656690672805E-003 -2.250780042526E-002
  2.176312426413E+000  2.938298959899E-002  2.134995592639E-002  9.878637902984E-004 -2.334033072168E-002
  2.205932152222E+000  2.985812619504E-002  2.136888128904E-002  2.870777908317E-004 -2.393758387396E-002
  2.236032051522E+000  3.034338122938E-002  2.136661487147E-002 -4.394807302986E-004 -2.429857602574E-002
  2.266622378129E+000  3.083902690182E-002  2.134177324599E-002 -1.185308953129E-003 -2.442446879751E-002
  2.297713662445E+000  3.134534423818E-002  2.129312315966E-002 -1.943640778820E-003 -2.431856434935E-002
  2.329316720450E+000  3.186262342603E-002  2.121960027669E-002 -2.707504169310E-003 -2.398628054920E-002
  2.361442663038E+000  3.239116416519E-002  2.112032726505E-002 -3.469782514641E-003 -2.343510583835E-002
  2.394102905709E+000  3.293127603351E-002  2.099463098798E-002 -4.223279594061E-003 -2.267453357786E-002
  2.427309178642E+000  3.348327886897E-002  2.084205855233E-002 -4.960787628886E-003 -2.171597586751E-002
  2.461073537146E+000  3.404750316862E-002  2.066239195890E-002 -5.675157857925E-003 -2.057265704942E-002
  2.495408372530E+000  3.462429050548E-002  2.045566109573E-002 -6.359373000580E-003 -1.925948734122E-002
  2.530326423398E+000  3.521399396401E-002  2.022215481455E-002 -7.006620909773E-003 -1.779291728585E-002
  2.565840787378E+000  3.581697859546E-002  1.996242983277E-002 -7.610368657839E-003 -1.619077395428E-002
  2.601964933334E+000  3.643362189376E-002  1.967731720936E-002 -8.164436244369E-003 -1.447208009116E-002
  2.638712714049E+000  3.706431429322E-002  1.936792615311E-002 -8.663069067133E-003 -1.265685764884E-002
  2.676098379430E+000  3.770945968912E-002  1.903564493617E-002 -9.101008256897E-003 -1.076591740782E-002
  2.714136590232E+000  3.836947598236E-002  1.868213870443E-002 -9.473557945380E-003 -8.820636629631E-003
  2.752842432351E+000  3.904479564947E-002  1.830934400025E-002 -9.776648514196E-003 -6.842726925474E-003
  2.792231431696E+000  3.973586633921E-002  1.791945984181E-002 -1.000689486253E-002 -4.853994748186E-003
  2.832319569669E+000  4.044315149734E-002  1.751493523680E-002 -1.016164873382E-002 -2.876097120862E-003
  2.873123299289E+000  4.116713102086E-002  1.709845304731E-002 -1.023904415817E-002 -9.302953985992E-004
  2.914659561979E+000  4.190830194354E-002  1.667291016665E-002 -1.023803509808E-002  9.627899837661E-004
  2.956945805065E+000  4.266717915414E-002  1.624139401771E-002 -1.015842443221E-002  2.783420700821E-003
  3.000000000000E+000  4.344429614932E-002  1.580715543575E-002 -1.000088347505E-002  4.512974496699E-003
  3.043840661365E+000  4.424020582308E-002  1.537357805669E-002 -9.766961310797E-003  6.134168702006E-003
  3.088486866678E+000  4.505548129460E-002  1.494414439328E-002 -9.459083317535E-003  7.631270089018E-003
  3.133958277047E+000  4.589071677685E-002  1.452239884632E-002 -9.080538372600E-003  8.990287889910E-003
  3.180275158719E+000  4.674652848797E-002  1.411190796551E-002 -8.635454362503E-003  1.019914689656E-002
  3.227458405560E+000  4.762355560797E-002  1.371621834288E-002 -8.128761769139E-003  1.124783770735E-002
  3.275529562509E+000  4.852246128332E-002  1.333881259101E-002 -7.566145268131E-003  1.212854138762E-002
  3.324510850077E+000  4.944393368200E-002  1.298306392679E-002 -6.953983453296E-003  1.283572606707E-002
  3.374425189910E+000  5.038868710203E-002  1.265218994735E-002 -6.299276991540E-003  1.336621330934E-002
  3.425296231502E+000  5.135746313639E-002  1.234920624788E-002 -5.609565712848E-003  1.371921245467E-002
  3.477148380094E+000  5.235103189784E-002  1.207688058836E-002 -4.892835347660E-003  1.389632155370E-002
  3.530006825834E+000  5.337019330676E-002  1.183768836717E-002 -4.157414835741E-003  1.390149397590E-002
  3.583897574256E+000  5.441577844603E-002  1.163377020147E-002 -3.411865343035E-003  1.374097028420E-002
  3.638847478148E+000  5.548865098670E-002  1.146689244608E-002 -2.664862332091E-003  1.342317551261E-002
  3.694884270887E+000  5.658970868864E-002  1.133841150223E-002 -1.925072233054E-003  1.295858255823E-002
  3.752036601308E+000  5.771988498079E-002  1.124924277271E-002 -1.201025451307E-003  1.235954299427E-002
  3.810334070199E+000  5.888015062562E-002  1.119983511001E-002 -5.009876199217E-004  1.164008721675E-002
  3.869807268505E+000  6.007151547295E-002  1.119015157624E-002  1.671688451251E-004  1.081569644309E-002
  3.930487817331E+000  6.129503030858E-002  1.121965728725E-002  7.960907063807E-004  9.903049674044E-003
  3.992408409843E+000  6.255178880352E-002  1.128731504699E-002  1.379065112003E-003  8.919749298549E-003
  4.055602855172E+000  6.384292957002E-002  1.139158939098E-002  1.910133724245E-003  7.884029550156E-003
  4.120106124432E+000  6.516963833101E-002  1.153045954896E-002  2.384197433383E-003  6.814452501040E-003
  4.185954398964E+000  6.653315021009E-002  1.170144170689E-002  2.797109355149E-003  5.729596690293E-003
  4.253185120935E+000  6.793475214960E-002  1.190162079698E-002  3.145753892758E-003  4.647743814825E-003
  4.321837046422E+000  6.937578546490E-002  1.212769187328E-002  3.428109779508E-003  3.586569150563E-003
  4.391950301120E+000  7.085764854355E-002  1.237601094020E-002  3.643295206131E-003  2.562841507359E-003
  4.463566438835E+000  7.238179969882E-002  1.264265489490E-002  3.791593379383E-003  1.592138542919E-003
  4.536728502895E+000  7.394976018725E-002  1.292349002467E-002  3.874457154036E-003  6.885831610075E-004
  4.611481090679E+000  7.556311740127E-002  1.321424827037E-002  3.894491727383E-003 -1.353935086219E-004
  4.687870421430E+000  7.722352824817E-002  1.351061023158E-002  3.855414780229E-003 -8.692574100310E-004
  4.765944407533E+000  7.893272272784E-002  1.380829365267E-002  3.761993885806E-003 -1.504540491992E-003
  4.845752729492E+000  8.069250772248E-002  1.410314589810E-002  3.619961481648E-003 -2.034969239249E-003
  4.927346914797E+000  8.250477101257E-002  1.439123870482E-002  3.435908200658E-003 -2.456549512416E-003
  5.010780420931E+000  8.437148553436E-002  1.466896329772E-002  3.217155876715E-003 -2.767605254472E-003
  5.096108722763E+000  8.629471389541E-002  1.493312377683E-002  2.971612065703E-003 -2.968769567985E-003
  5.183389404586E+000  8.827661316581E-002  1.518102654011E-002  2.707608442281E-003 -3.062927691872E-003
  5.272682257105E+000  9.031943996425E-002  1.541056340033E-002  2.433725932210E-003 -3.055112488304E-003
  5.364049379651E+000  9.242555585946E-002  1.562028599633E-002  2.158609905210E-003 -2.952354164741E-003
  5.457555287978E+000  9.459743310926E-002  1.580946909377E-002  1.890779168976E-003 -2.763487075568E-003
  5.553267027968E+000  9.683766076100E-002  1.597816042572E-002  1.638432856280E-003 -2.498917543088E-003
  5.651254295630E+000  9.914895113938E-002  1.612721484277E-002  1.409259569177E-003 -2.170357677651E-003
  5.751589563796E+000  1.015341467494E-001  1.625831073134E-002  1.210253323599E-003 -1.790531130102E-003
  5.854348215936E+000  1.039962276248E-001  1.637394691824E-002  1.047540911557E-003 -1.372857545288E-003
  5.959608687557E+000  1.065383191537E-001  1.647741861197E-002  9.262252565174E-004 -9.311231734124E-004
  6.067452615683E+000  1.091637004188E-001  1.657277133324E-002  8.502491721813E-004 -4.791456092471E-004
  6.177964996951E+000  1.118758130872E-001  1.666473225730E-002  8.222836411512E-004 -3.044094388583E-005
  6.291234354880E+000  1.146782708938E-001  1.675861892084E-002  8.436443062431E-004  4.020982891669E-004
  6.407352916949E+000  1.175748697626E-001  1.686022582980E-002  9.142393160609E-004  8.065061257305E-004
  6.526416802128E+000  1.205695986129E-001  1.697569012844E-002  1.032550994522E-003  1.172019264481E-003
  6.648526219580E+000  1.236666509049E-001  1.711133814238E-002  1.195653022411E-003  1.489318975578E-003
  6.773785679311E+000  1.268704369821E-001  1.727351527136E-002  1.399263943257E-003  1.750732396199E-003
  6.902304215570E+000  1.301855972713E-001  1.746840236444E-002  1.637836855796E-003  1.950387836209E-003
  7.034195623922E+000  1.336170164087E-001  1.770182233916E-002  1.904684154930E-003  2.084319956989E-003
  7.169578712934E+000  1.371698383673E-001  1.797904138758E-002  2.192135160031E-003  2.150522082337E-003
  7.308577571516E+000  1.408494826628E-001  1.830456962145E-002  2.491723454221E-003  2.148944412994E-003
  7.451321853057E+000  1.446616617293E-001  1.868196642540E-002  2.794399783446E-003  2.081438500120E-003
  7.597947077547E+000  1.486123995567E-001  1.911365608808E-002  3.090765463641E-003  1.951649937549E-003
  7.748594953021E+000  1.527080516973E-001  1.960075944699E-002  3.371320451602E-003  1.764862804458E-003
  7.903413717736E+000  1.569553267535E-001  2.014294729463E-002  3.626719582855E-003  1.527800874220E-003
  8.062558504629E+000  1.613613094717E-001  2.073832113804E-002  3.848029997327E-003  1.248391947778E-003
  8.226191729726E+000  1.659334855793E-001  2.138332656870E-002  4.026982486828E-003  9.355028199583E-004
  8.394483506327E+000  1.706797685137E-001  2.207270398144E-002  4.156209427380E-003  5.986532990173E-004
  8.567612086926E+000  1.756085282071E-001  2.279948067731E-002  4.229462118069E-003  2.477183354738E-004
  8.745764335025E+000  1.807286221064E-001  2.355500750504E-002  4.241800742511E-003 -1.073723528736E-004
  8.929136229160E+000  1.860494286260E-001  2.432904214904E-002  4.189750797005E-003 -4.569277641769E-004
  9.117933401693E+000  1.915808832504E-001  2.510987998061E-002  4.071420680019E-003 -7.917731270185E-004
  9.312371715124E+000  1.973335175235E-001  2.588453207771E-002  3.886576190911E-003 -1.103503006713E-003
  9.512677878945E+000  2.033185011886E-001  2.663894862047E-002  3.636668913287E-003 -1.384702499065E-003
  9.719090110332E+000  2.095476877688E-001  2.735828442224E-002  3.324816823773E-003 -1.629130205476E-003
  9.931858842267E+000  2.160336639044E-001  2.802720190141E-002  2.955736927191E-003 -1.831858098868E-003
  1.015124748302E+001  2.227898028021E-001  2.863020538500E-002  2.535631225895E-003 -1.989364967149E-003
  1.037753323129E+001  2.298303221843E-001  2.915199930692E-002  2.072028832704E-003 -2.099581797072E-003
  1.061100795175E+001  2.371703471699E-001  2.957786167321E-002  1.573588480474E-003 -2.161889169031E-003
  1.085197911611E+001  2.448259785618E-001  2.989402315927E-002  1.049867014772E-003 -2.177068404244E-003
  1.110077081537E+001  2.528143670735E-001  3.008804142656E-002  5.110606303130E-004 -2.147209773914E-003
  1.135772484956E+001  2.611537940784E-001  3.014915973931E-002 -3.227341720320E-005 -2.075582484563E-003
  1.162320190175E+001  2.698637595360E-001  3.006863876095E-002 -5.695061615137E-004 -1.966472343029E-003
  1.189758280382E+001  2.789650778206E-001  2.984005054404E-002 -1.090228414411E-003 -1.824993937289E-003
  1.218126990242E+001  2.884799822596E-001  2.945952421723E-002 -1.584535295245E-003 -1.656884817215E-003
  1.247468853413E+001  2.984322392826E-001  2.892593372928E-002 -2.043294828754E-003 -1.468289507761E-003
  1.277828862002E+001  3.088472731875E-001  2.824101923546E-002 -2.458392061307E-003 -1.265541235020E-003
  1.309254639077E+001  3.197523026463E-001  2.740943529594E-002 -2.822940856458E-003 -1.054949004959E-003
  1.341796625462E+001  3.311764902095E-001  2.643872097925E-002 -3.131456511477E-003 -8.425971684180E-004
  1.375508282195E+001  3.431511062169E-001  2.533918919213E-002 -3.379983561208E-003 -6.341638662748E-004
  1.410446310162E+001  3.557097086969E-001  2.412373504590E-002 -3.566174571356E-003 -4.347638139654E-004
  1.446670888596E+001  3.688883410292E-001  2.280756575761E-002 -3.689317331528E-003 -2.488197969779E-004
  1.484245934302E+001  3.827257493700E-001  2.140785739859E-002 -3.750309594887E-003 -7.996605210921E-005
  1.523239383723E+001  3.972636220891E-001  1.994334665455E-002 -3.751582327360E-003  6.901455391809E-005
  1.563723500136E+001  4.125468537596E-001  1.843386854561E-002 -3.696974270823E-003  1.962189253672E-004
  1.605775208607E+001  4.286238365683E-001  1.689985365600E-002 -3.591562432870E-003  3.006183700030E-004
  1.649476461582E+001  4.455467823929E-001  1.536180071009E-002 -3.441454826468E-003  3.820213408365E-004
  1.694914638379E+001  4.633720792263E-001  1.383974216930E-002 -3.253553327278E-003  4.410073059302E-004
  1.742182982203E+001  4.821606861220E-001  1.235272177152E-002 -3.035295822021E-003  4.788357879607E-004
  1.791381078784E+001  5.019785714107E-001  1.091830345926E-002 -2.794387813733E-003  4.973354857338E-004
  1.842615381215E+001  5.228971995942E-001  9.552130824827E-003 -2.538534256377E-003  4.987790736928E-004
  1.895999786176E+001  5.449940730840E-001  8.267554951357E-003 -2.275182546024E-003  4.857497387741E-004
  1.951656267356E+001  5.683533358366E-001  7.075346297622E-003 -2.011287245469E-003  4.610057250544E-004
  2.009715572669E+001  5.930664469535E-001  5.983503067991E-003 -1.753106230861E-003  4.273490889238E-004
  2.070317992707E+001  6.192329335039E-001  4.997164399770E-003 -1.506036517851E-003  3.875045035323E-004
  2.133614208874E+001  6.469612332096E-001  4.118631837559E-003 -1.274496081755E-003  3.440132871273E-004
  2.199766230782E+001  6.763696392388E-001  3.347497177872E-003 -1.061855603166E-003  2.991468799115E-004
  2.268948433818E+001  7.075873612439E-001  2.680869163708E-003 -8.704213631550E-004  2.548427942989E-004
  2.341348709294E+001  7.407557189842E-001  2.113686058188E-003 -7.014676388592E-004  2.126646737698E-004
  2.417169741362E+001  7.760294874639E-001  1.639096240286E-003 -5.553141041172E-004  1.737865989107E-004
  2.496630426925E+001  8.135784155747E-001  1.248885062496E-003 -4.314411368352E-004  1.390002780116E-004
  2.579967457140E+001  8.535889438281E-001  9.339236742094E-004 -3.286337944910E-004  1.087423681837E-004
  2.667437081864E+001  8.962661510291E-001  6.846146479701E-004 -2.451437420607E-004  8.313800739698E-005
  2.759317081651E+001  9.418359647997E-001  4.913102227435E-004 -1.788577583667E-004  6.205580286373E-005
  2.855908975674E+001  9.905476768748E-001  3.446818053810E-004 -1.274616940458E-004  4.516909649045E-005
  2.957540498378E+001  1.042676811269E+000  2.360238630723E-004 -8.858990515651E-005  3.201835553722E-005
  3.064568382919E+001  1.098528402000E+000  1.574811166579E-004 -5.995214029175E-005  2.207001076504E-005
  3.177381495601E+001  1.158440747351E+000  1.021944601773E-004 -3.943241920284E-005  1.476792879989E-005
  3.296404372807E+001  1.222789720048E+000  6.436762601894E-005 -2.515733194633E-005  9.574856201582E-006
  3.422101220608E+001  1.291993727721E+000  3.926259485271E-005 -1.553408747137E-005  6.002469657097E-006
  3.554980447538E+001  1.366519436102E+000  2.313648535801E-005 -9.261224163331E-006  3.629952052322E-006
  3.695599813319E+001  1.446888389511E+000  1.313567946810E-005 -5.316882000593E-006  2.112135664439E-006
  3.844572291106E+001  1.533684690030E+000  7.164009500584E-006 -2.930735976464E-006  1.179088466908E-006
  4.002572758518E+001  1.627563929686E+000  3.740996851591E-006 -1.546033251080E-006  6.294937583636E-007
  4.170345654134E+001  1.729263610453E+000  1.863700969847E-006 -7.777228272225E-007  3.202734692511E-007
  4.348713762001E+001  1.839615336740E+000  8.822365795142E-007 -3.715928876018E-007  1.546777625724E-007
  4.538588318162E+001  1.959559126947E+000  3.950812962600E-007 -1.678914993252E-007  7.060127939223E-008
  4.740980671574E+001  2.090160267552E+000  1.665476149064E-007 -7.137984711150E-008  3.030806385877E-008
  4.957015778746E+001  2.232629229408E+000  6.572871572687E-008 -2.840079858746E-008  1.217031820198E-008
  5.187947869225E+001  2.388345286640E+000  2.413645397741E-008 -1.051085204262E-008  4.543615054143E-009
  5.435178690397E+001  2.558884630889E+000  8.190557459617E-009 -3.593559577700E-009  1.566376672671E-009
  5.700278828629E+001  2.746053966795E+000  2.548781272425E-009 -1.126303145467E-009  4.948355926802E-010
  5.985012714155E+001  2.951930820846E+000  7.210604559140E-010 -3.208309283730E-010  1.420210391590E-010
  6.291368055481E+001  3.178912111311E+000  1.836503227322E-010 -8.225346185814E-011  3.667306168362E-011
  6.621590623276E+001  3.429772933797E+000  4.164841796492E-011 -1.877155769023E-011  8.426823414645E-012
  6.978225524452E+001  3.707738044625E+000  8.305273854771E-012 -3.766008891843E-012  1.701677523721E-012
  7.364166388185E+001  4.016569212832E+000  1.435719768610E-012 -6.548072420902E-013  2.977217213917E-013
  7.782714245929E+001  4.360672516382E+000  2.116800904086E-013 -9.708123729938E-014  4.440263415140E-014
  8.237648351994E+001  4.745230855210E+000  2.612697019189E-014 -1.204633396035E-014  5.540971747094E-015
  8.733311794503E+001  5.176368549127E+000  2.642321904648E-015 -1.224517254092E-015  5.662917894979E-016
  9.274715535088E+001  5.661357031559E+000  2.136087346306E-016 -9.947587637402E-017  4.624121494380E-017
  9.867665554529E+001  6.208873552072E+000  1.341291279686E-017 -6.275537735139E-018  2.931534356913E-018
  1.051891916055E+002  6.829328764649E+000  6.326733234561E-019 -2.973370156236E-019  1.395488983445E-019
  1.123637836013E+002  7.535284543316E+000  2.155752701917E-020 -1.017478829804E-020  4.796683160003E-021
  1.202933069206E+002  8.341990973528E+000  5.067575616394E-022 -2.401605705905E-022  1.137009568042E-022
  1.290875131414E+002  9.268082166539E+000  7.783177672829E-024 -3.703002206636E-024  1.760253191859E-024
  1.388768482001E+002  1.033648575811E+001  7.321009005743E-026 -3.496120475030E-026  1.668328282869E-026
  1.498173177370E+002  1.157562284364E+001  3.903186692428E-028 -1.870588440200E-028  8.959122780627E-029
  1.620967411853E+002  1.302100699722E+001  1.074485011284E-030 -5.166897581244E-031  2.483305443776E-031
  1.759428668168E+002  1.471739812515E+001  1.363880002063E-033 -6.579686999596E-034  3.172795310623E-034
  1.916340085825E+002  1.672173748087E+001  6.951343892624E-037 -3.363785020050E-037  1.627149484914E-037
  2.095131417987E+002  1.910719757888E+001  1.199517291396E-040 -5.821418684825E-041  2.824350125517E-041
  2.300068054477E+002  2.196884699990E+001  5.667978579431E-045 -2.758337686708E-045  1.342016135999E-045
  2.536507797910E+002  2.543169216868E+001  5.617179846245E-050 -2.740753516109E-050  1.337004667329E-050
  2.811254638474E+002  2.966227967912E+001  8.320295310014E-056 -4.069674563671E-056  1.990256551188E-056
  3.133053780630E+002  3.488573552677E+001  1.191507540511E-062 -5.841510591314E-063  2.863494937317E-063
  3.513296254502E+002  4.141128389041E+001  9.351202868579E-071 -4.594546052913E-071  2.257213703892E-071
  3.967041014106E+002  4.967130404214E+001  1.898577032154E-080 -9.347393622777E-081  4.601694304756E-081
  4.514529193349E+002  6.028257212519E+001  3.634261271928E-092 -1.792697742418E-092  8.842419288688E-093
  5.183481233601E+002  7.414493328740E+001  1.645503842335E-106 -8.131315654345E-107  4.017931007679E-107
  6.012676077950E+002  9.260523890243E+001  2.545219362694E-124 -1.259799336660E-124  6.235374792233E-125
  7.057700503752E+002  1.177394213729E+002  8.390354042244E-147 -4.159247053021E-147  2.061761116564E-147
  8.400513767914E+002  1.528577972397E+002  9.850006433962E-176 -4.889607299824E-176  2.427190487354E-176
  1.016602135495E+003  2.034537342122E+002  8.051421792030E-214 -4.001828777737E-214  1.989020555575E-214
  1.255220715580E+003  2.790860613466E+002  2.325346745426E-265 -1.157092611498E-265  5.757648542169E-266
  1.588815776243E+003  3.973705897531E+002  0.000000000000E+000  0.000000000000E+000  0.000000000000E+000
  2.075392011604E+003  5.931596040112E+002  0.000000000000E+000  0.000000000000E+000  0.000000000000E+000
  2.825079847529E+003  9.419154890021E+002  0.000000000000E+000  0.000000000000E+000  0.000000000000E+000
  4.068408296184E+003  1.627629972033E+003  0.000000000000E+000  0.000000000000E+000  0.000000000000E+000
  6.357262947674E+003  3.178964796686E+003  0.000000000000E+000  0.000000000000E+000  0.000000000000E+000
  1.130231930164E+004  7.535323971013E+003  0.000000000000E+000  0.000000000000E+000  0.000000000000E+000
  2.543105175140E+004  2.543171841285E+004  0.000000000000E+000  0.000000000000E+000  0.000000000000E+000
  1.017262069958E+005  2.034537473226E+005  0.000000000000E+000  0.000000000000E+000  0.000000000000E+000
