481
   9.454256690007E-01  -1.862217088660E-02   1.862217088660E-02   9.206757281402E-01   9.732505584093E-01
   9.405008496532E-01  -2.028638239369E-02   2.028638239369E-02   9.128001355831E-01   9.705608236817E-01
   9.354412883437E-01  -2.204337261403E-02   2.204337261403E-02   9.045893448500E-01   9.677499865618E-01
   9.302566577999E-01  -2.389467128339E-02   2.389467128338E-02   8.960498214007E-01   9.648194090127E-01
   9.249563925233E-01  -2.584154466324E-02   2.584154466324E-02   8.871882243645E-01   9.617704994692E-01
   9.195496753385E-01  -2.788500304587E-02   2.788500304587E-02   8.780113961286E-01   9.586047110813E-01
   9.140454267772E-01  -3.002580874804E-02   3.002580874804E-02   8.685263520779E-01   9.553235399656E-01
   9.084522969607E-01  -3.226448447791E-02   3.226448447791E-02   8.587402705056E-01   9.519285234685E-01
   9.027786596688E-01  -3.460132197152E-02   3.460132197152E-02   8.486604827100E-01   9.484212384446E-01
   8.970326083189E-01  -3.703639080661E-02   3.703639080661E-02   8.382944632896E-01   9.448032995531E-01
   8.912219536027E-01  -3.956954731305E-02   3.956954731305E-02   8.276498206432E-01   9.410763575746E-01
   8.853542225532E-01  -4.220044350887E-02   4.220044350887E-02   8.167342876822E-01   9.372420977507E-01
   8.794366588410E-01  -4.492853600158E-02   4.492853600158E-02   8.055557127551E-01   9.333022381488E-01
   8.734762241187E-01  -4.775309480293E-02   4.775309480293E-02   7.941220507862E-01   9.292585280510E-01
   8.674796002514E-01  -5.067321201410E-02   5.067321201410E-02   7.824413546259E-01   9.251127463709E-01
   8.614531922933E-01  -5.368781034605E-02   5.368781034605E-02   7.705217666080E-01   9.208667000975E-01
   8.554031320832E-01  -5.679565144645E-02   5.679565144645E-02   7.583715103108E-01   9.165222227663E-01
   8.493352823490E-01  -5.999534401158E-02   5.999534401158E-02   7.459988825143E-01   9.120811729588E-01
   8.432552412261E-01  -6.328535166645E-02   6.328535166645E-02   7.334122453481E-01   9.075454328294E-01
   8.371683471053E-01  -6.666400060223E-02   6.666400060223E-02   7.206200186214E-01   9.029169066605E-01
   8.310796837374E-01  -7.012948696376E-02   7.012948696376E-02   7.076306723277E-01   8.981975194440E-01
   8.249940855344E-01  -7.367988398430E-02   7.367988398430E-02   6.944527193167E-01   8.933892154906E-01
   8.189161430125E-01  -7.731314886753E-02   7.731314886753E-02   6.810947081256E-01   8.884939570639E-01
   8.128502083334E-01  -8.102712941979E-02   8.102712941979E-02   6.675652159606E-01   8.835137230418E-01
   8.068004009061E-01  -8.481957043799E-02   8.481957043799E-02   6.538728418238E-01   8.784505076011E-01
   8.007706130173E-01  -8.868811986002E-02   8.868811986002E-02   6.400261997759E-01   8.733063189270E-01
   7.947645154666E-01  -9.263033468664E-02   9.263033468664E-02   6.260339123303E-01   8.680831779459E-01
   7.887855631841E-01  -9.664368668444E-02   9.664368668444E-02   6.119046039708E-01   8.627831170805E-01
   7.828370008150E-01  -1.007255678805E-01   1.007255678805E-01   5.976468947894E-01   8.574081790270E-01
   7.769218682584E-01  -1.048732958601E-01   1.048732958601E-01   5.832693942385E-01   8.519604155529E-01
   7.710430061501E-01  -1.090841188790E-01   1.090841188790E-01   5.687806949928E-01   8.464418863159E-01
   7.652030612840E-01  -1.133552208014E-01   1.133552208014E-01   5.541893669202E-01   8.408546577018E-01
   7.594044919650E-01  -1.176837258764E-01   1.176837258764E-01   5.395039511555E-01   8.352008016819E-01
   7.536495732936E-01  -1.220667033624E-01   1.220667033624E-01   5.247329542778E-01   8.294823946889E-01
   7.479404023780E-01  -1.265011720124E-01   1.265011720124E-01   5.098848425893E-01   8.237015165108E-01
   7.422789034761E-01  -1.309841044294E-01   1.309841044294E-01   4.949680364941E-01   8.178602492023E-01
   7.366668330666E-01  -1.355124313021E-01   1.355124313021E-01   4.799909049783E-01   8.119606760131E-01
   7.311057848519E-01  -1.400830455307E-01   1.400830455307E-01   4.649617601902E-01   8.060048803336E-01
   7.255971946946E-01  -1.446928062509E-01   1.446928062509E-01   4.498888521232E-01   7.999949446569E-01
   7.201423454899E-01  -1.493385427644E-01   1.493385427644E-01   4.347803634014E-01   7.939329495568E-01
   7.147423719776E-01  -1.540170583828E-01   1.540170583828E-01   4.196444041707E-01   7.878209726821E-01
   7.093982654954E-01  -1.587251341921E-01   1.587251341921E-01   4.044890070969E-01   7.816610877676E-01
   7.041108786774E-01  -1.634595327428E-01   1.634595327428E-01   3.893221224735E-01   7.754553636598E-01
   6.988809300999E-01  -1.682170016702E-01   1.682170016702E-01   3.741516134425E-01   7.692058633596E-01
   6.937090088776E-01  -1.729942772515E-01   1.729942772515E-01   3.589852513301E-01   7.629146430808E-01
   6.885955792125E-01  -1.777880878997E-01   1.777880878997E-01   3.438307111012E-01   7.565837513241E-01
   6.835409848966E-01  -1.825951576013E-01   1.825951576013E-01   3.286955669362E-01   7.502152279681E-01
   6.785454537728E-01  -1.874122092961E-01   1.874122092961E-01   3.135872879325E-01   7.438111033762E-01
   6.736091021524E-01  -1.922359682045E-01   1.922359682045E-01   2.985132339350E-01   7.373733975199E-01
   6.687319391925E-01  -1.970631651011E-01   1.970631651011E-01   2.834806514988E-01   7.309041191193E-01
   6.639138712337E-01  -2.018905395354E-01   2.018905395354E-01   2.684966699864E-01   7.244052648001E-01
   6.591547060983E-01  -2.067148430017E-01   2.067148430017E-01   2.535682978050E-01   7.178788182681E-01
   6.544541573494E-01  -2.115328420553E-01   2.115328420553E-01   2.387024187847E-01   7.113267495013E-01
   6.498118485107E-01  -2.163413213770E-01   2.163413213770E-01   2.239057887019E-01   7.047510139595E-01
   6.452273172472E-01  -2.211370867827E-01   2.211370867827E-01   2.091850319501E-01   6.981535518122E-01
   6.407000195047E-01  -2.259169681779E-01   2.259169681779E-01   1.945466383626E-01   6.915362871848E-01
   6.362293336087E-01  -2.306778224565E-01   2.306778224565E-01   1.799969601864E-01   6.849011274235E-01
   6.318145643208E-01  -2.354165363402E-01   2.354165363402E-01   1.655422092128E-01   6.782499623795E-01
   6.274549468508E-01  -2.401300291575E-01   2.401300291575E-01   1.511884540650E-01   6.715846637117E-01
   6.231496508236E-01  -2.448152555613E-01   2.448152555613E-01   1.369416176447E-01   6.649070842098E-01
   6.188977841985E-01  -2.494692081808E-01   2.494692081808E-01   1.228074747399E-01   6.582190571372E-01
   6.146983971397E-01  -2.540889202072E-01   2.540889202072E-01   1.087916497941E-01   6.515223955934E-01
   6.105504858346E-01  -2.586714679103E-01   2.586714679103E-01   9.489961483951E-02   6.448188918977E-01
   6.064529962599E-01  -2.632139730833E-01   2.632139730833E-01   8.113668759294E-02   6.381103169926E-01
   6.024048278902E-01  -2.677136054141E-01   2.677136054141E-01   6.750802971691E-02   6.313984198691E-01
   5.984048373503E-01  -2.721675847803E-01   2.721675847803E-01   5.401864524459E-02   6.246849270124E-01
   5.944518420057E-01  -2.765731834663E-01   2.765731834663E-01   4.067337916929E-02   6.179715418691E-01
   5.905446234911E-01  -2.809277282993E-01   2.809277282993E-01   2.747691619789E-02   6.112599443358E-01
   5.866819311739E-01  -2.852286027039E-01   2.852286027039E-01   1.443377966753E-02   6.045517902699E-01
   5.828624855490E-01  -2.894732486706E-01   2.894732486706E-01   1.548330624795E-03   5.978487110209E-01
   5.790849815660E-01  -2.936591686398E-01   2.936591686398E-01  -1.117523293412E-02   5.911523129850E-01
   5.753480918821E-01  -2.977839272961E-01   2.977839272961E-01  -2.373287666307E-02   5.844641771805E-01
   5.716504700430E-01  -3.018451532741E-01   3.018451532741E-01  -3.612073030776E-02   5.777858588461E-01
   5.679907535859E-01  -3.058405407728E-01   3.058405407728E-01  -4.833508799122E-02   5.711188870605E-01
   5.643675670655E-01  -3.097678510779E-01   3.097678510779E-01  -6.037240834512E-02   5.644647643844E-01
   5.607795249992E-01  -3.136249139904E-01   3.136249139904E-01  -7.222931448929E-02   5.578249665245E-01
   5.572252347314E-01  -3.174096291613E-01   3.174096291613E-01  -8.390259386200E-02   5.512009420198E-01
   5.537032992131E-01  -3.211199673311E-01   3.211199673311E-01  -9.538919790374E-02   5.445941119488E-01
   5.502123196976E-01  -3.247539714743E-01   3.247539714743E-01  -1.066862415973E-01   5.380058696601E-01
   5.467508983495E-01  -3.283097578468E-01   3.283097578468E-01  -1.177910028672E-01   5.314375805231E-01
   5.433176407663E-01  -3.317855169384E-01   3.317855169384E-01  -1.287009218423E-01   5.248905817018E-01
   5.399111584112E-01  -3.351795143283E-01   3.351795143283E-01  -1.394135999836E-01   5.183661819488E-01
   5.365300709562E-01  -3.384900914450E-01   3.384900914450E-01  -1.499267990827E-01   5.118656614215E-01
   5.331730085356E-01  -3.417156662304E-01   3.417156662304E-01  -1.602384401323E-01   5.053902715188E-01
   5.298386139077E-01  -3.448547337081E-01   3.448547337081E-01  -1.703466020747E-01   4.989412347388E-01
   5.265255445253E-01  -3.479058664582E-01   3.479058664582E-01  -1.802495204302E-01   4.925197445575E-01
   5.232324745147E-01  -3.508677149975E-01   3.508677149975E-01  -1.899455858113E-01   4.861269653271E-01
   5.199580965627E-01  -3.537390080667E-01   3.537390080667E-01  -1.994333423241E-01   4.797640321952E-01
   5.167011237108E-01  -3.565185528268E-01   3.565185528268E-01  -2.087114858644E-01   4.734320510433E-01
   5.134602910588E-01  -3.592052349640E-01   3.592052349640E-01  -2.177788623090E-01   4.671320984450E-01
   5.102343573757E-01  -3.617980187059E-01   3.617980187059E-01  -2.266344656094E-01   4.608652216430E-01
   5.070221066198E-01  -3.642959467506E-01   3.642959467506E-01  -2.352774357899E-01   4.546324385459E-01
   5.038223493685E-01  -3.666981401089E-01   3.666981401089E-01  -2.437070568561E-01   4.484347377420E-01
   5.006339241566E-01  -3.690037978628E-01   3.690037978628E-01  -2.519227546168E-01   4.422730785327E-01
   4.974556987276E-01  -3.712121968421E-01   3.712121968421E-01  -2.599240944241E-01   4.361483909828E-01
   4.942865711944E-01  -3.733226912195E-01   3.733226912195E-01  -2.677107788359E-01   4.300615759882E-01
   4.911254711139E-01  -3.753347120283E-01   3.753347120283E-01  -2.752826452052E-01   4.240135053608E-01
   4.879713604755E-01  -3.772477666034E-01   3.772477666034E-01  -2.826396631999E-01   4.180050219299E-01
   4.848232346040E-01  -3.790614379487E-01   3.790614379487E-01  -2.897819322587E-01   4.120369396597E-01
   4.816801229793E-01  -3.807753840326E-01   3.807753840326E-01  -2.967096789853E-01   4.061100437825E-01
   4.785410899741E-01  -3.823893370138E-01   3.823893370138E-01  -3.034232544867E-01   4.002250909470E-01
   4.754052355105E-01  -3.839031024008E-01   3.839031024008E-01  -3.099231316593E-01   3.943828093821E-01
   4.722716956381E-01  -3.853165581468E-01   3.853165581468E-01  -3.162099024263E-01   3.885838990744E-01
   4.691396430347E-01  -3.866296536823E-01   3.866296536823E-01  -3.222842749317E-01   3.828290319599E-01
   4.660082874312E-01  -3.878424088886E-01   3.878424088886E-01  -3.281470706929E-01   3.771188521293E-01
   4.628768759631E-01  -3.889549130145E-01   3.889549130145E-01  -3.337992217186E-01   3.714539760463E-01
   4.597446934502E-01  -3.899673235388E-01   3.899673235388E-01  -3.392417675928E-01   3.658349927789E-01
   4.566110626062E-01  -3.908798649809E-01   3.908798649809E-01  -3.444758525310E-01   3.602624642418E-01
   4.534753441810E-01  -3.916928276630E-01   3.916928276630E-01  -3.495027224119E-01   3.547369254520E-01
   4.503369370367E-01  -3.924065664258E-01   3.924065664258E-01  -3.543237217865E-01   3.492588847942E-01
   4.471952781599E-01  -3.930214993002E-01   3.930214993002E-01  -3.589402908709E-01   3.438288242980E-01
   4.440498426131E-01  -3.935381061386E-01   3.935381061386E-01  -3.633539625246E-01   3.384471999251E-01
   4.409001434260E-01  -3.939569272077E-01   3.939569272077E-01  -3.675663592174E-01   3.331144418660E-01
   4.377457314295E-01  -3.942785617451E-01   3.942785617451E-01  -3.715791899897E-01   3.278309548470E-01
   4.345861950356E-01  -3.945036664839E-01   3.945036664839E-01  -3.753942474085E-01   3.225971184453E-01
   4.314211599630E-01  -3.946329541456E-01   3.946329541456E-01  -3.790134045215E-01   3.174132874133E-01
   4.282502889133E-01  -3.946671919059E-01   3.946671919059E-01  -3.824386118147E-01   3.122797920103E-01
   4.250732811984E-01  -3.946071998347E-01   3.946071998347E-01  -3.856718941738E-01   3.071969383426E-01
   4.218898723215E-01  -3.944538493137E-01   3.944538493137E-01  -3.887153478541E-01   3.021650087104E-01
   4.186998335140E-01  -3.942080614331E-01   3.942080614331E-01  -3.915711374609E-01   2.971842619615E-01
   4.155029712315E-01  -3.938708053705E-01   3.938708053705E-01  -3.942414929431E-01   2.922549338513E-01
   4.122991266093E-01  -3.934430967546E-01   3.934430967546E-01  -3.967287066036E-01   2.873772374092E-01
   4.090881748809E-01  -3.929259960151E-01   3.929259960151E-01  -3.990351301272E-01   2.825513633097E-01
   4.058700247613E-01  -3.923206067223E-01   3.923206067223E-01  -4.011631716296E-01   2.777774802497E-01
   4.026446177975E-01  -3.916280739176E-01   3.916280739176E-01  -4.031152927306E-01   2.730557353293E-01
   3.994119276872E-01  -3.908495824376E-01   3.908495824376E-01  -4.048940056515E-01   2.683862544379E-01
   3.961719595699E-01  -3.899863552342E-01   3.899863552342E-01  -4.065018703409E-01   2.637691426440E-01
   3.929247492901E-01  -3.890396516924E-01   3.890396516924E-01  -4.079414916296E-01   2.592044845879E-01
   3.896703626367E-01  -3.880107659476E-01   3.880107659476E-01  -4.092155164181E-01   2.546923448786E-01
   3.864088945586E-01  -3.869010252050E-01   3.869010252050E-01  -4.103266308960E-01   2.502327684928E-01
   3.831404683606E-01  -3.857117880630E-01   3.857117880630E-01  -4.112775577982E-01   2.458257811765E-01
   3.798652348799E-01  -3.844444428415E-01   3.844444428415E-01  -4.120710536970E-01   2.414713898489E-01
   3.765833716457E-01  -3.831004059182E-01   3.831004059182E-01  -4.127099063329E-01   2.371695830076E-01
   3.732950820236E-01  -3.816811200739E-01   3.816811200739E-01  -4.131969319858E-01   2.329203311359E-01
   3.700005943468E-01  -3.801880528481E-01   3.801880528481E-01  -4.135349728868E-01   2.287235871106E-01
   3.667001610359E-01  -3.786226949079E-01   3.786226949079E-01  -4.137268946738E-01   2.245792866105E-01
   3.633940577087E-01  -3.769865584302E-01   3.769865584302E-01  -4.137755838899E-01   2.204873485261E-01
   3.600825822814E-01  -3.752811754993E-01   3.752811754993E-01  -4.136839455281E-01   2.164476753687E-01
   3.567660540641E-01  -3.735080965219E-01   3.735080965219E-01  -4.134549006211E-01   2.124601536794E-01
   3.534448128502E-01  -3.716688886598E-01   3.716688886598E-01  -4.130913838790E-01   2.085246544384E-01
   3.501192180037E-01  -3.697651342822E-01   3.697651342822E-01  -4.125963413750E-01   2.046410334726E-01
   3.467896475430E-01  -3.677984294389E-01   3.677984294389E-01  -4.119727282801E-01   2.008091318628E-01
   3.434564972250E-01  -3.657703823553E-01   3.657703823553E-01  -4.112235066470E-01   1.970287763495E-01
   3.401201796298E-01  -3.636826119504E-01   3.636826119504E-01  -4.103516432453E-01   1.932997797376E-01
   3.367811232473E-01  -3.615367463785E-01   3.615367463785E-01  -4.093601074469E-01   1.896219412984E-01
   3.334397715671E-01  -3.593344215967E-01   3.593344215967E-01  -4.082518691634E-01   1.859950471706E-01
   3.300965821732E-01  -3.570772799574E-01   3.570772799574E-01  -4.070298968358E-01   1.824188707585E-01
   3.267520258443E-01  -3.547669688280E-01   3.547669688280E-01  -4.056971554754E-01   1.788931731283E-01
   3.234065856606E-01  -3.524051392384E-01   3.524051392384E-01  -4.042566047597E-01   1.754177034008E-01
   3.200607561187E-01  -3.499934445564E-01   3.499934445564E-01  -4.027111971787E-01   1.719921991426E-01
   3.167150422559E-01  -3.475335391921E-01   3.475335391921E-01  -4.010638762370E-01   1.686163867528E-01
   3.133699587830E-01  -3.450270773323E-01   3.450270773323E-01  -3.993175747073E-01   1.652899818480E-01
   3.100260292292E-01  -3.424757117045E-01   3.424757117045E-01  -3.974752129388E-01   1.620126896424E-01
   3.066837850981E-01  -3.398810923721E-01   3.398810923721E-01  -3.955396972187E-01   1.587842053253E-01
   3.033437650353E-01  -3.372448655603E-01   3.372448655603E-01  -3.935139181868E-01   1.556042144347E-01
   3.000065140106E-01  -3.345686725141E-01   3.345686725141E-01  -3.914007493043E-01   1.524723932266E-01
   2.966725825133E-01  -3.318541483873E-01   3.318541483873E-01  -3.892030453759E-01   1.493884090406E-01
   2.933425257616E-01  -3.291029211648E-01   3.291029211648E-01  -3.869236411240E-01   1.463519206616E-01
   2.900169029280E-01  -3.263166106164E-01   3.263166106164E-01  -3.845653498178E-01   1.433625786760E-01
   2.866962763801E-01  -3.234968272839E-01   3.234968272839E-01  -3.821309619529E-01   1.404200258252E-01
   2.833812109377E-01  -3.206451715009E-01   3.206451715009E-01  -3.796232439851E-01   1.375238973529E-01
   2.800722731464E-01  -3.177632324450E-01   3.177632324450E-01  -3.770449371151E-01   1.346738213485E-01
   2.767700305687E-01  -3.148525872240E-01   3.148525872240E-01  -3.743987561254E-01   1.318694190862E-01
   2.734750510928E-01  -3.119147999945E-01   3.119147999945E-01  -3.716873882678E-01   1.291103053578E-01
   2.701879022590E-01  -3.089514211135E-01   3.089514211135E-01  -3.689134922026E-01   1.263960888019E-01
   2.669091506048E-01  -3.059639863234E-01   3.059639863234E-01  -3.660796969867E-01   1.237263722276E-01
   2.636393610284E-01  -3.029540159697E-01   3.029540159697E-01  -3.631886011127E-01   1.211007529325E-01
   2.603790961709E-01  -2.999230142518E-01   2.999230142518E-01  -3.602427715960E-01   1.185188230164E-01
   2.571289158179E-01  -2.968724685058E-01   2.968724685058E-01  -3.572447431109E-01   1.159801696891E-01
   2.538893763200E-01  -2.938038485202E-01   2.938038485202E-01  -3.541970171747E-01   1.134843755730E-01
   2.506610300330E-01  -2.907186058845E-01   2.907186058845E-01  -3.511020613785E-01   1.110310190005E-01
   2.474444247776E-01  -2.876181733683E-01   2.876181733683E-01  -3.479623086645E-01   1.086196743060E-01
   2.442401033181E-01  -2.845039643333E-01   2.845039643333E-01  -3.447801566501E-01   1.062499121118E-01
   2.410486028616E-01  -2.813773721767E-01   2.813773721767E-01  -3.415579669953E-01   1.039212996094E-01
   2.378704545761E-01  -2.782397698048E-01   2.782397698048E-01  -3.382980648159E-01   1.016334008346E-01
   2.347061831289E-01  -2.750925091385E-01   2.750925091385E-01  -3.350027381395E-01   9.938577693712E-02
   2.315563062443E-01  -2.719369206479E-01   2.719369206479E-01  -3.316742374042E-01   9.717798644504E-02
   2.284213342806E-01  -2.687743129180E-01   2.687743129180E-01  -3.283147749996E-01   9.500958552314E-02
   2.253017698273E-01  -2.656059722433E-01   2.656059722433E-01  -3.249265248481E-01   9.288012822582E-02
   2.221981073209E-01  -2.624331622514E-01   2.624331622514E-01  -3.215116220275E-01   9.078916674447E-02
   2.191108326804E-01  -2.592571235555E-01   2.592571235555E-01  -3.180721624321E-01   8.873625164906E-02
   2.160404229619E-01  -2.560790734350E-01   2.560790734350E-01  -3.146102024724E-01   8.672093212421E-02
   2.129873460320E-01  -2.529002055436E-01   2.529002055436E-01  -3.111277588131E-01   8.474275619962E-02
   2.099520602599E-01  -2.497216896444E-01   2.497216896444E-01  -3.076268081467E-01   8.280127097485E-02
   2.069350142282E-01  -2.465446713722E-01   2.465446713722E-01  -3.041092870044E-01   8.089602283860E-02
   2.039366464617E-01  -2.433702720207E-01   2.433702720207E-01  -3.005770916003E-01   7.902655768224E-02
   2.009573851746E-01  -2.401995883567E-01   2.401995883567E-01  -2.970320777113E-01   7.719242110800E-02
   1.979976480353E-01  -2.370336924579E-01   2.370336924579E-01  -2.934760605887E-01   7.539315863155E-02
   1.950578419490E-01  -2.338736315760E-01   2.338736315760E-01  -2.899108149031E-01   7.362831587889E-02
   1.921383628569E-01  -2.307204280228E-01   2.307204280228E-01  -2.863380747199E-01   7.189743877817E-02
   1.892395955530E-01  -2.275750790804E-01   2.275750790804E-01  -2.827595335057E-01   7.020007374570E-02
   1.863619135175E-01  -2.244385569331E-01   2.244385569331E-01  -2.791768441638E-01   6.853576786675E-02
   1.835056787659E-01  -2.213118086223E-01   2.213118086223E-01  -2.755916190983E-01   6.690406907104E-02
   1.806712417147E-01  -2.181957560216E-01   2.181957560217E-01  -2.720054303062E-01   6.530452630274E-02
   1.778589410626E-01  -2.150912958340E-01   2.150912958340E-01  -2.684198094962E-01   6.373668968540E-02
   1.750691036869E-01  -2.119992996082E-01   2.119992996082E-01  -2.648362482328E-01   6.220011068153E-02
   1.723020445548E-01  -2.089206137752E-01   2.089206137752E-01  -2.612561981057E-01   6.069434224716E-02
   1.695580666493E-01  -2.058560597036E-01   2.058560597036E-01  -2.576810709237E-01   5.921893898110E-02
   1.668374609094E-01  -2.028064337732E-01   2.028064337732E-01  -2.541122389309E-01   5.777345726930E-02
   1.641405061844E-01  -1.997725074666E-01   1.997725074666E-01  -2.505510350459E-01   5.635745542420E-02
   1.614674692006E-01  -1.967550274776E-01   1.967550274776E-01  -2.469987531220E-01   5.497049381908E-02
   1.588186045428E-01  -1.937547158363E-01   1.937547158363E-01  -2.434566482279E-01   5.361213501758E-02
   1.561941546468E-01  -1.907722700504E-01   1.907722700504E-01  -2.399259369485E-01   5.228194389841E-02
   1.535943498051E-01  -1.878083632610E-01   1.878083632610E-01  -2.364077977039E-01   5.097948777529E-02
   1.510194081847E-01  -1.848636444142E-01   1.848636444142E-01  -2.329033710872E-01   4.970433651225E-02
   1.484695358555E-01  -1.819387384458E-01   1.819387384458E-01  -2.294137602186E-01   4.845606263432E-02
   1.459449268310E-01  -1.790342464802E-01   1.790342464802E-01  -2.259400311164E-01   4.723424143353E-02
   1.434457631188E-01  -1.761507460423E-01   1.761507460423E-01  -2.224832130834E-01   4.603845107075E-02
   1.409722147822E-01  -1.732887912807E-01   1.732887912807E-01  -2.190442991079E-01   4.486827267278E-02
   1.385244400109E-01  -1.704489132044E-01   1.704489132044E-01  -2.156242462790E-01   4.372329042533E-02
   1.361025852024E-01  -1.676316199290E-01   1.676316199290E-01  -2.122239762147E-01   4.260309166170E-02
   1.337067850515E-01  -1.648373969347E-01   1.648373969347E-01  -2.088443755026E-01   4.150726694721E-02
   1.313371626497E-01  -1.620667073341E-01   1.620667073341E-01  -2.054862961524E-01   4.043541015957E-02
   1.289938295917E-01  -1.593199921494E-01   1.593199921494E-01  -2.021505560593E-01   3.938711856526E-02
   1.266768860917E-01  -1.565976705985E-01   1.565976705985E-01  -1.988379394773E-01   3.836199289186E-02
   1.243864211053E-01  -1.539001403902E-01   1.539001403902E-01  -1.955491975028E-01   3.735963739654E-02
   1.221225124610E-01  -1.512277780266E-01   1.512277780266E-01  -1.922850485664E-01   3.637965993073E-02
   1.198852269966E-01  -1.485809391137E-01   1.485809391137E-01  -1.890461789328E-01   3.542167200112E-02
   1.176746207036E-01  -1.459599586784E-01   1.459599586784E-01  -1.858332432091E-01   3.448528882691E-02
   1.154907388771E-01  -1.433651514919E-01   1.433651514919E-01  -1.826468648588E-01   3.357012939353E-02
   1.133336162719E-01  -1.407968124001E-01   1.407968124001E-01  -1.794876367234E-01   3.267581650284E-02
   1.112032772641E-01  -1.382552166580E-01   1.382552166580E-01  -1.763561215480E-01   3.180197682001E-02
   1.090997360178E-01  -1.357406202704E-01   1.357406202704E-01  -1.732528525135E-01   3.094824091688E-02
   1.070229966566E-01  -1.332532603365E-01   1.332532603365E-01  -1.701783337724E-01   3.011424331213E-02
   1.049730534403E-01  -1.307933553993E-01   1.307933553993E-01  -1.671330409888E-01   2.929962250837E-02
   1.029498909446E-01  -1.283611057975E-01   1.283611057975E-01  -1.641174218814E-01   2.850402102588E-02
   1.009534842457E-01  -1.259566940226E-01   1.259566940226E-01  -1.611318967699E-01   2.772708543353E-02
   9.898379910850E-02  -1.235802850772E-01   1.235802850772E-01  -1.581768591229E-01   2.696846637660E-02
   9.704079217717E-02  -1.212320268364E-01   1.212320268364E-01  -1.552526761087E-01   2.622781860177E-02
   9.512441116980E-02  -1.189120504119E-01   1.189120504119E-01  -1.523596891461E-01   2.550480097927E-02
   9.323459507513E-02  -1.166204705169E-01   1.166204705169E-01  -1.494982144567E-01   2.479907652233E-02
   9.137127435177E-02  -1.143573858329E-01   1.143573858329E-01  -1.466685436179E-01   2.411031240389E-02
   8.953437112982E-02  -1.121228793776E-01   1.121228793776E-01  -1.438709441153E-01   2.343817997078E-02
   8.772379941416E-02  -1.099170188731E-01   1.099170188731E-01  -1.411056598941E-01   2.278235475544E-02
   8.593946528937E-02  -1.077398571150E-01   1.077398571150E-01  -1.383729119113E-01   2.214251648500E-02
   8.418126712605E-02  -1.055914323406E-01   1.055914323406E-01  -1.356728986842E-01   2.151834908814E-02
   8.244909578848E-02  -1.034717685984E-01   1.034717685984E-01  -1.330057968393E-01   2.090954069969E-02
   8.074283484272E-02  -1.013808761150E-01   1.013808761150E-01  -1.303717616580E-01   2.031578366282E-02
   7.906236076580E-02  -9.931875166282E-02   9.931875166282E-02  -1.277709276201E-01   1.973677452921E-02
   7.740754315501E-02  -9.728537892588E-02   9.728537892588E-02  -1.252034089443E-01   1.917221405701E-02
   7.577824493775E-02  -9.528072886432E-02   9.528072886432E-02  -1.226693001263E-01   1.862180720697E-02
   7.417432258100E-02  -9.330476007715E-02   9.330476007715E-02  -1.201686764725E-01   1.808526313633E-02
   7.259562630096E-02  -9.135741916331E-02   9.135741916331E-02  -1.177015946310E-01   1.756229519108E-02
   7.104200027189E-02  -8.943864108027E-02   8.943864108027E-02  -1.152680931175E-01   1.705262089613E-02
   6.951328283490E-02  -8.754834950060E-02   8.754834950060E-02  -1.128681928379E-01   1.655596194403E-02
   6.800930670551E-02  -8.568645716562E-02   8.568645716562E-02  -1.105018976060E-01   1.607204418167E-02
   6.652989918043E-02  -8.385286623638E-02   8.385286623638E-02  -1.081691946559E-01   1.560059759552E-02
   6.507488234341E-02  -8.204746864168E-02   8.204746864168E-02  -1.058700551504E-01   1.514135629529E-02
   6.364407326961E-02  -8.027014642280E-02   8.027014642280E-02  -1.036044346834E-01   1.469405849599E-02
   6.223728422868E-02  -7.852077207492E-02   7.852077207492E-02  -1.013722737766E-01   1.425844649861E-02
   6.085432288621E-02  -7.679920888499E-02   7.679920888499E-02  -9.917349837185E-02   1.383426666932E-02
   5.949499250357E-02  -7.510531126585E-02   7.510531126585E-02  -9.700802031611E-02   1.342126941740E-02
   5.815909213585E-02  -7.343892508656E-02   7.343892508656E-02  -9.487573784138E-02   1.301920917185E-02
   5.684641682796E-02  -7.179988799877E-02   7.179988799877E-02  -9.277653603817E-02   1.262784435677E-02
   5.555675780849E-02  -7.018802975881E-02   7.018802975881E-02  -9.071028732253E-02   1.224693736559E-02
   5.428990268145E-02  -6.860317254564E-02   6.860317254564E-02  -8.867685189683E-02   1.187625453405E-02
   5.304563561590E-02  -6.704513127450E-02   6.704513127450E-02  -8.667607820373E-02   1.151556611234E-02
   5.182373753286E-02  -6.551371390586E-02   6.551371390586E-02  -8.470780337356E-02   1.116464623602E-02
   5.062398629005E-02  -6.400872175006E-02   6.400872175006E-02  -8.277185366491E-02   1.082327289605E-02
   4.944615686386E-02  -6.252994976703E-02   6.252994976703E-02  -8.086804489800E-02   1.049122790786E-02
   4.829002152856E-02  -6.107718686130E-02   6.107718686130E-02  -7.899618288141E-02   1.016829687958E-02
   4.715535003327E-02  -5.965021617246E-02   5.965021617246E-02  -7.715606383140E-02   9.854269179497E-03
   4.604190977535E-02  -5.824881536012E-02   5.824881536012E-02  -7.534747478413E-02   9.548937902549E-03
   4.494946597181E-02  -5.687275688465E-02   5.687275688465E-02  -7.357019400078E-02   9.252099836355E-03
   4.387778182688E-02  -5.552180828206E-02   5.552180828206E-02  -7.182399136499E-02   8.963555426233E-03
   4.282661869724E-02  -5.419573243450E-02   5.419573243450E-02  -7.010862877342E-02   8.683108739854E-03
   4.179573625406E-02  -5.289428783525E-02   5.289428783525E-02  -6.842386051850E-02   8.410567431150E-03
   4.078489264165E-02  -5.161722884855E-02   5.161722884855E-02  -6.676943366394E-02   8.145742703635E-03
   3.979384463344E-02  -5.036430596445E-02   5.036430596445E-02  -6.514508841285E-02   7.888449273294E-03
   3.882234778431E-02  -4.913526604809E-02   4.913526604809E-02  -6.355055846805E-02   7.638505330855E-03
   3.787015658014E-02  -4.792985258405E-02   4.792985258405E-02  -6.198557138535E-02   7.395732503747E-03
   3.693702458391E-02  -4.674780591524E-02   4.674780591524E-02  -6.044984891898E-02   7.159955817569E-03
   3.602270457848E-02  -4.558886347656E-02   4.558886347656E-02  -5.894310735964E-02   6.931003657155E-03
   3.512694870633E-02  -4.445276002327E-02   4.445276002327E-02  -5.746505786512E-02   6.708707727374E-03
   3.424950860566E-02  -4.333922785400E-02   4.333922785400E-02  -5.601540678327E-02   6.492903013509E-03
   3.339013554367E-02  -4.224799702870E-02   4.224799702870E-02  -5.459385596774E-02   6.283427741524E-03
   3.254858054597E-02  -4.117879558097E-02   4.117879558097E-02  -5.320010308613E-02   6.080123337888E-03
   3.172459452312E-02  -4.013134972542E-02   4.013134972542E-02  -5.183384192070E-02   5.882834389335E-03
   3.091792839354E-02  -3.910538405961E-02   3.910538405961E-02  -5.049476266194E-02   5.691408602360E-03
   3.012833320329E-02  -3.810062176079E-02   3.810062176079E-02  -4.918255219443E-02   5.505696762578E-03
   2.935556024252E-02  -3.711678477757E-02   3.711678477757E-02  -4.789689437585E-02   5.325552693999E-03
   2.859936115838E-02  -3.615359401614E-02   3.615359401614E-02  -4.663747030840E-02   5.150833218095E-03
   2.785948806503E-02  -3.521076952161E-02   3.521076952161E-02  -4.540395860319E-02   4.981398112928E-03
   2.713569364990E-02  -3.428803065404E-02   3.428803065403E-02  -4.419603563743E-02   4.817110072079E-03
   2.642773127710E-02  -3.338509625956E-02   3.338509625956E-02  -4.301337580471E-02   4.657834663703E-03
   2.573535508728E-02  -3.250168483632E-02   3.250168483632E-02  -4.185565175800E-02   4.503440289459E-03
   2.505832009443E-02  -3.163751469550E-02   3.163751469550E-02  -4.072253464593E-02   4.353798143541E-03
   2.439638227930E-02  -3.079230411739E-02   3.079230411739E-02  -3.961369434216E-02   4.208782171693E-03
   2.374929867997E-02  -2.996577150261E-02   2.996577150261E-02  -3.852879966779E-02   4.068269030372E-03
   2.311682747867E-02  -2.915763551826E-02   2.915763551826E-02  -3.746751860730E-02   3.932138045843E-03
   2.249872808614E-02  -2.836761523965E-02   2.836761523965E-02  -3.642951851763E-02   3.800271173578E-03
   2.189476122253E-02  -2.759543028701E-02   2.759543028701E-02  -3.541446633084E-02   3.672552957635E-03
   2.130468899517E-02  -2.684080095761E-02   2.684080095761E-02  -3.442202875021E-02   3.548870490217E-03
   2.072827497342E-02  -2.610344835317E-02   2.610344835317E-02  -3.345187243992E-02   3.429113371364E-03
   2.016528426081E-02  -2.538309450299E-02   2.538309450299E-02  -3.250366420853E-02   3.313173668936E-03
   1.961548356351E-02  -2.467946248217E-02   2.467946248217E-02  -3.157707118618E-02   3.200945878591E-03
   1.907864125675E-02  -2.399227652582E-02   2.399227652582E-02  -3.067176099561E-02   3.092326884178E-03
   1.855452744767E-02  -2.332126213858E-02   2.332126213858E-02  -2.978740191728E-02   2.987215918200E-03
   1.804291403563E-02  -2.266614620000E-02   2.266614620000E-02  -2.892366304837E-02   2.885514522562E-03
   1.754357476974E-02  -2.202665706566E-02   2.202665706566E-02  -2.808021445609E-02   2.787126509587E-03
   1.705628530367E-02  -2.140252466415E-02   2.140252466415E-02  -2.725672732519E-02   2.691957923303E-03
   1.658082324741E-02  -2.079348058986E-02   2.079348058986E-02  -2.645287409975E-02   2.599917000898E-03
   1.611696821701E-02  -2.019925819197E-02   2.019925819197E-02  -2.566832861957E-02   2.510914134649E-03
   1.566450188103E-02  -1.961959265922E-02   1.961959265922E-02  -2.490276625093E-02   2.424861833950E-03
   1.522320800485E-02  -1.905422110097E-02   1.905422110097E-02  -2.415586401210E-02   2.341674687761E-03
   1.479287249233E-02  -1.850288262444E-02   1.850288262444E-02  -2.342730069359E-02   2.261269327350E-03
   1.437328342506E-02  -1.796531840824E-02   1.796531840824E-02  -2.271675697318E-02   2.183564389372E-03
   1.396423109901E-02  -1.744127177217E-02   1.744127177217E-02  -2.202391552606E-02   2.108480479227E-03
   1.356550805905E-02  -1.693048824346E-02   1.693048824346E-02  -2.134846112973E-02   2.035940134825E-03
   1.317690913102E-02  -1.643271561962E-02   1.643271561962E-02  -2.069008076439E-02   1.965867790669E-03
   1.279823145142E-02  -1.594770402764E-02   1.594770402764E-02  -2.004846370826E-02   1.898189742281E-03
   1.242927449511E-02  -1.547520598007E-02   1.547520598007E-02  -1.942330162853E-02   1.832834111022E-03
   1.206984010072E-02  -1.501497642768E-02   1.501497642768E-02  -1.881428866756E-02   1.769730809285E-03
   1.171973249387E-02  -1.456677280893E-02   1.456677280893E-02  -1.822112152476E-02   1.708811506016E-03
   1.137875830841E-02  -1.413035509635E-02   1.413035509635E-02  -1.764349953407E-02   1.650009592654E-03
   1.104672660560E-02  -1.370548583977E-02   1.370548583977E-02  -1.708112473711E-02   1.593260149460E-03
   1.072344889135E-02  -1.329193020674E-02   1.329193020674E-02  -1.653370195244E-02   1.538499912203E-03
   1.040873913152E-02  -1.288945601990E-02   1.288945601990E-02  -1.600093884051E-02   1.485667239284E-03
   1.010241376527E-02  -1.249783379144E-02   1.249783379144E-02  -1.548254596474E-02   1.434702079207E-03
   9.804291716823E-03  -1.211683675512E-02   1.211683675512E-02  -1.497823684884E-02   1.385545938513E-03
   9.514194405069E-03  -1.174624089519E-02   1.174624089519E-02  -1.448772803036E-02   1.338141850031E-03
   9.231945751871E-03  -1.138582497300E-02   1.138582497300E-02  -1.401073911036E-02   1.292434341630E-03
   8.957372188419E-03  -1.103537055092E-02   1.103537055092E-02  -1.354699279989E-02   1.248369405330E-03
   8.690302659978E-03  -1.069466201383E-02   1.069466201383E-02  -1.309621496273E-02   1.205894466789E-03
   8.430568629281E-03  -1.036348658822E-02   1.036348658822E-02  -1.265813465490E-02   1.164958355296E-03
   8.178004078088E-03  -1.004163435890E-02   1.004163435890E-02  -1.223248416080E-02   1.125511274094E-03
   7.932445507512E-03  -9.728898283482E-03   9.728898283482E-03  -1.181899902617E-02   1.087504771150E-03
   7.693731936708E-03  -9.425074204665E-03   9.425074204665E-03  -1.141741808818E-02   1.050891710320E-03
   7.461704900445E-03  -9.129960860424E-03   9.129960860424E-03  -1.102748350210E-02   1.015626242993E-03
   7.236208444985E-03  -8.843359891994E-03   8.843359891994E-03  -1.064894076542E-02   9.816637800352E-04
   7.017089123050E-03  -8.565075850127E-03   8.565075850127E-03  -1.028153873911E-02   9.489609642771E-04
   6.804195987217E-03  -8.294916199079E-03   8.294916199079E-03  -9.925029665801E-03   9.174756433234E-04
   6.597380582311E-03  -8.032691319044E-03   8.032691319044E-03  -9.579169185854E-03   8.871668428174E-04
   6.396496936589E-03  -7.778214506546E-03   7.778214506546E-03  -9.243716350293E-03   8.579947401120E-04
   6.201401551669E-03  -7.531301973189E-03   7.531301973189E-03  -8.918433631729E-03   8.299206383324E-04
   6.011953391770E-03  -7.291772842873E-03   7.291772842873E-03  -8.603086932649E-03   8.029069409219E-04
   5.828013871355E-03  -7.059449146974E-03   7.059449146974E-03  -8.297445591253E-03   7.769171264740E-04
   5.649446842329E-03  -6.834155818494E-03   6.834155818494E-03  -8.001282385468E-03   7.519157241004E-04
   5.476118579977E-03  -6.615720684305E-03   6.615720684304E-03  -7.714373534339E-03   7.278682891267E-04
   5.307897768038E-03  -6.403974456107E-03   6.403974456107E-03  -7.436498697618E-03   7.047413792106E-04
   5.144655482987E-03  -6.198750719973E-03   6.198750719973E-03  -7.167440973165E-03   6.825025308682E-04
   4.986265177473E-03  -5.999885924657E-03   5.999885924657E-03  -6.906986892686E-03   6.611202364143E-04
   4.832602662904E-03  -5.807219368423E-03   5.807219368423E-03  -6.654926415186E-03   6.405639212630E-04
   4.683546091317E-03  -5.620593184821E-03   5.620593184821E-03  -6.411052918998E-03   6.208039216526E-04
   4.538975936544E-03  -5.439852327239E-03   5.439852327239E-03  -6.175163191940E-03   6.018114627492E-04
   4.398774974705E-03  -5.264844552316E-03   5.264844552316E-03  -5.947057419750E-03   5.835586371553E-04
   4.262828264028E-03  -5.095420402330E-03   5.095420402330E-03  -5.726539173111E-03   5.660183837826E-04
   4.131023124000E-03  -4.931433186447E-03   4.931433186447E-03  -5.513415392901E-03   5.491644671107E-04
   4.003249114186E-03  -4.772738961259E-03   4.772738961259E-03  -5.307496374322E-03   5.329714568713E-04
   3.879398012086E-03  -4.619196510008E-03   4.619196510008E-03  -5.108595749248E-03   5.174147080066E-04
   3.759363790940E-03  -4.470667321336E-03   4.470667321336E-03  -4.916530467582E-03   5.024703411268E-04
   3.643042596744E-03  -4.327015566925E-03   4.327015566925E-03  -4.731120777103E-03   4.881152232480E-04
   3.530332724877E-03  -4.188108078442E-03   4.188108078442E-03  -4.552190202267E-03   4.743269489136E-04
   3.421134596393E-03  -4.053814323710E-03   4.053814323710E-03  -4.379565521637E-03   4.610838216956E-04
   3.315350733855E-03  -3.924006382261E-03   3.924006382261E-03  -4.213076744530E-03   4.483648360556E-04
   3.212885736899E-03  -3.798558920158E-03   3.798558920158E-03  -4.052557086326E-03   4.361496595516E-04
   3.113646257251E-03  -3.677349164130E-03   3.677349164130E-03  -3.897842942958E-03   4.244186153668E-04
   3.017540973651E-03  -3.560256875186E-03   3.560256875186E-03  -3.748773864276E-03   4.131526652286E-04
   2.924480566529E-03  -3.447164321837E-03   3.447164321837E-03  -3.605192526888E-03   4.023333926878E-04
   2.834377692112E-03  -3.337956252447E-03   3.337956252447E-03  -3.466944705712E-03   3.919429866344E-04
   2.747146956718E-03  -3.232519867491E-03   3.232519867491E-03  -3.333879245096E-03   3.819642252758E-04
   2.662704890503E-03  -3.130744791092E-03   3.130744791092E-03  -3.205848028965E-03   3.723804603554E-04
   2.580969921264E-03  -3.032523042363E-03   3.032523042363E-03  -3.082705950487E-03   3.631756017420E-04
   2.501862347975E-03  -2.937749006234E-03   2.937749006234E-03  -2.964310880853E-03   3.543341023316E-04
   2.425304314039E-03  -2.846319403896E-03   2.846319403896E-03  -2.850523637597E-03   3.458409432143E-04
   2.351219780911E-03  -2.758133263268E-03   2.758133263268E-03  -2.741207952414E-03   3.376816192946E-04
   2.279534500966E-03  -2.673091888681E-03   2.673091888681E-03  -2.636230438222E-03   3.298421250405E-04
   2.210175990842E-03  -2.591098830744E-03   2.591098830744E-03  -2.535460555981E-03   3.223089406722E-04
   2.143073504437E-03  -2.512059855773E-03   2.512059855773E-03  -2.438770580954E-03   3.150690185938E-04
   2.078158005997E-03  -2.435882915093E-03   2.435882915093E-03  -2.346035568539E-03   3.081097701455E-04
   2.015362143105E-03  -2.362478114164E-03   2.362478114164E-03  -2.257133319857E-03   3.014190526187E-04
   1.954620219683E-03  -2.291757681496E-03   2.291757681496E-03  -2.171944346756E-03   2.949851565717E-04
   1.895868169112E-03  -2.223635937632E-03   2.223635937632E-03  -2.090351836892E-03   2.887967934536E-04
   1.839043527309E-03  -2.158029263869E-03   2.158029263869E-03  -2.012241618160E-03   2.828430834885E-04
   1.784085405721E-03  -2.094856070899E-03   2.094856070899E-03  -1.937502123115E-03   2.771135437896E-04
   1.730934464703E-03  -2.034036767596E-03   2.034036767596E-03  -1.866024353151E-03   2.715980768382E-04
   1.679532886637E-03  -1.975493729540E-03   1.975493729540E-03  -1.797701842457E-03   2.662869591397E-04
   1.629824349456E-03  -1.919151267772E-03   1.919151267772E-03  -1.732430621891E-03   2.611708302170E-04
   1.581753999930E-03  -1.864935597317E-03   1.864935597317E-03  -1.670109182685E-03   2.562406817717E-04
   1.535268427359E-03  -1.812774805920E-03   1.812774805920E-03  -1.610638440042E-03   2.514878471785E-04
   1.490315637361E-03  -1.762598822867E-03   1.762598822867E-03  -1.553921696806E-03   2.469039912229E-04
   1.446845025619E-03  -1.714339387708E-03   1.714339387708E-03  -1.499864606939E-03   2.424811000171E-04
   1.404807351908E-03  -1.667930019139E-03   1.667930019139E-03  -1.448375138990E-03   2.382114712129E-04
   1.364154714395E-03  -1.623305984126E-03   1.623305984126E-03  -1.399363539714E-03   2.340877044603E-04
   1.324840523861E-03  -1.580404266933E-03   1.580404266933E-03  -1.352742297599E-03   2.301026920431E-04
   1.286819478398E-03  -1.539163538484E-03   1.539163538484E-03  -1.308426106484E-03   2.262496098179E-04
   1.250047537963E-03  -1.499524125652E-03   1.499524125652E-03  -1.266331829177E-03   2.225219082777E-04
   1.214481899465E-03  -1.461427980961E-03   1.461427980961E-03  -1.226378461350E-03   2.189133039372E-04
   1.180080971936E-03  -1.424818652359E-03   1.424818652359E-03  -1.188487095392E-03   2.154177708949E-04
   1.146804351784E-03  -1.389641253066E-03   1.389641253066E-03  -1.152580884386E-03   2.120295325640E-04
   1.114612798435E-03  -1.355842431761E-03   1.355842431761E-03  -1.118585006276E-03   2.087430536621E-04
   1.083468210289E-03  -1.323370343064E-03   1.323370343064E-03  -1.086426628323E-03   2.055530324249E-04
   1.053333600603E-03  -1.292174617968E-03   1.292174617968E-03  -1.056034871476E-03   2.024543929390E-04
   1.024173074020E-03  -1.262206334831E-03   1.262206334831E-03  -1.027340775221E-03   1.994422777683E-04
   9.959518029080E-04  -1.233417990251E-03   1.233417990251E-03  -1.000277262333E-03   1.965120406664E-04
   9.686360043866E-04  -1.205763470573E-03   1.205763470573E-03  -9.747791041961E-04   1.936592395836E-04
   9.421929173645E-04  -1.179198023408E-03   1.179198023408E-03  -9.507828861157E-04   1.908796298031E-04
   9.165907798933E-04  -1.153678229491E-03   1.153678229491E-03  -9.282269729323E-04   1.881691572542E-04
   8.917988067088E-04  -1.129161974752E-03   1.129161974752E-03  -9.070514749368E-04   1.855239519964E-04
   8.677871673402E-04  -1.105608422877E-03   1.105608422877E-03  -8.871982140575E-04   1.829403219486E-04
   8.445269641193E-04  -1.082977987902E-03   1.082977987902E-03  -8.686106903048E-04   1.804147466925E-04
   8.219902107573E-04  -1.061232307279E-03   1.061232307279E-03  -8.512340485001E-04   1.779438715134E-04
   8.001498110292E-04  -1.040334215152E-03   1.040334215152E-03  -8.350150453424E-04   1.755245015514E-04
   7.789795378252E-04  -1.020247715968E-03   1.020247715968E-03  -8.199020167280E-04   1.731535961564E-04
   7.584540125858E-04  -1.000937958508E-03   1.000937958508E-03  -8.058448455213E-04   1.708282634019E-04
   7.385486848243E-04  -9.823712100351E-04   9.823712100351E-04  -7.927949294727E-04   1.685457547043E-04
   7.192398120148E-04  -9.645148308593E-04   9.645148308593E-04  -7.807051495716E-04   1.663034596167E-04
   7.005044399155E-04  -9.473372493113E-04   9.473372493113E-04  -7.695298387681E-04   1.640989007994E-04
   6.823203830875E-04  -9.308079369779E-04   9.308079369779E-04  -7.592247510069E-04   1.619297291118E-04
   6.646662055410E-04  -9.148973841393E-04   9.148973841393E-04  -7.497470305539E-04   1.597937187998E-04
   6.475212021004E-04  -8.995770758451E-04   8.995770758451E-04  -7.410551818063E-04   1.576887629242E-04
   6.308653795364E-04  -8.848194679513E-04   8.848194679513E-04  -7.331090393279E-04   1.556128687909E-04
   6.146794385150E-04  -8.705979638649E-04   8.705979638649E-04  -7.258697384068E-04   1.535641536487E-04
   5.989447555012E-04  -8.568868913800E-04   8.568868913800E-04  -7.192996858516E-04   1.515408404194E-04
   5.836433650843E-04  -8.436614799487E-04   8.436614799487E-04  -7.133625312401E-04   1.495412535836E-04
   5.687579424963E-04  -8.308978381916E-04   8.308978381916E-04  -7.080231384379E-04   1.475638151716E-04
   5.542717867337E-04  -8.185729320343E-04   8.185729320343E-04  -7.032475577297E-04   1.456070409416E-04
   5.401688036155E-04  -8.066645628654E-04   8.066645628654E-04  -6.990029981058E-04   1.436695365896E-04
   5.264334892515E-04  -7.951513461391E-04   7.951513461391E-04  -6.952577999703E-04   1.417499940952E-04
   5.130509140075E-04  -7.840126904916E-04   7.840126904916E-04  -6.919814083845E-04   1.398471882326E-04
   5.000067064114E-04  -7.732287769162E-04   7.732287769162E-04  -6.891443465202E-04   1.379599731032E-04
   4.872870377382E-04  -7.627805385880E-04   7.627805385880E-04  -6.867181896626E-04   1.360872788696E-04
   4.748786065621E-04  -7.526496407665E-04   7.526496407665E-04  -6.846755394509E-04   1.342281085106E-04
   4.627686237842E-04  -7.428184612180E-04   7.428184612180E-04  -6.829899986537E-04   1.323815347176E-04
   4.509447978385E-04  -7.332700708430E-04   7.332700708430E-04  -6.816361461846E-04   1.305466968740E-04
   4.393953203894E-04  -7.239882148633E-04   7.239882148633E-04  -6.805895127287E-04   1.287227981757E-04
   4.281088520558E-04  -7.149572941077E-04   7.149572941077E-04  -6.798265565387E-04   1.269091027776E-04
   4.170745084939E-04  -7.061623466952E-04   7.061623466952E-04  -6.793246397041E-04   1.251049330498E-04
   4.062818469748E-04  -6.975890302560E-04   6.975890302560E-04  -6.790620049173E-04   1.233096669840E-04
   3.957208528587E-04  -6.892236041433E-04   6.892236041433E-04  -6.790177524180E-04   1.215227355877E-04
   3.853819267442E-04  -6.810529123337E-04   6.810529123337E-04  -6.791718175644E-04   1.197436204543E-04
   3.752558716084E-04  -6.730643664084E-04   6.730643664084E-04  -6.795049486230E-04   1.179718513603E-04
   3.653338803056E-04  -6.652459289370E-04   6.652459289370E-04  -6.799986849726E-04   1.162070039472E-04
   3.556075233205E-04  -6.575860971888E-04   6.575860971888E-04  -6.806353357399E-04   1.144486974915E-04
   3.460687369479E-04  -6.500738872775E-04   6.500738872775E-04  -6.813979588397E-04   1.126965927893E-04
   3.367098114807E-04  -6.426988184470E-04   6.426988184470E-04  -6.822703403278E-04   1.109503900421E-04
   3.275233797044E-04  -6.354508976903E-04   6.354508976903E-04  -6.832369740916E-04   1.092098268360E-04
   3.185024059486E-04  -6.283206049341E-04   6.283206049340E-04  -6.842830421192E-04   1.074746762581E-04
   3.096401749299E-04  -6.212988781741E-04   6.212988781741E-04  -6.853943948916E-04   1.057447449765E-04
   3.009302812075E-04  -6.143770991833E-04   6.143770991833E-04  -6.865575323034E-04   1.040198714670E-04
   2.923666187808E-04  -6.075470794899E-04   6.075470794899E-04  -6.877595849776E-04   1.022999242793E-04
   2.839433708120E-04  -6.008010464996E-04   6.008010464996E-04  -6.889882957641E-04   1.005848003411E-04
   2.756549997160E-04  -5.941316300683E-04   5.941316300683E-04  -6.902320017642E-04   9.887442334758E-05
   2.674962375397E-04  -5.875318494008E-04   5.875318494008E-04  -6.914796167199E-04   9.716874223202E-05
   2.594620764744E-04  -5.809951001504E-04   5.809951001504E-04  -6.927206136706E-04   9.546772966394E-05
   2.515477595304E-04  -5.745151417474E-04   5.745151417474E-04  -6.939450079469E-04   9.377138057740E-05
   2.437487716286E-04  -5.680860852021E-04   5.680860852021E-04  -6.951433406425E-04   9.207971081825E-05
   2.360608308332E-04  -5.617023810706E-04   5.617023810706E-04  -6.963066623183E-04   9.039275580856E-05
   2.284798797229E-04  -5.553588076762E-04   5.553588076762E-04  -6.974265170793E-04   8.871056925274E-05
   2.210020771396E-04  -5.490504597169E-04   5.490504597169E-04  -6.984949270323E-04   8.703322192008E-05
   2.136237900242E-04  -5.427727370381E-04   5.427727370381E-04  -6.995043770128E-04   8.536080045841E-05
   2.063415854860E-04  -5.365213336910E-04   5.365213336910E-04  -7.004477996450E-04   8.369340624815E-05
   1.991522231358E-04  -5.302922273199E-04   5.302922273199E-04  -7.013185608041E-04   8.203115432335E-05
   1.920526476246E-04  -5.240816687789E-04   5.240816687789E-04  -7.021104453427E-04   8.037417233667E-05
   1.850399813062E-04  -5.178861719770E-04   5.178861719770E-04  -7.028176431433E-04   7.872259954427E-05
   1.781115171065E-04  -5.117025039484E-04   5.117025039484E-04  -7.034347354438E-04   7.707658583239E-05
   1.712647116999E-04  -5.055276752858E-04   5.055276752858E-04  -7.039566815675E-04   7.543629082354E-05
   1.644971787955E-04  -4.993589307663E-04   4.993589307663E-04  -7.043788059354E-04   7.380188298756E-05
   1.578066825205E-04  -4.931937400877E-04   4.931937400877E-04  -7.046967852426E-04   7.217353878284E-05
   1.511911312436E-04  -4.870297891359E-04   4.870297891359E-04  -7.049066362093E-04   7.055144187859E-05
   1.446485712667E-04  -4.808649711400E-04   4.808649711400E-04  -7.050047032985E-04   6.893578235861E-05
   1.381771809308E-04  -4.746973783287E-04   4.746973783287E-04  -7.049876469916E-04   6.732675599288E-05
   1.317752647880E-04  -4.685252936689E-04   4.685252936689E-04  -7.048524322018E-04   6.572456354037E-05
   1.254412480063E-04  -4.623471829124E-04   4.623471829124E-04  -7.045963170466E-04   6.412941008129E-05
   1.191736708717E-04  -4.561616867757E-04   4.561616867757E-04  -7.042168418213E-04   6.254150437226E-05
   1.129711834665E-04  -4.499676133709E-04   4.499676133709E-04  -7.037118183047E-04   6.096105822687E-05
   1.068325405754E-04  -4.437639308827E-04   4.437639308827E-04  -7.030793193211E-04   5.938828595364E-05
   1.007565967277E-04  -4.375497604316E-04   4.375497604316E-04  -7.023176685547E-04   5.782340380717E-05
   9.474230127809E-05  -4.313243690706E-04   4.313243690706E-04  -7.014254306212E-04   5.626662944305E-05
   8.878869383556E-05  -4.250871631130E-04   4.250871631130E-04  -7.004014014238E-04   5.471818144155E-05
   8.289489968707E-05  -4.188376815426E-04   4.188376815426E-04  -6.992445987191E-04   5.317827882911E-05
   7.706012540849E-05  -4.125755896597E-04   4.125755896597E-04  -6.979542529638E-04   5.164714062218E-05
   7.128365464790E-05  -4.063006729144E-04   4.063006729144E-04  -6.965297983687E-04   5.012498541658E-05
   6.556484403461E-05  -4.000128309469E-04   4.000128309469E-04  -6.949708642628E-04   4.861203098410E-05
   5.990311921773E-05  -3.937120717712E-04   3.937120717713E-04  -6.932772666021E-04   4.710849389881E-05
   5.429797098700E-05  -3.873985061168E-04   3.873985061168E-04  -6.914489997473E-04   4.561458916373E-05
   4.874895161213E-05  -3.810723420013E-04   3.810723420013E-04  -6.894862284790E-04   4.413052988584E-05
   4.325567129222E-05  -3.747338794808E-04   3.747338794808E-04  -6.873892802521E-04   4.265652697109E-05
   3.781779468251E-05  -3.683835054991E-04   3.683835054991E-04  -6.851586376176E-04   4.119278881425E-05
   3.243503752006E-05  -3.620216888995E-04   3.620216888994E-04  -6.827949308528E-04   3.973952101316E-05
   2.710716351236E-05  -3.556489757258E-04   3.556489757258E-04  -6.802989309027E-04   3.829692613329E-05
