500
   9.830308526508E-06   1.966074589941E-05   1.605199412056E-05   1.632908272067E+00  -4.176083040866E-02
   3.932200719717E-05   3.932303800261E-05   6.420921448381E-05   1.632907020895E+00  -4.308822372737E-02
   8.847741541455E-05   5.898842277178E-05   1.444753727302E-04   1.632904848516E+00  -4.529978373438E-02
   1.573003992804E-04   7.865844718600E-05   2.568566470472E-04   1.632901624348E+00  -4.839436745316E-02
   2.457963722417E-04   9.833465899987E-05   4.013616703518E-04   1.632897165685E+00  -5.237037533606E-02
   3.539722959954E-04   1.180186070023E-04   5.780015137526E-04   1.632891237806E+00  -5.722575188374E-02
   4.818366816528E-04   1.377118412759E-04   7.867896652949E-04   1.632883554117E+00  -6.295798644170E-02
   6.293995911626E-04   1.574159134560E-04   1.027742003998E-03   1.632873776323E+00  -6.956411417380E-02
   7.966726389934E-04   1.771323769912E-04   1.300876769195E-03   1.632861514628E+00  -7.704071721270E-02
   9.836689940782E-04   1.968627874036E-04   1.606214525176E-03   1.632846327974E+00  -8.538392598757E-02
   1.190403382016E-03   2.166087025496E-04   1.943778121163E-03   1.632827724302E+00  -9.458942072857E-02
   1.416892087541E-03   2.363716828821E-04   2.313592646619E-03   1.632805160851E+00  -1.046524331486E-01
   1.663152957245E-03   2.561532917128E-04   2.715685381900E-03   1.632778044485E+00  -1.155677483020E-01
   1.929205402573E-03   2.759550954757E-04   3.150085744292E-03   1.632745732050E+00  -1.273297066205E-01
   2.215070403074E-03   2.957786639908E-04   3.616825229418E-03   1.632707530765E+00  -1.399322061262E-01
   2.520770509919E-03   3.156255707300E-04   4.115937348068E-03   1.632662698642E+00  -1.533687048213E-01
   2.846329849692E-03   3.354973930828E-04   4.647457558449E-03   1.632610444935E+00  -1.676322232555E-01
   3.191774128432E-03   3.553957126240E-04   5.211423193893E-03   1.632549930625E+00  -1.827153472705E-01
   3.557130635959E-03   3.753221153821E-04   5.807873386045E-03   1.632480268932E+00  -1.986102309211E-01
   3.942428250463E-03   3.952781921092E-04   6.436848983559E-03   1.632400525854E+00  -2.153085995736E-01
   4.347697443358E-03   4.152655385525E-04   7.098392466324E-03   1.632309720747E+00  -2.328017531817E-01
   4.772970284417E-03   4.352857557265E-04   7.792547855268E-03   1.632206826923E+00  -2.510805697393E-01
   5.218280447175E-03   4.553404501876E-04   8.519360617751E-03   1.632090772289E+00  -2.701355089097E-01
   5.683663214611E-03   4.754312343099E-04   9.278877568606E-03   1.631960440007E+00  -2.899566158330E-01
   6.169155485101E-03   4.955597265624E-04   1.007114676684E-02   1.631814669194E+00  -3.105335251093E-01
   6.674795778653E-03   5.157275517886E-04   1.089621740806E-02   1.631652255641E+00  -3.318554649599E-01
   7.200624243425E-03   5.359363414876E-04   1.175413971264E-02   1.631471952571E+00  -3.539112615643E-01
   7.746682662519E-03   5.561877340970E-04   1.264496480967E-02   1.631272471423E+00  -3.766893435747E-01
   8.313014461060E-03   5.764833752781E-04   1.356874461680E-02   1.631052482664E+00  -4.001777468070E-01
   8.899664713569E-03   5.968249182030E-04   1.452553171589E-02   1.630810616631E+00  -4.243641191083E-01
   9.506680151615E-03   6.172140238444E-04   1.551537922466E-02   1.630545464410E+00  -4.492357254007E-01
   1.013410917176E-02   6.376523612666E-04   1.653834066433E-02   1.630255578728E+00  -4.747794529011E-01
   1.078200184380E-02   6.581416079202E-04   1.759446982322E-02   1.629939474891E+00  -5.009818165185E-01
   1.145040991929E-02   6.786834499385E-04   1.868382061657E-02   1.629595631739E+00  -5.278289644247E-01
   1.213938684040E-02   6.992795824361E-04   1.980644694241E-02   1.629222492634E+00  -5.553066838035E-01
   1.284898774901E-02   7.199317098113E-04   2.096240253371E-02   1.628818466481E+00  -5.834004067728E-01
   1.357926949620E-02   7.406415460502E-04   2.215174080676E-02   1.628381928761E+00  -6.120952164836E-01
   1.433029065191E-02   7.614108150341E-04   2.337451470598E-02   1.627911222617E+00  -6.413758533928E-01
   1.510211151509E-02   7.822412508494E-04   2.463077654504E-02   1.627404659941E+00  -6.712267217110E-01
   1.589479412397E-02   8.031345981016E-04   2.592057784453E-02   1.626860522509E+00  -7.016318960242E-01
   1.670840226680E-02   8.240926122311E-04   2.724396916616E-02   1.626277063133E+00  -7.325751280890E-01
   1.754300149280E-02   8.451170598329E-04   2.860099994362E-02   1.625652506839E+00  -7.640398538016E-01
   1.839865912351E-02   8.662097189796E-04   2.999171831014E-02   1.624985052080E+00  -7.960092003388E-01
   1.927544426443E-02   8.873723795480E-04   3.141617092281E-02   1.624272871966E+00  -8.284659934716E-01
   2.017342781695E-02   9.086068435487E-04   3.287440278384E-02   1.623514115524E+00  -8.613927650508E-01
   2.109268249069E-02   9.299149254598E-04   3.436645705874E-02   1.622706908984E+00  -8.947717606623E-01
   2.203328281612E-02   9.512984525641E-04   3.589237489157E-02   1.621849357094E+00  -9.285849474541E-01
   2.299530515754E-02   9.727592652906E-04   3.745219521735E-02   1.620939544446E+00  -9.628140221322E-01
   2.397882772639E-02   9.942992175591E-04   3.904595457166E-02   1.619975536846E+00  -9.974404191249E-01
   2.498393059493E-02   1.015920177130E-03   4.067368689770E-02   1.618955382695E+00  -1.032445318916E+00
   2.601069571024E-02   1.037624025957E-03   4.233542335065E-02   1.617877114394E+00  -1.067809656543E+00
   2.705920690860E-02   1.059412660547E-03   4.403119209968E-02   1.616738749782E+00  -1.103514130264E+00
   2.812954993023E-02   1.081287992318E-03   4.576101812764E-02   1.615538293584E+00  -1.139539210389E+00
   2.922181243436E-02   1.103251947969E-03   4.752492302838E-02   1.614273738893E+00  -1.175865148270E+00
   3.033608401473E-02   1.125306469854E-03   4.932292480215E-02   1.612943068668E+00  -1.212471985464E+00
   3.147245621542E-02   1.147453516351E-03   5.115503764885E-02   1.611544257253E+00  -1.249339563044E+00
   3.263102254705E-02   1.169695062249E-03   5.302127175951E-02   1.610075271919E+00  -1.286447531084E+00
   3.381187850339E-02   1.192033099133E-03   5.492163310595E-02   1.608534074429E+00  -1.323775358292E+00
   3.501512157837E-02   1.214469635775E-03   5.685612322888E-02   1.606918622616E+00  -1.361302341803E+00
   3.624085128345E-02   1.237006698530E-03   5.882473902448E-02   1.605226871986E+00  -1.399007617131E+00
   3.748916916538E-02   1.259646331739E-03   6.082747252969E-02   1.603456777341E+00  -1.436870168271E+00
   3.876017882444E-02   1.282390598136E-03   6.286431070620E-02   1.601606294411E+00  -1.474868837951E+00
   4.005398593302E-02   1.305241579266E-03   6.493523522344E-02   1.599673381516E+00  -1.512982338040E+00
   4.137069825459E-02   1.328201375897E-03   6.704022224067E-02   1.597656001237E+00  -1.551189260101E+00
   4.271042566323E-02   1.351272108452E-03   6.917924218827E-02   1.595552122102E+00  -1.589468086085E+00
   4.407328016341E-02   1.374455917436E-03   7.135225954842E-02   1.593359720294E+00  -1.627797199178E+00
   4.545937591035E-02   1.397754963880E-03   7.355923263535E-02   1.591076781370E+00  -1.666154894782E+00
   4.686882923075E-02   1.421171429779E-03   7.580011337530E-02   1.588701301990E+00  -1.704519391639E+00
   4.830175864396E-02   1.444707518548E-03   7.807484708636E-02   1.586231291670E+00  -1.742868843087E+00
   4.975828488365E-02   1.468365455478E-03   8.038337225833E-02   1.583664774534E+00  -1.781181348453E+00
   5.123853091993E-02   1.492147488203E-03   8.272562033289E-02   1.580999791090E+00  -1.819434964577E+00
   5.274262198188E-02   1.516055887169E-03   8.510151548407E-02   1.578234400005E+00  -1.857607717461E+00
   5.427068558066E-02   1.540092946119E-03   8.751097439939E-02   1.575366679903E+00  -1.895677614043E+00
   5.582285153302E-02   1.564260982573E-03   8.995390606171E-02   1.572394731160E+00  -1.933622654095E+00
   5.739925198530E-02   1.588562338332E-03   9.243021153212E-02   1.569316677711E+00  -1.971420842237E+00
   5.900002143803E-02   1.612999379973E-03   9.493978373393E-02   1.566130668869E+00  -2.009050200063E+00
   6.062529677088E-02   1.637574499364E-03   9.748250723801E-02   1.562834881142E+00  -2.046488778384E+00
   6.227521726827E-02   1.662290114181E-03   1.000582580498E-01   1.559427520059E+00  -2.083714669567E+00
   6.394992464542E-02   1.687148668440E-03   1.026669033978E-01   1.555906822002E+00  -2.120706019993E+00
   6.564956307496E-02   1.712152633027E-03   1.053083015247E-01   1.552271056036E+00  -2.157441042595E+00
   6.737427921404E-02   1.737304506249E-03   1.079823014797E-01   1.548518525742E+00  -2.193898029504E+00
   6.912422223211E-02   1.762606814387E-03   1.106887429141E-01   1.544647571057E+00  -2.230055364778E+00
   7.089954383907E-02   1.788062112257E-03   1.134274558792E-01   1.540656570098E+00  -2.265891537216E+00
   7.270039831418E-02   1.813672983787E-03   1.161982606272E-01   1.536543941005E+00  -2.301385153256E+00
   7.452694253540E-02   1.839442042599E-03   1.190009674146E-01   1.532308143761E+00  -2.336514949945E+00
   7.637933600943E-02   1.865371932600E-03   1.218353763100E-01   1.527947682020E+00  -2.371259807975E+00
   7.825774090225E-02   1.891465328589E-03   1.247012770044E-01   1.523461104923E+00  -2.405598764789E+00
   8.016232207035E-02   1.917724936867E-03   1.275984486261E-01   1.518847008915E+00  -2.439511027744E+00
   8.209324709253E-02   1.944153495867E-03   1.305266595591E-01   1.514104039538E+00  -2.472975987322E+00
   8.405068630235E-02   1.970753776782E-03   1.334856672658E-01   1.509230893234E+00  -2.505973230393E+00
   8.603481282122E-02   1.997528584221E-03   1.364752181151E-01   1.504226319117E+00  -2.538482553514E+00
   8.804580259214E-02   2.024480756857E-03   1.394950472139E-01   1.499089120748E+00  -2.570483976263E+00
   9.008383441408E-02   2.051613168108E-03   1.425448782449E-01   1.493818157886E+00  -2.601957754599E+00
   9.214908997710E-02   2.078928726810E-03   1.456244233088E-01   1.488412348224E+00  -2.632884394245E+00
   9.424175389809E-02   2.106430377918E-03   1.487333827730E-01   1.482870669113E+00  -2.663244664076E+00
   9.636201375725E-02   2.134121103210E-03   1.518714451251E-01   1.477192159259E+00  -2.693019609518E+00
   9.851006013526E-02   2.162003922007E-03   1.550382868334E-01   1.471375920406E+00  -2.722190565946E+00
   1.006860866512E-01   2.190081891910E-03   1.582335722132E-01   1.465421118991E+00  -2.750739172063E+00
   1.028902900012E-01   2.218358109541E-03   1.614569532998E-01   1.459326987776E+00  -2.778647383269E+00
   1.051228699979E-01   2.246835711311E-03   1.647080697292E-01   1.453092827458E+00  -2.805897485000E+00
   1.073840296104E-01   2.275517874190E-03   1.679865486246E-01   1.446718008243E+00  -2.832472106026E+00
   1.096739750056E-01   2.304407816497E-03   1.712920044914E-01   1.440201971399E+00  -2.858354231715E+00
   1.119929155896E-01   2.333508798707E-03   1.746240391200E-01   1.433544230769E+00  -2.883527217230E+00
   1.143410640503E-01   2.362824124271E-03   1.779822414957E-01   1.426744374257E+00  -2.907974800679E+00
   1.167186364011E-01   2.392357140448E-03   1.813661877179E-01   1.419802065276E+00  -2.931681116171E+00
   1.191258520249E-01   2.422111239159E-03   1.847754409272E-01   1.412717044155E+00  -2.954630706815E+00
   1.215629337189E-01   2.452089857854E-03   1.882095512419E-01   1.405489129513E+00  -2.976808537599E+00
   1.240301077413E-01   2.482296480400E-03   1.916680557028E-01   1.398118219586E+00  -2.998200008188E+00
   1.265276038575E-01   2.512734637975E-03   1.951504782284E-01   1.390604293513E+00  -3.018790965595E+00
   1.290556553882E-01   2.543407909995E-03   1.986563295790E-01   1.382947412576E+00  -3.038567716734E+00
   1.316144992580E-01   2.574319925047E-03   2.021851073312E-01   1.375147721392E+00  -3.057517040829E+00
   1.342043760450E-01   2.605474361847E-03   2.057362958621E-01   1.367205449052E+00  -3.075626201682E+00
   1.368255300316E-01   2.636874950214E-03   2.093093663447E-01   1.359120910214E+00  -3.092882959785E+00
   1.394782092560E-01   2.668525472060E-03   2.129037767533E-01   1.350894506137E+00  -3.109275584247E+00
   1.421626655646E-01   2.700429762411E-03   2.165189718804E-01   1.342526725658E+00  -3.124792864551E+00
   1.448791546661E-01   2.732591710434E-03   2.201543833643E-01   1.334018146115E+00  -3.139424122110E+00
   1.476279361856E-01   2.765015260497E-03   2.238094297293E-01   1.325369434201E+00  -3.153159221614E+00
   1.504092737207E-01   2.797704413242E-03   2.274835164360E-01   1.316581346765E+00  -3.165988582152E+00
   1.532234348983E-01   2.830663226680E-03   2.311760359451E-01   1.307654731536E+00  -3.177903188109E+00
   1.560706914324E-01   2.863895817319E-03   2.348863677924E-01   1.298590527790E+00  -3.188894599803E+00
   1.589513191834E-01   2.897406361298E-03   2.386138786767E-01   1.289389766938E+00  -3.198954963865E+00
   1.618655982178E-01   2.931199095559E-03   2.423579225604E-01   1.280053573045E+00  -3.208077023347E+00
   1.648138128702E-01   2.965278319033E-03   2.461178407825E-01   1.270583163277E+00  -3.216254127533E+00
   1.677962518056E-01   2.999648393860E-03   2.498929621850E-01   1.260979848265E+00  -3.223480241447E+00
   1.708132080832E-01   3.034313746623E-03   2.536826032524E-01   1.251245032396E+00  -3.229749955046E+00
   1.738649792215E-01   3.069278869616E-03   2.574860682648E-01   1.241380214015E+00  -3.235058492074E+00
   1.769518672648E-01   3.104548322136E-03   2.613026494644E-01   1.231386985549E+00  -3.239401718568E+00
   1.800741788507E-01   3.140126731803E-03   2.651316272354E-01   1.221267033540E+00  -3.242776151004E+00
   1.832322252791E-01   3.176018795904E-03   2.689722702984E-01   1.211022138596E+00  -3.245178964057E+00
   1.864263225826E-01   3.212229282769E-03   2.728238359184E-01   1.200654175243E+00  -3.246607997972E+00
   1.896567915983E-01   3.248763033179E-03   2.766855701268E-01   1.190165111687E+00  -3.247061765519E+00
   1.929239580409E-01   3.285624961791E-03   2.805567079579E-01   1.179557009486E+00  -3.246539458525E+00
   1.962281525771E-01   3.322820058613E-03   2.844364736993E-01   1.168832023114E+00  -3.245040953964E+00
   1.995697109023E-01   3.360353390492E-03   2.883240811568E-01   1.157992399433E+00  -3.242566819584E+00
   2.029489738173E-01   3.398230102644E-03   2.922187339333E-01   1.147040477064E+00  -3.239118319064E+00
   2.063662873085E-01   3.436455420218E-03   2.961196257231E-01   1.135978685647E+00  -3.234697416679E+00
   2.098220026275E-01   3.475034649885E-03   3.000259406189E-01   1.124809545002E+00  -3.229306781454E+00
   2.133164763746E-01   3.513973181471E-03   3.039368534345E-01   1.113535664178E+00  -3.222949790802E+00
   2.168500705817E-01   3.553276489620E-03   3.078515300412E-01   1.102159740397E+00  -3.215630533614E+00
   2.204231527988E-01   3.592950135496E-03   3.117691277184E-01   1.090684557879E+00  -3.207353812796E+00
   2.240360961807E-01   3.632999768520E-03   3.156887955182E-01   1.079112986560E+00  -3.198125147238E+00
   2.276892795770E-01   3.673431128145E-03   3.196096746445E-01   1.067447980696E+00  -3.187950773183E+00
   2.313830876220E-01   3.714250045674E-03   3.235308988449E-01   1.055692577343E+00  -3.176837645002E+00
   2.351179108282E-01   3.755462446115E-03   3.274515948175E-01   1.043849894725E+00  -3.164793435343E+00
   2.388941456809E-01   3.797074350078E-03   3.313708826299E-01   1.031923130483E+00  -3.151826534640E+00
   2.427121947345E-01   3.839091875711E-03   3.352878761520E-01   1.019915559799E+00  -3.137946049970E+00
   2.465724667110E-01   3.881521240686E-03   3.392016835016E-01   1.007830533402E+00  -3.123161803249E+00
   2.504753766009E-01   3.924368764227E-03   3.431114075024E-01   9.956714754479E-01  -3.107484328728E+00
   2.544213457654E-01   3.967640869177E-03   3.470161461541E-01   9.834418812778E-01  -3.090924869805E+00
   2.584108020414E-01   4.011344084122E-03   3.509149931150E-01   9.711453150518E-01  -3.073495375108E+00
   2.624441798480E-01   4.055485045557E-03   3.548070381948E-01   9.587854072553E-01  -3.055208493864E+00
   2.665219202956E-01   4.100070500102E-03   3.586913678595E-01   9.463658520813E-01  -3.036077570508E+00
   2.706444712976E-01   4.145107306769E-03   3.625670657459E-01   9.338904046859E-01  -3.016116638546E+00
   2.748122876832E-01   4.190602439283E-03   3.664332131864E-01   9.213628783177E-01  -2.995340413644E+00
   2.790258313137E-01   4.236562988450E-03   3.702888897428E-01   9.087871413206E-01  -2.973764285927E+00
   2.832855712010E-01   4.282996164587E-03   3.741331737491E-01   8.961671140109E-01  -2.951404311491E+00
   2.875919836279E-01   4.329909300005E-03   3.779651428619E-01   8.835067654288E-01  -2.928277203096E+00
   2.919455522717E-01   4.377309851548E-03   3.817838746182E-01   8.708101099642E-01  -2.904400320046E+00
   2.963467683296E-01   4.425205403192E-03   3.855884469998E-01   8.580812038593E-01  -2.879791657237E+00
   3.007961306479E-01   4.473603668706E-03   3.893779390028E-01   8.453241415868E-01  -2.854469833361E+00
   3.052941458522E-01   4.522512494374E-03   3.931514312130E-01   8.325430521077E-01  -2.828454078259E+00
   3.098413284823E-01   4.571939861783E-03   3.969080063839E-01   8.197420950078E-01  -2.801764219423E+00
   3.144382011281E-01   4.621893890671E-03   4.006467500183E-01   8.069254565156E-01  -2.774420667619E+00
   3.190852945695E-01   4.672382841850E-03   4.043667509516E-01   7.940973454047E-01  -2.746444401653E+00
   3.237831479192E-01   4.723415120192E-03   4.080671019364E-01   7.812619887809E-01  -2.717856952238E+00
   3.285323087679E-01   4.774999277691E-03   4.117469002257E-01   7.684236277593E-01  -2.688680384996E+00
   3.333333333333E-01   4.827144016591E-03   4.154052481554E-01   7.555865130313E-01  -2.658937282562E+00
   3.381867866117E-01   4.879858192602E-03   4.190412537242E-01   7.427549003274E-01  -2.628650725800E+00
   3.430932425333E-01   4.933150818173E-03   4.226540311688E-01   7.299330457779E-01  -2.597844274126E+00
   3.480532841203E-01   4.987031065868E-03   4.262427015345E-01   7.171252011760E-01  -2.566541944946E+00
   3.530675036492E-01   5.041508271801E-03   4.298063932384E-01   7.043356091465E-01  -2.534768192196E+00
   3.581365028158E-01   5.096591939172E-03   4.333442426247E-01   6.915684982266E-01  -2.502547883997E+00
   3.632608929041E-01   5.152291741875E-03   4.368553945103E-01   6.788280778612E-01  -2.469906279431E+00
   3.684412949588E-01   5.208617528209E-03   4.403390027192E-01   6.661185333208E-01  -2.436869004428E+00
   3.736783399619E-01   5.265579324662E-03   4.437942306041E-01   6.534440205449E-01  -2.403462026793E+00
   3.789726690123E-01   5.323187339805E-03   4.472202515529E-01   6.408086609186E-01  -2.369711630369E+00
   3.843249335105E-01   5.381451968273E-03   4.506162494799E-01   6.282165359892E-01  -2.335644388338E+00
   3.897357953460E-01   5.440383794842E-03   4.539814192980E-01   6.156716821276E-01  -2.301287135698E+00
   3.952059270903E-01   5.499993598618E-03   4.573149673721E-01   6.031780851439E-01  -2.266666940903E+00
   4.007360121927E-01   5.560292357317E-03   4.606161119503E-01   5.907396748638E-01  -2.231811076702E+00
   4.063267451812E-01   5.621291251662E-03   4.638840835712E-01   5.783603196735E-01  -2.196746990178E+00
   4.119788318683E-01   5.683001669888E-03   4.671181254467E-01   5.660438210428E-01  -2.161502272022E+00
   4.176929895600E-01   5.745435212354E-03   4.703174938164E-01   5.537939080340E-01  -2.126104625061E+00
   4.234699472710E-01   5.808603696282E-03   4.734814582728E-01   5.416142318070E-01  -2.090581832052E+00
   4.293104459435E-01   5.872519160606E-03   4.766093020555E-01   5.295083601289E-01  -2.054961722785E+00
   4.352152386716E-01   5.937193870949E-03   4.797003223109E-01   5.174797719010E-01  -2.019272140515E+00
   4.411850909306E-01   6.002640324729E-03   4.827538303168E-01   5.055318517102E-01  -1.983540907757E+00
   4.472207808110E-01   6.068871256391E-03   4.857691516688E-01   4.936678844192E-01  -1.947795791474E+00
   4.533230992589E-01   6.135899642772E-03   4.887456264274E-01   4.818910498048E-01  -1.912064467698E+00
   4.594928503202E-01   6.203738708611E-03   4.916826092217E-01   4.702044172576E-01  -1.876374485627E+00
   4.657308513924E-01   6.272401932198E-03   4.945794693099E-01   4.586109405542E-01  -1.840753231221E+00
   4.720379334802E-01   6.341903051163E-03   4.974355905933E-01   4.471134527160E-01  -1.805227890365E+00
   4.784149414579E-01   6.412256068427E-03   5.002503715807E-01   4.357146609670E-01  -1.769825411633E+00
   4.848627343381E-01   6.483475258298E-03   5.030232253030E-01   4.244171418041E-01  -1.734572468690E+00
   4.913821855461E-01   6.555575172733E-03   5.057535791747E-01   4.132233361943E-01  -1.699495422417E+00
   4.979741832006E-01   6.628570647764E-03   5.084408748000E-01   4.021355449132E-01  -1.664620282775E+00
   5.046396304008E-01   6.702476810086E-03   5.110845677223E-01   3.911559240392E-01  -1.629972670495E+00
   5.113794455212E-01   6.777309083830E-03   5.136841271141E-01   3.802864806184E-01  -1.595577778637E+00
   5.181945625116E-01   6.853083197508E-03   5.162390354070E-01   3.695290685164E-01  -1.561460334088E+00
   5.250859312060E-01   6.929815191146E-03   5.187487878569E-01   3.588853844714E-01  -1.527644559066E+00
   5.320545176366E-01   7.007521423604E-03   5.212128920463E-01   3.483569643664E-01  -1.494154132691E+00
   5.391013043575E-01   7.086218580100E-03   5.236308673191E-01   3.379451797346E-01  -1.461012152702E+00
   5.462272907741E-01   7.165923679926E-03   5.260022441471E-01   3.276512345165E-01  -1.428241097387E+00
   5.534334934816E-01   7.246654084380E-03   5.283265634278E-01   3.174761620840E-01  -1.395862787813E+00
   5.607209466109E-01   7.328427504912E-03   5.306033757097E-01   3.074208225494E-01  -1.363898350422E+00
   5.680907021827E-01   7.411262011483E-03   5.328322403468E-01   2.974859003748E-01  -1.332368180085E+00
   5.755438304707E-01   7.495176041166E-03   5.350127245782E-01   2.876719023009E-01  -1.301291903689E+00
   5.830814203728E-01   7.580188406970E-03   5.371444025340E-01   2.779791556109E-01  -1.270688344362E+00
   5.907045797917E-01   7.666318306912E-03   5.392268541658E-01   2.684078067471E-01  -1.240575486397E+00
   5.984144360243E-01   7.753585333338E-03   5.412596641014E-01   2.589578202967E-01  -1.210970440996E+00
   6.062121361613E-01   7.842009482502E-03   5.432424204232E-01   2.496289783649E-01  -1.181889412903E+00
   6.140988474955E-01   7.931611164409E-03   5.451747133698E-01   2.404208803509E-01  -1.153347668041E+00
   6.220757579409E-01   8.022411212936E-03   5.470561339622E-01   2.313329431442E-01  -1.125359502234E+00
   6.301440764614E-01   8.114430896230E-03   5.488862725533E-01   2.223644017563E-01  -1.097938211126E+00
   6.383050335109E-01   8.207691927403E-03   5.506647173025E-01   2.135143104056E-01  -1.071096061393E+00
   6.465598814833E-01   8.302216475524E-03   5.523910525752E-01   2.047815440689E-01  -1.044844263347E+00
   6.549098951744E-01   8.398027176926E-03   5.540648572702E-01   1.961648005155E-01  -1.019192945035E+00
   6.633563722545E-01   8.495147146827E-03   5.556857030749E-01   1.876626028391E-01  -9.941511279478E-01
   6.719006337539E-01   8.593599991288E-03   5.572531526505E-01   1.792733024990E-01  -9.697267044273E-01
   6.805440245593E-01   8.693409819506E-03   5.587667577505E-01   1.709950828858E-01  -9.459264168886E-01
   6.892879139233E-01   8.794601256469E-03   5.602260572745E-01   1.628259634230E-01  -9.227558389573E-01
   6.981336959871E-01   8.897199455961E-03   5.616305752596E-01   1.547638042143E-01  -9.002193586288E-01
   7.070827903152E-01   9.001230113956E-03   5.629798188153E-01   1.468063112497E-01  -8.783201635520E-01
   7.161366424455E-01   9.106719482390E-03   5.642732760028E-01   1.389510421765E-01  -8.570602285424E-01
   7.252967244510E-01   9.213694383338E-03   5.655104136661E-01   1.311954126451E-01  -8.364403054260E-01
   7.345645355186E-01   9.322182223606E-03   5.666906752174E-01   1.235367032344E-01  -8.164599153143E-01
   7.439416025400E-01   9.432211009745E-03   5.678134783846E-01   1.159720669644E-01  -7.971173434103E-01
   7.534294807203E-01   9.543809363512E-03   5.688782129244E-01   1.084985373959E-01  -7.784096364390E-01
   7.630297542000E-01   9.657006537783E-03   5.698842383099E-01   1.011130373226E-01  -7.603326027979E-01
   7.727440366954E-01   9.771832432940E-03   5.708308813982E-01   9.381238805356E-02  -7.428808155161E-01
   7.825739721536E-01   9.888317613741E-03   5.717174340865E-01   8.659331928512E-02  -7.260476181076E-01
   7.925212354258E-01   1.000649332670E-02   5.725431509642E-01   7.945247955788E-02  -7.098251334010E-01
   8.025875329584E-01   1.012639151798E-02   5.733072469710E-01   7.238644729335E-02  -6.942042754219E-01
   8.127746035011E-01   1.024804485184E-02   5.740088950693E-01   6.539174240165E-02  -6.791747643987E-01
   8.230842188350E-01   1.037148672960E-02   5.746472239420E-01   5.846483844994E-02  -6.647251449578E-01
   8.335181845190E-01   1.049675130923E-02   5.752213157255E-01   5.160217537844E-02  -6.508428075670E-01
   8.440783406568E-01   1.062387352550E-02   5.757302037901E-01   4.480017274846E-02  -6.375140132771E-01
   8.547665626839E-01   1.075288911077E-02   5.761728705791E-01   3.805524350416E-02  -6.247239218081E-01
   8.655847621758E-01   1.088383461638E-02   5.765482455201E-01   3.136380822681E-02  -6.124566230128E-01
   8.765348876780E-01   1.101674743475E-02   5.768552030209E-01   2.472230985769E-02  -6.006951717469E-01
   8.876189255584E-01   1.115166582209E-02   5.770925605644E-01   1.812722886238E-02  -5.894216261611E-01
   8.988389008829E-01   1.128862892191E-02   5.772590769164E-01   1.157509880647E-02  -5.786170894228E-01
   9.101968783143E-01   1.142767678917E-02   5.773534504630E-01   5.062522309198E-03  -5.682617548636E-01
   9.216949630368E-01   1.156885041525E-02   5.773743176914E-01  -1.413812661487E-03  -5.583349545371E-01
   9.333353017046E-01   1.171219175365E-02   5.773202518313E-01  -7.857116192482E-03  -5.488152111608E-01
   9.451200834176E-01   1.185774374655E-02   5.771897616736E-01  -1.427047957103E-02  -5.396802934006E-01
   9.570515407237E-01   1.200555035216E-02   5.769812905845E-01  -2.065685821898E-02  -5.309072744471E-01
   9.691319506484E-01   1.215565657299E-02   5.766932157307E-01  -2.701905446616E-02  -5.224725938154E-01
   9.813636357544E-01   1.230810848498E-02   5.763238475367E-01  -3.335970021666E-02  -5.143521222883E-01
   9.937489652293E-01   1.246295326757E-02   5.758714293900E-01  -3.968123956531E-02  -5.065212299069E-01
   1.006290356005E+00   1.262023923477E-02   5.753341376155E-01  -4.598591142542E-02  -4.989548568974E-01
   1.018990273907E+00   1.278001586715E-02   5.747100817365E-01  -5.227573223186E-02  -4.916275874078E-01
   1.031851234841E+00   1.294233384499E-02   5.739973050433E-01  -5.855247878754E-02  -4.845137259111E-01
   1.044875806003E+00   1.310724508236E-02   5.731937854865E-01  -6.481767132430E-02  -4.775873761151E-01
   1.058066607138E+00   1.327480276248E-02   5.722974369178E-01  -7.107255685276E-02  -4.708225222041E-01
   1.071426311823E+00   1.344506137405E-02   5.713061106943E-01  -7.731809287881E-02  -4.641931122160E-01
   1.084957648792E+00   1.361807674895E-02   5.702175976685E-01  -8.355493156735E-02  -4.576731433482E-01
   1.098663403298E+00   1.379390610110E-02   5.690296305814E-01  -8.978340443700E-02  -4.512367489599E-01
   1.112546418516E+00   1.397260806657E-02   5.677398868773E-01  -9.600350767188E-02  -4.448582870280E-01
   1.126609596985E+00   1.415424274514E-02   5.663459919602E-01  -1.022148881395E-01  -4.385124297930E-01
   1.140855902095E+00   1.433887174317E-02   5.648455229066E-01  -1.084168302051E-01  -4.321742543138E-01
   1.155288359613E+00   1.452655821788E-02   5.632360126548E-01  -1.146082434366E-01  -4.258193336348E-01
   1.169910059257E+00   1.471736692327E-02   5.615149546832E-01  -1.207876512930E-01  -4.194238282516E-01
   1.184724156317E+00   1.491136425740E-02   5.596798081952E-01  -1.269531808933E-01  -4.129645775440E-01
   1.199733873325E+00   1.510861831145E-02   5.577280038230E-01  -1.331025539622E-01  -4.064191908314E-01
   1.214942501771E+00   1.530919892035E-02   5.556569498623E-01  -1.392330790499E-01  -3.997661376903E-01
   1.230353403874E+00   1.551317771520E-02   5.534640390491E-01  -1.453416451224E-01  -3.929848371563E-01
   1.245970014403E+00   1.572062817747E-02   5.511466558878E-01  -1.514247166204E-01  -3.860557454263E-01
   1.261795842559E+00   1.593162569510E-02   5.487021845362E-01  -1.574783300809E-01  -3.789604416579E-01
   1.277834473907E+00   1.614624762054E-02   5.461280172538E-01  -1.634980924161E-01  -3.716817114555E-01
   1.294089572372E+00   1.636457333079E-02   5.434215634143E-01  -1.694791809424E-01  -3.642036276244E-01
   1.310564882294E+00   1.658668428962E-02   5.405802590841E-01  -1.754163452467E-01  -3.565116277633E-01
   1.327264230548E+00   1.681266411190E-02   5.376015771613E-01  -1.813039109771E-01  -3.485925882605E-01
   1.344191528724E+00   1.704259863026E-02   5.344830380723E-01  -1.871357856379E-01  -3.404348942580E-01
   1.361350775387E+00   1.727657596408E-02   5.312222210146E-01  -1.929054664668E-01  -3.320285051402E-01
   1.378746058390E+00   1.751468659100E-02   5.278167757348E-01  -1.986060504633E-01  -3.233650151081E-01
   1.396381557275E+00   1.775702342093E-02   5.242644348251E-01  -2.042302466329E-01  -3.144377084012E-01
   1.414261545744E+00   1.800368187279E-02   5.205630265191E-01  -2.097703905039E-01  -3.052416087333E-01
   1.432390394201E+00   1.825475995395E-02   5.167104879625E-01  -2.152184609659E-01  -2.957735225178E-01
   1.450772572390E+00   1.851035834267E-02   5.127048789310E-01  -2.205660994672E-01  -2.860320754666E-01
   1.469412652102E+00   1.877058047342E-02   5.085443959630E-01  -2.258046316036E-01  -2.760177421616E-01
   1.488315309978E+00   1.903553262542E-02   5.042273868708E-01  -2.309250911144E-01  -2.657328682141E-01
   1.507485330398E+00   1.930532401444E-02   4.997523655872E-01  -2.359182462953E-01  -2.551816846467E-01
   1.526927608467E+00   1.958006688797E-02   4.951180273035E-01  -2.407746288203E-01  -2.443703141555E-01
   1.546647153093E+00   1.985987662391E-02   4.903232638443E-01  -2.454845649552E-01  -2.333067689370E-01
   1.566649090169E+00   2.014487183303E-02   4.853671792268E-01  -2.500382091296E-01  -2.220009397938E-01
   1.586938665861E+00   2.043517446518E-02   4.802491053393E-01  -2.544255798183E-01  -2.104645762673E-01
   1.607521250000E+00   2.073090991960E-02   4.749686176749E-01  -2.586365976697E-01  -1.987112575818E-01
   1.628402339588E+00   2.103220715932E-02   4.695255510480E-01  -2.626611257993E-01  -1.867563542239E-01
   1.649587562420E+00   2.133919883002E-02   4.639200152156E-01  -2.664890121528E-01  -1.746169800295E-01
   1.671082680832E+00   2.165202138333E-02   4.581524103245E-01  -2.701101338219E-01  -1.623119346917E-01
   1.692893595565E+00   2.197081520497E-02   4.522234420941E-01  -2.735144431808E-01  -1.498616366588E-01
   1.715026349769E+00   2.229572474776E-02   4.461341366464E-01  -2.766920156917E-01  -1.372880464443E-01
   1.737487133138E+00   2.262689866987E-02   4.398858548855E-01  -2.796330992077E-01  -1.246145804263E-01
   1.760282286187E+00   2.296448997842E-02   4.334803063272E-01  -2.823281645842E-01  -1.118660152756E-01
   1.783418304674E+00   2.330865617868E-02   4.269195622738E-01  -2.847679573903E-01  -9.906838321375E-02
   1.806901844175E+00   2.365955942924E-02   4.202060682274E-01  -2.869435504924E-01  -8.624885836699E-02
   1.830739724818E+00   2.401736670327E-02   4.133426554302E-01  -2.888463972629E-01  -7.343563454827E-02
   1.854938936184E+00   2.438224995616E-02   4.063325514179E-01  -2.904683851508E-01  -6.065779486972E-02
   1.879506642368E+00   2.475438629994E-02   3.991793894724E-01  -2.918018893309E-01  -4.794517365562E-02
   1.904450187236E+00   2.513395818467E-02   3.918872168549E-01  -2.928398261331E-01  -3.532821119739E-02
   1.929777099847E+00   2.552115358717E-02   3.844605017031E-01  -2.935757059361E-01  -2.283780196207E-02
   1.955495100083E+00   2.591616620741E-02   3.769041384747E-01  -2.940036851972E-01  -1.050513693604E-02
   1.981612104475E+00   2.631919567292E-02   3.692234518203E-01  -2.941186172730E-01   1.638459145392E-03
   2.008136232230E+00   2.673044775156E-02   3.614241987717E-01  -2.939161016800E-01   1.356169486440E-02
   2.035075811486E+00   2.715013457311E-02   3.535125691322E-01  -2.933925314266E-01   2.523348259999E-02
   2.062439385788E+00   2.757847486001E-02   3.454951839628E-01  -2.925451380489E-01   3.662311147501E-02
   2.090235720801E+00   2.801569416771E-02   3.373790920587E-01  -2.913720339702E-01   4.770042176781E-02
   2.118473811262E+00   2.846202513514E-02   3.291717643212E-01  -2.898722518055E-01   5.843597973148E-02
   2.147162888201E+00   2.891770774564E-02   3.208810859336E-01  -2.880457802316E-01   6.880125171580E-02
   2.176312426413E+00   2.938298959899E-02   3.125153462606E-01  -2.858935960460E-01   7.876877644496E-02
   2.205932152222E+00   2.985812619504E-02   3.040832263985E-01  -2.834176920428E-01   8.831233426881E-02
   2.236032051522E+00   3.034338122938E-02   2.955937843176E-01  -2.806211003480E-01   9.740711217892E-02
   2.266622378129E+00   3.083902690182E-02   2.870564375462E-01  -2.775079108634E-01   1.060298633611E-01
   2.297713662445E+00   3.134534423818E-02   2.784809433643E-01  -2.740832844910E-01   1.141590600480E-01
   2.329316720450E+00   3.186262342603E-02   2.698773764854E-01  -2.703534608283E-01   1.217750384341E-01
   2.361442663038E+00   3.239116416519E-02   2.612561042237E-01  -2.663257600476E-01   1.288601344305E-01
   2.394102905709E+00   3.293127603351E-02   2.526277591623E-01  -2.620085787061E-01   1.353988090543E-01
   2.427309178642E+00   3.348327886897E-02   2.440032093532E-01  -2.574113792620E-01   1.413777622870E-01
   2.461073537146E+00   3.404750316862E-02   2.353935261025E-01  -2.525446731103E-01   1.467860342807E-01
   2.495408372530E+00   3.462429050548E-02   2.268099494142E-01  -2.474199969932E-01   1.516150928490E-01
   2.530326423398E+00   3.521399396401E-02   2.182638511877E-01  -2.420498826834E-01   1.558589062539E-01
   2.565840787378E+00   3.581697859546E-02   2.097666962837E-01  -2.364478198872E-01   1.595140003838E-01
   2.601964933334E+00   3.643362189376E-02   2.013300016022E-01  -2.306282123673E-01   1.625794995138E-01
   2.638712714049E+00   3.706431429322E-02   1.929652933315E-01  -2.246063273357E-01   1.650571499514E-01
   2.676098379430E+00   3.770945968912E-02   1.846840625579E-01  -2.183982382304E-01   1.669513259916E-01
   2.714136590232E+00   3.836947598236E-02   1.764977194434E-01  -2.120207610439E-01   1.682690177374E-01
   2.752842432351E+00   3.904479564947E-02   1.684175462060E-01  -2.054913844359E-01   1.690198004895E-01
   2.792231431696E+00   3.973586633921E-02   1.604546491570E-01  -1.988281939262E-01   1.692157855563E-01
   2.832319569669E+00   4.044315149734E-02   1.526199100719E-01  -1.920497905240E-01   1.688715525045E-01
   2.873123299289E+00   4.116713102086E-02   1.449239371932E-01  -1.851752042177E-01   1.680040630336E-01
   2.914659561979E+00   4.190830194354E-02   1.373770161813E-01  -1.782238028085E-01   1.666325568355E-01
   2.956945805065E+00   4.266717915414E-02   1.299890613473E-01  -1.712151966367E-01   1.647784299790E-01
   3.000000000000E+00   4.344429614932E-02   1.227695675170E-01  -1.641691398038E-01   1.624650965365E-01
   3.043840661365E+00   4.424020582308E-02   1.157275628885E-01  -1.571054285562E-01   1.597178343546E-01
   3.088486866678E+00   4.505548129460E-02   1.088715632548E-01  -1.500437975427E-01   1.565636160445E-01
   3.133958277047E+00   4.589071677685E-02   1.022095279719E-01  -1.430038147096E-01   1.530309264418E-01
   3.180275158719E+00   4.674652848797E-02   9.574881805498E-02  -1.360047756383E-01   1.491495679545E-01
   3.227458405560E+00   4.762355560797E-02   8.949615678532E-02  -1.290655981644E-01   1.449504553687E-01
   3.275529562509E+00   4.852246128332E-02   8.345759320900E-02  -1.222047181483E-01   1.404654018306E-01
   3.324510850077E+00   4.944393368200E-02   7.763846889785E-02  -1.154399872835E-01   1.357268978521E-01
   3.374425189910E+00   5.038868710203E-02   7.204338833295E-02  -1.087885738442E-01   1.307678852960E-01
   3.425296231502E+00   5.135746313639E-02   6.667619325321E-02  -1.022668672724E-01   1.256215283981E-01
   3.477148380094E+00   5.235103189784E-02   6.153994129116E-02  -9.589038749659E-02   1.203209839466E-01
   3.530006825834E+00   5.337019330676E-02   5.663688919156E-02  -8.967369985784E-02   1.148991727951E-01
   3.583897574256E+00   5.441577844603E-02   5.196848087863E-02  -8.363033648468E-02   1.093885549053E-01
   3.638847478148E+00   5.548865098670E-02   4.753534060230E-02  -7.777272492161E-02   1.038209101135E-01
   3.694884270887E+00   5.658970868864E-02   4.333727135478E-02  -7.211212476100E-02   9.822712678481E-02
   3.752036601308E+00   5.771988498079E-02   3.937325870530E-02  -6.665857296656E-02   9.263700046003E-02
   3.810334070199E+00   5.888015062562E-02   3.564148015325E-02  -6.142083850218E-02   8.707904451420E-02
   3.869807268505E+00   6.007151547295E-02   3.213932004948E-02  -5.640638679613E-02   8.158031472844E-02
   3.930487817331E+00   6.129503030858E-02   2.886339008125E-02  -5.162135447704E-02   7.616624953590E-02
   3.992408409843E+00   6.255178880352E-02   2.580955526045E-02  -4.707053471592E-02   7.086052753211E-02
   4.055602855172E+00   6.384292957002E-02   2.297296529591E-02  -4.275737339856E-02   6.568494364633E-02
   4.120106124432E+00   6.516963833101E-02   2.034809117156E-02  -3.868397623657E-02   6.065930515410E-02
   4.185954398964E+00   6.653315021009E-02   1.792876669212E-02  -3.485112680405E-02   5.580134847421E-02
   4.253185120935E+00   6.793475214960E-02   1.570823469844E-02  -3.125831536219E-02   5.112667744058E-02
   4.321837046422E+00   6.937578546490E-02   1.367919759596E-02  -2.790377820815E-02   4.664872347255E-02
   4.391950301120E+00   7.085764854355E-02   1.183387178389E-02  -2.478454715769E-02   4.237872779139E-02
   4.463566438835E+00   7.238179969882E-02   1.016404551869E-02  -2.189650864739E-02   3.832574554971E-02
   4.536728502895E+00   7.394976018725E-02   8.661139696449E-03  -1.923447182179E-02   3.449667145870E-02
   4.611481090679E+00   7.556311740127E-02   7.316270993696E-03  -1.679224485611E-02   3.089628622021E-02
   4.687870421430E+00   7.722352824817E-02   6.120316767325E-03  -1.456271865922E-02   2.752732280144E-02
   4.765944407533E+00   7.893272272784E-02   5.063981081707E-03  -1.253795700457E-02   2.439055133375E-02
   4.845752729492E+00   8.069250772248E-02   4.137861205958E-03  -1.070929205160E-02   2.148488117884E-02
   4.927346914797E+00   8.250477101257E-02   3.332513907133E-03  -9.067424148736E-03   1.880747848895E-02
   5.010780420931E+00   8.437148553436E-02   2.638520856672E-03  -7.602524751715E-03   1.635389739724E-02
   5.096108722763E+00   8.629471389541E-02   2.046552468079E-03  -6.304341250575E-03   1.411822281360E-02
   5.183389404586E+00   8.827661316581E-02   1.547429494072E-03  -5.162302474656E-03   1.209322267223E-02
   5.272682257105E+00   9.031943996425E-02   1.132181731447E-03  -4.165623639571E-03   1.027050738414E-02
   5.364049379651E+00   9.242555585946E-02   7.921032118115E-04  -3.303409512855E-03   8.640694190193E-03
   5.457555287978E+00   9.459743310926E-02   5.188032959872E-04  -2.564754606508E-03   7.193574091868E-03
   5.553267027968E+00   9.683766076100E-02   3.042531390861E-04  -1.938839254685E-03   5.918279055144E-03
   5.651254295630E+00   9.914895113938E-02   1.408270515151E-04  -1.415020502731E-03   4.803447240264E-03
   5.751589563796E+00   1.015341467494E-01   2.133834783503E-05  -9.829168188975E-04   3.837384103031E-03
   5.854348215936E+00   1.039962276248E-01  -6.093065030589E-05  -6.324857411153E-04   3.008217341448E-03
   5.959608687557E+00   1.065383191537E-01  -1.122047100611E-04  -3.540936866240E-04   2.304043821485E-03
   6.067452615683E+00   1.091637004188E-01  -1.381980486874E-04  -1.385772802871E-04   1.713066804692E-03
   6.177964996951E+00   1.118758130872E-01  -1.441030364666E-04   2.270430416823E-05   1.223722014306E-03
   6.291234354880E+00   1.146782708938E-01  -1.345852244831E-04   1.378263492500E-04   8.247913111379E-04
   6.407352916949E+00   1.175748697626E-01  -1.137845865416E-04   2.142651524670E-04   5.055030011934E-04
   6.526416802128E+00   1.205695986129E-01  -8.532277130000E-05   2.588741914567E-04   2.556180586394E-04
   6.648526219580E+00   1.236666509049E-01  -5.231606999027E-05   2.778697937384E-04   6.550181513093E-05
   6.773785679311E+00   1.268704369821E-01  -1.739371873761E-05   2.768260580739E-04  -7.381906558495E-05
   6.902304215570E+00   1.301855972713E-01   1.727892573613E-05   2.606786292519E-04  -1.706142458130E-04
   7.034195623922E+00   1.336170164087E-01   4.997287054926E-05   2.337367919760E-04  -2.324216697392E-04
   7.169578712934E+00   1.371698383673E-01   7.936422748734E-05   1.997032252205E-04  -2.660332437137E-04
   7.308577571516E+00   1.408494826628E-01   1.044998580705E-04   1.617006485366E-04  -2.774934490939E-04
   7.451321853057E+00   1.446616617293E-01   1.247606098329E-04   1.223044987098E-04  -2.721099007725E-04
   7.597947077547E+00   1.486123995567E-01   1.398228563152E-04   8.358070092385E-05  -2.544746968715E-04
   7.748594953021E+00   1.527080516973E-01   1.496190643657E-04   4.712754485396E-05  -2.284952678264E-04
   7.903413717736E+00   1.569553267535E-01   1.542981084998E-04   1.412064409498E-05  -1.974333285987E-04
   8.062558504629E+00   1.613613094717E-01   1.541860331282E-04  -1.464005222970E-05  -1.639504676765E-04
   8.226191729726E+00   1.659334855793E-01   1.497479296707E-04  -3.868221377937E-05  -1.301588716909E-04
   8.394483506327E+00   1.706797685137E-01   1.415515475820E-04  -5.781303205357E-05  -9.767568489377E-05
   8.567612086926E+00   1.756085282071E-01   1.302331971946E-04  -7.207199854136E-05  -6.767953752526E-05
   8.745764335025E+00   1.807286221064E-01   1.164664295137E-04  -8.168540823230E-05  -4.096784451087E-05
   8.929136229160E+00   1.860494286260E-01   1.009338955438E-04  -8.702334529217E-05  -1.801357332994E-05
   9.117933401693E+00   1.915808832504E-01   8.430269760078E-05  -8.855979959704E-05   9.796961486907E-07
   9.312371715124E+00   1.973335175235E-01   6.720344985510E-05  -8.683644330210E-05   1.602545077515E-05
   9.512677878945E+00   2.033185011886E-01   5.021316777662E-05  -8.243046932059E-05   2.730552931528E-05
   9.719090110332E+00   2.095476877688E-01   3.384200901949E-05  -7.592676240768E-05   3.512570502386E-05
   9.931858842267E+00   2.160336639044E-01   1.852379444278E-05  -6.789454252935E-05   3.987607467684E-05
   1.015124748302E+01   2.227898028021E-01   4.610150142134E-06  -5.886849338057E-05   4.199658048096E-05
   1.037753323129E+01   2.298303221843E-01  -7.631967900662E-06  -4.933427016038E-05   4.194781398370E-05
   1.061100795175E+01   2.371703471699E-01  -1.801967345377E-05  -3.971817353224E-05   4.018708470382E-05
   1.085197911611E+01   2.448259785618E-01  -2.645083682860E-05  -3.038068411505E-05   3.714958568112E-05
   1.110077081537E+01   2.528143670735E-01  -3.289846384308E-05  -2.161347624587E-05   3.323435773252E-05
   1.135772484956E+01   2.611537940784E-01  -3.740319956029E-05  -1.363947275418E-05   2.879464717291E-05
   1.162320190175E+01   2.698637595360E-01  -4.006440231667E-05  -6.615464893083E-06   2.413217027865E-05
   1.189758280382E+01   2.789650778206E-01  -4.103023222782E-05  -6.368033244523E-07   1.949474280307E-05
   1.218126990242E+01   2.884799822596E-01  -4.048718379337E-05   4.256333739173E-06   1.507670412696E-05
   1.247468853413E+01   2.984322392826E-01  -3.864946588235E-05   8.071572137795E-06   1.102156169017E-05
   1.277828862002E+01   3.088472731875E-01  -3.574859610751E-05   1.085631853613E-05   7.426299682281E-06
   1.309254639077E+01   3.197523026463E-01  -3.202353248539E-05   1.268948462620E-05   4.346833173083E-06
   1.341796625462E+01   3.311764902095E-01  -2.771161554112E-05   1.367330926935E-05   1.804140905495E-06
   1.375508282195E+01   3.431511062169E-01  -2.304054085231E-05   1.392557193332E-05  -2.093275314295E-07
   1.410446310162E+01   3.557097086969E-01  -1.822152749880E-05   1.357243130706E-05  -1.723305922436E-06
   1.446670888596E+01   3.688883410292E-01  -1.344379382241E-05   1.274206397406E-05  -2.783692496695E-06
   1.484245934302E+01   3.827257493700E-01  -8.870399826523E-06   1.155922184666E-05  -3.447054906242E-06
   1.523239383723E+01   3.972636220891E-01  -4.635466647531E-06   1.014077552466E-05  -3.775792719591E-06
   1.563723500136E+01   4.125468537596E-01  -8.427386701932E-07   8.592265074734E-06  -3.834034763942E-06
   1.605775208607E+01   4.286238365683E-01   2.434586387006E-06   7.005440599704E-06  -3.684300919475E-06
   1.649476461582E+01   4.455467823929E-01   5.152869356274E-06   5.456742541090E-06  -3.384919328558E-06
   1.694914638379E+01   4.633720792263E-01   7.296023458503E-06   4.006645706622E-06  -2.988160260127E-06
   1.742182982203E+01   4.821606861220E-01   8.872654692292E-06   2.699771045142E-06  -2.539026336470E-06
   1.791381078784E+01   5.019785714107E-01   9.912532304353E-06   1.565654596198E-06  -2.074624392465E-06
   1.842615381215E+01   5.228971995942E-01   1.046258578518E-05   6.200532201529E-07  -1.624035634489E-06
   1.895999786176E+01   5.449940730840E-01   1.058263129498E-05  -1.333388256347E-07  -1.208596748443E-06
   1.951656267356E+01   5.683533358366E-01   1.034102994648E-05  -7.008899867060E-07  -8.425040772746E-07
   2.009715572669E+01   5.930664469535E-01   9.810472498453E-06  -1.096873502784E-06  -5.336550937447E-07
   2.070317992707E+01   6.192329335039E-01   9.064069446297E-06  -1.341270832798E-06  -2.846455520269E-07
   2.133614208874E+01   6.469612332096E-01   8.171902235143E-06  -1.457645996799E-06  -9.384657977476E-08
   2.199766230782E+01   6.763696392388E-01   7.198160810979E-06  -1.471186909862E-06   4.350657997590E-08
   2.268948433818E+01   7.075873612439E-01   6.198955976826E-06  -1.406992733370E-06   1.342735124758E-07
   2.341348709294E+01   7.407557189842E-01   5.220853674040E-06  -1.288666151483E-06   1.864642092468E-07
   2.417169741362E+01   7.760294874639E-01   4.300134625897E-06  -1.137247097805E-06   2.084285909441E-07
   2.496630426925E+01   8.135784155747E-01   3.462739544442E-06  -9.705009509406E-07   2.082047420542E-07
   2.579967457140E+01   8.535889438281E-01   2.724820414889E-06  -8.025510185035E-07   1.930377104684E-07
   2.667437081864E+01   8.962661510291E-01   2.093785368277E-06  -6.438238437848E-07   1.690681433534E-07
   2.759317081651E+01   9.418359647997E-01   1.569701142491E-06  -5.012581146119E-07   1.411785877615E-07
   2.855908975674E+01   9.905476768748E-01   1.146905223849E-06  -3.787151564817E-07   1.129757929632E-07
   2.957540498378E+01   1.042676811269E+00   8.156805205213E-07  -2.775221815876E-07   8.688051548653E-08
   3.064568382919E+01   1.098528402000E+00   5.638586151929E-07  -1.970790959031E-07   6.429262773554E-08
   3.177381495601E+01   1.158440747351E+00   3.782416577817E-07  -1.354655009081E-07   4.579893128609E-08
   3.296404372807E+01   1.222789720048E+00   2.457648846624E-07  -8.999561488984E-08   3.139377452962E-08
   3.422101220608E+01   1.291993727721E+00   1.543577161351E-07  -5.768360851826E-08   2.068780866137E-08
   3.554980447538E+01   1.366519436102E+00   9.349705688264E-08  -3.559830687384E-08   1.308713078829E-08
   3.695599813319E+01   1.446888389511E+00   5.447764232024E-08  -2.110222860310E-08   7.932633426045E-09
   3.844572291106E+01   1.533684690030E+00   3.044768653241E-08  -1.198358115210E-08   4.596571303328E-09
   4.002572758518E+01   1.627563929686E+00   1.627168498983E-08  -6.499679109828E-09   2.539290952143E-09
   4.170345654134E+01   1.729263610453E+00   8.285632110056E-09  -3.355589247231E-09   1.333162117624E-09
   4.348713762001E+01   1.839615336740E+00   4.004369425709E-09  -1.642714886708E-09   6.627914707202E-10
   4.538588318162E+01   1.959559126947E+00   1.828795401802E-09  -7.593072275258E-10   3.107501100832E-10
   4.740980671574E+01   2.090160267552E+00   7.854304624494E-10  -3.298049332496E-10   1.367628769383E-10
   4.957015778746E+01   2.232629229408E+00   3.155037425555E-10  -1.338913335611E-10   5.620429971548E-11
   5.187947869225E+01   2.388345286640E+00   1.178197112348E-10  -5.049999302899E-11   2.144104005716E-11
   5.435178690397E+01   2.558884630889E+00   4.062483033324E-11  -1.757678615658E-11   7.542225607676E-12
   5.700278828629E+01   2.746053966795E+00   1.283524456823E-11  -5.602674609274E-12   2.428066313292E-12
   5.985012714155E+01   2.951930820846E+00   3.683970756005E-12  -1.621574874249E-12   7.093067665952E-13
   6.291368055481E+01   3.178912111311E+00   9.512758402181E-13  -4.220448810556E-13   1.862251386078E-13
   6.621590623276E+01   3.429772933797E+00   2.185734365946E-13  -9.770043673206E-14   4.346404669100E-14
   6.978225524452E+01   3.707738044625E+00   4.413324837934E-14  -1.986735286467E-14   8.906710471464E-15
   7.364166388185E+01   4.016569212832E+00   7.720360752974E-15  -3.498854471370E-15   1.579984101106E-15
   7.782714245929E+01   4.360672516382E+00   1.151223583969E-15  -5.250629496166E-16   2.387304730176E-16
   8.237648351994E+01   4.745230855210E+00   1.436309794699E-16  -6.590548247798E-17   3.015925040086E-17
   8.733311794503E+01   5.176368549127E+00   1.467583581045E-17  -6.772741884841E-18   3.118245249502E-18
   9.274715535088E+01   5.661357031559E+00   1.198072177313E-18  -5.559131040438E-19   2.574268295333E-19
   9.867665554529E+01   6.208873552072E+00   7.593328065330E-20  -3.541596750738E-20   1.648962212907E-20
   1.051891916055E+02   6.829328764649E+00   3.613604698410E-21  -1.693704153535E-21   7.926575781547E-22
   1.123637836013E+02   7.535284543316E+00   1.241730059100E-22  -5.847182496696E-23   2.749858741056E-23
   1.202933069206E+02   8.341990973528E+00   2.942511985745E-24  -1.391739551323E-24   6.575417012998E-25
   1.290875131414E+02   9.268082166539E+00   4.554013414655E-26  -2.163001160493E-26   1.026397758835E-26
   1.388768482001E+02   1.033648575811E+01   4.314830883312E-28  -2.057575146643E-28   9.804056573199E-29
   1.498173177370E+02   1.157562284364E+01   2.316380009344E-30  -1.108771205836E-30   5.303783485425E-31
   1.620967411853E+02   1.302100699722E+01   6.418540580896E-33  -3.083351149006E-33   1.480361392946E-33
   1.759428668168E+02   1.471739812515E+01   8.198050208578E-36  -3.951568722457E-36   1.903823016100E-36
   1.916340085825E+02   1.672173748087E+01   4.203001811737E-39  -2.032411247827E-39   9.824174562486E-40
   2.095131417987E+02   1.910719757888E+01   7.293166792302E-43  -3.537405204558E-43   1.715202528672E-43
   2.300068054477E+02   2.196884699990E+01   3.464362387567E-47  -1.685135539463E-47   8.194706748556E-48
   2.536507797910E+02   2.543169216868E+01   3.450400361003E-52  -1.682877376964E-52   8.206232535170E-53
   2.811254638474E+02   2.966227967912E+01   5.134759994197E-58  -2.510761098068E-58   1.227487189190E-58
   3.133053780630E+02   3.488573552677E+01   7.385604024192E-65  -3.619981481479E-65   1.774059029073E-65
   3.513296254502E+02   4.141128389041E+01   5.820297869414E-73  -2.859139300514E-73   1.404362814415E-73
   3.967041014106E+02   4.967130404214E+01   1.186254964804E-82  -5.839481890441E-83   2.874317942999E-83
   4.514529193349E+02   6.028257212519E+01   2.278894913880E-94  -1.123995831873E-94   5.543419403577E-95
   5.183481233601E+02   7.414493328740E+01  1.035271088313E-108 -5.115381252802E-109  2.527442924683E-109
   6.012676077950E+02   9.260523890243E+01  1.606269409943E-126 -7.949989012913E-127  3.934590191872E-127
   7.057700503752E+02   1.177394213729E+02  5.310121493147E-149 -2.632198893283E-149  1.304734135719E-149
   8.400513767914E+02   1.528577972397E+02  6.250094447386E-178 -3.102486451984E-178  1.540017129723E-178
   1.016602135495E+03   2.034537342122E+02  5.120886356275E-216 -2.545197317519E-216  1.265005987708E-216
   1.255220715580E+03   2.790860613466E+02  1.482111602670E-267 -7.374881383042E-268  3.669659628209E-268
   1.588815776243E+03   3.973705897531E+02   0.000000000000E+00   0.000000000000E+00   0.000000000000E+00
   2.075392011604E+03   5.931596040112E+02   0.000000000000E+00   0.000000000000E+00   0.000000000000E+00
   2.825079847529E+03   9.419154890021E+02   0.000000000000E+00   0.000000000000E+00   0.000000000000E+00
   4.068408296184E+03   1.627629972033E+03   0.000000000000E+00   0.000000000000E+00   0.000000000000E+00
   6.357262947674E+03   3.178964796686E+03   0.000000000000E+00   0.000000000000E+00   0.000000000000E+00
   1.130231930164E+04   7.535323971013E+03   0.000000000000E+00   0.000000000000E+00   0.000000000000E+00
   2.543105175140E+04   2.543171841285E+04   0.000000000000E+00   0.000000000000E+00   0.000000000000E+00
   1.017262069958E+05   2.034537473226E+05   0.000000000000E+00   0.000000000000E+00   0.000000000000E+00
