# 1st line: number of mesh points
# abcissa weight wavefunction wavefunction_1st wavefunction_2nd
500
# Principal QN=   1 , l=   1 , Occupation=   2.0000
  9.830308526508E-006  1.966074589941E-005  5.919878396383E-005  6.021889842609E+000 -3.619526130455E+001
  3.932200719717E-005  3.932303800261E-005  2.367788049589E-004  6.020822477407E+000 -3.618885039729E+001
  8.847741541455E-005  5.898842277178E-005  5.326910752124E-004  6.019043862257E+000 -3.617816800513E+001
  1.573003992804E-004  7.865844718600E-005  9.468539648247E-004  6.016554487285E+000 -3.616321780642E+001
  2.457963722417E-004  9.833465899987E-005  1.479153226339E-003  6.013355038360E+000 -3.614400494774E+001
  3.539722959954E-004  1.180186070023E-004  2.129442029131E-003  6.009446396786E+000 -3.612053604077E+001
  4.818366816528E-004  1.377118412759E-004  2.897541003579E-003  6.004829638907E+000 -3.609281915831E+001
  6.293995911626E-004  1.574159134560E-004  3.783238295027E-003  5.999506035626E+000 -3.606086382941E+001
  7.966726389934E-004  1.771323769912E-004  4.786289627472E-003  5.993477051834E+000 -3.602468103357E+001
  9.836689940782E-004  1.968627874036E-004  5.906418376982E-003  5.986744345755E+000 -3.598428319415E+001
  1.190403382016E-003  2.166087025496E-004  7.143315654781E-003  5.979309768207E+000 -3.593968417086E+001
  1.416892087541E-003  2.363716828821E-004  8.496640399978E-003  5.971175361772E+000 -3.589089925139E+001
  1.663152957245E-003  2.561532917128E-004  9.966019481877E-003  5.962343359885E+000 -3.583794514219E+001
  1.929205402573E-003  2.759550954757E-004  1.155104781184E-002  5.952816185841E+000 -3.578083995841E+001
  2.215070403074E-003  2.957786639908E-004  1.325128846462E-002  5.942596451712E+000 -3.571960321299E+001
  2.520770509919E-003  3.156255707300E-004  1.506627280912E-002  5.931686957185E+000 -3.565425580494E+001
  2.846329849692E-003  3.354973930828E-004  1.699550064853E-002  5.920090688323E+000 -3.558482000673E+001
  3.191774128432E-003  3.553957126240E-004  1.903844036975E-002  5.907810816234E+000 -3.551131945096E+001
  3.557130635959E-003  3.753221153821E-004  2.119452910196E-002  5.894850695670E+000 -3.543377911618E+001
  3.942428250463E-003  3.952781921092E-004  2.346317288450E-002  5.881213863543E+000 -3.535222531189E+001
  4.347697443358E-003  4.152655385525E-004  2.584374684359E-002  5.866904037361E+000 -3.526668566281E+001
  4.772970284417E-003  4.352857557265E-004  2.833559537821E-002  5.851925113594E+000 -3.517718909239E+001
  5.218280447175E-003  4.553404501876E-004  3.093803235473E-002  5.836281165954E+000 -3.508376580551E+001
  5.683663214611E-003  4.754312343099E-004  3.365034131043E-002  5.819976443611E+000 -3.498644727048E+001
  6.169155485101E-003  4.955597265624E-004  3.647177566561E-002  5.803015369330E+000 -3.488526620032E+001
  6.674795778653E-003  5.157275517886E-004  3.940155894440E-002  5.785402537540E+000 -3.478025653332E+001
  7.200624243425E-003  5.359363414876E-004  4.243888500390E-002  5.767142712325E+000 -3.467145341287E+001
  7.746682662519E-003  5.561877340970E-004  4.558291827189E-002  5.748240825357E+000 -3.455889316669E+001
  8.313014461060E-003  5.764833752781E-004  4.883279399259E-002  5.728701973754E+000 -3.444261328534E+001
  8.899664713569E-003  5.968249182030E-004  5.218761848073E-002  5.708531417871E+000 -3.432265240009E+001
  9.506680151615E-003  6.172140238444E-004  5.564646938355E-002  5.687734579037E+000 -3.419905026015E+001
  1.013410917176E-002  6.376523612666E-004  5.920839595072E-002  5.666317037216E+000 -3.407184770937E+001
  1.078200184380E-002  6.581416079202E-004  6.287241931206E-002  5.644284528614E+000 -3.394108666227E+001
  1.145040991929E-002  6.786834499385E-004  6.663753276289E-002  5.621642943230E+000 -3.380681007948E+001
  1.213938684040E-002  6.992795824361E-004  7.050270205686E-002  5.598398322339E+000 -3.366906194276E+001
  1.284898774901E-002  7.199317098113E-004  7.446686570623E-002  5.574556855932E+000 -3.352788722935E+001
  1.357926949620E-002  7.406415460502E-004  7.852893528934E-002  5.550124880091E+000 -3.338333188588E+001
  1.433029065191E-002  7.614108150341E-004  8.268779576519E-002  5.525108874319E+000 -3.323544280178E+001
  1.510211151509E-002  7.822412508494E-004  8.694230579502E-002  5.499515458816E+000 -3.308426778223E+001
  1.589479412397E-002  8.031345981016E-004  9.129129807066E-002  5.473351391709E+000 -3.292985552067E+001
  1.670840226680E-002  8.240926122311E-004  9.573357964956E-002  5.446623566237E+000 -3.277225557086E+001
  1.754300149280E-002  8.451170598329E-004  1.002679322964E-001  5.419339007886E+000 -3.261151831859E+001
  1.839865912351E-002  8.662097189796E-004  1.048931128311E-001  5.391504871489E+000 -3.244769495297E+001
  1.927544426443E-002  8.873723795480E-004  1.096078534828E-001  5.363128438281E+000 -3.228083743740E+001
  2.017342781695E-002  9.086068435487E-004  1.144108622502E-001  5.334217112916E+000 -3.211099848023E+001
  2.109268249069E-002  9.299149254598E-004  1.193008232681E-001  5.304778420452E+000 -3.193823150503E+001
  2.203328281612E-002  9.512984525641E-004  1.242763971788E-001  5.274820003298E+000 -3.176259062073E+001
  2.299530515754E-002  9.727592652906E-004  1.293362215097E-001  5.244349618132E+000 -3.158413059133E+001
  2.397882772639E-002  9.942992175591E-004  1.344789110570E-001  5.213375132784E+000 -3.140290680558E+001
  2.498393059493E-002  1.015920177130E-003  1.397030582733E-001  5.181904523102E+000 -3.121897524626E+001
  2.601069571024E-002  1.037624025957E-003  1.450072336613E-001  5.149945869782E+000 -3.103239245946E+001
  2.705920690860E-002  1.059412660547E-003  1.503899861725E-001  5.117507355179E+000 -3.084321552359E+001
  2.812954993023E-002  1.081287992318E-003  1.558498436101E-001  5.084597260102E+000 -3.065150201832E+001
  2.922181243436E-002  1.103251947969E-003  1.613853130376E-001  5.051223960578E+000 -3.045730999342E+001
  3.033608401473E-002  1.125306469854E-003  1.669948811906E-001  5.017395924614E+000 -3.026069793750E+001
  3.147245621542E-002  1.147453516351E-003  1.726770148944E-001  4.983121708936E+000 -3.006172474676E+001
  3.263102254705E-002  1.169695062249E-003  1.784301614846E-001  4.948409955715E+000 -2.986044969366E+001
  3.381187850339E-002  1.192033099133E-003  1.842527492326E-001  4.913269389288E+000 -2.965693239566E+001
  3.501512157837E-002  1.214469635775E-003  1.901431877746E-001  4.877708812867E+000 -2.945123278395E+001
  3.624085128345E-002  1.237006698530E-003  1.960998685445E-001  4.841737105248E+000 -2.924341107223E+001
  3.748916916538E-002  1.259646331739E-003  2.021211652103E-001  4.805363217509E+000 -2.903352772568E+001
  3.876017882444E-002  1.282390598136E-003  2.082054341144E-001  4.768596169708E+000 -2.882164342988E+001
  4.005398593302E-002  1.305241579266E-003  2.143510147164E-001  4.731445047593E+000 -2.860781906005E+001
  4.137069825459E-002  1.328201375897E-003  2.205562300401E-001  4.693918999296E+000 -2.839211565032E+001
  4.271042566323E-002  1.351272108452E-003  2.268193871226E-001  4.656027232048E+000 -2.817459436327E+001
  4.407328016341E-002  1.374455917436E-003  2.331387774673E-001  4.617779008892E+000 -2.795531645965E+001
  4.545937591035E-002  1.397754963880E-003  2.395126774983E-001  4.579183645408E+000 -2.773434326838E+001
  4.686882923075E-002  1.421171429779E-003  2.459393490193E-001  4.540250506449E+000 -2.751173615681E+001
  4.830175864396E-002  1.444707518548E-003  2.524170396730E-001  4.500989002893E+000 -2.728755650126E+001
  4.975828488365E-002  1.468365455478E-003  2.589439834046E-001  4.461408588397E+000 -2.706186565790E+001
  5.123853091993E-002  1.492147488203E-003  2.655184009263E-001  4.421518756189E+000 -2.683472493398E+001
  5.274262198188E-002  1.516055887169E-003  2.721385001849E-001  4.381329035855E+000 -2.660619555943E+001
  5.427068558066E-002  1.540092946119E-003  2.788024768309E-001  4.340848990166E+000 -2.637633865882E+001
  5.582285153302E-002  1.564260982573E-003  2.855085146895E-001  4.300088211916E+000 -2.614521522380E+001
  5.739925198530E-002  1.588562338332E-003  2.922547862337E-001  4.259056320784E+000 -2.591288608593E+001
  5.900002143803E-002  1.612999379973E-003  2.990394530587E-001  4.217762960228E+000 -2.567941189001E+001
  6.062529677088E-002  1.637574499364E-003  3.058606663586E-001  4.176217794397E+000 -2.544485306786E+001
  6.227521726827E-002  1.662290114181E-003  3.127165674039E-001  4.134430505079E+000 -2.520926981267E+001
  6.394992464542E-002  1.687148668440E-003  3.196052880207E-001  4.092410788675E+000 -2.497272205379E+001
  6.564956307496E-002  1.712152633027E-003  3.265249510712E-001  4.050168353204E+000 -2.473526943212E+001
  6.737427921404E-002  1.737304506249E-003  3.334736709356E-001  4.007712915342E+000 -2.449697127612E+001
  6.912422223211E-002  1.762606814387E-003  3.404495539952E-001  3.965054197495E+000 -2.425788657829E+001
  7.089954383907E-002  1.788062112257E-003  3.474506991162E-001  3.922201924904E+000 -2.401807397233E+001
  7.270039831418E-002  1.813672983787E-003  3.544751981347E-001  3.879165822790E+000 -2.377759171096E+001
  7.452694253540E-002  1.839442042599E-003  3.615211363432E-001  3.835955613533E+000 -2.353649764426E+001
  7.637933600943E-002  1.865371932600E-003  3.685865929773E-001  3.792581013892E+000 -2.329484919880E+001
  7.825774090225E-002  1.891465328589E-003  3.756696417036E-001  3.749051732259E+000 -2.305270335732E+001
  8.016232207035E-002  1.917724936867E-003  3.827683511082E-001  3.705377465960E+000 -2.281011663922E+001
  8.209324709253E-002  1.944153495867E-003  3.898807851864E-001  3.661567898588E+000 -2.256714508161E+001
  8.405068630235E-002  1.970753776782E-003  3.970050038327E-001  3.617632697384E+000 -2.232384422118E+001
  8.603481282122E-002  1.997528584221E-003  4.041390633315E-001  3.573581510658E+000 -2.208026907677E+001
  8.804580259214E-002  2.024480756857E-003  4.112810168486E-001  3.529423965244E+000 -2.183647413260E+001
  9.008383441408E-002  2.051613168108E-003  4.184289149237E-001  3.485169664015E+000 -2.159251332233E+001
  9.214908997710E-002  2.078928726810E-003  4.255808059625E-001  3.440828183419E+000 -2.134844001383E+001
  9.424175389809E-002  2.106430377918E-003  4.327347367305E-001  3.396409071077E+000 -2.110430699472E+001
  9.636201375725E-002  2.134121103210E-003  4.398887528468E-001  3.351921843409E+000 -2.086016645863E+001
  9.851006013526E-002  2.162003922007E-003  4.470408992783E-001  3.307375983315E+000 -2.061606999230E+001
  1.006860866512E-001  2.190081891910E-003  4.541892208352E-001  3.262780937888E+000 -2.037206856336E+001
  1.028902900012E-001  2.218358109541E-003  4.613317626659E-001  3.218146116181E+000 -2.012821250898E+001
  1.051228699979E-001  2.246835711311E-003  4.684665707541E-001  3.173480887002E+000 -1.988455152524E+001
  1.073840296104E-001  2.275517874190E-003  4.755916924147E-001  3.128794576766E+000 -1.964113465725E+001
  1.096739750056E-001  2.304407816497E-003  4.827051767915E-001  3.084096467379E+000 -1.939801029011E+001
  1.119929155896E-001  2.333508798707E-003  4.898050753550E-001  3.039395794165E+000 -1.915522614060E+001
  1.143410640503E-001  2.362824124271E-003  4.968894424011E-001  2.994701743832E+000 -1.891282924961E+001
  1.167186364011E-001  2.392357140448E-003  5.039563355497E-001  2.950023452483E+000 -1.867086597544E+001
  1.191258520249E-001  2.422111239159E-003  5.110038162453E-001  2.905370003656E+000 -1.842938198769E+001
  1.215629337189E-001  2.452089857854E-003  5.180299502564E-001  2.860750426414E+000 -1.818842226208E+001
  1.240301077413E-001  2.482296480400E-003  5.250328081774E-001  2.816173693460E+000 -1.794803107585E+001
  1.265276038575E-001  2.512734637975E-003  5.320104659300E-001  2.771648719292E+000 -1.770825200402E+001
  1.290556553882E-001  2.543407909995E-003  5.389610052657E-001  2.727184358397E+000 -1.746912791625E+001
  1.316144992580E-001  2.574319925047E-003  5.458825142690E-001  2.682789403471E+000 -1.723070097451E+001
  1.342043760450E-001  2.605474361847E-003  5.527730878616E-001  2.638472583673E+000 -1.699301263137E+001
  1.368255300316E-001  2.636874950214E-003  5.596308283067E-001  2.594242562913E+000 -1.675610362902E+001
  1.394782092560E-001  2.668525472060E-003  5.664538457148E-001  2.550107938163E+000 -1.652001399888E+001
  1.421626655646E-001  2.700429762411E-003  5.732402585499E-001  2.506077237799E+000 -1.628478306192E+001
  1.448791546661E-001  2.732591710434E-003  5.799881941369E-001  2.462158919969E+000 -1.605044942955E+001
  1.476279361856E-001  2.765015260497E-003  5.866957891689E-001  2.418361370983E+000 -1.581705100517E+001
  1.504092737207E-001  2.797704413242E-003  5.933611902166E-001  2.374692903725E+000 -1.558462498623E+001
  1.532234348983E-001  2.830663226680E-003  5.999825542372E-001  2.331161756088E+000 -1.535320786689E+001
  1.560706914324E-001  2.863895817319E-003  6.065580490855E-001  2.287776089425E+000 -1.512283544122E+001
  1.589513191834E-001  2.897406361298E-003  6.130858540244E-001  2.244543987019E+000 -1.489354280687E+001
  1.618655982178E-001  2.931199095559E-003  6.195641602369E-001  2.201473452567E+000 -1.466536436924E+001
  1.648138128702E-001  2.965278319033E-003  6.259911713393E-001  2.158572408673E+000 -1.443833384613E+001
  1.677962518056E-001  2.999648393860E-003  6.323651038938E-001  2.115848695362E+000 -1.421248427274E+001
  1.708132080832E-001  3.034313746623E-003  6.386841879231E-001  2.073310068591E+000 -1.398784800717E+001
  1.738649792215E-001  3.069278869616E-003  6.449466674246E-001  2.030964198775E+000 -1.376445673622E+001
  1.769518672648E-001  3.104548322136E-003  6.511508008860E-001  1.988818669318E+000 -1.354234148148E+001
  1.800741788507E-001  3.140126731803E-003  6.572948618006E-001  1.946880975140E+000 -1.332153260583E+001
  1.832322252791E-001  3.176018795904E-003  6.633771391836E-001  1.905158521216E+000 -1.310205982014E+001
  1.864263225826E-001  3.212229282769E-003  6.693959380881E-001  1.863658621103E+000 -1.288395219021E+001
  1.896567915983E-001  3.248763033179E-003  6.753495801219E-001  1.822388495472E+000 -1.266723814390E+001
  1.929239580409E-001  3.285624961791E-003  6.812364039636E-001  1.781355270637E+000 -1.245194547848E+001
  1.962281525771E-001  3.322820058613E-003  6.870547658795E-001  1.740565977066E+000 -1.223810136805E+001
  1.995697109023E-001  3.360353390492E-003  6.928030402396E-001  1.700027547902E+000 -1.202573237107E+001
  2.029489738173E-001  3.398230102644E-003  6.984796200331E-001  1.659746817456E+000 -1.181486443796E+001
  2.063662873085E-001  3.436455420218E-003  7.040829173838E-001  1.619730519702E+000 -1.160552291871E+001
  2.098220026275E-001  3.475034649885E-003  7.096113640642E-001  1.579985286754E+000 -1.139773257051E+001
  2.133164763746E-001  3.513973181471E-003  7.150634120091E-001  1.540517647328E+000 -1.119151756525E+001
  2.168500705817E-001  3.553276489620E-003  7.204375338272E-001  1.501334025194E+000 -1.098690149701E+001
  2.204231527988E-001  3.592950135496E-003  7.257322233114E-001  1.462440737602E+000 -1.078390738936E+001
  2.240360961807E-001  3.632999768520E-003  7.309459959481E-001  1.423843993701E+000 -1.058255770259E+001
  2.276892795770E-001  3.673431128145E-003  7.360773894227E-001  1.385549892935E+000 -1.038287434062E+001
  2.313830876220E-001  3.714250045674E-003  7.411249641245E-001  1.347564423415E+000 -1.018487865776E+001
  2.351179108282E-001  3.755462446115E-003  7.460873036471E-001  1.309893460281E+000 -9.988591465211E+000
  2.388941456809E-001  3.797074350078E-003  7.509630152870E-001  1.272542764035E+000 -9.794033037184E+000
  2.427121947345E-001  3.839091875711E-003  7.557507305378E-001  1.235517978860E+000 -9.601223116762E+000
  2.465724667110E-001  3.881521240686E-003  7.604491055807E-001  1.198824630917E+000 -9.410180921356E+000
  2.504753766009E-001  3.924368764227E-003  7.650568217709E-001  1.162468126616E+000 -9.220925147761E+000
  2.544213457654E-001  3.967640869177E-003  7.695725861188E-001  1.126453750878E+000 -9.033473976788E+000
  2.584108020414E-001  4.011344084122E-003  7.739951317656E-001  1.090786665369E+000 -8.847845077436E+000
  2.624441798480E-001  4.055485045557E-003  7.783232184542E-001  1.055471906719E+000 -8.664055610569E+000
  2.665219202956E-001  4.100070500102E-003  7.825556329925E-001  1.020514384723E+000 -8.482122232083E+000
  2.706444712976E-001  4.145107306769E-003  7.866911897106E-001  9.859188805266E-001 -8.302061095531E+000
  2.748122876832E-001  4.190602439283E-003  7.907287309106E-001  9.516900447988E-001 -8.123887854190E+000
  2.790258313137E-001  4.236562988450E-003  7.946671273080E-001  9.178323958883E-001 -7.947617662540E+000
  2.832855712010E-001  4.282996164587E-003  7.985052784644E-001  8.843503179728E-001 -7.773265177141E+000
  2.875919836279E-001  4.329909300005E-003  8.022421132122E-001  8.512480591989E-001 -7.600844556897E+000
  2.919455522717E-001  4.377309851548E-003  8.058765900676E-001  8.185297298172E-001 -7.430369462676E+000
  2.963467683296E-001  4.425205403192E-003  8.094076976346E-001  7.861993003146E-001 -7.261853056299E+000
  3.007961306479E-001  4.473603668706E-003  8.128344549975E-001  7.542605995474E-001 -7.095307998858E+000
  3.052941458522E-001  4.522512494374E-003  8.161559121007E-001  7.227173128794E-001 -6.930746448383E+000
  3.098413284823E-001  4.571939861783E-003  8.193711501173E-001  6.915729803276E-001 -6.768180056840E+000
  3.144382011281E-001  4.621893890671E-003  8.224792818034E-001  6.608309947204E-001 -6.607619966458E+000
  3.190852945695E-001  4.672382841850E-003  8.254794518389E-001  6.304945998727E-001 -6.449076805397E+000
  3.237831479192E-001  4.723415120192E-003  8.283708371539E-001  6.005668887821E-001 -6.292560682745E+000
  3.285323087679E-001  4.774999277691E-003  8.311526472389E-001  5.710508018518E-001 -6.138081182871E+000
  3.333333333333E-001  4.827144016591E-003  8.338241244394E-001  5.419491251452E-001 -5.985647359128E+000
  3.381867866117E-001  4.879858192602E-003  8.363845442339E-001  5.132644886774E-001 -5.835267726934E+000
  3.430932425333E-001  4.933150818173E-003  8.388332154934E-001  4.849993647503E-001 -5.686950256234E+000
  3.480532841203E-001  4.987031065868E-003  8.411694807238E-001  4.571560663364E-001 -5.540702363382E+000
  3.530675036492E-001  5.041508271801E-003  8.433927162878E-001  4.297367455183E-001 -5.396530902449E+000
  3.581365028158E-001  5.096591939172E-003  8.455023326082E-001  4.027433919902E-001 -5.254442155996E+000
  3.632608929041E-001  5.152291741875E-003  8.474977743505E-001  3.761778316285E-001 -5.114441825348E+000
  3.684412949588E-001  5.208617528209E-003  8.493785205840E-001  3.500417251378E-001 -4.976535020382E+000
  3.736783399619E-001  5.265579324662E-003  8.511440849214E-001  3.243365667807E-001 -4.840726248899E+000
  3.789726690123E-001  5.323187339805E-003  8.527940156359E-001  2.990636831976E-001 -4.707019405595E+000
  3.843249335105E-001  5.381451968273E-003  8.543278957554E-001  2.742242323247E-001 -4.575417760686E+000
  3.897357953460E-001  5.440383794842E-003  8.557453431328E-001  2.498192024182E-001 -4.445923948244E+000
  3.952059270903E-001  5.499993598618E-003  8.570460104928E-001  2.258494111914E-001 -4.318539954286E+000
  4.007360121927E-001  5.560292357317E-003  8.582295854531E-001  2.023155050739E-001 -4.193267104668E+000
  4.063267451812E-001  5.621291251662E-003  8.592957905216E-001  1.792179585995E-001 -4.070106052862E+000
  4.119788318683E-001  5.683001669888E-003  8.602443830674E-001  1.565570739325E-001 -3.949056767650E+000
  4.176929895600E-001  5.745435212354E-003  8.610751552659E-001  1.343329805387E-001 -3.830118520832E+000
  4.234699472710E-001  5.808603696282E-003  8.617879340188E-001  1.125456350096E-001 -3.713289874983E+000
  4.293104459435E-001  5.872519160606E-003  8.623825808464E-001  9.119482104832E-002 -3.598568671358E+000
  4.352152386716E-001  5.937193870949E-003  8.628589917544E-001  7.028014962423E-002 -3.485952017993E+000
  4.411850909306E-001  6.002640324729E-003  8.632170970737E-001  4.980105930408E-002 -3.375436278106E+000
  4.472207808110E-001  6.068871256391E-003  8.634568612738E-001  2.975681676723E-002 -3.267017058837E+000
  4.533230992589E-001  6.135899642772E-003  8.635782827498E-001  1.014651751206E-002 -3.160689200452E+000
  4.594928503202E-001  6.203738708611E-003  8.635813935825E-001 -9.030913239489E-003 -3.056446766048E+000
  4.657308513924E-001  6.272401932198E-003  8.634662592733E-001 -2.777671943269E-002 -2.954283031871E+000
  4.720379334802E-001  6.341903051163E-003  8.632329784527E-001 -4.609231285974E-002 -2.854190478321E+000
  4.784149414579E-001  6.412256068427E-003  8.628816825640E-001 -6.397927162274E-002 -2.756160781721E+000
  4.848627343381E-001  6.483475258298E-003  8.624125355216E-001 -8.143933837442E-002 -2.660184806947E+000
  4.913821855461E-001  6.555575172733E-003  8.618257333463E-001 -9.847441833185E-002 -2.566252600993E+000
  4.979741832006E-001  6.628570647764E-003  8.611215037764E-001 -1.150865770588E-001 -2.474353387558E+000
  5.046396304008E-001  6.702476810086E-003  8.603001058566E-001 -1.312780380129E-001 -2.384475562747E+000
  5.113794455212E-001  6.777309083830E-003  8.593618295063E-001 -1.470511798548E-001 -2.296606691948E+000
  5.181945625116E-001  6.853083197508E-003  8.583069950667E-001 -1.624085335170E-001 -2.210733507991E+000
  5.250859312060E-001  6.929815191146E-003  8.571359528292E-001 -1.773527790302E-001 -2.126841910652E+000
  5.320545176366E-001  7.007521423604E-003  8.558490825465E-001 -1.918867421070E-001 -2.044916967572E+000
  5.391013043575E-001  7.086218580100E-003  8.544467929275E-001 -2.060133904834E-001 -1.964942916694E+000
  5.462272907741E-001  7.165923679926E-003  8.529295211173E-001 -2.197358300175E-001 -1.886903170249E+000
  5.534334934816E-001  7.246654084380E-003  8.512977321653E-001 -2.330573005492E-001 -1.810780320393E+000
  5.607209466109E-001  7.328427504912E-003  8.495519184814E-001 -2.459811715222E-001 -1.736556146535E+000
  5.680907021827E-001  7.411262011483E-003  8.476925992846E-001 -2.585109373736E-001 -1.664211624424E+000
  5.755438304707E-001  7.495176041166E-003  8.457203200438E-001 -2.706502126954E-001 -1.593726937041E+000
  5.830814203728E-001  7.580188406970E-003  8.436356519151E-001 -2.824027271734E-001 -1.525081487354E+000
  5.907045797917E-001  7.666318306912E-003  8.414391911762E-001 -2.937723203122E-001 -1.458253912965E+000
  5.984144360243E-001  7.753585333338E-003  8.391315586620E-001 -3.047629359535E-001 -1.393222102687E+000
  6.062121361613E-001  7.842009482502E-003  8.367133992022E-001 -3.153786165980E-001 -1.329963215085E+000
  6.140988474955E-001  7.931611164409E-003  8.341853810658E-001 -3.256234975410E-001 -1.268453698994E+000
  6.220757579409E-001  8.022411212936E-003  8.315481954131E-001 -3.355018008343E-001 -1.208669316023E+000
  6.301440764614E-001  8.114430896230E-003  8.288025557593E-001 -3.450178290879E-001 -1.150585165056E+000
  6.383050335109E-001  8.207691927403E-003  8.259491974526E-001 -3.541759591248E-001 -1.094175708746E+000
  6.465598814833E-001  8.302216475524E-003  8.229888771690E-001 -3.629806355061E-001 -1.039414801979E+000
  6.549098951744E-001  8.398027176926E-003  8.199223724279E-001 -3.714363639420E-001 -9.862757222870E-001
  6.633563722545E-001  8.495147146827E-003  8.167504811311E-001 -3.795477046076E-001 -9.347312021877E-001
  6.719006337539E-001  8.593599991288E-003  8.134740211276E-001 -3.873192653834E-001 -8.847534633888E-001
  6.805440245593E-001  8.693409819506E-003  8.100938298090E-001 -3.947556950386E-001 -8.363142528192E-001
  6.892879139233E-001  8.794601256469E-003  8.066107637371E-001 -4.018616763820E-001 -7.893848804153E-001
  6.981336959871E-001  8.897199455961E-003  8.030256983072E-001 -4.086419194003E-001 -7.439362585893E-001
  7.070827903152E-001  9.001230113956E-003  7.993395274506E-001 -4.151011544095E-001 -6.999389432945E-001
  7.161366424455E-001  9.106719482390E-003  7.955531633790E-001 -4.212441252415E-001 -6.573631765912E-001
  7.252967244510E-001  9.213694383338E-003  7.916675363736E-001 -4.270755824947E-001 -6.161789306075E-001
  7.345645355186E-001  9.322182223606E-003  7.876835946214E-001 -4.326002768712E-001 -5.763559527755E-001
  7.439416025400E-001  9.432211009745E-003  7.836023041027E-001 -4.378229526294E-001 -5.378638122181E-001
  7.534294807203E-001  9.543809363512E-003  7.794246485306E-001 -4.427483411795E-001 -5.006719471453E-001
  7.630297542000E-001  9.657006537783E-003  7.751516293457E-001 -4.473811548481E-001 -4.647497131136E-001
  7.727440366954E-001  9.771832432940E-003  7.707842657687E-001 -4.517260808419E-001 -4.300664319910E-001
  7.825739721536E-001  9.888317613741E-003  7.663235949116E-001 -4.557877754376E-001 -3.965914414587E-001
  7.925212354258E-001  1.000649332670E-002  7.617706719499E-001 -4.595708584263E-001 -3.642941448764E-001
  8.025875329584E-001  1.012639151798E-002  7.571265703576E-001 -4.630799078414E-001 -3.331440613248E-001
  8.127746035011E-001  1.024804485184E-002  7.523923822050E-001 -4.663194549976E-001 -3.031108756354E-001
  8.230842188350E-001  1.037148672960E-002  7.475692185206E-001 -4.692939798674E-001 -2.741644882090E-001
  8.335181845190E-001  1.049675130923E-002  7.426582097185E-001 -4.720079068244E-001 -2.462750644183E-001
  8.440783406568E-001  1.062387352550E-002  7.376605060891E-001 -4.744656007762E-001 -2.194130833863E-001
  8.547665626839E-001  1.075288911077E-002  7.325772783547E-001 -4.766713637154E-001 -1.935493859255E-001
  8.655847621758E-001  1.088383461638E-002  7.274097182887E-001 -4.786294317093E-001 -1.686552214227E-001
  8.765348876780E-001  1.101674743475E-002  7.221590393960E-001 -4.803439723533E-001 -1.447022934506E-001
  8.876189255584E-001  1.115166582209E-002  7.168264776545E-001 -4.818190827070E-001 -1.216628038859E-001
  8.988389008829E-001  1.128862892191E-002  7.114132923143E-001 -4.830587877335E-001 -9.950949531649E-002
  9.101968783143E-001  1.142767678917E-002  7.059207667525E-001 -4.840670392569E-001 -7.821569151931E-002
  9.216949630368E-001  1.156885041525E-002  7.003502093794E-001 -4.848477154558E-001 -5.775533579480E-002
  9.333353017046E-001  1.171219175365E-002  6.947029545932E-001 -4.854046209014E-001 -3.810302694909E-002
  9.451200834176E-001  1.185774374655E-002  6.889803637782E-001 -4.857414871534E-001 -1.923405271938E-002
  9.570515407237E-001  1.200555035216E-002  6.831838263421E-001 -4.858619739183E-001 -1.124420446452E-003
  9.691319506484E-001  1.215565657299E-002  6.773147607854E-001 -4.857696707746E-001  1.624911519303E-002
  9.813636357544E-001  1.230810848498E-002  6.713746157988E-001 -4.854680994665E-001  3.290902757168E-002
  9.937489652293E-001  1.246295326757E-002  6.653648713801E-001 -4.849607167614E-001  4.887699677890E-002
  1.006290356005E+000  1.262023923477E-002  6.592870399642E-001 -4.842509178679E-001  6.417389172241E-002
  1.018990273907E+000  1.278001586715E-002  6.531426675583E-001 -4.833420404014E-001  7.881975580043E-002
  1.031851234841E+000  1.294233384499E-002  6.469333348732E-001 -4.822373688864E-001  9.283379626479E-002
  1.044875806003E+000  1.310724508236E-002  6.406606584428E-001 -4.809401397762E-001  1.062343773772E-001
  1.058066607138E+000  1.327480276248E-002  6.343262917220E-001 -4.794535469697E-001  1.190390174418E-001
  1.071426311823E+000  1.344506137405E-002  6.279319261522E-001 -4.777807477998E-001  1.312643897770E-001
  1.084957648792E+000  1.361807674895E-002  6.214792921853E-001 -4.759248694634E-001  1.429263276664E-001
  1.098663403298E+000  1.379390610110E-002  6.149701602555E-001 -4.738890158605E-001  1.540398333081E-001
  1.112546418516E+000  1.397260806657E-002  6.084063416866E-001 -4.716762748043E-001  1.646190907558E-001
  1.126609596985E+000  1.415424274514E-002  6.017896895247E-001 -4.692897255614E-001  1.746774828205E-001
  1.140855902095E+000  1.433887174317E-002  5.951220992843E-001 -4.667324466770E-001  1.842276118782E-001
  1.155288359613E+000  1.452655821788E-002  5.884055095960E-001 -4.640075240356E-001  1.932813244998E-001
  1.169910059257E+000  1.471736692327E-002  5.816419027444E-001 -4.611180591056E-001  2.018497397957E-001
  1.184724156317E+000  1.491136425740E-002  5.748333050837E-001 -4.580671773116E-001  2.099432813395E-001
  1.199733873325E+000  1.510861831145E-002  5.679817873201E-001 -4.548580364754E-001  2.175717125082E-001
  1.214942501771E+000  1.530919892035E-002  5.610894646492E-001 -4.514938352648E-001  2.247441750515E-001
  1.230353403874E+000  1.551317771520E-002  5.541584967367E-001 -4.479778215848E-001  2.314692306743E-001
  1.245970014403E+000  1.572062817747E-002  5.471910875319E-001 -4.443133008458E-001  2.377549053931E-001
  1.261795842559E+000  1.593162569510E-002  5.401894849037E-001 -4.405036440410E-001  2.436087364013E-001
  1.277834473907E+000  1.614624762054E-002  5.331559800890E-001 -4.365522955614E-001  2.490378211541E-001
  1.294089572372E+000  1.636457333079E-002  5.260929069437E-001 -4.324627806816E-001  2.540488683640E-001
  1.310564882294E+000  1.658668428962E-002  5.190026409898E-001 -4.282387126423E-001  2.586482505738E-001
  1.327264230548E+000  1.681266411190E-002  5.118875982485E-001 -4.238837992613E-001  2.628420579590E-001
  1.344191528724E+000  1.704259863026E-002  5.047502338549E-001 -4.194018490019E-001  2.666361529901E-001
  1.361350775387E+000  1.727657596408E-002  4.975930404481E-001 -4.147967764314E-001  2.700362255768E-001
  1.378746058390E+000  1.751468659100E-002  4.904185463328E-001 -4.100726070013E-001  2.730478482969E-001
  1.396381557275E+000  1.775702342093E-002  4.832293134093E-001 -4.052334810878E-001  2.756765313114E-001
  1.414261545744E+000  1.800368187279E-002  4.760279348711E-001 -4.002836572290E-001  2.779277765537E-001
  1.432390394201E+000  1.825475995395E-002  4.688170326701E-001 -3.952275145035E-001  2.798071307829E-001
  1.450772572390E+000  1.851035834267E-002  4.615992547508E-001 -3.900695539976E-001  2.813202370885E-001
  1.469412652102E+000  1.877058047342E-002  4.543772720582E-001 -3.848143993130E-001  2.824728844381E-001
  1.488315309978E+000  1.903553262542E-002  4.471537753239E-001 -3.794667960738E-001  2.832710548678E-001
  1.507485330398E+000  1.930532401444E-002  4.399314716372E-001 -3.740316103973E-001  2.837209679228E-001
  1.526927608467E+000  1.958006688797E-002  4.327130808120E-001 -3.685138263002E-001  2.838291219740E-001
  1.546647153093E+000  1.985987662391E-002  4.255013315588E-001 -3.629185420191E-001  2.836023320505E-001
  1.566649090169E+000  2.014487183303E-002  4.182989574756E-001 -3.572509652325E-001  2.830477638526E-001
  1.586938665861E+000  2.043517446518E-002  4.111086928728E-001 -3.515164071802E-001  2.821729636329E-001
  1.607521250000E+000  2.073090991960E-002  4.039332684485E-001 -3.457202756837E-001  2.809858836642E-001
  1.628402339588E+000  2.103220715932E-002  3.967754068333E-001 -3.398680670829E-001  2.794949030422E-001
  1.649587562420E+000  2.133919883002E-002  3.896378180255E-001 -3.339653571100E-001  2.777088436096E-001
  1.671082680832E+000  2.165202138333E-002  3.825231947381E-001 -3.280177907366E-001  2.756369808238E-001
  1.692893595565E+000  2.197081520497E-002  3.754342076831E-001 -3.220310710343E-001  2.732890494330E-001
  1.715026349769E+000  2.229572474776E-002  3.683735008175E-001 -3.160109471028E-001  2.706752438686E-001
  1.737487133138E+000  2.262689866987E-002  3.613436865787E-001 -3.099632011287E-001  2.678062133072E-001
  1.760282286187E+000  2.296448997842E-002  3.543473411378E-001 -3.038936346451E-001  2.646930514028E-001
  1.783418304674E+000  2.330865617868E-002  3.473869996988E-001 -2.978080540772E-001  2.613472807386E-001
  1.806901844175E+000  2.365955942924E-002  3.404651518756E-001 -2.917122556603E-001  2.577808320962E-001
  1.830739724818E+000  2.401736670327E-002  3.335842371763E-001 -2.856120098332E-001  2.540060186907E-001
  1.854938936184E+000  2.438224995616E-002  3.267466406268E-001 -2.795130452117E-001  2.500355055689E-001
  1.879506642368E+000  2.475438629994E-002  3.199546885638E-001 -2.734210322575E-001  2.458822744163E-001
  1.904450187236E+000  2.513395818467E-002  3.132106446292E-001 -2.673415667624E-001  2.415595840670E-001
  1.929777099847E+000  2.552115358717E-002  3.065167059960E-001 -2.612801532744E-001  2.370809270556E-001
  1.955495100083E+000  2.591616620741E-002  2.998749998545E-001 -2.552421885958E-001  2.324599825921E-001
  1.981612104475E+000  2.631919567292E-002  2.932875801889E-001 -2.492329454870E-001  2.277105663842E-001
  2.008136232230E+000  2.673044775156E-002  2.867564248696E-001 -2.432575567106E-001  2.228465777648E-001
  2.035075811486E+000  2.715013457311E-002  2.802834330864E-001 -2.373209995534E-001  2.178819446182E-001
  2.062439385788E+000  2.757847486001E-002  2.738704231469E-001 -2.314280809615E-001  2.128305666244E-001
  2.090235720801E+000  2.801569416771E-002  2.675191306581E-001 -2.255834234205E-001  2.077062573654E-001
  2.118473811262E+000  2.846202513514E-002  2.612312071106E-001 -2.197914517122E-001  2.025226858560E-001
  2.147162888201E+000  2.891770774564E-002  2.550082188788E-001 -2.140563806721E-001  1.972933180721E-001
  2.176312426413E+000  2.938298959899E-002  2.488516466473E-001 -2.083822040651E-001  1.920313590578E-001
  2.205932152222E+000  2.985812619504E-002  2.427628852716E-001 -2.027726846893E-001  1.867496961889E-001
  2.236032051522E+000  3.034338122938E-002  2.367432440753E-001 -1.972313458093E-001  1.814608441690E-001
  2.266622378129E+000  3.083902690182E-002  2.307939475827E-001 -1.917614640074E-001  1.761768923155E-001
  2.297713662445E+000  3.134534423818E-002  2.249161366818E-001 -1.863660635295E-001  1.709094546765E-001
  2.329316720450E+000  3.186262342603E-002  2.191108702058E-001 -1.810479121895E-001  1.656696234927E-001
  2.361442663038E+000  3.239116416519E-002  2.133791269212E-001 -1.758095188810E-001  1.604679264826E-001
  2.394102905709E+000  3.293127603351E-002  2.077218079003E-001 -1.706531327282E-001  1.553142883957E-001
  2.427309178642E+000  3.348327886897E-002  2.021397392553E-001 -1.655807438929E-001  1.502179972270E-001
  2.461073537146E+000  3.404750316862E-002  1.966336752061E-001 -1.605940860363E-001  1.451876754410E-001
  2.495408372530E+000  3.462429050548E-002  1.912043014483E-001 -1.556946404163E-001  1.402312564958E-001
  2.530326423398E+000  3.521399396401E-002  1.858522387832E-001 -1.508836415833E-001  1.353559668978E-001
  2.565840787378E+000  3.581697859546E-002  1.805780469719E-001 -1.461620846201E-001  1.305683139560E-001
  2.601964933334E+000  3.643362189376E-002  1.753822287655E-001 -1.415307338508E-001  1.258740793378E-001
  2.638712714049E+000  3.706431429322E-002  1.702652340671E-001 -1.369901329304E-001  1.212783184596E-001
  2.676098379430E+000  3.770945968912E-002  1.652274641729E-001 -1.325406162052E-001  1.167853656776E-001
  2.714136590232E+000  3.836947598236E-002  1.602692760424E-001 -1.281823212217E-001  1.123988451724E-001
  2.752842432351E+000  3.904479564947E-002  1.553909865421E-001 -1.239152022449E-001  1.081216873537E-001
  2.792231431696E+000  3.973586633921E-002  1.505928766096E-001 -1.197390446356E-001  1.039561505435E-001
  2.832319569669E+000  4.044315149734E-002  1.458751952832E-001 -1.156534799207E-001  9.990384763060E-002
  2.873123299289E+000  4.116713102086E-002  1.412381635429E-001 -1.116580013866E-001  9.596577732873E-002
  2.914659561979E+000  4.190830194354E-002  1.366819779104E-001 -1.077519800120E-001  9.214235961382E-002
  2.956945805065E+000  4.266717915414E-002  1.322068137580E-001 -1.039346805562E-001  8.843347486379E-002
  3.000000000000E+000  4.344429614932E-002  1.278128282798E-001 -1.002052776122E-001  8.483850617989E-002
  3.043840661365E+000  4.424020582308E-002  1.235001630803E-001 -9.656287143681E-002  8.135638433037E-002
  3.088486866678E+000  4.505548129460E-002  1.192689463439E-001 -9.300650336948E-002  7.798563472658E-002
  3.133958277047E+000  4.589071677685E-002  1.151192945503E-001 -8.953517065987E-002  7.472442582000E-002
  3.180275158719E+000  4.674652848797E-002  1.110513137094E-001 -8.614784052904E-002  7.157061829533E-002
  3.227458405560E+000  4.762355560797E-002  1.070651000956E-001 -8.284346330236E-002  6.852181443078E-002
  3.275529562509E+000  4.852246128332E-002  1.031607404680E-001 -7.962098446424E-002  6.557540700211E-002
  3.324510850077E+000  4.944393368200E-002  9.933831177190E-002 -7.647935550130E-002  6.272862712192E-002
  3.374425189910E+000  5.038868710203E-002  9.559788032381E-002 -7.341754341877E-002  5.997859042969E-002
  3.425296231502E+000  5.135746313639E-002  9.193950049266E-002 -7.043453883563E-002  5.732234108182E-002
  3.477148380094E+000  5.235103189784E-002  8.836321289635E-002 -6.752936258596E-002  5.475689303254E-002
  3.530006825834E+000  5.337019330676E-002  8.486904214281E-002 -6.470107077852E-002  5.227926814726E-002
  3.583897574256E+000  5.441577844603E-002  8.145699415243E-002 -6.194875829109E-002  4.988653074737E-002
  3.638847478148E+000  5.548865098670E-002  7.812705310707E-002 -5.927156070265E-002  4.757581824975E-002
  3.694884270887E+000  5.658970868864E-002  7.487917807809E-002 -5.666865469222E-002  4.534436763398E-002
  3.752036601308E+000  5.771988498079E-002  7.171329939283E-002 -5.413925695971E-002  4.318953754437E-002
  3.810334070199E+000  5.888015062562E-002  6.862931480497E-002 -5.168262174951E-002  4.110882591099E-002
  3.869807268505E+000  6.007151547295E-002  6.562708553900E-002 -4.929803708201E-002  3.909988305278E-002
  3.930487817331E+000  6.129503030858E-002  6.270643228298E-002 -4.698481982112E-002  3.716052030482E-002
  3.992408409843E+000  6.255178880352E-002  5.986713120607E-002 -4.474230972628E-002  3.528871428986E-002
  4.055602855172E+000  6.384292957002E-002  5.710891007870E-002 -4.256986265585E-002  3.348260702903E-002
  4.120106124432E+000  6.516963833101E-002  5.443144457229E-002 -4.046684310364E-002  3.174050215766E-002
  4.185954398964E+000  6.653315021009E-002  5.183435481407E-002 -3.843261626169E-002  3.006085757719E-002
  4.253185120935E+000  6.793475214960E-002  4.931720226822E-002 -3.646653981062E-002  2.844227493204E-002
  4.321837046422E+000  6.937578546490E-002  4.687948700987E-002 -3.456795564206E-002  2.688348635010E-002
  4.391950301120E+000  7.085764854355E-002  4.452064545134E-002 -3.273618171742E-002  2.538333892530E-002
  4.463566438835E+000  7.238179969882E-002  4.224004857177E-002 -3.097050426181E-002  2.394077745077E-002
  4.536728502895E+000  7.394976018725E-002  4.003700069168E-002 -2.927017048314E-002  2.255482592919E-002
  4.611481090679E+000  7.556311740127E-002  3.791073882296E-002 -2.763438199174E-002  2.122456839401E-002
  4.687870421430E+000  7.722352824817E-002  3.586043261304E-002 -2.606228907889E-002  1.994912956990E-002
  4.765944407533E+000  7.893272272784E-002  3.388518488918E-002 -2.455298599023E-002  1.872765588405E-002
  4.845752729492E+000  8.069250772248E-002  3.198403279598E-002 -2.310550730523E-002  1.755929731094E-002
  4.927346914797E+000  8.250477101257E-002  3.015594950561E-002 -2.171882550605E-002  1.644319049432E-002
  5.010780420931E+000  8.437148553436E-002  2.839984646746E-002 -2.039184978857E-002  1.537844354028E-002
  5.096108722763E+000  8.629471389541E-002  2.671457615133E-002 -1.912342613703E-002  1.436412281719E-002
  5.183389404586E+000  8.827661316581E-002  2.509893522675E-002 -1.791233865120E-002  1.339924203274E-002
  5.272682257105E+000  9.031943996425E-002  2.355166811062E-002 -1.675731208258E-002  1.248275378703E-002
  5.364049379651E+000  9.242555585946E-002  2.207147080694E-002 -1.565701550516E-002  1.161354372587E-002
  5.457555287978E+000  9.459743310926E-002  2.065699495562E-002 -1.461006701656E-002  1.079042734141E-002
  5.553267027968E+000  9.683766076100E-002  1.930685200319E-002 -1.361503933914E-002  1.001214939130E-002
  5.651254295630E+000  9.914895113938E-002  1.801961740626E-002 -1.267046616745E-002  9.277385833443E-003
  5.751589563796E+000  1.015341467494E-001  1.679383477962E-002 -1.177484908991E-002  8.584748104425E-003
  5.854348215936E+000  1.039962276248E-001  1.562801990461E-002 -1.092666489900E-002  7.932789507020E-003
  5.959608687557E+000  1.065383191537E-001  1.452066451987E-002 -1.012437309612E-002  7.320013418211E-003
  6.067452615683E+000  1.091637004188E-001  1.347023982613E-002 -9.366423395351E-003  6.744882985008E-003
  6.177964996951E+000  1.118758130872E-001  1.247519964843E-002 -8.651263034105E-003  6.205831942719E-003
  6.291234354880E+000  1.146782708938E-001  1.153398321380E-002 -7.977343708852E-003  5.701276169927E-003
  6.407352916949E+000  1.175748697626E-001  1.064501751833E-002 -7.343127970132E-003  5.229625586907E-003
  6.526416802128E+000  1.205695986129E-001  9.806719275698E-003 -6.747094932476E-003  4.789296009648E-003
  6.648526219580E+000  1.236666509049E-001  9.017496457694E-003 -6.187745181314E-003  4.378720589834E-003
  6.773785679311E+000  1.268704369821E-001  8.275749456411E-003 -5.663604789352E-003  3.996360501218E-003
  6.902304215570E+000  1.301855972713E-001  7.579871916391E-003 -5.173228388455E-003  3.640714573709E-003
  7.034195623922E+000  1.336170164087E-001  6.928251302471E-003 -4.715201278594E-003  3.310327626610E-003
  7.169578712934E+000  1.371698383673E-001  6.319269284732E-003 -4.288140591576E-003  3.003797309909E-003
  7.308577571516E+000  1.408494826628E-001  5.751302034925E-003 -3.890695562870E-003  2.719779325134E-003
  7.451321853057E+000  1.446616617293E-001  5.222720538439E-003 -3.521546998454E-003  2.456990962712E-003
  7.597947077547E+000  1.486123995567E-001  4.731891031634E-003 -3.179406053865E-003  2.214212958497E-003
  7.748594953021E+000  1.527080516973E-001  4.277175675630E-003 -2.863012468389E-003  1.990289735698E-003
  7.903413717736E+000  1.569553267535E-001  3.856933574161E-003 -2.571132417324E-003  1.784128157341E-003
  8.062558504629E+000  1.613613094717E-001  3.469522234504E-003 -2.302556158660E-003  1.594694966502E-003
  8.226191729726E+000  1.659334855793E-001  3.113299556909E-003 -2.056095656538E-003  1.421013134769E-003
  8.394483506327E+000  1.706797685137E-001  2.786626419506E-003 -1.830582362068E-003  1.262157372177E-003
  8.567612086926E+000  1.756085282071E-001  2.487869902782E-003 -1.624865322404E-003  1.117249072956E-003
  8.745764335025E+000  1.807286221064E-001  2.215407171060E-003 -1.437809771504E-003  9.854509801819E-004
  8.929136229160E+000  1.860494286260E-001  1.967629998924E-003 -1.268296331372E-003  8.659618485469E-004
  9.117933401693E+000  1.915808832504E-001  1.742949899132E-003 -1.115220921620E-003  7.580113684036E-004
  9.312371715124E+000  1.973335175235E-001  1.539803776756E-003 -9.774954390866E-004  6.608555867598E-004
  9.512677878945E+000  2.033185011886E-001  1.356660003264E-003 -8.540492295804E-004  5.737730234859E-004
  9.719090110332E+000  2.095476877688E-001  1.192024775640E-003 -7.438313321941E-004  4.960616354076E-004
  9.931858842267E+000  2.160336639044E-001  1.044448600920E-003 -6.458134350939E-004  4.270367294682E-004
  1.015124748302E+001  2.227898028021E-001  9.125327271351E-004 -5.589934421151E-004  3.660298712422E-004
  1.037753323129E+001  2.298303221843E-001  7.949353289460E-004 -4.823995139767E-004  3.123887794872E-004
  1.061100795175E+001  2.371703471699E-001  6.903772513809E-004 -4.150944183193E-004  2.654781438794E-004
  1.085197911611E+001  2.448259785618E-001  5.976471187926E-004 -3.561800007885E-004  2.246812542793E-004
  1.110077081537E+001  2.528143670735E-001  5.156056289545E-004 -3.048015764176E-004  1.894022882896E-004
  1.135772484956E+001  2.611537940784E-001  4.431888740578E-004 -2.601520375799E-004  1.590690716130E-004
  1.162320190175E+001  2.698637595360E-001  3.794105608071E-004 -2.214754822793E-004  1.331361044485E-004
  1.189758280382E+001  2.789650778206E-001  3.233630398127E-004 -1.880701844446E-004  1.110876379341E-004
  1.218126990242E+001  2.884799822596E-001  2.742170985674E-004 -1.592907555369E-004  9.244058785820E-005
  1.247468853413E+001  2.984322392826E-001  2.312205204843E-004 -1.345493828947E-004  7.674708819774E-005
  1.277828862002E+001  3.088472731875E-001  1.936954624184E-004 -1.133160730258E-004  6.359651346208E-005
  1.309254639077E+001  3.197523026463E-001  1.610347521569E-004 -9.511787518932E-005  5.261683460684E-005
  1.341796625462E+001  3.311764902095E-001  1.326972527806E-004 -7.953710945134E-005  4.347521610768E-005
  1.375508282195E+001  3.431511062169E-001  1.082024798368E-004 -6.620867105048E-005  3.587780887117E-005
  1.410446310162E+001  3.557097086969E-001  8.712468742108E-005 -5.481652650055E-005  2.956874193645E-005
  1.446670888596E+001  3.688883410292E-001  6.908665846460E-005 -4.508955365300E-005  2.432836223760E-005
  1.484245934302E+001  3.827257493700E-001  5.375344125339E-005 -3.679690561702E-005  1.997081304959E-005
  1.523239383723E+001  3.972636220891E-001  4.082626774650E-005 -2.974309522238E-005  1.634107549996E-005
  1.563723500136E+001  4.125468537596E-001  3.003686970058E-005 -2.376300157527E-005  1.331162164283E-005
  1.605775208607E+001  4.286238365683E-001  2.114237697121E-005 -1.871699299984E-005  1.077884075826E-005
  1.649476461582E+001  4.455467823929E-001  1.392094052896E-005 -1.448634195205E-005  8.659402308173E-006
  1.694914638379E+001  4.633720792263E-001  8.168173372665E-006 -1.096907885635E-005  6.886709790202E-006
  1.742182982203E+001  4.821606861220E-001  3.694448927081E-006 -8.076395506553E-006  5.407580871023E-006
  1.791381078784E+001  5.019785714107E-001  3.230423404401E-007 -5.729667503755E-006  4.179262656574E-006
  1.842615381215E+001  5.228971995942E-001 -2.110950882180E-006 -3.858122319929E-006  3.166859307466E-006
  1.895999786176E+001  5.449940730840E-001 -3.761028691682E-006 -2.397138177381E-006  2.341215255126E-006
  1.951656267356E+001  5.683533358366E-001 -4.769172915606E-006 -1.287122007730E-006  1.677263859211E-006
  2.009715572669E+001  5.930664469535E-001 -5.265382671445E-006 -4.728848133225E-007  1.152821064779E-006
  2.070317992707E+001  6.192329335039E-001 -5.367025869643E-006  9.658836797647E-008  7.477785900475E-007
  2.133614208874E+001  6.469612332096E-001 -5.178178839716E-006  4.680879861484E-007  4.436328801337E-007
  2.199766230782E+001  6.763696392388E-001 -4.789106131428E-006  6.839644151691E-007  2.232752408677E-007
  2.268948433818E+001  7.075873612439E-001 -4.276003558383E-006  7.818548245005E-007  7.096521583044E-008
  2.341348709294E+001  7.407557189842E-001 -3.701090377061E-006  7.944443430631E-007 -2.758729019733E-008
  2.417169741362E+001  7.760294874639E-001 -3.113094600912E-006  7.493319914612E-007 -8.509662851041E-008
  2.496630426925E+001  8.135784155747E-001 -2.548132662495E-006  6.690471676666E-007 -1.125852589679E-007
  2.579967457140E+001  8.535889438281E-001 -2.030944796140E-006  5.712369994798E-007 -1.193141141470E-007
  2.667437081864E+001  8.962661510291E-001 -1.576414119381E-006  4.690210357709E-007 -1.127810479929E-007
  2.759317081651E+001  9.418359647997E-001 -1.191273268901E-006  3.714896174028E-007 -9.879431051558E-008
  2.855908975674E+001  9.905476768748E-001 -8.758894600966E-007  2.843074162688E-007 -8.161568017489E-008
  2.957540498378E+001  1.042676811269E+000 -6.260176843872E-007  2.103749856695E-007 -6.415875325632E-008
  3.064568382919E+001  1.098528402000E+000 -4.344218671891E-007  1.504989485223E-007 -4.822235822441E-008
  3.177381495601E+001  1.158440747351E+000 -2.922833909069E-007  1.040251772155E-007 -3.473712573301E-008
  3.296404372807E+001  1.222789720048E+000 -1.903426196769E-007  6.939787633531E-008 -2.400450556598E-008
  3.422101220608E+001  1.291993727721E+000 -1.197484338316E-007  4.461927373192E-008 -1.591127205743E-008
  3.554980447538E+001  1.366519436102E+000 -7.261954862738E-008  2.759779800941E-008 -1.010788645037E-008
  3.695599813319E+001  1.446888389511E+000 -4.234609945197E-008  1.638530436672E-008 -6.144999364237E-009
  3.844572291106E+001  1.533684690030E+000 -2.367795972512E-008  9.314493469683E-009 -3.567951437991E-009
  4.002572758518E+001  1.627563929686E+000 -1.265602865287E-008  5.055019220025E-009 -1.973625031629E-009
  4.170345654134E+001  1.729263610453E+000 -6.444156527541E-009  2.610397720962E-009 -1.036955554269E-009
  4.348713762001E+001  1.839615336740E+000 -3.113635274392E-009  1.277865904924E-009 -5.156924176925E-010
  4.538588318162E+001  1.959559126947E+000 -1.421424685515E-009  5.905107417086E-010 -2.417769517105E-010
  4.740980671574E+001  2.090160267552E+000 -6.101485733396E-010  2.563751052620E-010 -1.063768061325E-010
  4.957015778746E+001  2.232629229408E+000 -2.449377110183E-010  1.040199405073E-010 -4.369522714465E-011
  5.187947869225E+001  2.388345286640E+000 -9.140188066602E-011  3.920584216188E-011 -1.665814684302E-011
  5.435178690397E+001  2.558884630889E+000 -3.149088330215E-011  1.363498993036E-011 -5.855221279077E-012
  5.700278828629E+001  2.746053966795E+000 -9.940994371824E-012  4.342461676343E-012 -1.883330982510E-012
  5.985012714155E+001  2.951930820846E+000 -2.850728518314E-012  1.255681564916E-012 -5.496575333939E-013
  6.291368055481E+001  3.178912111311E+000 -7.354384291961E-013  3.265019969752E-013 -1.441671669156E-013
  6.621590623276E+001  3.429772933797E+000 -1.688213853705E-013  7.550857502096E-014 -3.361344112006E-014
  6.978225524452E+001  3.707738044625E+000 -3.405490012849E-014  1.533926250298E-014 -6.880899608506E-015
  7.364166388185E+001  4.016569212832E+000 -5.951565812478E-015  2.698676211488E-015 -1.219327885387E-015
  7.782714245929E+001  4.360672516382E+000 -8.866087776310E-016  4.045716401625E-016 -1.840407888495E-016
  8.237648351994E+001  4.745230855210E+000 -1.105096197321E-016  5.073013673718E-017 -2.322559145653E-017
  8.733311794503E+001  5.176368549127E+000 -1.128072925526E-017  5.208022362343E-018 -2.398836164248E-018
  9.274715535088E+001  5.661357031559E+000 -9.200343253754E-019  4.270554320672E-019 -1.978309874715E-019
  9.867665554529E+001  6.208873552072E+000 -5.825666897722E-020  2.718017089596E-020 -1.265928566772E-020
  1.051891916055E+002  6.829328764649E+000 -2.769832272561E-021  1.298596845120E-021 -6.079267688423E-022
  1.123637836013E+002  7.535284543316E+000 -9.509272606492E-023  4.478950007841E-023 -2.106946380538E-023
  1.202933069206E+002  8.341990973528E+000 -2.251409177099E-024  1.065099715641E-024 -5.033325954601E-025
  1.290875131414E+002  9.268082166539E+000 -3.481417922273E-026  1.653874296412E-026 -7.849609609170E-027
  1.388768482001E+002  1.033648575811E+001 -3.295805158072E-028  1.571904804114E-028 -7.491198942978E-029
  1.498173177370E+002  1.157562284364E+001 -1.767885976128E-030  8.463483203647E-031 -4.049090633689E-031
  1.620967411853E+002  1.302100699722E+001 -4.894842336559E-033  2.351685034736E-033 -1.129221298668E-033
  1.759428668168E+002  1.471739812515E+001 -6.247160478561E-036  3.011531068694E-036 -1.451079443774E-036
  1.916340085825E+002  1.672173748087E+001 -3.200467290454E-039  1.547761381481E-039 -7.482176174016E-040
  2.095131417987E+002  1.910719757888E+001 -5.549630246306E-043  2.691937945678E-043 -1.305354939269E-043
  2.300068054477E+002  2.196884699990E+001 -2.634376985333E-047  1.281493166276E-047 -6.232211834552E-048
  2.536507797910E+002  2.543169216868E+001 -2.622066157997E-052  1.278935709884E-052 -6.236809925495E-053
  2.811254638474E+002  2.966227967912E+001 -3.899661187232E-058  1.906909591003E-058 -9.323091140287E-059
  3.133053780630E+002  3.488573552677E+001 -5.605811664911E-065  2.747725302067E-065 -1.346634390838E-065
  3.513296254502E+002  4.141128389041E+001 -4.415264925992E-073  2.168994172783E-073 -1.065403306660E-073
  3.967041014106E+002  4.967130404214E+001 -8.994190834503E-083  4.427590012610E-083 -2.179400322468E-083
  4.514529193349E+002  6.028257212519E+001 -1.727008086981E-094  8.518080527953E-095 -4.201088303653E-095
  5.183481233601E+002  7.414493328740E+001 -7.841944584919E-109  3.874832862854E-109 -1.914527677251E-109
  6.012676077950E+002  9.260523890243E+001 -1.216189750770E-126  6.019402768868E-127 -2.979136013936E-127
  7.057700503752E+002  1.177394213729E+002 -4.018966461105E-149  1.992193292178E-149 -9.875012626717E-150
  8.400513767914E+002  1.528577972397E+002 -4.728650604631E-178  2.347267294233E-178 -1.165145664539E-178
  1.016602135495E+003  2.034537342122E+002 -3.873024858258E-216  1.924987766710E-216 -9.567544135718E-217
  1.255220715580E+003  2.790860613466E+002 -1.120609655536E-267  5.576085073727E-268 -2.774604185256E-268
  1.588815776243E+003  3.973705897531E+002  0.000000000000E+000  0.000000000000E+000  0.000000000000E+000
  2.075392011604E+003  5.931596040112E+002  0.000000000000E+000  0.000000000000E+000  0.000000000000E+000
  2.825079847529E+003  9.419154890021E+002  0.000000000000E+000  0.000000000000E+000  0.000000000000E+000
  4.068408296184E+003  1.627629972033E+003  0.000000000000E+000  0.000000000000E+000  0.000000000000E+000
  6.357262947674E+003  3.178964796686E+003  0.000000000000E+000  0.000000000000E+000  0.000000000000E+000
  1.130231930164E+004  7.535323971013E+003  0.000000000000E+000  0.000000000000E+000  0.000000000000E+000
  2.543105175140E+004  2.543171841285E+004  0.000000000000E+000  0.000000000000E+000  0.000000000000E+000
  1.017262069958E+005  2.034537473226E+005  0.000000000000E+000  0.000000000000E+000  0.000000000000E+000
