# 1st line: number of mesh points
# abcissa weight wavefunction wavefunction_1st wavefunction_2nd
500
# Principal QN=   1 , l=   1 , Occupation=   2.0000
  9.830308526508E-006  1.966074589941E-005  6.184221112098E-005  6.290803465451E+000 -3.460762926898E+001
  3.932200719717E-005  3.932303800261E-005  2.473536417554E-004  6.289782889302E+000 -3.460345016812E+001
  8.847741541455E-005  5.898842277178E-005  5.564886847176E-004  6.288082113776E+000 -3.459648482037E+001
  1.573003992804E-004  7.865844718600E-005  9.891713313712E-004  6.285701416038E+000 -3.458673295779E+001
  2.457963722417E-004  9.833465899987E-005  1.545295176650E-003  6.282641184274E+000 -3.457419420839E+001
  3.539722959954E-004  1.180186070023E-004  2.224723426127E-003  6.278901917845E+000 -3.455886809927E+001
  4.818366816528E-004  1.377118412759E-004  3.027288905145E-003  6.274484227494E+000 -3.454075406058E+001
  6.293995911626E-004  1.574159134560E-004  3.952794070070E-003  6.269388835582E+000 -3.451985143044E+001
  7.966726389934E-004  1.771323769912E-004  5.001011021697E-003  6.263616576376E+000 -3.449615946067E+001
  9.836689940782E-004  1.968627874036E-004  6.171681520881E-003  6.257168396380E+000 -3.446967732343E+001
  1.190403382016E-003  2.166087025496E-004  7.464517006443E-003  6.250045354701E+000 -3.444040411870E+001
  1.416892087541E-003  2.363716828821E-004  8.879198615446E-003  6.242248623464E+000 -3.440833888262E+001
  1.663152957245E-003  2.561532917128E-004  1.041537720591E-002  6.233779488255E+000 -3.437348059664E+001
  1.929205402573E-003  2.759550954757E-004  1.207267338204E-002  6.224639348616E+000 -3.433582819753E+001
  2.215070403074E-003  2.957786639908E-004  1.385067752215E-002  6.214829718566E+000 -3.429538058825E+001
  2.520770509919E-003  3.156255707300E-004  1.574894980926E-002  6.204352227165E+000 -3.425213664947E+001
  2.846329849692E-003  3.354973930828E-004  1.776702026455E-002  6.193208619109E+000 -3.420609525210E+001
  3.191774128432E-003  3.553957126240E-004  1.990438878390E-002  6.181400755359E+000 -3.415725527038E+001
  3.557130635959E-003  3.753221153821E-004  2.216052517739E-002  6.168930613805E+000 -3.410561559587E+001
  3.942428250463E-003  3.952781921092E-004  2.453486921221E-002  6.155800289951E+000 -3.405117515216E+001
  4.347697443358E-003  4.152655385525E-004  2.702683065882E-002  6.142011997642E+000 -3.399393291021E+001
  4.772970284417E-003  4.352857557265E-004  2.963578934080E-002  6.127568069801E+000 -3.393388790454E+001
  5.218280447175E-003  4.553404501876E-004  3.236109518831E-002  6.112470959205E+000 -3.387103924997E+001
  5.683663214611E-003  4.754312343099E-004  3.520206829550E-002  6.096723239275E+000 -3.380538615911E+001
  6.169155485101E-003  4.955597265624E-004  3.815799898195E-002  6.080327604887E+000 -3.373692796046E+001
  6.674795778653E-003  5.157275517886E-004  4.122814785834E-002  6.063286873205E+000 -3.366566411710E+001
  7.200624243425E-003  5.359363414876E-004  4.441174589658E-002  6.045603984525E+000 -3.359159424606E+001
  7.746682662519E-003  5.561877340970E-004  4.770799450450E-002  6.027282003137E+000 -3.351471813815E+001
  8.313014461060E-003  5.764833752781E-004  5.111606560539E-002  6.008324118194E+000 -3.343503577839E+001
  8.899664713569E-003  5.968249182030E-004  5.463510172259E-002  5.988733644591E+000 -3.335254736701E+001
  9.506680151615E-003  6.172140238444E-004  5.826421606922E-002  5.968514023853E+000 -3.326725334081E+001
  1.013410917176E-002  6.376523612666E-004  6.200249264344E-002  5.947668825019E+000 -3.317915439513E+001
  1.078200184380E-002  6.581416079202E-004  6.584898632930E-002  5.926201745535E+000 -3.308825150610E+001
  1.145040991929E-002  6.786834499385E-004  6.980272300353E-002  5.904116612136E+000 -3.299454595346E+001
  1.213938684040E-002  6.992795824361E-004  7.386269964833E-002  5.881417381734E+000 -3.289803934362E+001
  1.284898774901E-002  7.199317098113E-004  7.802788447063E-002  5.858108142286E+000 -3.279873363310E+001
  1.357926949620E-002  7.406415460502E-004  8.229721702783E-002  5.834193113659E+000 -3.269663115232E+001
  1.433029065191E-002  7.614108150341E-004  8.666960836030E-002  5.809676648477E+000 -3.259173462963E+001
  1.510211151509E-002  7.822412508494E-004  9.114394113103E-002  5.784563232955E+000 -3.248404721559E+001
  1.589479412397E-002  8.031345981016E-004  9.571906977246E-002  5.758857487709E+000 -3.237357250746E+001
  1.670840226680E-002  8.240926122311E-004  1.003938206409E-001  5.732564168542E+000 -3.226031457385E+001
  1.754300149280E-002  8.451170598329E-004  1.051669921785E-001  5.705688167209E+000 -3.214427797959E+001
  1.839865912351E-002  8.662097189796E-004  1.100373550836E-001  5.678234512145E+000 -3.202546781057E+001
  1.927544426443E-002  8.873723795480E-004  1.150036524890E-001  5.650208369167E+000 -3.190388969876E+001
  2.017342781695E-002  9.086068435487E-004  1.200646001487E-001  5.621615042131E+000 -3.177954984722E+001
  2.109268249069E-002  9.299149254598E-004  1.252188866338E-001  5.592459973558E+000 -3.165245505510E+001
  2.203328281612E-002  9.512984525641E-004  1.304651735364E-001  5.562748745214E+000 -3.152261274263E+001
  2.299530515754E-002  9.727592652906E-004  1.358020956841E-001  5.532487078639E+000 -3.139003097595E+001
  2.397882772639E-002  9.942992175591E-004  1.412282613627E-001  5.501680835629E+000 -3.125471849191E+001
  2.498393059493E-002  1.015920177130E-003  1.467422525491E-001  5.470336018671E+000 -3.111668472269E+001
  2.601069571024E-002  1.037624025957E-003  1.523426251544E-001  5.438458771310E+000 -3.097593982015E+001
  2.705920690860E-002  1.059412660547E-003  1.580279092761E-001  5.406055378465E+000 -3.083249468002E+001
  2.812954993023E-002  1.081287992318E-003  1.637966094621E-001  5.373132266674E+000 -3.068636096580E+001
  2.922181243436E-002  1.103251947969E-003  1.696472049843E-001  5.339696004279E+000 -3.053755113232E+001
  3.033608401473E-002  1.125306469854E-003  1.755781501228E-001  5.305753301539E+000 -3.038607844893E+001
  3.147245621542E-002  1.147453516351E-003  1.815878744621E-001  5.271311010663E+000 -3.023195702234E+001
  3.263102254705E-002  1.169695062249E-003  1.876747831978E-001  5.236376125774E+000 -3.007520181896E+001
  3.381187850339E-002  1.192033099133E-003  1.938372574546E-001  5.200955782789E+000 -2.991582868680E+001
  3.501512157837E-002  1.214469635775E-003  2.000736546165E-001  5.165057259216E+000 -2.975385437686E+001
  3.624085128345E-002  1.237006698530E-003  2.063823086680E-001  5.128687973864E+000 -2.958929656392E+001
  3.748916916538E-002  1.259646331739E-003  2.127615305480E-001  5.091855486459E+000 -2.942217386672E+001
  3.876017882444E-002  1.282390598136E-003  2.192096085155E-001  5.054567497177E+000 -2.925250586759E+001
  4.005398593302E-002  1.305241579266E-003  2.257248085273E-001  5.016831846065E+000 -2.908031313124E+001
  4.137069825459E-002  1.328201375897E-003  2.323053746285E-001  4.978656512382E+000 -2.890561722301E+001
  4.271042566323E-002  1.351272108452E-003  2.389495293555E-001  4.940049613817E+000 -2.872844072619E+001
  4.407328016341E-002  1.374455917436E-003  2.456554741515E-001  4.901019405617E+000 -2.854880725867E+001
  4.545937591035E-002  1.397754963880E-003  2.524213897949E-001  4.861574279601E+000 -2.836674148866E+001
  4.686882923075E-002  1.421171429779E-003  2.592454368407E-001  4.821722763060E+000 -2.818226914955E+001
  4.830175864396E-002  1.444707518548E-003  2.661257560746E-001  4.781473517551E+000 -2.799541705393E+001
  4.975828488365E-002  1.468365455478E-003  2.730604689803E-001  4.740835337568E+000 -2.780621310651E+001
  5.123853091993E-002  1.492147488203E-003  2.800476782203E-001  4.699817149096E+000 -2.761468631617E+001
  5.274262198188E-002  1.516055887169E-003  2.870854681288E-001  4.658428008046E+000 -2.742086680697E+001
  5.427068558066E-002  1.540092946119E-003  2.941719052192E-001  4.616677098566E+000 -2.722478582797E+001
  5.582285153302E-002  1.564260982573E-003  3.013050387035E-001  4.574573731223E+000 -2.702647576214E+001
  5.739925198530E-002  1.588562338332E-003  3.084829010261E-001  4.532127341062E+000 -2.682597013400E+001
  5.900002143803E-002  1.612999379973E-003  3.157035084094E-001  4.489347485537E+000 -2.662330361611E+001
  6.062529677088E-002  1.637574499364E-003  3.229648614141E-001  4.446243842300E+000 -2.641851203441E+001
  6.227521726827E-002  1.662290114181E-003  3.302649455112E-001  4.402826206875E+000 -2.621163237233E+001
  6.394992464542E-002  1.687148668440E-003  3.376017316683E-001  4.359104490178E+000 -2.600270277353E+001
  6.564956307496E-002  1.712152633027E-003  3.449731769476E-001  4.315088715920E+000 -2.579176254348E+001
  6.737427921404E-002  1.737304506249E-003  3.523772251176E-001  4.270789017857E+000 -2.557885214968E+001
  6.912422223211E-002  1.762606814387E-003  3.598118072775E-001  4.226215636918E+000 -2.536401322048E+001
  7.089954383907E-002  1.788062112257E-003  3.672748424935E-001  4.181378918179E+000 -2.514728854260E+001
  7.270039831418E-002  1.813672983787E-003  3.747642384480E-001  4.136289307711E+000 -2.492872205718E+001
  7.452694253540E-002  1.839442042599E-003  3.822778921011E-001  4.090957349280E+000 -2.470835885450E+001
  7.637933600943E-002  1.865371932600E-003  3.898136903637E-001  4.045393680915E+000 -2.448624516719E+001
  7.825774090225E-002  1.891465328589E-003  3.973695107826E-001  3.999609031325E+000 -2.426242836199E+001
  8.016232207035E-002  1.917724936867E-003  4.049432222372E-001  3.953614216187E+000 -2.403695693002E+001
  8.209324709253E-002  1.944153495867E-003  4.125326856470E-001  3.907420134289E+000 -2.380988047564E+001
  8.405068630235E-002  1.970753776782E-003  4.201357546903E-001  3.861037763541E+000 -2.358124970364E+001
  8.603481282122E-002  1.997528584221E-003  4.277502765338E-001  3.814478156833E+000 -2.335111640504E+001
  8.804580259214E-002  2.024480756857E-003  4.353740925720E-001  3.767752437776E+000 -2.311953344131E+001
  9.008383441408E-002  2.051613168108E-003  4.430050391766E-001  3.720871796290E+000 -2.288655472703E+001
  9.214908997710E-002  2.078928726810E-003  4.506409484554E-001  3.673847484072E+000 -2.265223521099E+001
  9.424175389809E-002  2.106430377918E-003  4.582796490204E-001  3.626690809917E+000 -2.241663085576E+001
  9.636201375725E-002  2.134121103210E-003  4.659189667647E-001  3.579413134922E+000 -2.217979861568E+001
  9.851006013526E-002  2.162003922007E-003  4.735567256466E-001  3.532025867551E+000 -2.194179641328E+001
  1.006860866512E-001  2.190081891910E-003  4.811907484829E-001  3.484540458583E+000 -2.170268311415E+001
  1.028902900012E-001  2.218358109541E-003  4.888188577481E-001  3.436968395929E+000 -2.146251850021E+001
  1.051228699979E-001  2.246835711311E-003  4.964388763809E-001  3.389321199333E+000 -2.122136324149E+001
  1.073840296104E-001  2.275517874190E-003  5.040486285964E-001  3.341610414955E+000 -2.097927886628E+001
  1.096739750056E-001  2.304407816497E-003  5.116459407042E-001  3.293847609839E+000 -2.073632772983E+001
  1.119929155896E-001  2.333508798707E-003  5.192286419310E-001  3.246044366275E+000 -2.049257298143E+001
  1.143410640503E-001  2.362824124271E-003  5.267945652475E-001  3.198212276049E+000 -2.024807853004E+001
  1.167186364011E-001  2.392357140448E-003  5.343415481993E-001  3.150362934595E+000 -2.000290900840E+001
  1.191258520249E-001  2.422111239159E-003  5.418674337401E-001  3.102507935053E+000 -1.975712973569E+001
  1.215629337189E-001  2.452089857854E-003  5.493700710677E-001  3.054658862225E+000 -1.951080667867E+001
  1.240301077413E-001  2.482296480400E-003  5.568473164610E-001  3.006827286455E+000 -1.926400641148E+001
  1.265276038575E-001  2.512734637975E-003  5.642970341181E-001  2.959024757419E+000 -1.901679607399E+001
  1.290556553882E-001  2.543407909995E-003  5.717170969946E-001  2.911262797841E+000 -1.876924332874E+001
  1.316144992580E-001  2.574319925047E-003  5.791053876404E-001  2.863552897141E+000 -1.852141631663E+001
  1.342043760450E-001  2.605474361847E-003  5.864597990355E-001  2.815906505012E+000 -1.827338361127E+001
  1.368255300316E-001  2.636874950214E-003  5.937782354236E-001  2.768335024947E+000 -1.802521417200E+001
  1.394782092560E-001  2.668525472060E-003  6.010586131417E-001  2.720849807710E+000 -1.777697729579E+001
  1.421626655646E-001  2.700429762411E-003  6.082988614463E-001  2.673462144764E+000 -1.752874256791E+001
  1.448791546661E-001  2.732591710434E-003  6.154969233347E-001  2.626183261656E+000 -1.728057981146E+001
  1.476279361856E-001  2.765015260497E-003  6.226507563594E-001  2.579024311383E+000 -1.703255903580E+001
  1.504092737207E-001  2.797704413242E-003  6.297583334377E-001  2.531996367728E+000 -1.678475038404E+001
  1.532234348983E-001  2.830663226680E-003  6.368176436518E-001  2.485110418580E+000 -1.653722407942E+001
  1.560706914324E-001  2.863895817319E-003  6.438266930414E-001  2.438377359256E+000 -1.629005037088E+001
  1.589513191834E-001  2.897406361298E-003  6.507835053867E-001  2.391807985814E+000 -1.604329947771E+001
  1.618655982178E-001  2.931199095559E-003  6.576861229807E-001  2.345412988387E+000 -1.579704153342E+001
  1.648138128702E-001  2.965278319033E-003  6.645326073906E-001  2.299202944528E+000 -1.555134652888E+001
  1.677962518056E-001  2.999648393860E-003  6.713210402069E-001  2.253188312590E+000 -1.530628425480E+001
  1.708132080832E-001  3.034313746623E-003  6.780495237787E-001  2.207379425134E+000 -1.506192424362E+001
  1.738649792215E-001  3.069278869616E-003  6.847161819354E-001  2.161786482397E+000 -1.481833571086E+001
  1.769518672648E-001  3.104548322136E-003  6.913191606937E-001  2.116419545802E+000 -1.457558749604E+001
  1.800741788507E-001  3.140126731803E-003  6.978566289472E-001  2.071288531543E+000 -1.433374800325E+001
  1.832322252791E-001  3.176018795904E-003  7.043267791409E-001  2.026403204241E+000 -1.409288514143E+001
  1.864263225826E-001  3.212229282769E-003  7.107278279259E-001  1.981773170687E+000 -1.385306626439E+001
  1.896567915983E-001  3.248763033179E-003  7.170580167967E-001  1.937407873677E+000 -1.361435811080E+001
  1.929239580409E-001  3.285624961791E-003  7.233156127083E-001  1.893316585961E+000 -1.337682674411E+001
  1.962281525771E-001  3.322820058613E-003  7.294989086725E-001  1.849508404291E+000 -1.314053749250E+001
  1.995697109023E-001  3.360353390492E-003  7.356062243329E-001  1.805992243612E+000 -1.290555488901E+001
  2.029489738173E-001  3.398230102644E-003  7.416359065178E-001  1.762776831380E+000 -1.267194261192E+001
  2.063662873085E-001  3.436455420218E-003  7.475863297693E-001  1.719870702022E+000 -1.243976342544E+001
  2.098220026275E-001  3.475034649885E-003  7.534558968493E-001  1.677282191561E+000 -1.220907912084E+001
  2.133164763746E-001  3.513973181471E-003  7.592430392197E-001  1.635019432401E+000 -1.197995045809E+001
  2.168500705817E-001  3.553276489620E-003  7.649462174981E-001  1.593090348293E+000 -1.175243710817E+001
  2.204231527988E-001  3.592950135496E-003  7.705639218864E-001  1.551502649482E+000 -1.152659759606E+001
  2.240360961807E-001  3.632999768520E-003  7.760946725731E-001  1.510263828055E+000 -1.130248924457E+001
  2.276892795770E-001  3.673431128145E-003  7.815370201074E-001  1.469381153493E+000 -1.108016811909E+001
  2.313830876220E-001  3.714250045674E-003  7.868895457458E-001  1.428861668442E+000 -1.085968897338E+001
  2.351179108282E-001  3.755462446115E-003  7.921508617695E-001  1.388712184705E+000 -1.064110519647E+001
  2.388941456809E-001  3.797074350078E-003  7.973196117723E-001  1.348939279475E+000 -1.042446876082E+001
  2.427121947345E-001  3.839091875711E-003  8.023944709194E-001  1.309549291808E+000 -1.020983017174E+001
  2.465724667110E-001  3.881521240686E-003  8.073741461753E-001  1.270548319350E+000 -9.997238418364E+000
  2.504753766009E-001  3.924368764227E-003  8.122573765016E-001  1.231942215325E+000 -9.786740926031E+000
  2.544213457654E-001  3.967640869177E-003  8.170429330241E-001  1.193736585802E+000 -9.578383510385E+000
  2.584108020414E-001  4.011344084122E-003  8.217296191678E-001  1.155936787223E+000 -9.372210333178E+000
  2.624441798480E-001  4.055485045557E-003  8.263162707623E-001  1.118547924236E+000 -9.168263859907E+000
  2.665219202956E-001  4.100070500102E-003  8.308017561136E-001  1.081574847809E+000 -8.966584819390E+000
  2.706444712976E-001  4.145107306769E-003  8.351849760466E-001  1.045022153648E+000 -8.767212165363E+000
  2.748122876832E-001  4.190602439283E-003  8.394648639147E-001  1.008894180923E+000 -8.570183040192E+000
  2.790258313137E-001  4.236562988450E-003  8.436403855782E-001  9.731950113071E-001 -8.375532740807E+000
  2.832855712010E-001  4.282996164587E-003  8.477105393524E-001  9.379284683302E-001 -8.183294686925E+000
  2.875919836279E-001  4.329909300005E-003  8.516743559234E-001  9.030981170603E-001 -7.993500391665E+000
  2.919455522717E-001  4.377309851548E-003  8.555308982346E-001  8.687072641106E-001 -7.806179434637E+000
  2.963467683296E-001  4.425205403192E-003  8.592792613416E-001  8.347589579786E-001 -7.621359437570E+000
  3.007961306479E-001  4.473603668706E-003  8.629185722388E-001  8.012559897197E-001 -7.439066042583E+000
  3.052941458522E-001  4.522512494374E-003  8.664479896554E-001  7.682008939593E-001 -7.259322893142E+000
  3.098413284823E-001  4.571939861783E-003  8.698667038241E-001  7.355959502430E-001 -7.082151617801E+000
  3.144382011281E-001  4.621893890671E-003  8.731739362212E-001  7.034431847286E-001 -6.907571816763E+000
  3.190852945695E-001  4.672382841850E-003  8.763689392803E-001  6.717443722189E-001 -6.735601051352E+000
  3.237831479192E-001  4.723415120192E-003  8.794509960795E-001  6.405010385352E-001 -6.566254836424E+000
  3.285323087679E-001  4.774999277691E-003  8.824194200044E-001  6.097144632314E-001 -6.399546635785E+000
  3.333333333333E-001  4.827144016591E-003  8.852735543863E-001  5.793856826463E-001 -6.235487860652E+000
  3.381867866117E-001  4.879858192602E-003  8.880127721186E-001  5.495154932907E-001 -6.074087871206E+000
  3.430932425333E-001  4.933150818173E-003  8.906364752510E-001  5.201044555685E-001 -5.915353981254E+000
  3.480532841203E-001  4.987031065868E-003  8.931440945648E-001  4.911528978240E-001 -5.759291466051E+000
  3.530675036492E-001  5.041508271801E-003  8.955350891287E-001  4.626609207139E-001 -5.605903573274E+000
  3.581365028158E-001  5.096591939172E-003  8.978089458383E-001  4.346284018948E-001 -5.455191537190E+000
  3.632608929041E-001  5.152291741875E-003  8.999651789401E-001  4.070550010221E-001 -5.307154596010E+000
  3.684412949588E-001  5.208617528209E-003  9.020033295419E-001  3.799401650503E-001 -5.161790012428E+000
  3.736783399619E-001  5.265579324662E-003  9.039229651121E-001  3.532831338277E-001 -5.019093097348E+000
  3.789726690123E-001  5.323187339805E-003  9.057236789682E-001  3.270829459749E-001 -4.879057236779E+000
  3.843249335105E-001  5.381451968273E-003  9.074050897585E-001  3.013384450371E-001 -4.741673921869E+000
  3.897357953460E-001  5.440383794842E-003  9.089668409377E-001  2.760482858984E-001 -4.606932782064E+000
  3.952059270903E-001  5.499993598618E-003  9.104086002387E-001  2.512109414465E-001 -4.474821621344E+000
  4.007360121927E-001  5.560292357317E-003  9.117300591433E-001  2.268247094738E-001 -4.345326457482E+000
  4.063267451812E-001  5.621291251662E-003  9.129309323539E-001  2.028877198016E-001 -4.218431564296E+000
  4.119788318683E-001  5.683001669888E-003  9.140109572683E-001  1.793979416110E-001 -4.094119516800E+000
  4.176929895600E-001  5.745435212354E-003  9.149698934597E-001  1.563531909667E-001 -3.972371239219E+000
  4.234699472710E-001  5.808603696282E-003  9.158075221655E-001  1.337511385156E-001 -3.853166055750E+000
  4.293104459435E-001  5.872519160606E-003  9.165236457862E-001  1.115893173423E-001 -3.736481744015E+000
  4.352152386716E-001  5.937193870949E-003  9.171180873970E-001  8.986513096517E-002 -3.622294591093E+000
  4.411850909306E-001  6.002640324729E-003  9.175906902760E-001  6.857586145151E-002 -3.510579452026E+000
  4.472207808110E-001  6.068871256391E-003  9.179413174487E-001  4.771867763368E-002 -3.401309810691E+000
  4.533230992589E-001  6.135899642772E-003  9.181698512553E-001  2.729064340502E-002 -3.294457842925E+000
  4.594928503202E-001  6.203738708611E-003  9.182761929394E-001  7.288726074615E-003 -3.189994481752E+000
  4.657308513924E-001  6.272401932198E-003  9.182602622634E-001 -1.229019524106E-002 -3.087889484599E+000
  4.720379334802E-001  6.341903051163E-003  9.181219971523E-001 -3.144932121163E-002 -2.988111502345E+000
  4.784149414579E-001  6.412256068427E-003  9.178613533673E-001 -5.019192389448E-002 -2.890628150044E+000
  4.848627343381E-001  6.483475258298E-003  9.174783042141E-001 -6.852133836763E-002 -2.795406079187E+000
  4.913821855461E-001  6.555575172733E-003  9.169728402858E-001 -8.644095441758E-002 -2.702411051304E+000
  4.979741832006E-001  6.628570647764E-003  9.163449692443E-001 -1.039542083060E-001 -2.611608012762E+000
  5.046396304008E-001  6.702476810086E-003  9.155947156423E-001 -1.210645746392E-001 -2.522961170563E+000
  5.113794455212E-001  6.777309083830E-003  9.147221207873E-001 -1.377755583651E-001 -2.436434068969E+000
  5.181945625116E-001  6.853083197508E-003  9.137272426511E-001 -1.540906869219E-001 -2.351989666744E+000
  5.250859312060E-001  6.929815191146E-003  9.126101558251E-001 -1.700135025623E-001 -2.269590414848E+000
  5.320545176366E-001  7.007521423604E-003  9.113709515254E-001 -1.855475548786E-001 -2.189198334354E+000
  5.391013043575E-001  7.086218580100E-003  9.100097376472E-001 -2.006963935523E-001 -2.110775094400E+000
  5.462272907741E-001  7.165923679926E-003  9.085266388719E-001 -2.154635613512E-001 -2.034282089972E+000
  5.534334934816E-001  7.246654084380E-003  9.069217968278E-001 -2.298525873995E-001 -1.959680519295E+000
  5.607209466109E-001  7.328427504912E-003  9.051953703050E-001 -2.438669807417E-001 -1.886931460632E+000
  5.680907021827E-001  7.411262011483E-003  9.033475355270E-001 -2.575102242243E-001 -1.815995948273E+000
  5.755438304707E-001  7.495176041166E-003  9.013784864788E-001 -2.707857687164E-001 -1.746835047503E+000
  5.830814203728E-001  7.580188406970E-003  8.992884352929E-001 -2.836970276906E-001 -1.679409928333E+000
  5.907045797917E-001  7.666318306912E-003  8.970776126928E-001 -2.962473721838E-001 -1.613681937781E+000
  5.984144360243E-001  7.753585333338E-003  8.947462684964E-001 -3.084401261579E-001 -1.549612670496E+000
  6.062121361613E-001  7.842009482502E-003  8.922946721761E-001 -3.202785622777E-001 -1.487164037512E+000
  6.140988474955E-001  7.931611164409E-003  8.897231134787E-001 -3.317658981232E-001 -1.426298332927E+000
  6.220757579409E-001  8.022411212936E-003  8.870319031026E-001 -3.429052928527E-001 -1.366978298307E+000
  6.301440764614E-001  8.114430896230E-003  8.842213734323E-001 -3.536998443289E-001 -1.309167184618E+000
  6.383050335109E-001  8.207691927403E-003  8.812918793289E-001 -3.641525867230E-001 -1.252828811502E+000
  6.465598814833E-001  8.302216475524E-003  8.782437989759E-001 -3.742664886069E-001 -1.197927623693E+000
  6.549098951744E-001  8.398027176926E-003  8.750775347783E-001 -3.840444515423E-001 -1.144428744423E+000
  6.633563722545E-001  8.495147146827E-003  8.717935143129E-001 -3.934893091754E-001 -1.092298025632E+000
  6.719006337539E-001  8.593599991288E-003  8.683921913288E-001 -4.026038268429E-001 -1.041502094833E+000
  6.805440245593E-001  8.693409819506E-003  8.648740467941E-001 -4.113907016923E-001 -9.920083984715E-001
  6.892879139233E-001  8.794601256469E-003  8.612395899871E-001 -4.198525633187E-001 -9.437852416621E-001
  6.981336959871E-001  8.897199455961E-003  8.574893596290E-001 -4.279919749185E-001 -8.968018241561E-001
  7.070827903152E-001  9.001230113956E-003  8.536239250540E-001 -4.358114349563E-001 -8.510282724414E-001
  7.161366424455E-001  9.106719482390E-003  8.496438874137E-001 -4.433133793409E-001 -8.064356678692E-001
  7.252967244510E-001  9.213694383338E-003  8.455498809124E-001 -4.505001841039E-001 -7.629960707248E-001
  7.345645355186E-001  9.322182223606E-003  8.413425740673E-001 -4.573741685704E-001 -7.206825401712E-001
  7.439416025400E-001  9.432211009745E-003  8.370226709911E-001 -4.639375990117E-001 -6.794691500115E-001
  7.534294807203E-001  9.543809363512E-003  8.325909126912E-001 -4.701926927643E-001 -6.393310002314E-001
  7.630297542000E-001  9.657006537783E-003  8.280480783802E-001 -4.761416228009E-001 -6.002442243011E-001
  7.727440366954E-001  9.771832432940E-003  8.233949867933E-001 -4.817865227325E-001 -5.621859922300E-001
  7.825739721536E-001  9.888317613741E-003  8.186324975067E-001 -4.871294922230E-001 -5.251345093890E-001
  7.925212354258E-001  1.000649332670E-002  8.137615122501E-001 -4.921726027899E-001 -4.890690111311E-001
  8.025875329584E-001  1.012639151798E-002  8.087829762100E-001 -4.969179039697E-001 -4.539697532581E-001
  8.127746035011E-001  1.024804485184E-002  8.036978793146E-001 -5.013674298156E-001 -4.198179984024E-001
  8.230842188350E-001  1.037148672960E-002  7.985072574967E-001 -5.055232057013E-001 -3.865959984091E-001
  8.335181845190E-001  1.049675130923E-002  7.932121939262E-001 -5.093872553971E-001 -3.542869728220E-001
  8.440783406568E-001  1.062387352550E-002  7.878138202073E-001 -5.129616083845E-001 -3.228750835975E-001
  8.547665626839E-001  1.075288911077E-002  7.823133175321E-001 -5.162483073746E-001 -2.923454061857E-001
  8.655847621758E-001  1.088383461638E-002  7.767119177858E-001 -5.192494159919E-001 -2.626838971377E-001
  8.765348876780E-001  1.101674743475E-002  7.710109045958E-001 -5.219670265846E-001 -2.338773584145E-001
  8.876189255584E-001  1.115166582209E-002  7.652116143177E-001 -5.244032681221E-001 -2.059133985913E-001
  8.988389008829E-001  1.128862892191E-002  7.593154369532E-001 -5.265603141365E-001 -1.787803911635E-001
  9.101968783143E-001  1.142767678917E-002  7.533238169917E-001 -5.284403906679E-001 -1.524674301811E-001
  9.216949630368E-001  1.156885041525E-002  7.472382541699E-001 -5.300457841668E-001 -1.269642834482E-001
  9.333353017046E-001  1.171219175365E-002  7.410603041441E-001 -5.313788493135E-001 -1.022613435413E-001
  9.451200834176E-001  1.185774374655E-002  7.347915790677E-001 -5.324420167067E-001 -7.834957690940E-002
  9.570515407237E-001  1.200555035216E-002  7.284337480689E-001 -5.332378003791E-001 -5.522047133422E-002
  9.691319506484E-001  1.215565657299E-002  7.219885376233E-001 -5.337688050943E-001 -3.286598203346E-002
  9.813636357544E-001  1.230810848498E-002  7.154577318159E-001 -5.340377333815E-001 -1.127847670412E-002
  9.937489652293E-001  1.246295326757E-002  7.088431724881E-001 -5.340473922649E-001  9.549320194121E-003
  1.006290356005E+000  1.262023923477E-002  7.021467592641E-001 -5.338006996443E-001  2.962438360787E-002
  1.018990273907E+000  1.278001586715E-002  6.953704494549E-001 -5.333006902862E-001  4.895344420082E-002
  1.031851234841E+000  1.294233384499E-002  6.885162578336E-001 -5.325505213858E-001  6.754304449353E-002
  1.044875806003E+000  1.310724508236E-002  6.815862562816E-001 -5.315534776608E-001  8.539959451899E-002
  1.058066607138E+000  1.327480276248E-002  6.745825733015E-001 -5.303129759410E-001  1.025294266827E-001
  1.071426311823E+000  1.344506137405E-002  6.675073933949E-001 -5.288325692209E-001  1.189388495192E-001
  1.084957648792E+000  1.361807674895E-002  6.603629563049E-001 -5.271159501417E-001  1.346342000428E-001
  1.098663403298E+000  1.379390610110E-002  6.531515561213E-001 -5.251669538759E-001  1.496218943965E-001
  1.112546418516E+000  1.397260806657E-002  6.458755402482E-001 -5.229895603880E-001  1.639084765154E-001
  1.126609596985E+000  1.415424274514E-002  6.385373082362E-001 -5.205878960492E-001  1.775006645274E-001
  1.140855902095E+000  1.433887174317E-002  6.311393104787E-001 -5.179662345866E-001  1.904053946326E-001
  1.155288359613E+000  1.452655821788E-002  6.236840467741E-001 -5.151289973529E-001  2.026298622131E-001
  1.169910059257E+000  1.471736692327E-002  6.161740647586E-001 -5.120807529032E-001  2.141815599462E-001
  1.184724156317E+000  1.491136425740E-002  6.086119582091E-001 -5.088262158746E-001  2.250683127077E-001
  1.199733873325E+000  1.510861831145E-002  6.010003652243E-001 -5.053702451614E-001  2.352983090782E-001
  1.214942501771E+000  1.530919892035E-002  5.933419662843E-001 -5.017178413911E-001  2.448801292813E-001
  1.230353403874E+000  1.551317771520E-002  5.856394821975E-001 -4.978741437037E-001  2.538227694102E-001
  1.245970014403E+000  1.572062817747E-002  5.778956719379E-001 -4.938444258449E-001  2.621356618216E-001
  1.261795842559E+000  1.593162569510E-002  5.701133303807E-001 -4.896340915879E-001  2.698286916026E-001
  1.277834473907E+000  1.614624762054E-002  5.622952859421E-001 -4.852486695023E-001  2.769122090412E-001
  1.294089572372E+000  1.636457333079E-002  5.544443981319E-001 -4.806938070921E-001  2.833970380611E-001
  1.310564882294E+000  1.658668428962E-002  5.465635550255E-001 -4.759752643312E-001  2.892944806067E-001
  1.327264230548E+000  1.681266411190E-002  5.386556706642E-001 -4.710989066268E-001  2.946163169953E-001
  1.344191528724E+000  1.704259863026E-002  5.307236823932E-001 -4.660706972469E-001  2.993748022788E-001
  1.361350775387E+000  1.727657596408E-002  5.227705481451E-001 -4.608966892491E-001  3.035826586885E-001
  1.378746058390E+000  1.751468659100E-002  5.147992436784E-001 -4.555830169560E-001  3.072530642634E-001
  1.396381557275E+000  1.775702342093E-002  5.068127597817E-001 -4.501358870205E-001  3.103996377890E-001
  1.414261545744E+000  1.800368187279E-002  4.988140994515E-001 -4.445615691307E-001  3.130364202029E-001
  1.432390394201E+000  1.825475995395E-002  4.908062750540E-001 -4.388663864058E-001  3.151778526453E-001
  1.450772572390E+000  1.851035834267E-002  4.827923054802E-001 -4.330567055368E-001  3.168387513609E-001
  1.469412652102E+000  1.877058047342E-002  4.747752133047E-001 -4.271389267262E-001  3.180342796784E-001
  1.488315309978E+000  1.903553262542E-002  4.667580219551E-001 -4.211194734845E-001  3.187799173163E-001
  1.507485330398E+000  1.930532401444E-002  4.587437529038E-001 -4.150047823410E-001  3.190914272820E-001
  1.526927608467E+000  1.958006688797E-002  4.507354228884E-001 -4.088012925263E-001  3.189848206490E-001
  1.546647153093E+000  1.985987662391E-002  4.427360411705E-001 -4.025154356853E-001  3.184763195096E-001
  1.566649090169E+000  2.014487183303E-002  4.347486068392E-001 -3.961536256778E-001  3.175823184155E-001
  1.586938665861E+000  2.043517446518E-002  4.267761061671E-001 -3.897222485233E-001  3.163193446232E-001
  1.607521250000E+000  2.073090991960E-002  4.188215100251E-001 -3.832276525447E-001  3.147040174729E-001
  1.628402339588E+000  2.103220715932E-002  4.108877713612E-001 -3.766761387642E-001  3.127530072280E-001
  1.649587562420E+000  2.133919883002E-002  4.029778227483E-001 -3.700739516007E-001  3.104829937065E-001
  1.671082680832E+000  2.165202138333E-002  3.950945740056E-001 -3.634272699173E-001  3.079106250299E-001
  1.692893595565E+000  2.197081520497E-002  3.872409098955E-001 -3.567421984614E-001  3.050524768118E-001
  1.715026349769E+000  2.229572474776E-002  3.794196878989E-001 -3.500247597381E-001  3.019250120990E-001
  1.737487133138E+000  2.262689866987E-002  3.716337360709E-001 -3.432808863511E-001  2.985445423644E-001
  1.760282286187E+000  2.296448997842E-002  3.638858509757E-001 -3.365164138442E-001  2.949271898393E-001
  1.783418304674E+000  2.330865617868E-002  3.561787957008E-001 -3.297370740669E-001  2.910888514529E-001
  1.806901844175E+000  2.365955942924E-002  3.485152979495E-001 -3.229484890856E-001  2.870451646281E-001
  1.830739724818E+000  2.401736670327E-002  3.408980482082E-001 -3.161561656560E-001  2.828114751600E-001
  1.854938936184E+000  2.438224995616E-002  3.333296979860E-001 -3.093654902656E-001  2.784028073785E-001
  1.879506642368E+000  2.475438629994E-002  3.258128581214E-001 -3.025817247498E-001  2.738338367706E-001
  1.904450187236E+000  2.513395818467E-002  3.183500971527E-001 -2.958100024810E-001  2.691188652097E-001
  1.929777099847E+000  2.552115358717E-002  3.109439397443E-001 -2.890553251215E-001  2.642717989093E-001
  1.955495100083E+000  2.591616620741E-002  3.035968651653E-001 -2.823225599280E-001  2.593061291889E-001
  1.981612104475E+000  2.631919567292E-002  2.963113058108E-001 -2.756164375893E-001  2.542349161090E-001
  2.008136232230E+000  2.673044775156E-002  2.890896457611E-001 -2.689415505731E-001  2.490707749988E-001
  2.035075811486E+000  2.715013457311E-002  2.819342193698E-001 -2.623023519533E-001  2.438258658731E-001
  2.062439385788E+000  2.757847486001E-002  2.748473098742E-001 -2.557031546861E-001  2.385118857001E-001
  2.090235720801E+000  2.801569416771E-002  2.678311480197E-001 -2.491481312969E-001  2.331400634540E-001
  2.118473811262E+000  2.846202513514E-002  2.608879106911E-001 -2.426413139381E-001  2.277211578589E-001
  2.147162888201E+000  2.891770774564E-002  2.540197195435E-001 -2.361865947751E-001  2.222654577011E-001
  2.176312426413E+000  2.938298959899E-002  2.472286396257E-001 -2.297877266555E-001  2.167827845648E-001
  2.205932152222E+000  2.985812619504E-002  2.405166779904E-001 -2.234483240131E-001  2.112824978202E-001
  2.236032051522E+000  3.034338122938E-002  2.338857822856E-001 -2.171718639601E-001  2.057735016773E-001
  2.266622378129E+000  3.083902690182E-002  2.273378393218E-001 -2.109616875195E-001  2.002642540974E-001
  2.297713662445E+000  3.134534423818E-002  2.208746736126E-001 -2.048210009490E-001  1.947627773433E-001
  2.329316720450E+000  3.186262342603E-002  2.144980458846E-001 -1.987528771111E-001  1.892766699362E-001
  2.361442663038E+000  3.239116416519E-002  2.082096515571E-001 -1.927602568448E-001  1.838131197805E-001
  2.394102905709E+000  3.293127603351E-002  2.020111191893E-001 -1.868459502958E-001  1.783789182158E-001
  2.427309178642E+000  3.348327886897E-002  1.959040088996E-001 -1.810126381692E-001  1.729804747496E-001
  2.461073537146E+000  3.404750316862E-002  1.898898107560E-001 -1.752628728679E-001  1.676238322346E-001
  2.495408372530E+000  3.462429050548E-002  1.839699431455E-001 -1.695990794867E-001  1.623146822530E-001
  2.530326423398E+000  3.521399396401E-002  1.781457511267E-001 -1.640235566391E-001  1.570583804870E-001
  2.565840787378E+000  3.581697859546E-002  1.724185047732E-001 -1.585384770947E-001  1.518599618617E-001
  2.601964933334E+000  3.643362189376E-002  1.667893975176E-001 -1.531458882138E-001  1.467241552672E-001
  2.638712714049E+000  3.706431429322E-002  1.612595445060E-001 -1.478477121733E-001  1.416553976807E-001
  2.676098379430E+000  3.770945968912E-002  1.558299809751E-001 -1.426457459796E-001  1.366578475336E-001
  2.714136590232E+000  3.836947598236E-002  1.505016606655E-001 -1.375416612752E-001  1.317353971893E-001
  2.752842432351E+000  3.904479564947E-002  1.452754542849E-001 -1.325370039487E-001  1.268916844213E-001
  2.792231431696E+000  3.973586633921E-002  1.401521480373E-001 -1.276331935670E-001  1.221301028087E-001
  2.832319569669E+000  4.044315149734E-002  1.351324422338E-001 -1.228315226506E-001  1.174538109894E-001
  2.873123299289E+000  4.116713102086E-002  1.302169500028E-001 -1.181331558229E-001  1.128657407399E-001
  2.914659561979E+000  4.190830194354E-002  1.254061961150E-001 -1.135391288648E-001  1.083686038760E-001
  2.956945805065E+000  4.266717915414E-002  1.207006159431E-001 -1.090503477157E-001  1.039648979940E-001
  3.000000000000E+000  4.344429614932E-002  1.161005545711E-001 -1.046675874603E-001  9.965691109694E-002
  3.043840661365E+000  4.424020582308E-002  1.116062660713E-001 -1.003914913481E-001  9.544672517344E-002
  3.088486866678E+000  4.505548129460E-002  1.072179129653E-001 -9.622256989314E-002  9.133621881752E-002
  3.133958277047E+000  4.589071677685E-002  1.029355658836E-001 -9.216120010323E-002  8.732706899731E-002
  3.180275158719E+000  4.674652848797E-002  9.875920343805E-002 -8.820762488777E-002  8.342075209643E-002
  3.227458405560E+000  4.762355560797E-002  9.468871231995E-002 -8.436195269493E-002  7.961854436592E-002
  3.275529562509E+000  4.852246128332E-002  9.072388763414E-002 -8.062415742552E-002  7.592152193454E-002
  3.324510850077E+000  4.944393368200E-002  8.686443347806E-002 -7.699407867017E-002  7.233056053326E-002
  3.374425189910E+000  5.038868710203E-002  8.310996377207E-002 -7.347142231247E-002  6.884633509329E-002
  3.425296231502E+000  5.135746313639E-002  7.946000334515E-002 -7.005576153715E-002  6.546931937788E-002
  3.477148380094E+000  5.235103189784E-002  7.591398927730E-002 -6.674653827723E-002  6.219978580542E-002
  3.530006825834E+000  5.337019330676E-002  7.247127249738E-002 -6.354306512849E-002  5.903780561543E-002
  3.583897574256E+000  5.441577844603E-002  6.913111963212E-002 -6.044452775350E-002  5.598324951996E-002
  3.638847478148E+000  5.548865098670E-002  6.589271509927E-002 -5.744998779015E-002  5.303578897099E-002
  3.694884270887E+000  5.658970868864E-002  6.275516343497E-002 -5.455838627257E-002  5.019489815993E-002
  3.752036601308E+000  5.771988498079E-002  5.971749184240E-002 -5.176854756453E-002  4.745985684824E-002
  3.810334070199E+000  5.888015062562E-002  5.677865294646E-002 -4.907918379751E-002  4.482975410948E-002
  3.869807268505E+000  6.007151547295E-002  5.393752773601E-002 -4.648889979767E-002  4.230349304262E-002
  3.930487817331E+000  6.129503030858E-002  5.119292867361E-002 -4.399619847817E-002  3.987979649496E-002
  3.992408409843E+000  6.255178880352E-002  4.854360294975E-002 -4.159948666555E-002  3.755721381073E-002
  4.055602855172E+000  6.384292957002E-002  4.598823585751E-002 -3.929708132204E-002  3.533412859914E-002
  4.120106124432E+000  6.516963833101E-002  4.352545426148E-002 -3.708721611845E-002  3.320876749353E-002
  4.185954398964E+000  6.653315021009E-002  4.115383013419E-002 -3.496804830709E-002  3.117920985190E-002
  4.253185120935E+000  6.793475214960E-002  3.887188413211E-002 -3.293766583830E-002  2.924339832912E-002
  4.321837046422E+000  6.937578546490E-002  3.667808918370E-002 -3.099409466048E-002  2.739915023239E-002
  4.391950301120E+000  7.085764854355E-002  3.457087406147E-002 -2.913530614016E-002  2.564416955532E-002
  4.463566438835E+000  7.238179969882E-002  3.254862691138E-002 -2.735922453642E-002  2.397605957177E-002
  4.536728502895E+000  7.394976018725E-002  3.060969871362E-002 -2.566373446327E-002  2.239233585923E-002
  4.611481090679E+000  7.556311740127E-002  2.875240665068E-002 -2.404668827365E-002  2.089043961288E-002
  4.687870421430E+000  7.722352824817E-002  2.697503736072E-002 -2.250591330025E-002  1.946775110609E-002
  4.765944407533E+000  7.893272272784E-002  2.527585005651E-002 -2.103921889076E-002  1.812160315066E-002
  4.845752729492E+000  8.069250772248E-002  2.365307949345E-002 -1.964440317900E-002  1.684929441074E-002
  4.927346914797E+000  8.250477101257E-002  2.210493877318E-002 -1.831925953796E-002  1.564810242838E-002
  5.010780420931E+000  8.437148553436E-002  2.062962197274E-002 -1.706158266648E-002  1.451529622498E-002
  5.096108722763E+000  8.629471389541E-002  1.922530659334E-002 -1.586917426764E-002  1.344814835275E-002
  5.183389404586E+000  8.827661316581E-002  1.789015582625E-002 -1.473984828429E-002  1.244394628146E-002
  5.272682257105E+000  9.031943996425E-002  1.662232063763E-002 -1.367143566440E-002  1.150000302014E-002
  5.364049379651E+000  9.242555585946E-002  1.541994167811E-002 -1.266178863731E-002  1.061366688843E-002
  5.457555287978E+000  9.459743310926E-002  1.428115102668E-002 -1.170878448995E-002  9.782330369269E-003
  5.553267027968E+000  9.683766076100E-002  1.320407378255E-002 -1.081032884025E-002  9.003437991888E-003
  5.651254295630E+000  9.914895113938E-002  1.218682952208E-002 -9.964358413231E-003  8.274493212125E-003
  5.751589563796E+000  1.015341467494E-001  1.122753364135E-002 -9.168843332781E-003  7.593064274675E-003
  5.854348215936E+000  1.039962276248E-001  1.032429860786E-002 -8.421788949761E-003  6.956789059116E-003
  5.959608687557E+000  1.065383191537E-001  9.475235147494E-003 -7.721237233434E-003  6.363378927866E-003
  6.067452615683E+000  1.091637004188E-001  8.678453395028E-003 -7.065267759576E-003  5.810621609191E-003
  6.177964996951E+000  1.118758130872E-001  7.932064038102E-003 -6.451998333721E-003  5.296383161902E-003
  6.291234354880E+000  1.146782708938E-001  7.234179485545E-003 -5.879585292491E-003  4.818609080054E-003
  6.407352916949E+000  1.175748697626E-001  6.582915091484E-003 -5.346223529420E-003  4.375324605775E-003
  6.526416802128E+000  1.205695986129E-001  5.976390466414E-003 -4.850146294347E-003  3.964634326164E-003
  6.648526219580E+000  1.236666509049E-001  5.412730905533E-003 -4.389624817077E-003  3.584721136002E-003
  6.773785679311E+000  1.268704369821E-001  4.890068963074E-003 -3.962967806756E-003  3.233844651936E-003
  6.902304215570E+000  1.301855972713E-001  4.406546199034E-003 -3.568520878255E-003  2.910339165780E-003
  7.034195623922E+000  1.336170164087E-001  3.960315121651E-003 -3.204665955751E-003  2.612611225003E-003
  7.169578712934E+000  1.371698383673E-001  3.549541345157E-003 -2.869820701817E-003  2.339136927276E-003
  7.308577571516E+000  1.408494826628E-001  3.172405977781E-003 -2.562438017503E-003  2.088459013515E-003
  7.451321853057E+000  1.446616617293E-001  2.827108249626E-003 -2.281005655361E-003  1.859183840232E-003
  7.597947077547E+000  1.486123995567E-001  2.511868384040E-003 -2.024045982924E-003  1.649978307488E-003
  7.748594953021E+000  1.527080516973E-001  2.224930709352E-003 -1.790115929030E-003  1.459566813335E-003
  7.903413717736E+000  1.569553267535E-001  1.964567000503E-003 -1.577807139420E-003  1.286728299622E-003
  8.062558504629E+000  1.613613094717E-001  1.729080032262E-003 -1.385746361382E-003  1.130293447345E-003
  8.226191729726E+000  1.659334855793E-001  1.516807317406E-003 -1.212596069851E-003  9.891420724841E-004
  8.394483506327E+000  1.706797685137E-001  1.326124994747E-003 -1.057055339317E-003  8.622007655062E-004
  8.567612086926E+000  1.756085282071E-001  1.155451823331E-003 -9.178609573534E-004  7.484408093370E-004
  8.745764335025E+000  1.807286221064E-001  1.003253230712E-003 -7.937887664619E-004  6.468764017156E-004
  8.929136229160E+000  1.860494286260E-001  8.680453553473E-004 -6.836552116630E-004  5.565631983776E-004
  9.117933401693E+000  1.915808832504E-001  7.483990159698E-004 -5.863190617879E-004  4.765971835281E-004
  9.312371715124E+000  1.973335175235E-001  6.429435348192E-004 -5.006832632236E-004  4.061138636535E-004
  9.512677878945E+000  2.033185011886E-001  5.503703370640E-004 -4.256968761180E-004  3.442877700226E-004
  9.719090110332E+000  2.095476877688E-001  4.694362460674E-004 -3.603570351749E-004  2.903322444732E-004
  9.931858842267E+000  2.160336639044E-001  3.989663936720E-004 -3.037108705490E-004  2.434994725688E-004
  1.015124748302E+001  2.227898028021E-001  3.378566667024E-004 -2.548573193923E-004  2.030807183118E-004
  1.037753323129E+001  2.298303221843E-001  2.850756156870E-004 -2.129487557195E-004  1.684067057630E-004
  1.061100795175E+001  2.371703471699E-001  2.396657595266E-004 -1.771923658168E-004  1.388480855928E-004
  1.085197911611E+001  2.448259785618E-001  2.007442305561E-004 -1.468511987291E-004  1.138159192832E-004
  1.110077081537E+001  2.528143670735E-001  1.675027180712E-004 -1.212448266367E-004  9.276211084262E-005
  1.135772484956E+001  2.611537940784E-001  1.392066846833E-004 -9.974955825947E-005  7.517971588405E-005
  1.162320190175E+001  2.698637595360E-001  1.151938484374E-004 -8.179815973922E-005  6.060306100962E-005
  1.189758280382E+001  2.789650778206E-001  9.487194388883E-005 -6.687905150645E-005  4.860761277430E-005
  1.218126990242E+001  2.884799822596E-001  7.771579658276E-005 -5.453496601579E-005  3.880954499083E-005
  1.247468853413E+001  2.984322392826E-001  6.326376672147E-005 -4.436106932528E-005  3.086496553146E-005
  1.277828862002E+001  3.088472731875E-001  5.111363828935E-005 -3.600256853255E-005  2.446877859726E-005
  1.309254639077E+001  3.197523026463E-001  4.091804849280E-005 -2.915184616089E-005  1.935317498955E-005
  1.341796625462E+001  3.311764902095E-001  3.237956804034E-005 -2.354518072242E-005  1.528576038408E-005
  1.375508282195E+001  3.431511062169E-001  2.524555457724E-005 -1.895912885885E-005  1.206734900994E-005
  1.410446310162E+001  3.557097086969E-001  1.930290867876E-005 -1.520665769847E-005  9.529466443776E-006
  1.446670888596E+001  3.688883410292E-001  1.437286358355E-005 -1.213312551543E-005  7.531619433923E-006
  1.484245934302E+001  3.827257493700E-001  1.030593597289E-005 -9.612213763297E-006  5.958401851639E-006
  1.523239383723E+001  3.972636220891E-001  6.977155546617E-006 -7.541913663368E-006  4.716513284372E-006
  1.563723500136E+001  4.125468537596E-001  4.281676237494E-006 -5.840665642346E-006  3.731769939874E-006
  1.605775208607E+001  4.286238365683E-001  2.130852316787E-006 -4.443740245618E-006  2.946186215263E-006
  1.649476461582E+001  4.455467823929E-001  4.488393782940E-007 -3.299935243691E-006  2.315199620935E-006
  1.694914638379E+001  4.633720792263E-001 -8.302454736236E-007 -2.368646344268E-006  1.805102177340E-006
  1.742182982203E+001  4.821606861220E-001 -1.764596486274E-006 -1.617349313106E-006  1.390728656503E-006
  1.791381078784E+001  5.019785714107E-001 -2.406443346496E-006 -1.019510652623E-006  1.053437085205E-006
  1.842615381215E+001  5.228971995942E-001 -2.803268370693E-006 -5.529236171374E-007  7.794008764123E-007
  1.895999786176E+001  5.449940730840E-001 -2.998578727988E-006 -1.984475491111E-007  5.582159724953E-007
  1.951656267356E+001  5.683533358366E-001 -3.032310854900E-006  6.088754994796E-008  3.818115754226E-007
  2.009715572669E+001  5.930664469535E-001 -2.940953782694E-006  2.404617353703E-007  2.436403607830E-007
  2.070317992707E+001  6.192329335039E-001 -2.757481571094E-006  3.543898386727E-007  1.381142473098E-007
  2.133614208874E+001  6.469612332096E-001 -2.511182447716E-006  4.156526072905E-007  6.024526000297E-008
  2.199766230782E+001  6.763696392388E-001 -2.227464063520E-006  4.360959896105E-007  5.447915080098E-009
  2.268948433818E+001  7.075873612439E-001 -1.927701374477E-006  4.263556419530E-007 -3.054029354458E-008
  2.341348709294E+001  7.407557189842E-001 -1.629177272672E-006  3.957558454287E-007 -5.166072999409E-008
  2.417169741362E+001  7.760294874639E-001 -1.345147681027E-006  3.522218114052E-007 -6.149296353604E-008
  2.496630426925E+001  8.135784155747E-001 -1.085043980036E-006  3.022328597193E-007 -6.320006597267E-008
  2.579967457140E+001  8.535889438281E-001 -8.548079262520E-007  2.508322303911E-007 -5.948079159243E-008
  2.667437081864E+001  8.962661510291E-001 -6.573390784727E-007  2.016983257357E-007 -5.254203305517E-008
  2.759317081651E+001  9.418359647997E-001 -4.930233240566E-007  1.572728159626E-007 -4.409800478544E-008
  2.855908975674E+001  9.905476768748E-001 -3.603041688772E-007  1.189339061208E-007 -3.539675207543E-008
  2.957540498378E+001  1.042676811269E+000 -2.562563347584E-007  8.719852704642E-008 -2.727014615337E-008
  3.064568382919E+001  1.098528402000E+000 -1.771237146850E-007  6.193536921260E-008 -2.020065565726E-008
  3.177381495601E+001  1.158440747351E+000 -1.187902008540E-007  4.257133950478E-008 -1.439686641277E-008
  3.296404372807E+001  1.222789720048E+000 -7.716124199653E-008  2.827675157683E-008 -9.869785774160E-009
  3.422101220608E+001  1.291993727721E+000 -4.844483719469E-008  1.811873321898E-008 -6.503125354653E-009
  3.554980447538E+001  1.366519436102E+000 -2.933155737533E-008  1.117721142498E-008 -4.112636729928E-009
  3.695599813319E+001  1.446888389511E+000 -1.708272060168E-008  6.622668568878E-009 -2.491777545929E-009
  3.844572291106E+001  1.533684690030E+000 -9.542943722731E-009  3.758994339741E-009 -1.443131055903E-009
  4.002572758518E+001  1.627563929686E+000 -5.097311110357E-009  2.037713804354E-009 -7.967823805983E-010
  4.170345654134E+001  1.729263610453E+000 -2.594232112944E-009  1.051421547936E-009 -4.180707973315E-010
  4.348713762001E+001  1.839615336740E+000 -1.253107117412E-009  5.144241408570E-010 -2.077178443234E-010
  4.538588318162E+001  1.959559126947E+000 -5.719897212942E-010  2.376429224291E-010 -9.732699219317E-011
  4.740980671574E+001  2.090160267552E+000 -2.455271828031E-010  1.031601784547E-010 -4.280691451656E-011
  4.957015778746E+001  2.232629229408E+000 -9.857482846932E-011  4.185584730670E-011 -1.758085935881E-011
  5.187947869225E+001  2.388345286640E+000 -3.679180553950E-011  1.577779287114E-011 -6.702616732732E-012
  5.435178690397E+001  2.558884630889E+000 -1.267941240086E-011  5.488444391481E-012 -2.356300089925E-012
  5.700278828629E+001  2.746053966795E+000 -4.003958794817E-012  1.748495463057E-012 -7.581057583040E-013
  5.985012714155E+001  2.951930820846E+000 -1.148638899217E-012  5.057903215813E-013 -2.213338967498E-013
  6.291368055481E+001  3.178912111311E+000 -2.964559419195E-013  1.315715907685E-013 -5.807693210200E-014
  6.621590623276E+001  3.429772933797E+000 -6.808355503367E-014  3.044219228901E-014 -1.354735130107E-014
  6.978225524452E+001  3.707738044625E+000 -1.374064041751E-014  6.187305773290E-015 -2.774648885396E-015
  7.364166388185E+001  4.016569212832E+000 -2.402593035952E-015  1.089120724354E-015 -4.919462106895E-016
  7.782714245929E+001  4.360672516382E+000 -3.581041122433E-016  1.633641022517E-016 -7.429417705751E-017
  8.237648351994E+001  4.745230855210E+000 -4.465914044571E-017  2.049597283895E-017 -9.381176305943E-018
  8.733311794503E+001  5.176368549127E+000 -4.561244762476E-018  2.105328722037E-018 -9.694929356758E-019
  9.274715535088E+001  5.661357031559E+000 -3.722095923138E-019  1.727338157544E-019 -8.000065281504E-020
  9.867665554529E+001  6.208873552072E+000 -2.358123655985E-020  1.099996436063E-020 -5.122280942474E-021
  1.051891916055E+002  6.829328764649E+000 -1.121787746794E-021  5.258453527519E-022 -2.461267328475E-022
  1.123637836013E+002  7.535284543316E+000 -3.853352061147E-023  1.814688175469E-023 -8.535155172241E-024
  1.202933069206E+002  8.341990973528E+000 -9.128028313288E-025  4.317722126206E-025 -2.040137569821E-025
  1.290875131414E+002  9.268082166539E+000 -1.412232039482E-026  6.708126472839E-027 -3.183420983797E-027
  1.388768482001E+002  1.033648575811E+001 -1.337624742959E-028  6.379024847255E-029 -3.039718612803E-029
  1.498173177370E+002  1.157562284364E+001 -7.178683241287E-031  3.436377516080E-031 -1.643877227995E-031
  1.620967411853E+002  1.302100699722E+001 -1.988572390016E-033  9.553189938823E-034 -4.586844772627E-034
  1.759428668168E+002  1.471739812515E+001 -2.539168007252E-036  1.223960842054E-036 -5.897149076770E-037
  1.916340085825E+002  1.672173748087E+001 -1.301432835475E-039  6.293440161245E-040 -3.042196412252E-040
  2.095131417987E+002  1.910719757888E+001 -2.257694453388E-043  1.095079742562E-043 -5.309926433542E-044
  2.300068054477E+002  2.196884699990E+001 -1.072172439090E-047  5.215380347652E-048 -2.536264674015E-048
  2.536507797910E+002  2.543169216868E+001 -1.067599922720E-052  5.207143476277E-053 -2.539212547825E-053
  2.811254638474E+002  2.966227967912E+001 -1.588408759445E-058  7.767012676284E-059 -3.797276204663E-059
  3.133053780630E+002  3.488573552677E+001 -2.284212673147E-065  1.119597884705E-065 -5.486925454302E-066
  3.513296254502E+002  4.141128389041E+001 -1.799738399304E-073  8.841045032668E-074 -4.342619459543E-074
  3.967041014106E+002  4.967130404214E+001 -3.667423651760E-083  1.805346492443E-083 -8.886368172043E-084
  4.514529193349E+002  6.028257212519E+001 -7.044195009956E-095  3.474355393922E-095 -1.713522332093E-095
  5.183481233601E+002  7.414493328740E+001 -3.199560384699E-109  1.580942581357E-109 -7.811264172512E-110
  6.012676077950E+002  9.260523890243E+001 -4.963509371639E-127  2.456622164100E-127 -1.215829654122E-127
  7.057700503752E+002  1.177394213729E+002 -1.640643362480E-149  8.132600296358E-150 -4.031194512440E-150
  8.400513767914E+002  1.528577972397E+002 -1.930814624388E-178  9.584392591374E-179 -4.757523670169E-179
  1.016602135495E+003  2.034537342122E+002 -1.581788356011E-216  7.861857552650E-217 -3.907480095929E-217
  1.255220715580E+003  2.790860613466E+002 -4.577604987394E-268  2.277785155847E-268 -1.133401586364E-268
  1.588815776243E+003  3.973705897531E+002  0.000000000000E+000  0.000000000000E+000  0.000000000000E+000
  2.075392011604E+003  5.931596040112E+002  0.000000000000E+000  0.000000000000E+000  0.000000000000E+000
  2.825079847529E+003  9.419154890021E+002  0.000000000000E+000  0.000000000000E+000  0.000000000000E+000
  4.068408296184E+003  1.627629972033E+003  0.000000000000E+000  0.000000000000E+000  0.000000000000E+000
  6.357262947674E+003  3.178964796686E+003  0.000000000000E+000  0.000000000000E+000  0.000000000000E+000
  1.130231930164E+004  7.535323971013E+003  0.000000000000E+000  0.000000000000E+000  0.000000000000E+000
  2.543105175140E+004  2.543171841285E+004  0.000000000000E+000  0.000000000000E+000  0.000000000000E+000
  1.017262069958E+005  2.034537473226E+005  0.000000000000E+000  0.000000000000E+000  0.000000000000E+000
