# 1st line: number of mesh points
# abcissa weight wavefunction wavefunction_1st wavefunction_2nd
500
# Principal QN=   2 , l=   0 , Occupation=   1.0000
  9.830308526508E-006  1.966074589941E-005 -3.722788099239E+000  1.080577898491E+001 -2.446720833814E+001
  3.932200719717E-005  3.932303800261E-005 -3.722469429101E+000  1.080505741816E+001 -2.446634072267E+001
  8.847741541455E-005  5.898842277178E-005 -3.721938331651E+000  1.080385480075E+001 -2.446489425724E+001
  1.573003992804E-004  7.865844718600E-005 -3.721194836065E+000  1.080217112343E+001 -2.446286828264E+001
  2.457963722417E-004  9.833465899987E-005 -3.720238983209E+000  1.080000637342E+001 -2.446026187650E+001
  3.539722959954E-004  1.180186070023E-004 -3.719070825654E+000  1.079736053441E+001 -2.445707385383E+001
  4.818366816528E-004  1.377118412759E-004 -3.717690427700E+000  1.079423358675E+001 -2.445330276768E+001
  6.293995911626E-004  1.574159134560E-004 -3.716097865403E+000  1.079062550758E+001 -2.444894690996E+001
  7.966726389934E-004  1.771323769912E-004 -3.714293226608E+000  1.078653627102E+001 -2.444400431247E+001
  9.836689940782E-004  1.968627874036E-004 -3.712276610983E+000  1.078196584840E+001 -2.443847274797E+001
  1.190403382016E-003  2.166087025496E-004 -3.710048130069E+000  1.077691420848E+001 -2.443234973149E+001
  1.416892087541E-003  2.363716828821E-004 -3.707607907317E+000  1.077138131772E+001 -2.442563252175E+001
  1.663152957245E-003  2.561532917128E-004 -3.704956078151E+000  1.076536714061E+001 -2.441831812274E+001
  1.929205402573E-003  2.759550954757E-004 -3.702092790017E+000  1.075887163995E+001 -2.441040328547E+001
  2.215070403074E-003  2.957786639908E-004 -3.699018202449E+000  1.075189477726E+001 -2.440188450984E+001
  2.520770509919E-003  3.156255707300E-004 -3.695732487134E+000  1.074443651310E+001 -2.439275804665E+001
  2.846329849692E-003  3.354973930828E-004 -3.692235827985E+000  1.073649680754E+001 -2.438301989983E+001
  3.191774128432E-003  3.553957126240E-004 -3.688528421218E+000  1.072807562057E+001 -2.437266582874E+001
  3.557130635959E-003  3.753221153821E-004 -3.684610475430E+000  1.071917291256E+001 -2.436169135064E+001
  3.942428250463E-003  3.952781921092E-004 -3.680482211689E+000  1.070978864479E+001 -2.435009174339E+001
  4.347697443358E-003  4.152655385525E-004 -3.676143863621E+000  1.069992277993E+001 -2.433786204816E+001
  4.772970284417E-003  4.352857557265E-004 -3.671595677510E+000  1.068957528261E+001 -2.432499707242E+001
  5.218280447175E-003  4.553404501876E-004 -3.666837912393E+000  1.067874612000E+001 -2.431149139299E+001
  5.683663214611E-003  4.754312343099E-004 -3.661870840165E+000  1.066743526243E+001 -2.429733935929E+001
  6.169155485101E-003  4.955597265624E-004 -3.656694745693E+000  1.065564268397E+001 -2.428253509675E+001
  6.674795778653E-003  5.157275517886E-004 -3.651309926923E+000  1.064336836317E+001 -2.426707251030E+001
  7.200624243425E-003  5.359363414876E-004 -3.645716695003E+000  1.063061228366E+001 -2.425094528810E+001
  7.746682662519E-003  5.561877340970E-004 -3.639915374402E+000  1.061737443492E+001 -2.423414690535E+001
  8.313014461060E-003  5.764833752781E-004 -3.633906303039E+000  1.060365481300E+001 -2.421667062830E+001
  8.899664713569E-003  5.968249182030E-004 -3.627689832411E+000  1.058945342131E+001 -2.419850951834E+001
  9.506680151615E-003  6.172140238444E-004 -3.621266327732E+000  1.057477027135E+001 -2.417965643636E+001
  1.013410917176E-002  6.376523612666E-004 -3.614636168070E+000  1.055960538362E+001 -2.416010404712E+001
  1.078200184380E-002  6.581416079202E-004 -3.607799746488E+000  1.054395878837E+001 -2.413984482387E+001
  1.145040991929E-002  6.786834499385E-004 -3.600757470197E+000  1.052783052656E+001 -2.411887105308E+001
  1.213938684040E-002  6.992795824361E-004 -3.593509760704E+000  1.051122065066E+001 -2.409717483929E+001
  1.284898774901E-002  7.199317098113E-004 -3.586057053966E+000  1.049412922567E+001 -2.407474811020E+001
  1.357926949620E-002  7.406415460502E-004 -3.578399800552E+000  1.047655632999E+001 -2.405158262180E+001
  1.433029065191E-002  7.614108150341E-004 -3.570538465803E+000  1.045850205643E+001 -2.402766996372E+001
  1.510211151509E-002  7.822412508494E-004 -3.562473530003E+000  1.043996651318E+001 -2.400300156470E+001
  1.589479412397E-002  8.031345981016E-004 -3.554205488541E+000  1.042094982487E+001 -2.397756869823E+001
  1.670840226680E-002  8.240926122311E-004 -3.545734852094E+000  1.040145213356E+001 -2.395136248826E+001
  1.754300149280E-002  8.451170598329E-004 -3.537062146795E+000  1.038147359984E+001 -2.392437391521E+001
  1.839865912351E-002  8.662097189796E-004 -3.528187914419E+000  1.036101440392E+001 -2.389659382195E+001
  1.927544426443E-002  8.873723795480E-004 -3.519112712566E+000  1.034007474675E+001 -2.386801292004E+001
  2.017342781695E-002  9.086068435487E-004 -3.509837114844E+000  1.031865485111E+001 -2.383862179607E+001
  2.109268249069E-002  9.299149254598E-004 -3.500361711060E+000  1.029675496283E+001 -2.380841091820E+001
  2.203328281612E-002  9.512984525641E-004 -3.490687107414E+000  1.027437535194E+001 -2.377737064272E+001
  2.299530515754E-002  9.727592652906E-004 -3.480813926693E+000  1.025151631387E+001 -2.374549122090E+001
  2.397882772639E-002  9.942992175591E-004 -3.470742808467E+000  1.022817817067E+001 -2.371276280589E+001
  2.498393059493E-002  1.015920177130E-003 -3.460474409292E+000  1.020436127227E+001 -2.367917545979E+001
  2.601069571024E-002  1.037624025957E-003 -3.450009402910E+000  1.018006599775E+001 -2.364471916085E+001
  2.705920690860E-002  1.059412660547E-003 -3.439348480459E+000  1.015529275659E+001 -2.360938381081E+001
  2.812954993023E-002  1.081287992318E-003 -3.428492350674E+000  1.013004199001E+001 -2.357315924240E+001
  2.922181243436E-002  1.103251947969E-003 -3.417441740099E+000  1.010431417226E+001 -2.353603522696E+001
  3.033608401473E-002  1.125306469854E-003 -3.406197393300E+000  1.007810981200E+001 -2.349800148220E+001
  3.147245621542E-002  1.147453516351E-003 -3.394760073075E+000  1.005142945363E+001 -2.345904768007E+001
  3.263102254705E-002  1.169695062249E-003 -3.383130560670E+000  1.002427367867E+001 -2.341916345480E+001
  3.381187850339E-002  1.192033099133E-003 -3.371309655995E+000  9.996643107161E+000 -2.337833841110E+001
  3.501512157837E-002  1.214469635775E-003 -3.359298177841E+000  9.968538399079E+000 -2.333656213238E+001
  3.624085128345E-002  1.237006698530E-003 -3.347096964100E+000  9.939960255746E+000 -2.329382418922E+001
  3.748916916538E-002  1.259646331739E-003 -3.334706871981E+000  9.910909421283E+000 -2.325011414792E+001
  3.876017882444E-002  1.282390598136E-003 -3.322128778235E+000  9.881386684059E+000 -2.320542157913E+001
  4.005398593302E-002  1.305241579266E-003 -3.309363579373E+000  9.851392878162E+000 -2.315973606670E+001
  4.137069825459E-002  1.328201375897E-003 -3.296412191889E+000  9.820928884880E+000 -2.311304721660E+001
  4.271042566323E-002  1.351272108452E-003 -3.283275552480E+000  9.789995634194E+000 -2.306534466592E+001
  4.407328016341E-002  1.374455917436E-003 -3.269954618272E+000  9.758594106287E+000 -2.301661809208E+001
  4.545937591035E-002  1.397754963880E-003 -3.256450367038E+000  9.726725333060E+000 -2.296685722210E+001
  4.686882923075E-002  1.421171429779E-003 -3.242763797421E+000  9.694390399655E+000 -2.291605184196E+001
  4.830175864396E-002  1.444707518548E-003 -3.228895929157E+000  9.661590445996E+000 -2.286419180615E+001
  4.975828488365E-002  1.468365455478E-003 -3.214847803294E+000  9.628326668331E+000 -2.281126704728E+001
  5.123853091993E-002  1.492147488203E-003 -3.200620482414E+000  9.594600320784E+000 -2.275726758577E+001
  5.274262198188E-002  1.516055887169E-003 -3.186215050848E+000  9.560412716914E+000 -2.270218353971E+001
  5.427068558066E-002  1.540092946119E-003 -3.171632614898E+000  9.525765231280E+000 -2.264600513478E+001
  5.582285153302E-002  1.564260982573E-003 -3.156874303051E+000  9.490659301010E+000 -2.258872271427E+001
  5.739925198530E-002  1.588562338332E-003 -3.141941266194E+000  9.455096427375E+000 -2.253032674921E+001
  5.900002143803E-002  1.612999379973E-003 -3.126834677828E+000  9.419078177362E+000 -2.247080784860E+001
  6.062529677088E-002  1.637574499364E-003 -3.111555734273E+000  9.382606185255E+000 -2.241015676968E+001
  6.227521726827E-002  1.662290114181E-003 -3.096105654885E+000  9.345682154212E+000 -2.234836442833E+001
  6.394992464542E-002  1.687148668440E-003 -3.080485682253E+000  9.308307857843E+000 -2.228542190957E+001
  6.564956307496E-002  1.712152633027E-003 -3.064697082406E+000  9.270485141787E+000 -2.222132047805E+001
  6.737427921404E-002  1.737304506249E-003 -3.048741145011E+000  9.232215925283E+000 -2.215605158875E+001
  6.912422223211E-002  1.762606814387E-003 -3.032619183572E+000  9.193502202745E+000 -2.208960689759E+001
  7.089954383907E-002  1.788062112257E-003 -3.016332535617E+000  9.154346045322E+000 -2.202197827224E+001
  7.270039831418E-002  1.813672983787E-003 -2.999882562889E+000  9.114749602460E+000 -2.195315780291E+001
  7.452694253540E-002  1.839442042599E-003 -2.983270651533E+000  9.074715103449E+000 -2.188313781325E+001
  7.637933600943E-002  1.865371932600E-003 -2.966498212273E+000  9.034244858969E+000 -2.181191087124E+001
  7.825774090225E-002  1.891465328589E-003 -2.949566680584E+000  8.993341262616E+000 -2.173946980019E+001
  8.016232207035E-002  1.917724936867E-003 -2.932477516871E+000  8.952006792427E+000 -2.166580768973E+001
  8.209324709253E-002  1.944153495867E-003 -2.915232206624E+000  8.910244012382E+000 -2.159091790686E+001
  8.405068630235E-002  1.970753776782E-003 -2.897832260583E+000  8.868055573898E+000 -2.151479410704E+001
  8.603481282122E-002  1.997528584221E-003 -2.880279214890E+000  8.825444217304E+000 -2.143743024529E+001
  8.804580259214E-002  2.024480756857E-003 -2.862574631234E+000  8.782412773296E+000 -2.135882058729E+001
  9.008383441408E-002  2.051613168108E-003 -2.844720096995E+000  8.738964164379E+000 -2.127895972051E+001
  9.214908997710E-002  2.078928726810E-003 -2.826717225374E+000  8.695101406284E+000 -2.119784256538E+001
  9.424175389809E-002  2.106430377918E-003 -2.808567655524E+000  8.650827609359E+000 -2.111546438639E+001
  9.636201375725E-002  2.134121103210E-003 -2.790273052663E+000  8.606145979943E+000 -2.103182080323E+001
  9.851006013526E-002  2.162003922007E-003 -2.771835108191E+000  8.561059821708E+000 -2.094690780190E+001
  1.006860866512E-001  2.190081891910E-003 -2.753255539792E+000  8.515572536979E+000 -2.086072174581E+001
  1.028902900012E-001  2.218358109541E-003 -2.734536091525E+000  8.469687628016E+000 -2.077325938682E+001
  1.051228699979E-001  2.246835711311E-003 -2.715678533915E+000  8.423408698274E+000 -2.068451787627E+001
  1.073840296104E-001  2.275517874190E-003 -2.696684664029E+000  8.376739453624E+000 -2.059449477598E+001
  1.096739750056E-001  2.304407816497E-003 -2.677556305539E+000  8.329683703537E+000 -2.050318806913E+001
  1.119929155896E-001  2.333508798707E-003 -2.658295308788E+000  8.282245362237E+000 -2.041059617116E+001
  1.143410640503E-001  2.362824124271E-003 -2.638903550829E+000  8.234428449813E+000 -2.031671794052E+001
  1.167186364011E-001  2.392357140448E-003 -2.619382935470E+000  8.186237093285E+000 -2.022155268944E+001
  1.191258520249E-001  2.422111239159E-003 -2.599735393295E+000  8.137675527631E+000 -2.012510019447E+001
  1.215629337189E-001  2.452089857854E-003 -2.579962881684E+000  8.088748096769E+000 -2.002736070709E+001
  1.240301077413E-001  2.482296480400E-003 -2.560067384812E+000  8.039459254491E+000 -1.992833496405E+001
  1.265276038575E-001  2.512734637975E-003 -2.540050913646E+000  7.989813565347E+000 -1.982802419771E+001
  1.290556553882E-001  2.543407909995E-003 -2.519915505923E+000  7.939815705474E+000 -1.972643014621E+001
  1.316144992580E-001  2.574319925047E-003 -2.499663226118E+000  7.889470463378E+000 -1.962355506345E+001
  1.342043760450E-001  2.605474361847E-003 -2.479296165399E+000  7.838782740655E+000 -1.951940172904E+001
  1.368255300316E-001  2.636874950214E-003 -2.458816441567E+000  7.787757552655E+000 -1.941397345797E+001
  1.394782092560E-001  2.668525472060E-003 -2.438226198988E+000  7.736400029081E+000 -1.930727411019E+001
  1.421626655646E-001  2.700429762411E-003 -2.417527608505E+000  7.684715414536E+000 -1.919930809993E+001
  1.448791546661E-001  2.732591710434E-003 -2.396722867338E+000  7.632709068988E+000 -1.909008040493E+001
  1.476279361856E-001  2.765015260497E-003 -2.375814198971E+000  7.580386468185E+000 -1.897959657537E+001
  1.504092737207E-001  2.797704413242E-003 -2.354803853023E+000  7.527753203984E+000 -1.886786274261E+001
  1.532234348983E-001  2.830663226680E-003 -2.333694105103E+000  7.474814984620E+000 -1.875488562773E+001
  1.560706914324E-001  2.863895817319E-003 -2.312487256652E+000  7.421577634890E+000 -1.864067254977E+001
  1.589513191834E-001  2.897406361298E-003 -2.291185634767E+000  7.368047096267E+000 -1.852523143376E+001
  1.618655982178E-001  2.931199095559E-003 -2.269791592009E+000  7.314229426930E+000 -1.840857081848E+001
  1.648138128702E-001  2.965278319033E-003 -2.248307506199E+000  7.260130801709E+000 -1.829069986389E+001
  1.677962518056E-001  2.999648393860E-003 -2.226735780189E+000  7.205757511953E+000 -1.817162835829E+001
  1.708132080832E-001  3.034313746623E-003 -2.205078841627E+000  7.151115965306E+000 -1.805136672521E+001
  1.738649792215E-001  3.069278869616E-003 -2.183339142691E+000  7.096212685387E+000 -1.792992602989E+001
  1.769518672648E-001  3.104548322136E-003 -2.161519159822E+000  7.041054311391E+000 -1.780731798550E+001
  1.800741788507E-001  3.140126731803E-003 -2.139621393426E+000  6.985647597584E+000 -1.768355495894E+001
  1.832322252791E-001  3.176018795904E-003 -2.117648367566E+000  6.929999412703E+000 -1.755864997634E+001
  1.864263225826E-001  3.212229282769E-003 -2.095602629629E+000  6.874116739263E+000 -1.743261672812E+001
  1.896567915983E-001  3.248763033179E-003 -2.073486749983E+000  6.818006672749E+000 -1.730546957366E+001
  1.929239580409E-001  3.285624961791E-003 -2.051303321611E+000  6.761676420716E+000 -1.717722354558E+001
  1.962281525771E-001  3.322820058613E-003 -2.029054959723E+000  6.705133301775E+000 -1.704789435359E+001
  1.995697109023E-001  3.360353390492E-003 -2.006744301358E+000  6.648384744469E+000 -1.691749838783E+001
  2.029489738173E-001  3.398230102644E-003 -1.984374004960E+000  6.591438286042E+000 -1.678605272188E+001
  2.063662873085E-001  3.436455420218E-003 -1.961946749936E+000  6.534301571089E+000 -1.665357511512E+001
  2.098220026275E-001  3.475034649885E-003 -1.939465236198E+000  6.476982350089E+000 -1.652008401478E+001
  2.133164763746E-001  3.513973181471E-003 -1.916932183683E+000  6.419488477827E+000 -1.638559855732E+001
  2.168500705817E-001  3.553276489620E-003 -1.894350331856E+000  6.361827911685E+000 -1.625013856940E+001
  2.204231527988E-001  3.592950135496E-003 -1.871722439191E+000  6.304008709819E+000 -1.611372456825E+001
  2.240360961807E-001  3.632999768520E-003 -1.849051282633E+000  6.246039029201E+000 -1.597637776148E+001
  2.276892795770E-001  3.673431128145E-003 -1.826339657047E+000  6.187927123545E+000 -1.583812004637E+001
  2.313830876220E-001  3.714250045674E-003 -1.803590374638E+000  6.129681341096E+000 -1.569897400850E+001
  2.351179108282E-001  3.755462446115E-003 -1.780806264360E+000  6.071310122291E+000 -1.555896291983E+001
  2.388941456809E-001  3.797074350078E-003 -1.757990171301E+000  6.012821997287E+000 -1.541811073612E+001
  2.427121947345E-001  3.839091875711E-003 -1.735144956055E+000  5.954225583359E+000 -1.527644209372E+001
  2.465724667110E-001  3.881521240686E-003 -1.712273494066E+000  5.895529582151E+000 -1.513398230575E+001
  2.504753766009E-001  3.924368764227E-003 -1.689378674965E+000  5.836742776806E+000 -1.499075735750E+001
  2.544213457654E-001  3.967640869177E-003 -1.666463401879E+000  5.777874028941E+000 -1.484679390128E+001
  2.584108020414E-001  4.011344084122E-003 -1.643530590731E+000  5.718932275496E+000 -1.470211925048E+001
  2.624441798480E-001  4.055485045557E-003 -1.620583169514E+000  5.659926525435E+000 -1.455676137290E+001
  2.665219202956E-001  4.100070500102E-003 -1.597624077554E+000  5.600865856304E+000 -1.441074888345E+001
  2.706444712976E-001  4.145107306769E-003 -1.574656264756E+000  5.541759410655E+000 -1.426411103598E+001
  2.748122876832E-001  4.190602439283E-003 -1.551682690829E+000  5.482616392319E+000 -1.411687771440E+001
  2.790258313137E-001  4.236562988450E-003 -1.528706324501E+000  5.423446062538E+000 -1.396907942309E+001
  2.832855712010E-001  4.282996164587E-003 -1.505730142715E+000  5.364257735957E+000 -1.382074727638E+001
  2.875919836279E-001  4.329909300005E-003 -1.482757129815E+000  5.305060776465E+000 -1.367191298735E+001
  2.919455522717E-001  4.377309851548E-003 -1.459790276710E+000  5.245864592904E+000 -1.352260885577E+001
  2.963467683296E-001  4.425205403192E-003 -1.436832580037E+000  5.186678634620E+000 -1.337286775518E+001
  3.007961306479E-001  4.473603668706E-003 -1.413887041299E+000  5.127512386889E+000 -1.322272311919E+001
  3.052941458522E-001  4.522512494374E-003 -1.390956666000E+000  5.068375366184E+000 -1.307220892691E+001
  3.098413284823E-001  4.571939861783E-003 -1.368044462767E+000  5.009277115317E+000 -1.292135968746E+001
  3.144382011281E-001  4.621893890671E-003 -1.345153442459E+000  4.950227198430E+000 -1.277021042372E+001
  3.190852945695E-001  4.672382841850E-003 -1.322286617274E+000  4.891235195856E+000 -1.261879665509E+001
  3.237831479192E-001  4.723415120192E-003 -1.299446999841E+000  4.832310698842E+000 -1.246715437944E+001
  3.285323087679E-001  4.774999277691E-003 -1.276637602312E+000  4.773463304137E+000 -1.231532005412E+001
  3.333333333333E-001  4.827144016591E-003 -1.253861435443E+000  4.714702608451E+000 -1.216333057611E+001
  3.381867866117E-001  4.879858192602E-003 -1.231121507674E+000  4.656038202787E+000 -1.201122326119E+001
  3.430932425333E-001  4.933150818173E-003 -1.208420824206E+000  4.597479666644E+000 -1.185903582230E+001
  3.480532841203E-001  4.987031065868E-003 -1.185762386075E+000  4.539036562105E+000 -1.170680634692E+001
  3.530675036492E-001  5.041508271801E-003 -1.163149189225E+000  4.480718427799E+000 -1.155457327351E+001
  3.581365028158E-001  5.096591939172E-003 -1.140584223589E+000  4.422534772756E+000 -1.140237536713E+001
  3.632608929041E-001  5.152291741875E-003 -1.118070472163E+000  4.364495070148E+000 -1.125025169403E+001
  3.684412949588E-001  5.208617528209E-003 -1.095610910089E+000  4.306608750935E+000 -1.109824159545E+001
  3.736783399619E-001  5.265579324662E-003 -1.073208503751E+000  4.248885197398E+000 -1.094638466037E+001
  3.789726690123E-001  5.323187339805E-003 -1.050866209864E+000  4.191333736593E+000 -1.079472069747E+001
  3.843249335105E-001  5.381451968273E-003 -1.028586974589E+000  4.133963633707E+000 -1.064328970614E+001
  3.897357953460E-001  5.440383794842E-003 -1.006373732644E+000  4.076784085343E+000 -1.049213184661E+001
  3.952059270903E-001  5.499993598618E-003 -9.842294064439E-001  4.019804212724E+000 -1.034128740922E+001
  4.007360121927E-001  5.560292357317E-003 -9.621569052431E-001  3.963033054838E+000 -1.019079678274E+001
  4.063267451812E-001  5.621291251662E-003 -9.401591243034E-001  3.906479561516E+000 -1.004070042198E+001
  4.119788318683E-001  5.683001669888E-003 -9.182389440783E-001  3.850152586471E+000 -9.891038814419E+000
  4.176929895600E-001  5.745435212354E-003 -8.963992294197E-001  3.794060880288E+000 -9.741852446093E+000
  4.234699472710E-001  5.808603696282E-003 -8.746428288098E-001  3.738213083390E+000 -9.593181766667E+000
  4.293104459435E-001  5.872519160606E-003 -8.529725736175E-001  3.682617718971E+000 -9.445067153718E+000
  4.352152386716E-001  5.937193870949E-003 -8.313912773850E-001  3.627283185933E+000 -9.297548876272E+000
  4.411850909306E-001  6.002640324729E-003 -8.099017351444E-001  3.572217751809E+000 -9.150667057609E+000
  4.472207808110E-001  6.068871256391E-003 -7.885067227686E-001  3.517429545703E+000 -9.004461637371E+000
  4.533230992589E-001  6.135899642772E-003 -7.672089963574E-001  3.462926551255E+000 -8.858972333005E+000
  4.594928503202E-001  6.203738708611E-003 -7.460112916619E-001  3.408716599637E+000 -8.714238600566E+000
  4.657308513924E-001  6.272401932198E-003 -7.249163235507E-001  3.354807362597E+000 -8.570299594932E+000
  4.720379334802E-001  6.341903051163E-003 -7.039267855184E-001  3.301206345566E+000 -8.427194129455E+000
  4.784149414579E-001  6.412256068427E-003 -6.830453492405E-001  3.247920880839E+000 -8.284960635101E+000
  4.848627343381E-001  6.483475258298E-003 -6.622746641769E-001  3.194958120848E+000 -8.143637119117E+000
  4.913821855461E-001  6.555575172733E-003 -6.416173572265E-001  3.142325031535E+000 -8.003261123275E+000
  4.979741832006E-001  6.628570647764E-003 -6.210760324351E-001  3.090028385849E+000 -7.863869681745E+000
  5.046396304008E-001  6.702476810086E-003 -6.006532707593E-001  3.038074757376E+000 -7.725499278653E+000
  5.113794455212E-001  6.777309083830E-003 -5.803516298901E-001  2.986470514120E+000 -7.588185805366E+000
  5.181945625116E-001  6.853083197508E-003 -5.601736441367E-001  2.935221812460E+000 -7.451964517586E+000
  5.250859312060E-001  6.929815191146E-003 -5.401218243741E-001  2.884334591279E+000 -7.316869992297E+000
  5.320545176366E-001  7.007521423604E-003 -5.201986580568E-001  2.833814566313E+000 -7.182936084636E+000
  5.391013043575E-001  7.086218580100E-003 -5.004066093015E-001  2.783667224707E+000 -7.050195884765E+000
  5.462272907741E-001  7.165923679926E-003 -4.807481190393E-001  2.733897819822E+000 -6.918681674803E+000
  5.534334934816E-001  7.246654084380E-003 -4.612256052418E-001  2.684511366295E+000 -6.788424885897E+000
  5.607209466109E-001  7.328427504912E-003 -4.418414632211E-001  2.635512635377E+000 -6.659456055519E+000
  5.680907021827E-001  7.411262011483E-003 -4.225980660080E-001  2.586906150573E+000 -6.531804785052E+000
  5.755438304707E-001  7.495176041166E-003 -4.034977648075E-001  2.538696183592E+000 -6.405499697772E+000
  5.830814203728E-001  7.580188406970E-003 -3.845428895355E-001  2.490886750645E+000 -6.280568397288E+000
  5.907045797917E-001  7.666318306912E-003 -3.657357494377E-001  2.443481609082E+000 -6.157037426555E+000
  5.984144360243E-001  7.753585333338E-003 -3.470786337909E-001  2.396484254431E+000 -6.034932227528E+000
  6.062121361613E-001  7.842009482502E-003 -3.285738126896E-001  2.349897917810E+000 -5.914277101578E+000
  6.140988474955E-001  7.931611164409E-003 -3.102235379179E-001  2.303725563777E+000 -5.795095170749E+000
  6.220757579409E-001  8.022411212936E-003 -2.920300439066E-001  2.257969888602E+000 -5.677408339962E+000
  6.301440764614E-001  8.114430896230E-003 -2.739955487787E-001  2.212633319013E+000 -5.561237260284E+000
  6.383050335109E-001  8.207691927403E-003 -2.561222554796E-001  2.167718011409E+000 -5.446601293338E+000
  6.465598814833E-001  8.302216475524E-003 -2.384123529955E-001  2.123225851578E+000 -5.333518477001E+000
  6.549098951744E-001  8.398027176926E-003 -2.208680176577E-001  2.079158454931E+000 -5.222005492464E+000
  6.633563722545E-001  8.495147146827E-003 -2.034914145318E-001  2.035517167273E+000 -5.112077632791E+000
  6.719006337539E-001  8.593599991288E-003 -1.862846988917E-001  1.992303066132E+000 -5.003748773081E+000
  6.805440245593E-001  8.693409819506E-003 -1.692500177767E-001  1.949516962666E+000 -4.897031342350E+000
  6.892879139233E-001  8.794601256469E-003 -1.523895116289E-001  1.907159404153E+000 -4.791936297253E+000
  6.981336959871E-001  8.897199455961E-003 -1.357053160096E-001  1.865230677096E+000 -4.688473097756E+000
  7.070827903152E-001  9.001230113956E-003 -1.191995633913E-001  1.823730810959E+000 -4.586649684886E+000
  7.161366424455E-001  9.106719482390E-003 -1.028743850219E-001  1.782659582529E+000 -4.486472460677E+000
  7.252967244510E-001  9.213694383338E-003 -8.673191285781E-002  1.742016520948E+000 -4.387946270420E+000
  7.345645355186E-001  9.322182223606E-003 -7.077428156116E-002  1.701800913400E+000 -4.291074387348E+000
  7.439416025400E-001  9.432211009745E-003 -5.500363055626E-002  1.662011811486E+000 -4.195858499877E+000
  7.534294807203E-001  9.543809363512E-003 -3.942210613995E-002  1.622648038282E+000 -4.102298701497E+000
  7.630297542000E-001  9.657006537783E-003 -2.403186363960E-002  1.583708196100E+000 -4.010393483466E+000
  7.727440366954E-001  9.771832432940E-003 -8.835069612070E-003  1.545190674951E+000 -3.920139730380E+000
  7.825739721536E-001  9.888317613741E-003  6.166095923837E-003  1.507093661721E+000 -3.831532718764E+000
  7.925212354258E-001  1.000649332670E-002  2.096943722953E-002  1.469415150056E+000 -3.744566118773E+000
  8.025875329584E-001  1.012639151798E-002  3.557274057209E-002  1.432152950970E+000 -3.659231999115E+000
  8.127746035011E-001  1.024804485184E-002  4.997377194280E-002  1.395304704158E+000 -3.575520835301E+000
  8.230842188350E-001  1.037148672960E-002  6.417027477870E-002  1.358867890030E+000 -3.493421521302E+000
  8.335181845190E-001  1.049675130923E-002  7.815996769854E-002  1.322839842439E+000 -3.412921384734E+000
  8.440783406568E-001  1.062387352550E-002  9.194054226467E-002  1.287217762115E+000 -3.334006205624E+000
  8.547665626839E-001  1.075288911077E-002  1.055096607837E-001  1.251998730778E+000 -3.256660238866E+000
  8.655847621758E-001  1.088383461638E-002  1.188649541592E-001  1.217179725926E+000 -3.180866240414E+000
  8.765348876780E-001  1.101674743475E-002  1.320040198107E-001  1.182757636278E+000 -3.106605497299E+000
  8.876189255584E-001  1.115166582209E-002  1.449244196742E-001  1.148729277840E+000 -3.033857861514E+000
  8.988389008829E-001  1.128862892191E-002  1.576236782998E-001  1.115091410595E+000 -2.962601787815E+000
  9.101968783143E-001  1.142767678917E-002  1.700992810631E-001  1.081840755765E+000 -2.892814375483E+000
  9.216949630368E-001  1.156885041525E-002  1.823486725084E-001  1.048974013624E+000 -2.824471414067E+000
  9.333353017046E-001  1.171219175365E-002  1.943692548416E-001  1.016487881831E+000 -2.757547433128E+000
  9.451200834176E-001  1.185774374655E-002  2.061583865914E-001  9.843790742368E-001 -2.692015755988E+000
  9.570515407237E-001  1.200555035216E-002  2.177133814600E-001  9.526443401227E-001 -2.627848557476E+000
  9.691319506484E-001  1.215565657299E-002  2.290315073822E-001  9.212804838311E-001 -2.565016925641E+000
  9.813636357544E-001  1.230810848498E-002  2.401099858163E-001  8.902843847269E-001 -2.503490927411E+000
  9.937489652293E-001  1.246295326757E-002  2.509459912861E-001  8.596530174410E-001 -2.443239678134E+000
  1.006290356005E+000  1.262023923477E-002  2.615366511995E-001  8.293834723326E-001 -2.384231414934E+000
  1.018990273907E+000  1.278001586715E-002  2.718790459646E-001  7.994729761082E-001 -2.326433573811E+000
  1.031851234841E+000  1.294233384499E-002  2.819702094281E-001  7.699189125258E-001 -2.269812870369E+000
  1.044875806003E+000  1.310724508236E-002  2.918071296602E-001  7.407188431138E-001 -2.214335384060E+000
  1.058066607138E+000  1.327480276248E-002  3.013867501099E-001  7.118705278241E-001 -2.159966645818E+000
  1.071426311823E+000  1.344506137405E-002  3.107059711559E-001  6.833719455398E-001 -2.106671728901E+000
  1.084957648792E+000  1.361807674895E-002  3.197616520778E-001  6.552213143481E-001 -2.054415342797E+000
  1.098663403298E+000  1.379390610110E-002  3.285506134733E-001  6.274171114897E-001 -2.003161929977E+000
  1.112546418516E+000  1.397260806657E-002  3.370696401451E-001  5.999580928889E-001 -1.952875765288E+000
  1.126609596985E+000  1.415424274514E-002  3.453154844839E-001  5.728433121645E-001 -1.903521057746E+000
  1.140855902095E+000  1.433887174317E-002  3.532848703705E-001  5.460721390193E-001 -1.855062054476E+000
  1.155288359613E+000  1.452655821788E-002  3.609744976223E-001  5.196442769007E-001 -1.807463146522E+000
  1.169910059257E+000  1.471736692327E-002  3.683810470069E-001  4.935597798238E-001 -1.760688976215E+000
  1.184724156317E+000  1.491136425740E-002  3.755011858455E-001  4.678190682412E-001 -1.714704545798E+000
  1.199733873325E+000  1.510861831145E-002  3.823315742278E-001  4.424229438458E-001 -1.669475326942E+000
  1.214942501771E+000  1.530919892035E-002  3.888688718593E-001  4.173726031868E-001 -1.624967370813E+000
  1.230353403874E+000  1.551317771520E-002  3.951097455595E-001  3.926696499784E-001 -1.581147418289E+000
  1.245970014403E+000  1.572062817747E-002  4.010508774284E-001  3.683161059798E-001 -1.537983009934E+000
  1.261795842559E+000  1.593162569510E-002  4.066889736978E-001  3.443144203228E-001 -1.495442595295E+000
  1.277834473907E+000  1.614624762054E-002  4.120207742798E-001  3.206674771631E-001 -1.453495641099E+000
  1.294089572372E+000  1.636457333079E-002  4.170430630246E-001  2.973786015325E-001 -1.412112737862E+000
  1.310564882294E+000  1.658668428962E-002  4.217526786958E-001  2.744515632690E-001 -1.371265704469E+000
  1.327264230548E+000  1.681266411190E-002  4.261465266688E-001  2.518905789040E-001 -1.330927690199E+000
  1.344191528724E+000  1.704259863026E-002  4.302215913554E-001  2.297003113858E-001 -1.291073273718E+000
  1.361350775387E+000  1.727657596408E-002  4.339749493531E-001  2.078858675270E-001 -1.251678558513E+000
  1.378746058390E+000  1.751468659100E-002  4.374037833146E-001  1.864527930604E-001 -1.212721264235E+000
  1.396381557275E+000  1.775702342093E-002  4.405053965297E-001  1.654070651985E-001 -1.174180813426E+000
  1.414261545744E+000  1.800368187279E-002  4.432772282048E-001  1.447550825946E-001 -1.136038413089E+000
  1.432390394201E+000  1.825475995395E-002  4.457168694243E-001  1.245036526118E-001 -1.098277130557E+000
  1.450772572390E+000  1.851035834267E-002  4.478220797698E-001  1.046599758127E-001 -1.060881963113E+000
  1.469412652102E+000  1.877058047342E-002  4.495908045701E-001  8.523162759225E-002 -1.023839900830E+000
  1.488315309978E+000  1.903553262542E-002  4.510211927484E-001  6.622653688794E-002 -9.871399821001E-001
  1.507485330398E+000  1.930532401444E-002  4.521116152268E-001  4.765296190936E-002 -9.507733413081E-001
  1.526927608467E+000  1.958006688797E-002  4.528606838441E-001  2.951946284487E-002 -9.147332481658E-001
  1.546647153093E+000  1.985987662391E-002  4.532672707337E-001  1.183487151496E-002 -8.790151381914E-001
  1.566649090169E+000  2.014487183303E-002  4.533305281046E-001 -5.391742042544E-003 -8.436166338699E-001
  1.586938665861E+000  2.043517446518E-002  4.530499083598E-001 -2.215110605443E-002 -8.085375560446E-001
  1.607521250000E+000  2.073090991960E-002  4.524251844797E-001 -3.843378654270E-002 -7.737799251183E-001
  1.628402339588E+000  2.103220715932E-002  4.514564705923E-001 -5.423022986692E-002 -7.393479516801E-001
  1.649587562420E+000  2.133919883002E-002  4.501442426423E-001 -6.953080822200E-002 -7.052480162092E-001
  1.671082680832E+000  2.165202138333E-002  4.484893590670E-001 -8.432586801368E-002 -6.714886375517E-001
  1.692893595565E+000  2.197081520497E-002  4.464930813760E-001 -9.860578101285E-002 -6.380804299118E-001
  1.715026349769E+000  2.229572474776E-002  4.441570945276E-001 -1.123609981666E-001 -6.050360481537E-001
  1.737487133138E+000  2.262689866987E-002  4.414835269848E-001 -1.255821059203E-001 -5.723701212652E-001
  1.760282286187E+000  2.296448997842E-002  4.384749703295E-001 -1.382598848797E-001 -5.400991738959E-001
  1.783418304674E+000  2.330865617868E-002  4.351344983032E-001 -1.503853706191E-001 -5.082415359500E-001
  1.806901844175E+000  2.365955942924E-002  4.314656851388E-001 -1.619499164115E-001 -4.768172402830E-001
  1.830739724818E+000  2.401736670327E-002  4.274726230401E-001 -1.729452576361E-001 -4.458479086263E-001
  1.854938936184E+000  2.438224995616E-002  4.231599386612E-001 -1.833635775859E-001 -4.153566259427E-001
  1.879506642368E+000  2.475438629994E-002  4.185328084298E-001 -1.931975743771E-001 -3.853678034975E-001
  1.904450187236E+000  2.513395818467E-002  4.135969725583E-001 -2.024405286314E-001 -3.559070310152E-001
  1.929777099847E+000  2.552115358717E-002  4.083587475771E-001 -2.110863715796E-001 -3.270009183807E-001
  1.955495100083E+000  2.591616620741E-002  4.028250372267E-001 -2.191297532057E-001 -2.986769274331E-001
  1.981612104475E+000  2.631919567292E-002  3.970033415389E-001 -2.265661100313E-001 -2.709631944936E-001
  2.008136232230E+000  2.673044775156E-002  3.909017639384E-001 -2.333917321110E-001 -2.438883443619E-001
  2.035075811486E+000  2.715013457311E-002  3.845290161955E-001 -2.396038287937E-001 -2.174812966093E-001
  2.062439385788E+000  2.757847486001E-002  3.778944210614E-001 -2.452005927783E-001 -1.917710650902E-001
  2.090235720801E+000  2.801569416771E-002  3.710079124208E-001 -2.501812619801E-001 -1.667865516856E-001
  2.118473811262E+000  2.846202513514E-002  3.638800328000E-001 -2.545461787060E-001 -1.425563353837E-001
  2.147162888201E+000  2.891770774564E-002  3.565219280754E-001 -2.582968456223E-001 -1.191084578874E-001
  2.176312426413E+000  2.938298959899E-002  3.489453392327E-001 -2.614359779949E-001 -9.647020702525E-002
  2.205932152222E+000  2.985812619504E-002  3.411625910381E-001 -2.639675516684E-001 -7.466789931614E-002
  2.236032051522E+000  3.034338122938E-002  3.331865774927E-001 -2.658968462559E-001 -5.372666311455E-002
  2.266622378129E+000  3.083902690182E-002  3.250307439548E-001 -2.672304830073E-001 -3.367022382367E-002
  2.297713662445E+000  3.134534423818E-002  3.167090658287E-001 -2.679764568359E-001 -1.452069272249E-002
  2.329316720450E+000  3.186262342603E-002  3.082360237369E-001 -2.681441619896E-001  3.701639001859E-003
  2.361442663038E+000  3.239116416519E-002  2.996265751103E-001 -2.677444108752E-001  2.097849938900E-002
  2.394102905709E+000  3.293127603351E-002  2.908961221537E-001 -2.667894455621E-001  3.729382635678E-002
  2.427309178642E+000  3.348327886897E-002  2.820604761646E-001 -2.652929415228E-001  5.263394820757E-002
  2.461073537146E+000  3.404750316862E-002  2.731358182124E-001 -2.632700032002E-001  6.698775233174E-002
  2.495408372530E+000  3.462429050548E-002  2.641386562077E-001 -2.607371510320E-001  8.034684046898E-002
  2.530326423398E+000  3.521399396401E-002  2.550857784253E-001 -2.577122996097E-001  9.270566892365E-002
  2.565840787378E+000  3.581697859546E-002  2.459942035712E-001 -2.542147267010E-001  1.040616721814E-001
  2.601964933334E+000  3.643362189376E-002  2.368811275211E-001 -2.502650329233E-001  1.144153684448E-001
  2.638712714049E+000  3.706431429322E-002  2.277638668864E-001 -2.458850919224E-001  1.237704456918E-001
  2.676098379430E+000  3.770945968912E-002  2.186597996054E-001 -2.410979909788E-001  1.321338269693E-001
  2.714136590232E+000  3.836947598236E-002  2.095863027883E-001 -2.359279620419E-001  1.395157137559E-001
  2.752842432351E+000  3.904479564947E-002  2.005606880846E-001 -2.304003032740E-001  1.459296063745E-001
  2.792231431696E+000  3.973586633921E-002  1.916001348781E-001 -2.245412912710E-001  1.513923005951E-001
  2.832319569669E+000  4.044315149734E-002  1.827216216527E-001 -2.183780842187E-001  1.559238597483E-001
  2.873123299289E+000  4.116713102086E-002  1.739418559065E-001 -2.119386163364E-001  1.595475618669E-001
  2.914659561979E+000  4.190830194354E-002  1.652772030315E-001 -2.052514840569E-001  1.622898215862E-001
  2.956945805065E+000  4.266717915414E-002  1.567436146078E-001 -1.983458244896E-001  1.641800867584E-001
  3.000000000000E+000  4.344429614932E-002  1.483565565950E-001 -1.912511868129E-001  1.652507099789E-001
  3.043840661365E+000  4.424020582308E-002  1.401309379332E-001 -1.839973973412E-001  1.655367954697E-001
  3.088486866678E+000  4.505548129460E-002  1.320810400937E-001 -1.766144191075E-001  1.650760220283E-001
  3.133958277047E+000  4.589071677685E-002  1.242204481429E-001 -1.691322068985E-001  1.639084430081E-001
  3.180275158719E+000  4.674652848797E-002  1.165619839006E-001 -1.615805587671E-001  1.620762645716E-001
  3.227458405560E+000  4.762355560797E-002  1.091176417917E-001 -1.539889651328E-001  1.596236037168E-001
  3.275529562509E+000  4.852246128332E-002  1.018985279951E-001 -1.463864566560E-001  1.565962278441E-001
  3.324510850077E+000  4.944393368200E-002  9.491480350088E-002 -1.388014521397E-001  1.530412778850E-001
  3.374425189910E+000  5.038868710203E-002  8.817563167907E-002 -1.312616077718E-001  1.490069772561E-001
  3.425296231502E+000  5.135746313639E-002  8.168913095720E-002 -1.237936690646E-001  1.445423291294E-001
  3.477148380094E+000  5.235103189784E-002  7.546233318195E-002 -1.164233268792E-001  1.396968047188E-001
  3.530006825834E+000  5.337019330676E-002  6.950114821698E-002 -1.091750789442E-001  1.345200254657E-001
  3.583897574256E+000  5.441577844603E-002  6.381033529387E-002 -1.020720982752E-001  1.290614421624E-001
  3.638847478148E+000  5.548865098670E-002  5.839348159106E-002 -9.513610988598E-002  1.233700141776E-001
  3.694884270887E+000  5.658970868864E-002  5.325298846513E-002 -8.838727715173E-002  1.174938920350E-001
  3.752036601308E+000  5.771988498079E-002  4.839006569945E-002 -8.184409912621E-002  1.114801066479E-001
  3.810334070199E+000  5.888015062562E-002  4.380473406802E-002 -7.552332004615E-002  1.053742685221E-001
  3.869807268505E+000  6.007151547295E-002  3.949583643728E-002 -6.943985216169E-002  9.922028019882E-002
  3.930487817331E+000  6.129503030858E-002  3.546105754585E-002 -6.360671291982E-002  9.306006513408E-002
  3.992408409843E+000  6.255178880352E-002  3.169695251332E-002 -5.803497739664E-002  8.693331607677E-002
  4.055602855172E+000  6.384292957002E-002  2.819898403347E-002 -5.273374672379E-002  8.087726583300E-002
  4.120106124432E+000  6.516963833101E-002  2.496156810779E-002 -4.771013308756E-002  7.492648307970E-002
  4.185954398964E+000  6.653315021009E-002  2.197812807082E-002 -4.296926169541E-002  6.911269561995E-002
  4.253185120935E+000  6.793475214960E-002  1.924115655311E-002 -3.851428990814E-002  6.346464315776E-002
  4.321837046422E+000  6.937578546490E-002  1.674228491995E-002 -3.434644352705E-002  5.800796131494E-002
  4.391950301120E+000  7.085764854355E-002  1.447235961820E-002 -3.046507000819E-002  5.276509821991E-002
  4.463566438835E+000  7.238179969882E-002  1.242152475936E-002 -2.686770815298E-002  4.775526457446E-002
  4.536728502895E+000  7.394976018725E-002  1.057931016764E-002 -2.355017359897E-002  4.299441765393E-002
  4.611481090679E+000  7.556311740127E-002  8.934724028912E-003 -2.050665921124E-002  3.849527922700E-002
  4.687870421430E+000  7.722352824817E-002  7.476349191381E-003 -1.772984925620E-002  3.426738690058E-002
  4.765944407533E+000  7.893272272784E-002  6.192442094695E-003 -1.521104603152E-002  3.031717791051E-002
  4.845752729492E+000  8.069250772248E-002  5.071033241817E-003 -1.294030743071E-002  2.664810390047E-002
  4.927346914797E+000  8.250477101257E-002  4.100028080092E-003 -1.090659374430E-002  2.326077476666E-002
  5.010780420931E+000  8.437148553436E-002  3.267307125692E-003 -9.097921845042E-003  2.015312920563E-002
  5.096108722763E+000  8.629471389541E-002  2.560824150789E-003 -7.501524776214E-003  1.732062919518E-002
  5.183389404586E+000  8.827661316581E-002  1.968701256554E-003 -6.104014663060E-003  1.475647527297E-002
  5.272682257105E+000  9.031943996425E-002  1.479319678492E-003 -4.891546802144E-003  1.245183916299E-002
  5.364049379651E+000  9.242555585946E-002  1.081405214165E-003 -3.849982752900E-003  1.039611004388E-002
  5.457555287978E+000  9.459743310926E-002  7.641072274297E-004 -2.965050263442E-003  8.577150562382E-003
  5.553267027968E+000  9.683766076100E-002  5.170702676001E-004 -2.222497909222E-003  6.981558575452E-003
  5.651254295630E+000  9.914895113938E-002  3.304974457670E-004 -1.608242409273E-003  5.594930559654E-003
  5.751589563796E+000  1.015341467494E-001  1.952048328091E-004 -1.108506710030E-003  4.402122660021E-003
  5.854348215936E+000  1.039962276248E-001  1.026662825958E-004 -7.099470898257E-004  3.387505462059E-003
  5.959608687557E+000  1.065383191537E-001  4.504823745893E-005 -3.997677357752E-004  2.535208760213E-003
  6.067452615683E+000  1.091637004188E-001  1.523423849144E-005 -1.658214756948E-004  1.829352860168E-003
  6.177964996951E+000  1.118758130872E-001  6.839037527301E-006  3.304393366268E-006  1.254263286185E-003
  6.291234354880E+000  1.146782708938E-001  1.421238726550E-005  1.182179564734E-004  7.946661613587E-004
  6.407352916949E+000  1.175748697626E-001  3.243276708090E-005  1.886686895962E-004  4.358619794125E-004
  6.526416802128E+000  1.205695986129E-001  5.729148052723E-005  2.235097940404E-004  1.638759812302E-004
  6.648526219580E+000  1.236666509049E-001  8.526773214038E-005  2.306767120858E-004 -3.441612420655E-005
  6.773785679311E+000  1.268704369821E-001  1.134954516124E-004  2.171813709825E-004 -1.711878092645E-004
  6.902304215570E+000  1.301855972713E-001  1.397227785342E-004  1.891214059313E-004 -2.575869114443E-004
  7.034195623922E+000  1.336170164087E-001  1.622652467191E-004  1.517033356114E-004 -3.036859734613E-004
  7.169578712934E+000  1.371698383673E-001  1.799538100050E-004  1.092784135022E-004 -3.184568425078E-004
  7.308577571516E+000  1.408494826628E-001  1.920789282540E-004  6.538966138719E-005 -3.097681490912E-004
  7.451321853057E+000  1.446616617293E-001  1.983319805357E-004  2.282841394640E-005 -2.844038526317E-004
  7.597947077547E+000  1.486123995567E-001  1.987452904118E-004 -1.630142987079E-005 -2.481006684123E-004
  7.748594953021E+000  1.527080516973E-001  1.936320349419E-004 -5.051333829939E-005 -2.056018880451E-004
  7.903413717736E+000  1.569553267535E-001  1.835272644908E-004 -7.886418579353E-005 -1.607248807312E-004
  8.062558504629E+000  1.613613094717E-001  1.691311856231E-004 -1.008783087044E-004 -1.164394201638E-004
  8.226191729726E+000  1.659334855793E-001  1.512557562793E-004 -1.164714210711E-004 -7.495392415660E-005
  8.394483506327E+000  1.706797685137E-001  1.307755139751E-004 -1.258761210895E-004 -3.780672037609E-005
  8.567612086926E+000  1.756085282071E-001  1.085834077600E-004 -1.295705628065E-004 -5.959558439290E-006
  8.745764335025E+000  1.807286221064E-001  8.555223775973E-005 -1.282116741381E-004  2.010923009798E-005
  8.929136229160E+000  1.860494286260E-001  6.250212755626E-005 -1.225740784376E-004  4.031427545944E-005
  9.117933401693E+000  1.915808832504E-001  4.017427018726E-005 -1.134956306103E-004  5.487746715914E-005
  9.312371715124E+000  1.973335175235E-001  1.921100416669E-005 -1.018302190133E-004  6.424871200927E-005
  9.512677878945E+000  2.033185011886E-001  1.420976593054E-007 -8.840822034189E-005  6.903448810801E-005
  9.719090110332E+000  2.095476877688E-001 -1.662304741436E-005 -7.400473566324E-005  6.993514592311E-005
  9.931858842267E+000  2.160336639044E-001 -3.079770868573E-005 -5.931549061871E-005  6.769152480069E-005
  1.015124748302E+001  2.227898028021E-001 -4.221523866445E-005 -4.494005973895E-005  6.304108613067E-005
  1.037753323129E+001  2.298303221843E-001 -5.082220838848E-005 -3.137188082532E-005  5.668342585034E-005
  1.061100795175E+001  2.371703471699E-001 -5.666803921753E-005 -1.899436605009E-005  4.925473000893E-005
  1.085197911611E+001  2.448259785618E-001 -5.989190649754E-005 -8.082295730455E-006  4.131048649472E-005
  1.110077081537E+001  2.528143670735E-001 -6.070771296452E-005  1.192399283606E-006  3.331556983324E-005
  1.135772484956E+001  2.611537940784E-001 -5.938791521703E-005  8.751399821227E-006  2.564067742754E-005
  1.162320190175E+001  2.698637595360E-001 -5.624694563100E-005  1.459823838072E-005  1.856401504132E-005
  1.189758280382E+001  2.789650778206E-001 -5.162490801263E-005  1.880491422653E-005  1.227710424135E-005
  1.218126990242E+001  2.884799822596E-001 -4.587214221149E-005  2.149771408224E-005  6.893609922826E-006
  1.247468853413E+001  2.984322392826E-001 -3.933515556499E-005  2.284297702497E-005  2.460154859778E-006
  1.277828862002E+001  3.088472731875E-001 -3.234431245116E-005  2.303343193407E-005 -1.031808174137E-006
  1.309254639077E+001  3.197523026463E-001 -2.520356246185E-005  2.227561420882E-005 -3.633867337351E-006
  1.341796625462E+001  3.311764902095E-001 -1.818237761330E-005  2.077874231558E-005 -5.428922107523E-006
  1.375508282195E+001  3.431511062169E-001 -1.150996395546E-005  1.874531041695E-005 -6.520359417918E-006
  1.410446310162E+001  3.557097086969E-001 -5.371716633159E-006  1.636353640009E-005 -7.022494436292E-006
  1.446670888596E+001  3.688883410292E-001  9.219718884672E-008  1.380169950028E-005 -7.052497433529E-006
  1.484245934302E+001  3.827257493700E-001  4.786314036934E-006  1.120431161773E-005 -6.723906279610E-006
  1.523239383723E+001  3.972636220891E-001  8.657650942666E-006  8.689993286732E-006 -6.141721493593E-006
  1.563723500136E+001  4.125468537596E-001  1.169206642103E-005  6.350869796934E-006 -5.398999408374E-006
  1.605775208607E+001  4.286238365683E-001  1.390951414294E-005  4.253264838886E-006 -4.574799167221E-006
  1.649476461582E+001  4.455467823929E-001  1.535850895897E-005  2.439447045736E-006 -3.733299820750E-006
  1.694914638379E+001  4.633720792263E-001  1.611012288724E-005  9.301771117767E-007 -2.923882552208E-006
  1.742182982203E+001  4.821606861220E-001  1.625181488434E-005 -2.721923890305E-007 -2.181967156032E-006
  1.791381078784E+001  5.019785714107E-001  1.588137423130E-005 -1.180298091593E-006 -1.530398148174E-006
  1.842615381215E+001  5.228971995942E-001  1.510122480913E-005 -1.818239594621E-006 -9.811911280505E-007
  1.895999786176E+001  5.449940730840E-001  1.401329805838E-005 -2.218130282586E-006 -5.374713356477E-007
  1.951656267356E+001  5.683533358366E-001  1.271463769558E-005 -2.416878565588E-006 -1.954612718771E-007
  2.009715572669E+001  5.930664469535E-001  1.129385103360E-005 -2.453319713679E-006  5.359921066939E-008
  2.070317992707E+001  6.192329335039E-001  9.828471852283E-006 -2.365784512352E-006  2.216902852964E-007
  2.133614208874E+001  6.469612332096E-001  8.383250138227E-006 -2.190157432697E-006  3.224712456381E-007
  2.199766230782E+001  6.763696392388E-001  7.009336714031E-006 -1.958444990428E-006  3.700015963122E-007
  2.268948433818E+001  7.075873612439E-001  5.744287929990E-006 -1.697845510441E-006  3.777427114833E-007
  2.341348709294E+001  7.407557189842E-001  4.612779277160E-006 -1.430285629257E-006  3.578395996474E-007
  2.417169741362E+001  7.760294874639E-001  3.627888901151E-006 -1.172367506801E-006  3.206662971184E-007
  2.496630426925E+001  8.135784155747E-001  2.792794086358E-006 -9.356547078193E-007  2.746057088211E-007
  2.579967457140E+001  8.535889438281E-001  2.102716818848E-006 -7.272146660262E-007  2.260255543520E-007
  2.667437081864E+001  8.962661510291E-001  1.546958767930E-006 -5.503318638570E-007  1.794065884402E-007
  2.759317081651E+001  9.418359647997E-001  1.110880840397E-006 -4.053082524486E-007  1.375774233779E-007
  2.855908975674E+001  9.905476768748E-001  7.777063498701E-007 -2.902754527992E-007  1.020118640281E-007
  2.957540498378E+001  1.042676811269E+000  5.300574701411E-007 -2.019559172210E-007  7.314922831742E-008
  3.064568382919E+001  1.098528402000E+000  3.511690257651E-007 -1.363260920880E-007  5.070500654077E-008
  3.177381495601E+001  1.158440747351E+000  2.257584870235E-007 -8.915203876213E-008  3.394757767934E-008
  3.296404372807E+001  1.222789720048E+000  1.405629776678E-007 -5.638517529343E-008  2.192562134846E-008
  3.422101220608E+001  1.291993727721E+000  8.458030201947E-008 -3.442114614308E-008  1.363941742914E-008
  3.554980447538E+001  1.366519436102E+000  4.906938495962E-008 -2.023697949115E-008  8.156605759482E-009
  3.695599813319E+001  1.446888389511E+000  2.737509769999E-008 -1.142980842593E-008  4.678594711764E-009
  3.844572291106E+001  1.533684690030E+000  1.464339928356E-008 -6.184255202734E-009  2.567353173393E-009
  4.002572758518E+001  1.627563929686E+000  7.486344274893E-009 -3.195436232922E-009  1.343795594045E-009
  4.170345654134E+001  1.729263610453E+000  3.644910069481E-009 -1.571260265293E-009  6.686531830189E-010
  4.348713762001E+001  1.839615336740E+000  1.683328407538E-009 -7.323966362972E-010  3.150980561019E-010
  4.538588318162E+001  1.959559126947E+000  7.341735415788E-010 -3.222056328834E-010  1.400296626833E-010
  4.740980671574E+001  2.090160267552E+000  3.009132783506E-010 -1.331360971688E-010  5.840484007002E-011
  4.957015778746E+001  2.232629229408E+000  1.152696110244E-010 -5.138925567230E-011  2.274062348551E-011
  5.187947869225E+001  2.388345286640E+000  4.101633586978E-011 -1.841695821406E-011  8.216064744123E-012
  5.435178690397E+001  2.558884630889E+000  1.346435481071E-011 -6.086480823431E-012  2.735843923145E-012
  5.700278828629E+001  2.746053966795E+000  4.046257226503E-012 -1.840703892387E-012  8.332446646688E-013
  5.985012714155E+001  2.951930820846E+000  1.103554810785E-012 -5.050293604719E-013  2.301292785519E-013
  6.291368055481E+001  3.178912111311E+000  2.704937162560E-013 -1.244875521844E-013  5.707781477503E-014
  6.621590623276E+001  3.429772933797E+000  5.892990614815E-014 -2.726555671946E-014  1.257407400026E-014
  6.978225524452E+001  3.707738044625E+000  1.126873059272E-014 -5.240062272181E-015  2.429770834542E-015
  7.364166388185E+001  4.016569212832E+000  1.864519639482E-015 -8.711490183508E-016  4.060196510738E-016
  7.782714245929E+001  4.360672516382E+000  2.626171432980E-016 -1.232540747445E-016  5.772320463293E-017
  8.237648351994E+001  4.745230855210E+000  3.090444805541E-017 -1.456623841990E-017  6.852817340374E-018
  8.733311794503E+001  5.176368549127E+000  2.973852566679E-018 -1.407329347799E-018  6.649307758441E-019
  9.274715535088E+001  5.661357031559E+000  2.282617021977E-019 -1.084342744001E-019  5.143989340955E-020
  9.867665554529E+001  6.208873552072E+000  1.357867058643E-020 -6.473817989168E-021  3.082814348884E-021
  1.051891916055E+002  6.829328764649E+000  6.053824501041E-022 -2.896142864849E-022  1.384098551941E-022
  1.123637836013E+002  7.535284543316E+000  1.944967032454E-023 -9.334925760049E-024  4.476415095335E-024
  1.202933069206E+002  8.341990973528E+000  4.299996377129E-025 -2.070144705486E-025  9.958868531878E-026
  1.290875131414E+002  9.268082166539E+000  6.194535037899E-027 -2.990917896628E-027  1.443196825263E-027
  1.388768482001E+002  1.033648575811E+001  5.449617784269E-029 -2.638502529827E-029  1.276781358387E-029
  1.498173177370E+002  1.157562284364E+001  2.709183056545E-031 -1.315107144782E-031  6.380990559088E-032
  1.620967411853E+002  1.302100699722E+001  6.931622377745E-034 -3.373086393551E-034  1.640800896067E-034
  1.759428668168E+002  1.471739812515E+001  8.149238126562E-037 -3.974847336201E-037  1.938148481638E-037
  1.916340085825E+002  1.672173748087E+001  3.832589119683E-040 -1.873484451804E-040  9.155762409998E-041
  2.095131417987E+002  1.910719757888E+001  6.077968193727E-044 -2.977257389090E-044  1.458078755117E-044
  2.300068054477E+002  2.196884699990E+001  2.627875414813E-048 -1.289765208657E-048  6.329075221133E-049
  2.536507797910E+002  2.543169216868E+001  2.371611899455E-053 -1.166130434821E-053  5.733090717117E-054
  2.811254638474E+002  2.966227967912E+001  3.182272796769E-059 -1.567436604575E-059  7.719566525705E-060
  3.133053780630E+002  3.488573552677E+001  4.104507238766E-066 -2.024956647518E-066  9.989206034282E-067
  3.513296254502E+002  4.141128389041E+001  2.882812807323E-074 -1.424386377873E-074  7.037334173438E-075
  3.967041014106E+002  4.967130404214E+001  5.200651044421E-084 -2.573248041168E-084  1.273155768619E-084
  4.514529193349E+002  6.028257212519E+001  8.774760697610E-096 -4.347393381016E-096  2.153794316154E-096
  5.183481233601E+002  7.414493328740E+001  3.470159021344E-110 -1.721357427018E-110  8.538448019994E-111
  6.012676077950E+002  9.260523890243E+001  4.639558559491E-128 -2.304017171653E-128  1.144154306048E-128
  7.057700503752E+002  1.177394213729E+002  1.306147089101E-150 -6.493050935731E-151  3.227737575616E-151
  8.400513767914E+002  1.528577972397E+002  1.291134672413E-179 -6.424467056227E-180  3.196668087317E-180
  1.016602135495E+003  2.034537342122E+002  8.738557958247E-218 -4.351872094467E-218  2.167249941782E-218
  1.255220715580E+003  2.790860613466E+002  2.047745167164E-269 -1.020576822590E-269  5.086431829881E-270
  1.588815776243E+003  3.973705897531E+002  0.000000000000E+000  0.000000000000E+000  0.000000000000E+000
  2.075392011604E+003  5.931596040112E+002  0.000000000000E+000  0.000000000000E+000  0.000000000000E+000
  2.825079847529E+003  9.419154890021E+002  0.000000000000E+000  0.000000000000E+000  0.000000000000E+000
  4.068408296184E+003  1.627629972033E+003  0.000000000000E+000  0.000000000000E+000  0.000000000000E+000
  6.357262947674E+003  3.178964796686E+003  0.000000000000E+000  0.000000000000E+000  0.000000000000E+000
  1.130231930164E+004  7.535323971013E+003  0.000000000000E+000  0.000000000000E+000  0.000000000000E+000
  2.543105175140E+004  2.543171841285E+004  0.000000000000E+000  0.000000000000E+000  0.000000000000E+000
  1.017262069958E+005  2.034537473226E+005  0.000000000000E+000  0.000000000000E+000  0.000000000000E+000
