# 1st line: number of mesh points
# abcissa weight wavefunction wavefunction_1st wavefunction_2nd
500
# Principal QN=   2 , l=   0 , Occupation=   1.9900
  9.830308526508E-006  1.966074589941E-005 -1.010866370297E+001  8.155417770445E+001 -5.659040142248E+002
  3.932200719717E-005  3.932303800261E-005 -1.010625877781E+001  8.153749002101E+001 -5.657828167921E+002
  8.847741541455E-005  5.898842277178E-005 -1.010225145266E+001  8.150968369933E+001 -5.655808726785E+002
  1.573003992804E-004  7.865844718600E-005 -1.009664305226E+001  8.147076846208E+001 -5.652982592663E+002
  2.457963722417E-004  9.833465899987E-005 -1.008943543044E+001  8.142075791421E+001 -5.649350848309E+002
  3.539722959954E-004  1.180186070023E-004 -1.008063096932E+001  8.135966953615E+001 -5.644914884826E+002
  4.818366816528E-004  1.377118412759E-004 -1.007023257825E+001  8.128752467513E+001 -5.639676400897E+002
  6.293995911626E-004  1.574159134560E-004 -1.005824369255E+001  8.120434853449E+001 -5.633637401864E+002
  7.966726389934E-004  1.771323769912E-004 -1.004466827202E+001  8.111017016110E+001 -5.626800198628E+002
  9.836689940782E-004  1.968627874036E-004 -1.002951079919E+001  8.100502243093E+001 -5.619167406391E+002
  1.190403382016E-003  2.166087025496E-004 -1.001277627736E+001  8.088894203262E+001 -5.610741943221E+002
  1.416892087541E-003  2.363716828821E-004 -9.994470228457E+000  8.076196944918E+001 -5.601527028465E+002
  1.663152957245E-003  2.561532917128E-004 -9.974598690575E+000  8.062414893783E+001 -5.591526180983E+002
  1.929205402573E-003  2.759550954757E-004 -9.953168215372E+000  8.047552850794E+001 -5.580743217235E+002
  2.215070403074E-003  2.957786639908E-004 -9.930185865202E+000  8.031615989708E+001 -5.569182249191E+002
  2.520770509919E-003  3.156255707300E-004 -9.905659210033E+000  8.014609854528E+001 -5.556847682088E+002
  2.846329849692E-003  3.354973930828E-004 -9.879596324147E+000  7.996540356739E+001 -5.543744212023E+002
  3.191774128432E-003  3.553957126240E-004 -9.852005782624E+000  7.977413772365E+001 -5.529876823396E+002
  3.557130635959E-003  3.753221153821E-004 -9.822896657596E+000  7.957236738842E+001 -5.515250786182E+002
  3.942428250463E-003  3.952781921092E-004 -9.792278514302E+000  7.936016251718E+001 -5.499871653060E+002
  4.347697443358E-003  4.152655385525E-004 -9.760161406915E+000  7.913759661169E+001 -5.483745256385E+002
  4.772970284417E-003  4.352857557265E-004 -9.726555874167E+000  7.890474668342E+001 -5.466877705004E+002
  5.218280447175E-003  4.553404501876E-004 -9.691472934756E+000  7.866169321529E+001 -5.449275380927E+002
  5.683663214611E-003  4.754312343099E-004 -9.654924082558E+000  7.840852012162E+001 -5.430944935847E+002
  6.169155485101E-003  4.955597265624E-004 -9.616921281616E+000  7.814531470644E+001 -5.411893287514E+002
  6.674795778653E-003  5.157275517886E-004 -9.577476960948E+000  7.787216762014E+001 -5.392127615971E+002
  7.200624243425E-003  5.359363414876E-004 -9.536604009132E+000  7.758917281443E+001 -5.371655359637E+002
  7.746682662519E-003  5.561877340970E-004 -9.494315768716E+000  7.729642749573E+001 -5.350484211259E+002
  8.313014461060E-003  5.764833752781E-004 -9.450626030415E+000  7.699403207693E+001 -5.328622113727E+002
  8.899664713569E-003  5.968249182030E-004 -9.405549027125E+000  7.668209012761E+001 -5.306077255748E+002
  9.506680151615E-003  6.172140238444E-004 -9.359099427751E+000  7.636070832274E+001 -5.282858067398E+002
  1.013410917176E-002  6.376523612666E-004 -9.311292330838E+000  7.602999638977E+001 -5.258973215532E+002
  1.078200184380E-002  6.581416079202E-004 -9.262143258032E+000  7.569006705439E+001 -5.234431599081E+002
  1.145040991929E-002  6.786834499385E-004 -9.211668147353E+000  7.534103598471E+001 -5.209242344214E+002
  1.213938684040E-002  6.992795824361E-004 -9.159883346292E+000  7.498302173410E+001 -5.183414799384E+002
  1.284898774901E-002  7.199317098113E-004 -9.106805604742E+000  7.461614568259E+001 -5.156958530256E+002
  1.357926949620E-002  7.406415460502E-004 -9.052452067750E+000  7.424053197698E+001 -5.129883314521E+002
  1.433029065191E-002  7.614108150341E-004 -8.996840268114E+000  7.385630746957E+001 -5.102199136594E+002
  1.510211151509E-002  7.822412508494E-004 -8.939988118805E+000  7.346360165562E+001 -5.073916182209E+002
  1.589479412397E-002  8.031345981016E-004 -8.881913905243E+000  7.306254660958E+001 -5.045044832901E+002
  1.670840226680E-002  8.240926122311E-004 -8.822636277413E+000  7.265327692010E+001 -5.015595660398E+002
  1.754300149280E-002  8.451170598329E-004 -8.762174241827E+000  7.223592962384E+001 -4.985579420899E+002
  1.839865912351E-002  8.662097189796E-004 -8.700547153348E+000  7.181064413818E+001 -4.955007049272E+002
  1.927544426443E-002  8.873723795480E-004 -8.637774706862E+000  7.137756219280E+001 -4.923889653148E+002
  2.017342781695E-002  9.086068435487E-004 -8.573876928818E+000  7.093682776017E+001 -4.892238506937E+002
  2.109268249069E-002  9.299149254598E-004 -8.508874168635E+000  7.048858698514E+001 -4.860065045753E+002
  2.203328281612E-002  9.512984525641E-004 -8.442787089973E+000  7.003298811338E+001 -4.827380859259E+002
  2.299530515754E-002  9.727592652906E-004 -8.375636661883E+000  6.957018141902E+001 -4.794197685442E+002
  2.397882772639E-002  9.942992175591E-004 -8.307444149835E+000  6.910031913130E+001 -4.760527404306E+002
  2.498393059493E-002  1.015920177130E-003 -8.238231106632E+000  6.862355536046E+001 -4.726382031503E+002
  2.601069571024E-002  1.037624025957E-003 -8.168019363207E+000  6.814004602270E+001 -4.691773711894E+002
  2.705920690860E-002  1.059412660547E-003 -8.096831019319E+000  6.764994876447E+001 -4.656714713054E+002
  2.812954993023E-002  1.081287992318E-003 -8.024688434140E+000  6.715342288600E+001 -4.621217418718E+002
  2.922181243436E-002  1.103251947969E-003 -7.951614216754E+000  6.665062926415E+001 -4.585294322172E+002
  3.033608401473E-002  1.125306469854E-003 -7.877631216551E+000  6.614173027463E+001 -4.548958019601E+002
  3.147245621542E-002  1.147453516351E-003 -7.802762513543E+000  6.562688971364E+001 -4.512221203387E+002
  3.263102254705E-002  1.169695062249E-003 -7.727031408594E+000  6.510627271895E+001 -4.475096655371E+002
  3.381187850339E-002  1.192033099133E-003 -7.650461413568E+000  6.458004569051E+001 -4.437597240077E+002
  3.501512157837E-002  1.214469635775E-003 -7.573076241413E+000  6.404837621060E+001 -4.399735897908E+002
  3.624085128345E-002  1.237006698530E-003 -7.494899796170E+000  6.351143296358E+001 -4.361525638312E+002
  3.748916916538E-002  1.259646331739E-003 -7.415956162920E+000  6.296938565530E+001 -4.322979532926E+002
  3.876017882444E-002  1.282390598136E-003 -7.336269597677E+000  6.242240493222E+001 -4.284110708702E+002
  4.005398593302E-002  1.305241579266E-003 -7.255864517228E+000  6.187066230019E+001 -4.244932341023E+002
  4.137069825459E-002  1.328201375897E-003 -7.174765488922E+000  6.131433004320E+001 -4.205457646803E+002
  4.271042566323E-002  1.351272108452E-003 -7.092997220423E+000  6.075358114175E+001 -4.165699877590E+002
  4.407328016341E-002  1.374455917436E-003 -7.010584549423E+000  6.018858919133E+001 -4.125672312663E+002
  4.545937591035E-002  1.397754963880E-003 -6.927552433323E+000  5.961952832067E+001 -4.085388252141E+002
  4.686882923075E-002  1.421171429779E-003 -6.843925938896E+000  5.904657311011E+001 -4.044861010088E+002
  4.830175864396E-002  1.444707518548E-003 -6.759730231918E+000  5.846989850994E+001 -4.004103907649E+002
  4.975828488365E-002  1.468365455478E-003 -6.674990566791E+000  5.788967975884E+001 -3.963130266192E+002
  5.123853091993E-002  1.492147488203E-003 -6.589732276160E+000  5.730609230252E+001 -3.921953400473E+002
  5.274262198188E-002  1.516055887169E-003 -6.503980760515E+000  5.671931171246E+001 -3.880586611839E+002
  5.427068558066E-002  1.540092946119E-003 -6.417761477805E+000  5.612951360498E+001 -3.839043181451E+002
  5.582285153302E-002  1.564260982573E-003 -6.331099933053E+000  5.553687356055E+001 -3.797336363552E+002
  5.739925198530E-002  1.588562338332E-003 -6.244021667984E+000  5.494156704346E+001 -3.755479378772E+002
  5.900002143803E-002  1.612999379973E-003 -6.156552250673E+000  5.434376932193E+001 -3.713485407480E+002
  6.062529677088E-002  1.637574499364E-003 -6.068717265210E+000  5.374365538852E+001 -3.671367583186E+002
  6.227521726827E-002  1.662290114181E-003 -5.980542301399E+000  5.314139988122E+001 -3.629138986000E+002
  6.394992464542E-002  1.687148668440E-003 -5.892052944490E+000  5.253717700495E+001 -3.586812636149E+002
  6.564956307496E-002  1.712152633027E-003 -5.803274764947E+000  5.193116045371E+001 -3.544401487555E+002
  6.737427921404E-002  1.737304506249E-003 -5.714233308262E+000  5.132352333330E+001 -3.501918421489E+002
  6.912422223211E-002  1.762606814387E-003 -5.624954084820E+000  5.071443808485E+001 -3.459376240286E+002
  7.089954383907E-002  1.788062112257E-003 -5.535462559812E+000  5.010407640896E+001 -3.416787661150E+002
  7.270039831418E-002  1.813672983787E-003 -5.445784143220E+000  4.949260919066E+001 -3.374165310033E+002
  7.452694253540E-002  1.839442042599E-003 -5.355944179858E+000  4.888020642528E+001 -3.331521715596E+002
  7.637933600943E-002  1.865371932600E-003 -5.265967939481E+000  4.826703714506E+001 -3.288869303273E+002
  7.825774090225E-002  1.891465328589E-003 -5.175880606981E+000  4.765326934679E+001 -3.246220389412E+002
  8.016232207035E-002  1.917724936867E-003 -5.085707272652E+000  4.703906992036E+001 -3.203587175531E+002
  8.209324709253E-002  1.944153495867E-003 -4.995472922546E+000  4.642460457833E+001 -3.160981742663E+002
  8.405068630235E-002  1.970753776782E-003 -4.905202428918E+000  4.581003778660E+001 -3.118416045814E+002
  8.603481282122E-002  1.997528584221E-003 -4.814920540764E+000  4.519553269609E+001 -3.075901908529E+002
  8.804580259214E-002  2.024480756857E-003 -4.724651874467E+000  4.458125107566E+001 -3.033451017571E+002
  9.008383441408E-002  2.051613168108E-003 -4.634420904531E+000  4.396735324613E+001 -2.991074917722E+002
  9.214908997710E-002  2.078928726810E-003 -4.544251954445E+000  4.335399801557E+001 -2.948785006700E+002
  9.424175389809E-002  2.106430377918E-003 -4.454169187645E+000  4.274134261587E+001 -2.906592530202E+002
  9.636201375725E-002  2.134121103210E-003 -4.364196598599E+000  4.212954264052E+001 -2.864508577078E+002
  9.851006013526E-002  2.162003922007E-003 -4.274358004016E+000  4.151875198386E+001 -2.822544074634E+002
  1.006860866512E-001  2.190081891910E-003 -4.184677034180E+000  4.090912278159E+001 -2.780709784071E+002
  1.028902900012E-001  2.218358109541E-003 -4.095177124417E+000  4.030080535278E+001 -2.739016296063E+002
  1.051228699979E-001  2.246835711311E-003 -4.005881506694E+000  3.969394814326E+001 -2.697474026473E+002
  1.073840296104E-001  2.275517874190E-003 -3.916813201357E+000  3.908869767055E+001 -2.656093212218E+002
  1.096739750056E-001  2.304407816497E-003 -3.827995009016E+000  3.848519847024E+001 -2.614883907279E+002
  1.119929155896E-001  2.333508798707E-003 -3.739449502570E+000  3.788359304397E+001 -2.573855978858E+002
  1.143410640503E-001  2.362824124271E-003 -3.651199019389E+000  3.728402180898E+001 -2.533019103689E+002
  1.167186364011E-001  2.392357140448E-003 -3.563265653644E+000  3.668662304921E+001 -2.492382764509E+002
  1.191258520249E-001  2.422111239159E-003 -3.475671248796E+000  3.609153286808E+001 -2.451956246677E+002
  1.215629337189E-001  2.452089857854E-003 -3.388437390247E+000  3.549888514292E+001 -2.411748634961E+002
  1.240301077413E-001  2.482296480400E-003 -3.301585398150E+000  3.490881148109E+001 -2.371768810478E+002
  1.265276038575E-001  2.512734637975E-003 -3.215136320391E+000  3.432144117773E+001 -2.332025447808E+002
  1.290556553882E-001  2.543407909995E-003 -3.129110925733E+000  3.373690117535E+001 -2.292527012261E+002
  1.316144992580E-001  2.574319925047E-003 -3.043529697139E+000  3.315531602508E+001 -2.253281757320E+002
  1.342043760450E-001  2.605474361847E-003 -2.958412825265E+000  3.257680784972E+001 -2.214297722249E+002
  1.368255300316E-001  2.636874950214E-003 -2.873780202132E+000  3.200149630856E+001 -2.175582729872E+002
  1.394782092560E-001  2.668525472060E-003 -2.789651414972E+000  3.142949856398E+001 -2.137144384519E+002
  1.421626655646E-001  2.700429762411E-003 -2.706045740263E+000  3.086092924991E+001 -2.098990070147E+002
  1.448791546661E-001  2.732591710434E-003 -2.622982137943E+000  3.029590044204E+001 -2.061126948635E+002
  1.476279361856E-001  2.765015260497E-003 -2.540479245807E+000  2.973452162994E+001 -2.023561958249E+002
  1.504092737207E-001  2.797704413242E-003 -2.458555374094E+000  2.917689969094E+001 -1.986301812281E+002
  1.532234348983E-001  2.830663226680E-003 -2.377228500259E+000  2.862313886594E+001 -1.949352997866E+002
  1.560706914324E-001  2.863895817319E-003 -2.296516263938E+000  2.807334073700E+001 -1.912721774969E+002
  1.589513191834E-001  2.897406361298E-003 -2.216435962103E+000  2.752760420682E+001 -1.876414175551E+002
  1.618655982178E-001  2.931199095559E-003 -2.137004544402E+000  2.698602548008E+001 -1.840436002900E+002
  1.648138128702E-001  2.965278319033E-003 -2.058238608701E+000  2.644869804665E+001 -1.804792831152E+002
  1.677962518056E-001  2.999648393860E-003 -1.980154396815E+000  2.591571266659E+001 -1.769490004966E+002
  1.708132080832E-001  3.034313746623E-003 -1.902767790428E+000  2.538715735711E+001 -1.734532639389E+002
  1.738649792215E-001  3.069278869616E-003 -1.826094307217E+000  2.486311738125E+001 -1.699925619881E+002
  1.769518672648E-001  3.104548322136E-003 -1.750149097160E+000  2.434367523853E+001 -1.665673602514E+002
  1.800741788507E-001  3.140126731803E-003 -1.674946939046E+000  2.382891065730E+001 -1.631781014346E+002
  1.832322252791E-001  3.176018795904E-003 -1.600502237172E+000  2.331890058902E+001 -1.598252053956E+002
  1.864263225826E-001  3.212229282769E-003 -1.526829018242E+000  2.281371920428E+001 -1.565090692146E+002
  1.896567915983E-001  3.248763033179E-003 -1.453940928454E+000  2.231343789063E+001 -1.532300672812E+002
  1.929239580409E-001  3.285624961791E-003 -1.381851230778E+000  2.181812525218E+001 -1.499885513976E+002
  1.962281525771E-001  3.322820058613E-003 -1.310572802432E+000  2.132784711098E+001 -1.467848508976E+002
  1.995697109023E-001  3.360353390492E-003 -1.240118132544E+000  2.084266651007E+001 -1.436192727820E+002
  2.029489738173E-001  3.398230102644E-003 -1.170499320007E+000  2.036264371838E+001 -1.404921018686E+002
  2.063662873085E-001  3.436455420218E-003 -1.101728071522E+000  1.988783623713E+001 -1.374036009589E+002
  2.098220026275E-001  3.475034649885E-003 -1.033815699828E+000  1.941829880810E+001 -1.343540110188E+002
  2.133164763746E-001  3.513973181471E-003 -9.667731221158E-001  1.895408342336E+001 -1.313435513739E+002
  2.168500705817E-001  3.553276489620E-003 -9.006108586331E-001  1.849523933674E+001 -1.283724199204E+002
  2.204231527988E-001  3.592950135496E-003 -8.353390314635E-001  1.804181307684E+001 -1.254407933490E+002
  2.240360961807E-001  3.632999768520E-003 -7.709673634918E-001  1.759384846156E+001 -1.225488273829E+002
  2.276892795770E-001  3.673431128145E-003 -7.075051775463E-001  1.715138661418E+001 -1.196966570292E+002
  2.313830876220E-001  3.714250045674E-003 -6.449613957169E-001  1.671446598091E+001 -1.168843968434E+002
  2.351179108282E-001  3.755462446115E-003 -5.833445388483E-001  1.628312234992E+001 -1.141121412063E+002
  2.388941456809E-001  3.797074350078E-003 -5.226627262046E-001  1.585738887172E+001 -1.113799646136E+002
  2.427121947345E-001  3.839091875711E-003 -4.629236753028E-001  1.543729608093E+001 -1.086879219763E+002
  2.465724667110E-001  3.881521240686E-003 -4.041347019137E-001  1.502287191945E+001 -1.060360489337E+002
  2.504753766009E-001  3.924368764227E-003 -3.463027202265E-001  1.461414176081E+001 -1.034243621764E+002
  2.544213457654E-001  3.967640869177E-003 -2.894342431745E-001  1.421112843582E+001 -1.008528597800E+002
  2.584108020414E-001  4.011344084122E-003 -2.335353829191E-001  1.381385225945E+001 -9.832152154916E+001
  2.624441798480E-001  4.055485045557E-003 -1.786118514902E-001  1.342233105881E+001 -9.583030937051E+001
  2.665219202956E-001  4.100070500102E-003 -1.246689615773E-001  1.303658020232E+001 -9.337916757511E+001
  2.706444712976E-001  4.145107306769E-003 -7.171162747214E-002  1.265661262984E+001 -9.096802330920E+001
  2.748122876832E-001  4.190602439283E-003 -1.974436615593E-002  1.228243888394E+001 -8.859678691298E+001
  2.790258313137E-001  4.236562988450E-003  3.122870146929E-002  1.191406714204E+001 -8.626535230692E+001
  2.832855712010E-001  4.282996164587E-003  8.120384920959E-002  1.155150324957E+001 -8.397359738499E+001
  2.875919836279E-001  4.329909300005E-003  1.301777440712E-001  1.119475075390E+001 -8.172138441439E+001
  2.919455522717E-001  4.377309851548E-003  1.781474446192E-001  1.084381093918E+001 -7.950856044111E+001
  2.963467683296E-001  4.425205403192E-003  2.251103992054E-001  1.049868286194E+001 -7.733495770096E+001
  3.007961306479E-001  4.473603668706E-003  2.710644440697E-001  1.015936338735E+001 -7.520039403529E+001
  3.052941458522E-001  4.522512494374E-003  3.160078013170E-001  9.825847226283E+000 -7.310467331110E+001
  3.098413284823E-001  4.571939861783E-003  3.599390767740E-001  9.498126972847E+000 -7.104758584480E+001
  3.144382011281E-001  4.621893890671E-003  4.028572577280E-001  9.176193142625E+000 -6.902890882920E+001
  3.190852945695E-001  4.672382841850E-003  4.447617105518E-001  8.860034211366E+000 -6.704840676305E+001
  3.237831479192E-001  4.723415120192E-003  4.856521782172E-001  8.549636654164E+000 -6.510583188278E+001
  3.285323087679E-001  4.774999277691E-003  5.255287777002E-001  8.244984985074E+000 -6.320092459560E+001
  3.333333333333E-001  4.827144016591E-003  5.643919972812E-001  7.946061797084E+000 -6.133341391374E+001
  3.381867866117E-001  4.879858192602E-003  6.022426937432E-001  7.652847802425E+000 -5.950301788906E+001
  3.430932425333E-001  4.933150818173E-003  6.390820894702E-001  7.365321873152E+000 -5.770944404753E+001
  3.480532841203E-001  4.987031065868E-003  6.749117694493E-001  7.083461081947E+000 -5.595238982315E+001
  3.530675036492E-001  5.041508271801E-003  7.097336781786E-001  6.807240743118E+000 -5.423154299071E+001
  3.581365028158E-001  5.096591939172E-003  7.435501164841E-001  6.536634453714E+000 -5.254658209683E+001
  3.632608929041E-001  5.152291741875E-003  7.763637382476E-001  6.271614134748E+000 -5.089717688887E+001
  3.684412949588E-001  5.208617528209E-003  8.081775470476E-001  6.012150072448E+000 -4.928298874116E+001
  3.736783399619E-001  5.265579324662E-003  8.389948927167E-001  5.758210959521E+000 -4.770367107805E+001
  3.789726690123E-001  5.323187339805E-003  8.688194678158E-001  5.509763936372E+000 -4.615886979332E+001
  3.843249335105E-001  5.381451968273E-003  8.976553040288E-001  5.266774632240E+000 -4.464822366549E+001
  3.897357953460E-001  5.440383794842E-003  9.255067684785E-001  5.029207206222E+000 -4.317136476859E+001
  3.952059270903E-001  5.499993598618E-003  9.523785599655E-001  4.797024388127E+000 -4.172791887790E+001
  4.007360121927E-001  5.560292357317E-003  9.782757051318E-001  4.570187519143E+000 -4.031750587027E+001
  4.063267451812E-001  5.621291251662E-003  1.003203554551E+000  4.348656592279E+000 -3.893974011869E+001
  4.119788318683E-001  5.683001669888E-003  1.027167778745E+000  4.132390292531E+000 -3.759423088053E+001
  4.176929895600E-001  5.745435212354E-003  1.050174364127E+000  3.921346036771E+000 -3.628058267931E+001
  4.234699472710E-001  5.808603696282E-003  1.072229608881E+000  3.715480013303E+000 -3.499839567943E+001
  4.293104459435E-001  5.872519160606E-003  1.093340118760E+000  3.514747221075E+000 -3.374726605368E+001
  4.352152386716E-001  5.937193870949E-003  1.113512802821E+000  3.319101508512E+000 -3.252678634320E+001
  4.411850909306E-001  6.002640324729E-003  1.132754869093E+000  3.128495611953E+000 -3.133654580941E+001
  4.472207808110E-001  6.068871256391E-003  1.151073820166E+000  2.942881193670E+000 -3.017613077795E+001
  4.533230992589E-001  6.135899642772E-003  1.168477448724E+000  2.762208879445E+000 -2.904512497410E+001
  4.594928503202E-001  6.203738708611E-003  1.184973832994E+000  2.586428295689E+000 -2.794310984957E+001
  4.657308513924E-001  6.272401932198E-003  1.200571332137E+000  2.415488106098E+000 -2.686966490044E+001
  4.720379334802E-001  6.341903051163E-003  1.215278581559E+000  2.249336047818E+000 -2.582436797609E+001
  4.784149414579E-001  6.412256068427E-003  1.229104488161E+000  2.087918967118E+000 -2.480679557889E+001
  4.848627343381E-001  6.483475258298E-003  1.242058225504E+000  1.931182854560E+000 -2.381652315451E+001
  4.913821855461E-001  6.555575172733E-003  1.254149228915E+000  1.779072879659E+000 -2.285312537285E+001
  4.979741832006E-001  6.628570647764E-003  1.265387190504E+000  1.631533425036E+000 -2.191617639933E+001
  5.046396304008E-001  6.702476810086E-003  1.275782054121E+000  1.488508120046E+000 -2.100525015662E+001
  5.113794455212E-001  6.777309083830E-003  1.285344010218E+000  1.349939873897E+000 -2.011992057662E+001
  5.181945625116E-001  6.853083197508E-003  1.294083490653E+000  1.215770908259E+000 -1.925976184279E+001
  5.250859312060E-001  6.929815191146E-003  1.302011163393E+000  1.085942789364E+000 -1.842434862279E+001
  5.320545176366E-001  7.007521423604E-003  1.309137927148E+000  9.603964595943E-001 -1.761325629138E+001
  5.391013043575E-001  7.086218580100E-003  1.315474905922E+000  8.390722685976E-001 -1.682606114375E+001
  5.462272907741E-001  7.165923679926E-003  1.321033443464E+000  7.219100039008E-001 -1.606234059924E+001
  5.534334934816E-001  7.246654084380E-003  1.325825097648E+000  6.088489210638E-001 -1.532167339564E+001
  5.607209466109E-001  7.328427504912E-003  1.329861634754E+000  4.998277733732E-001 -1.460363977403E+001
  5.680907021827E-001  7.411262011483E-003  1.333155023656E+000  3.947848410958E-001 -1.390782165450E+001
  5.755438304707E-001  7.495176041166E-003  1.335717429919E+000  2.936579603081E-001 -1.323380280273E+001
  5.830814203728E-001  7.580188406970E-003  1.337561209800E+000  1.963845513202E-001 -1.258116898762E+001
  5.907045797917E-001  7.666318306912E-003  1.338698904149E+000  1.029016467150E-001 -1.194950813030E+001
  5.984144360243E-001  7.753585333338E-003  1.339143232210E+000  1.314591902358E-002 -1.133841044458E+001
  6.062121361613E-001  7.842009482502E-003  1.338907085316E+000 -7.294629194189E-002 -1.074746856908E+001
  6.140988474955E-001  7.931611164409E-003  1.338003520491E+000 -1.554389520725E-001 -1.017627769139E+001
  6.220757579409E-001  8.022411212936E-003  1.336445753930E+000 -2.343963062412E-001 -9.624435664403E+000
  6.301440764614E-001  8.114430896230E-003  1.334247154387E+000 -3.098828518511E-001 -9.091543115127E+000
  6.383050335109E-001  8.207691927403E-003  1.331421236440E+000 -3.819633126256E-001 -8.577203546304E+000
  6.465598814833E-001  8.302216475524E-003  1.327981653654E+000 -4.507026126177E-001 -8.081023431057E+000
  6.549098951744E-001  8.398027176926E-003  1.323942191632E+000 -5.161658504093E-001 -7.602612300930E+000
  6.633563722545E-001  8.495147146827E-003  1.319316760948E+000 -5.784182734755E-001 -7.141582827605E+000
  6.719006337539E-001  8.593599991288E-003  1.314119389971E+000 -6.375252526875E-001 -6.697550898629E+000
  6.805440245593E-001  8.693409819506E-003  1.308364217574E+000 -6.935522569273E-001 -6.270135687486E+000
  6.892879139233E-001  8.794601256469E-003  1.302065485728E+000 -7.465648277895E-001 -5.858959718333E+000
  6.981336959871E-001  8.897199455961E-003  1.295237531982E+000 -7.966285543428E-001 -5.463648925763E+000
  7.070827903152E-001  9.001230113956E-003  1.287894781832E+000 -8.438090479302E-001 -5.083832709904E+000
  7.161366424455E-001  9.106719482390E-003  1.280051740973E+000 -8.881719169794E-001 -4.719143987235E+000
  7.252967244510E-001  9.213694383338E-003  1.271722987442E+000 -9.297827418058E-001 -4.369219237425E+000
  7.345645355186E-001  9.322182223606E-003  1.262923163650E+000 -9.687070493822E-001 -4.033698546562E+000
  7.439416025400E-001  9.432211009745E-003  1.253666968309E+000 -1.005010288058E+000 -3.712225647092E+000
  7.534294807203E-001  9.543809363512E-003  1.243969148246E+000 -1.038757802209E+000 -3.404447954813E+000
  7.630297542000E-001  9.657006537783E-003  1.233844490121E+000 -1.070014806797E+000 -3.110016603247E+000
  7.727440366954E-001  9.771832432940E-003  1.223307812042E+000 -1.098846361832E+000 -2.828586475701E+000
  7.825739721536E-001  9.888317613741E-003  1.212373955085E+000 -1.125317346714E+000 -2.559816235348E+000
  7.925212354258E-001  1.000649332670E-002  1.201057774721E+000 -1.149492434452E+000 -2.303368353609E+000
  8.025875329584E-001  1.012639151798E-002  1.189374132157E+000 -1.171436065747E+000 -2.058909137139E+000
  8.127746035011E-001  1.024804485184E-002  1.177337885595E+000 -1.191212422932E+000 -1.826108753689E+000
  8.230842188350E-001  1.037148672960E-002  1.164963881417E+000 -1.208885403766E+000 -1.604641257120E+000
  8.335181845190E-001  1.049675130923E-002  1.152266945296E+000 -1.224518595086E+000 -1.394184611796E+000
  8.440783406568E-001  1.062387352550E-002  1.139261873249E+000 -1.238175246306E+000 -1.194420716625E+000
  8.547665626839E-001  1.075288911077E-002  1.125963422629E+000 -1.249918242780E+000 -1.005035428926E+000
  8.655847621758E-001  1.088383461638E-002  1.112386303078E+000 -1.259810079027E+000 -8.257185883663E-001
  8.765348876780E-001  1.101674743475E-002  1.098545167433E+000 -1.267912831833E+000 -6.561640411112E-001
  8.876189255584E-001  1.115166582209E-002  1.084454602606E+000 -1.274288133243E+000 -4.960696643844E-001
  8.988389008829E-001  1.128862892191E-002  1.070129120443E+000 -1.278997143450E+000 -3.451373915604E-001
  9.101968783143E-001  1.142767678917E-002  1.055583148575E+000 -1.282100523616E+000 -2.030732379260E-001
  9.216949630368E-001  1.156885041525E-002  1.040831021265E+000 -1.283658408630E+000 -6.958732721076E-002
  9.333353017046E-001  1.171219175365E-002  1.025886970270E+000 -1.283730379840E+000  5.560608102810E-002
  9.451200834176E-001  1.185774374655E-002  1.010765115727E+000 -1.282375437780E+000  1.727885631054E-001
  9.570515407237E-001  1.200555035216E-002  9.954794570706E-001 -1.279651974928E+000  2.822375019497E-001
  9.691319506484E-001  1.215565657299E-002  9.800438640028E-001 -1.275617748526E+000  3.842260568670E-001
  9.813636357544E-001  1.230810848498E-002  9.644720675208E-001 -1.270329853495E+000  4.790231323277E-001
  9.937489652293E-001  1.246295326757E-002  9.487776510199E-001 -1.263844695493E+000  5.668933457989E-001
  1.006290356005E+000  1.262023923477E-002  9.329740414847E-001 -1.256217964153E+000  6.480969946638E-001
  1.018990273907E+000  1.278001586715E-002  9.170745007820E-001 -1.247504606546E+000  7.228900222925E-001
  1.031851234841E+000  1.294233384499E-002  9.010921170700E-001 -1.237758800913E+000  7.915239833463E-001
  1.044875806003E+000  1.310724508236E-002  8.850397963387E-001 -1.227033930727E+000  8.542460084180E-001
  1.058066607138E+000  1.327480276248E-002  8.689302540957E-001 -1.215382559118E+000  9.112987681289E-001
  1.071426311823E+000  1.344506137405E-002  8.527760072131E-001 -1.202856403737E+000  9.629204368218E-001
  1.084957648792E+000  1.361807674895E-002  8.365893659497E-001 -1.189506312089E+000  1.009344656005E+000
  1.098663403298E+000  1.379390610110E-002  8.203824261649E-001 -1.175382237417E+000  1.050800497720E+000
  1.112546418516E+000  1.397260806657E-002  8.041670617374E-001 -1.160533215172E+000  1.087512428019E+000
  1.126609596985E+000  1.415424274514E-002  7.879549172065E-001 -1.145007340150E+000  1.119700270751E+000
  1.140855902095E+000  1.433887174317E-002  7.717574006481E-001 -1.128851744332E+000  1.147579171875E+000
  1.155288359613E+000  1.452655821788E-002  7.555856768028E-001 -1.112112575512E+000  1.171359564520E+000
  1.169910059257E+000  1.471736692327E-002  7.394506604687E-001 -1.094834976753E+000  1.191247135027E+000
  1.184724156317E+000  1.491136425740E-002  7.233630101740E-001 -1.077063066746E+000  1.207442790219E+000
  1.199733873325E+000  1.510861831145E-002  7.073331221438E-001 -1.058839921122E+000  1.220142626148E+000
  1.214942501771E+000  1.530919892035E-002  6.913711245737E-001 -1.040207554781E+000  1.229537898568E+000
  1.230353403874E+000  1.551317771520E-002  6.754868722231E-001 -1.021206905304E+000  1.235814995413E+000
  1.245970014403E+000  1.572062817747E-002  6.596899413421E-001 -1.001877817488E+000  1.239155411514E+000
  1.261795842559E+000  1.593162569510E-002  6.439896249415E-001 -9.822590290733E-001  1.239735725849E+000
  1.277834473907E+000  1.614624762054E-002  6.283949284190E-001 -9.623881577184E-001  1.237727581556E+000
  1.294089572372E+000  1.636457333079E-002  6.129145655508E-001 -9.423016892604E-001  1.233297668999E+000
  1.310564882294E+000  1.658668428962E-002  5.975569548586E-001 -9.220349673243E-001  1.226607712122E+000
  1.327264230548E+000  1.681266411190E-002  5.823302163596E-001 -9.016221843184E-001  1.217814458341E+000
  1.344191528724E+000  1.704259863026E-002  5.672421687089E-001 -8.810963738620E-001  1.207069672234E+000
  1.361350775387E+000  1.727657596408E-002  5.523003267387E-001 -8.604894046838E-001  1.194520133229E+000
  1.378746058390E+000  1.751468659100E-002  5.375118994020E-001 -8.398319760258E-001  1.180307637543E+000
  1.396381557275E+000  1.775702342093E-002  5.228837881227E-001 -8.191536145844E-001  1.164569004566E+000
  1.414261545744E+000  1.800368187279E-002  5.084225855578E-001 -7.984826730142E-001  1.147436087871E+000
  1.432390394201E+000  1.825475995395E-002  4.941345747721E-001 -7.778463300180E-001  1.129035791059E+000
  1.450772572390E+000  1.851035834267E-002  4.800257288259E-001 -7.572705920374E-001  1.109490088574E+000
  1.469412652102E+000  1.877058047342E-002  4.661017107762E-001 -7.367802965577E-001  1.088916051635E+000
  1.488315309978E+000  1.903553262542E-002  4.523678740888E-001 -7.163991170310E-001  1.067425879422E+000
  1.507485330398E+000  1.930532401444E-002  4.388292634576E-001 -6.961495694195E-001  1.045126935600E+000
  1.526927608467E+000  1.958006688797E-002  4.254906160273E-001 -6.760530203517E-001  1.022121790267E+000
  1.546647153093E+000  1.985987662391E-002  4.123563630123E-001 -6.561296968812E-001  9.985082673840E-001
  1.566649090169E+000  2.014487183303E-002  3.994306317059E-001 -6.363986978291E-001  9.743794977112E-001
  1.586938665861E+000  2.043517446518E-002  3.867172478697E-001 -6.168780066866E-001  9.498239772658E-001
  1.607521250000E+000  2.073090991960E-002  3.742197384932E-001 -5.975845060476E-001  9.249256312712E-001
  1.628402339588E+000  2.103220715932E-002  3.619413349133E-001 -5.785339935333E-001  8.997638835580E-001
  1.649587562420E+000  2.133919883002E-002  3.498849762794E-001 -5.597411991677E-001  8.744137313420E-001
  1.671082680832E+000  2.165202138333E-002  3.380533133516E-001 -5.412198041534E-001  8.489458252785E-001
  1.692893595565E+000  2.197081520497E-002  3.264487126158E-001 -5.229824609932E-001  8.234265546653E-001
  1.715026349769E+000  2.229572474776E-002  3.150732607006E-001 -5.050408148955E-001  7.979181376412E-001
  1.737487133138E+000  2.262689866987E-002  3.039287690778E-001 -4.874055263976E-001  7.724787161974E-001
  1.760282286187E+000  2.296448997842E-002  2.930167790292E-001 -4.700862951336E-001  7.471624557948E-001
  1.783418304674E+000  2.330865617868E-002  2.823385668600E-001 -4.530918846687E-001  7.220196493540E-001
  1.806901844175E+000  2.365955942924E-002  2.718951493410E-001 -4.364301483187E-001  6.970968253581E-001
  1.830739724818E+000  2.401736670327E-002  2.616872893564E-001 -4.201080558662E-001  6.724368597881E-001
  1.854938936184E+000  2.438224995616E-002  2.517155017400E-001 -4.041317210828E-001  6.480790915834E-001
  1.879506642368E+000  2.475438629994E-002  2.419800592759E-001 -3.885064299625E-001  6.240594413025E-001
  1.904450187236E+000  2.513395818467E-002  2.324809988451E-001 -3.732366695675E-001  6.004105326360E-001
  1.929777099847E+000  2.552115358717E-002  2.232181276952E-001 -3.583261573868E-001  5.771618164080E-001
  1.955495100083E+000  2.591616620741E-002  2.141910298130E-001 -3.437778711050E-001  5.543396966857E-001
  1.981612104475E+000  2.631919567292E-002  2.053990723791E-001 -3.295940786767E-001  5.319676586007E-001
  2.008136232230E+000  2.673044775156E-002  1.968414122848E-001 -3.157763686020E-001  5.100663974772E-001
  2.035075811486E+000  2.715013457311E-002  1.885170026916E-001 -3.023256802997E-001  4.886539488506E-001
  2.062439385788E+000  2.757847486001E-002  1.804245996143E-001 -2.892423344732E-001  4.677458189538E-001
  2.090235720801E+000  2.801569416771E-002  1.725627685104E-001 -2.765260633674E-001  4.473551152459E-001
  2.118473811262E+000  2.846202513514E-002  1.649298908595E-001 -2.641760408159E-001  4.274926765544E-001
  2.147162888201E+000  2.891770774564E-002  1.575241707167E-001 -2.521909119824E-001  4.081672024061E-001
  2.176312426413E+000  2.938298959899E-002  1.503436412266E-001 -2.405688227013E-001  3.893853811260E-001
  2.205932152222E+000  2.985812619504E-002  1.433861710861E-001 -2.293074483299E-001  3.711520162911E-001
  2.236032051522E+000  3.034338122938E-002  1.366494709446E-001 -2.184040220272E-001  3.534701511369E-001
  2.266622378129E+000  3.083902690182E-002  1.301310997333E-001 -2.078553623819E-001  3.363411905290E-001
  2.297713662445E+000  3.134534423818E-002  1.238284709171E-001 -1.976579003175E-001  3.197650201295E-001
  2.329316720450E+000  3.186262342603E-002  1.177388586638E-001 -1.878077052100E-001  3.037401224062E-001
  2.361442663038E+000  3.239116416519E-002  1.118594039268E-001 -1.783005101623E-001  2.882636891575E-001
  2.394102905709E+000  3.293127603351E-002  1.061871204432E-001 -1.691317363846E-001  2.733317302507E-001
  2.427309178642E+000  3.348327886897E-002  1.007189006453E-001 -1.602965166426E-001  2.589391782988E-001
  2.461073537146E+000  3.404750316862E-002  9.545152149079E-002 -1.517897177415E-001  2.450799890325E-001
  2.495408372530E+000  3.462429050548E-002  9.038165021616E-002 -1.436059620228E-001  2.317472371558E-001
  2.530326423398E+000  3.521399396401E-002  8.550585002001E-002 -1.357396478627E-001  2.189332075081E-001
  2.565840787378E+000  3.581697859546E-002  8.082058568571E-002 -1.281849691674E-001  2.066294813919E-001
  2.601964933334E+000  3.643362189376E-002  7.632222915328E-002 -1.209359338723E-001  1.948270179615E-001
  2.638712714049E+000  3.706431429322E-002  7.200706505238E-002 -1.139863814588E-001  1.835162306066E-001
  2.676098379430E+000  3.770945968912E-002  6.787129620948E-002 -1.073299995145E-001  1.726870583019E-001
  2.714136590232E+000  3.836947598236E-002  6.391104914306E-002 -1.009603393675E-001  1.623290319336E-001
  2.752842432351E+000  3.904479564947E-002  6.012237956160E-002 -9.487083083676E-002  1.524313356488E-001
  2.792231431696E+000  3.973586633921E-002  5.650127787935E-002 -8.905479614534E-002  1.429828633138E-001
  2.832319569669E+000  4.044315149734E-002  5.304367476506E-002 -8.350546305178E-002  1.339722702005E-001
  2.873123299289E+000  4.116713102086E-002  4.974544673860E-002 -7.821597725954E-002  1.253880200545E-001
  2.914659561979E+000  4.190830194354E-002  4.660242182982E-002 -7.317941416982E-002  1.172184277312E-001
  2.956945805065E+000  4.266717915414E-002  4.361038531301E-002 -6.838879004669E-002  1.094516976135E-001
  3.000000000000E+000  4.344429614932E-002  4.076508552897E-002 -6.383707266628E-002  1.020759580526E-001
  3.043840661365E+000  4.424020582308E-002  3.806223980513E-002 -5.951719152327E-002  9.507929209387E-002
  3.088486866678E+000  4.505548129460E-002  3.549754048204E-002 -5.542204766823E-002  8.844976477232E-002
  3.133958277047E+000  4.589071677685E-002  3.306666105203E-002 -5.154452324839E-002  8.217544727323E-002
  3.180275158719E+000  4.674652848797E-002  3.076526241335E-002 -4.787749082221E-002  7.624443826775E-002
  3.227458405560E+000  4.762355560797E-002  2.858899923983E-002 -4.441382251465E-002  7.064488273825E-002
  3.275529562509E+000  4.852246128332E-002  2.653352646295E-002 -4.114639907522E-002  6.536498861096E-002
  3.324510850077E+000  4.944393368200E-002  2.459450585953E-002 -3.806811889506E-002  6.039304151086E-002
  3.374425189910E+000  5.038868710203E-002  2.276761273456E-002 -3.517190703219E-002  5.571741794732E-002
  3.425296231502E+000  5.135746313639E-002  2.104854268497E-002 -3.245072428592E-002  5.132659722747E-002
  3.477148380094E+000  5.235103189784E-002  1.943301842590E-002 -2.989757635260E-002  4.720917237932E-002
  3.530006825834E+000  5.337019330676E-002  1.791679665733E-002 -2.750552308485E-002  4.335386034696E-002
  3.583897574256E+000  5.441577844603E-002  1.649567494503E-002 -2.526768786642E-002  3.974951169774E-002
  3.638847478148E+000  5.548865098670E-002  1.516549858585E-002 -2.317726710343E-002  3.638512005476E-002
  3.694884270887E+000  5.658970868864E-002  1.392216742414E-002 -2.122753982231E-002  3.324983143935E-002
  3.752036601308E+000  5.771988498079E-002  1.276164258254E-002 -1.941187735316E-002  3.033295367721E-002
  3.810334070199E+000  5.888015062562E-002  1.167995306787E-002 -1.772375306643E-002  2.762396598863E-002
  3.869807268505E+000  6.007151547295E-002  1.067320220999E-002 -1.615675212039E-002  2.511252884991E-002
  3.930487817331E+000  6.129503030858E-002  9.737573890210E-003 -1.470458116676E-002  2.278849417829E-002
  3.992408409843E+000  6.255178880352E-002  8.869338513939E-003 -1.336107795274E-002  2.064191585894E-002
  4.055602855172E+000  6.384292957002E-002  8.064858682040E-003 -1.212022074969E-002  1.866306059924E-002
  4.120106124432E+000  6.516963833101E-002  7.320594515314E-003 -1.097613753184E-002  1.684241906421E-002
  4.185954398964E+000  6.653315021009E-002  6.633108587361E-003 -9.923114822927E-003  1.517071721702E-002
  4.253185120935E+000  6.793475214960E-002  5.999070422709E-003 -8.955606124917E-003  1.363892776260E-002
  4.321837046422E+000  6.937578546490E-002  5.415260519587E-003 -8.068239840843E-003  1.223828156842E-002
  4.391950301120E+000  7.085764854355E-002  4.878573859915E-003 -7.255826603436E-003  1.096027891747E-002
  4.463566438835E+000  7.238179969882E-002  4.386022873191E-003 -6.513365922941E-003  9.796700433031E-003
  4.536728502895E+000  7.394976018725E-002  3.934739825762E-003 -5.836052070983E-003  8.739617504220E-003
  4.611481090679E+000  7.556311740127E-002  3.521978612534E-003 -5.219279122856E-003  7.781402035322E-003
  4.687870421430E+000  7.722352824817E-002  3.145115934409E-003 -4.658645087895E-003  6.914735340883E-003
  4.765944407533E+000  7.893272272784E-002  2.801651851533E-003 -4.149955066764E-003  6.132616012392E-003
  4.845752729492E+000  8.069250772248E-002  2.489209709732E-003 -3.689223385229E-003  5.428366591006E-003
  4.927346914797E+000  8.250477101257E-002  2.205535445182E-003 -3.272674666217E-003  4.795638893962E-003
  5.010780420931E+000  8.437148553436E-002  1.948496280243E-003 -2.896743815485E-003  4.228417859769E-003
  5.096108722763E+000  8.629471389541E-002  1.716078831388E-003 -2.558074910711E-003  3.721023798516E-003
  5.183389404586E+000  8.827661316581E-002  1.506386658079E-003 -2.253518999059E-003  3.268112958224E-003
  5.272682257105E+000  9.031943996425E-002  1.317637289166E-003 -1.980130823932E-003  2.864676345388E-003
  5.364049379651E+000  9.242555585946E-002  1.148158770690E-003 -1.735164517364E-003  2.506036767178E-003
  5.457555287978E+000  9.459743310926E-002  9.963857857529E-004 -1.516068310026E-003  2.187844093369E-003
  5.553267027968E+000  9.683766076100E-002  8.608554031463E-004 -1.320478325695E-003  1.906068767209E-003
  5.651254295630E+000  9.914895113938E-002  7.402025165878E-004 -1.146211541054E-003  1.656993625434E-003
  5.751589563796E+000  1.015341467494E-001  6.331550405528E-004 -9.912580043455E-004  1.437204117597E-003
  5.854348215936E+000  1.039962276248E-001  5.385289316424E-004 -8.537724175514E-004  1.243577043156E-003
  5.959608687557E+000  1.065383191537E-001  4.552231061124E-004 -7.320651960000E-004  1.073267950657E-003
  6.067452615683E+000  1.091637004188E-001  3.822143245047E-004 -6.245931264227E-004  9.236973661254E-004
  6.177964996951E+000  1.118758130872E-001  3.185521132008E-004 -5.299497492763E-004  7.925360370237E-004
  6.291234354880E+000  1.146782708938E-001  2.633537901337E-004 -4.468555934371E-004  6.776893932471E-004
  6.407352916949E+000  1.175748697626E-001  2.157996578513E-004 -3.741483910761E-004  5.772814373126E-004
  6.526416802128E+000  1.205695986129E-001  1.751284216569E-004 -3.107733975853E-004  4.896382818885E-004
  6.648526219580E+000  1.236666509049E-001  1.406328837451E-004 -2.557739358703E-004  4.132715539671E-004
  6.773785679311E+000  1.268704369821E-001  1.116559562193E-004 -2.082822762360E-004  3.468618812982E-004
  6.902304215570E+000  1.301855972713E-001  8.758702678161E-005 -1.675109526371E-004  2.892426682960E-004
  7.034195623922E+000  1.336170164087E-001  6.785870092138E-005 -1.327446034421E-004  2.393843557437E-004
  7.169578712934E+000  1.371698383673E-001  5.194393382824E-005 -1.033324103831E-004  1.963793415991E-004
  7.308577571516E+000  1.408494826628E-001  3.935355429139E-005 -7.868119334786E-005  1.594277195266E-004
  7.451321853057E+000  1.446616617293E-001  2.963417180048E-005 -5.824920153439E-005  1.278239680031E-004
  7.597947077547E+000  1.486123995567E-001  2.236644725776E-005 -4.154062365909E-005  1.009446966138E-004
  7.748594953021E+000  1.527080516973E-001  1.716369746668E-005 -2.810082187093E-005  7.823752819970E-005
  7.903413717736E+000  1.569553267535E-001  1.367079420833E-005 -1.751227626655E-005  5.921116658878E-005
  8.062558504629E+000  1.613613094717E-001  1.156331057527E-005 -9.391209936778E-006  4.342667056075E-005
  8.226191729726E+000  1.659334855793E-001  1.054686060329E-005 -3.384848798195E-006  3.048992624678E-005
  8.394483506327E+000  1.706797685137E-001  1.035657339625E-005  8.307434460433E-007  2.004528316173E-005
  8.567612086926E+000  1.756085282071E-001  1.075664010304E-005  3.552326580944E-006  1.177029425162E-005
  8.745764335025E+000  1.807286221064E-001  1.153987144960E-005  5.050721882067E-006  5.371478413373E-006
  8.929136229160E+000  1.860494286260E-001  1.252720515445E-005  5.571713580122E-006  5.810055114791E-007
  9.117933401693E+000  1.915808832504E-001  1.356710648911E-005  5.336703664441E-006 -2.845810523410E-006
  9.312371715124E+000  1.973335175235E-001  1.453481142357E-005  4.543209832352E-006 -5.132335007485E-006
  9.512677878945E+000  2.033185011886E-001  1.533137007082E-005  3.365293112822E-006 -6.481882218502E-006
  9.719090110332E+000  2.095476877688E-001  1.588245826966E-005  1.953995328571E-006 -7.078562356338E-006
  9.931858842267E+000  2.160336639044E-001  1.613693678812E-005  4.378573581700E-007 -7.087832914130E-006
  1.015124748302E+001  2.227898028021E-001  1.606515037464E-005 -1.076422514356E-006 -6.656873691369E-006
  1.037753323129E+001  2.298303221843E-001  1.565697224368E-005 -2.503144541848E-006 -5.914892938534E-006
  1.061100795175E+001  2.371703471699E-001  1.491961301346E-005 -3.776547212848E-006 -4.973457169878E-006
  1.085197911611E+001  2.448259785618E-001  1.387522604170E-005 -4.849516025501E-006 -3.926919745635E-006
  1.110077081537E+001  2.528143670735E-001  1.255835294456E-005 -5.692062580026E-006 -2.853004237551E-006
  1.135772484956E+001  2.611537940784E-001  1.101326326895E-005 -6.289590514787E-006 -1.813578748486E-006
  1.162320190175E+001  2.698637595360E-001  9.291250302145E-006 -6.640978752738E-006 -8.556376782117E-007
  1.189758280382E+001  2.789650778206E-001  7.447950403880E-006 -6.756524484939E-006 -1.248881190389E-008
  1.218126990242E+001  2.884799822596E-001  5.540755702935E-006 -6.655797743859E-006  6.948731140412E-007
  1.247468853413E+001  2.984322392826E-001  3.626389305738E-006 -6.365465881982E-006  1.256239325224E-006
  1.277828862002E+001  3.088472731875E-001  1.758708264827E-006 -5.917149491488E-006  1.670550293587E-006
  1.309254639077E+001  3.197523026463E-001 -1.320744770453E-008 -5.345371168832E-006  1.944200666884E-006
  1.341796625462E+001  3.311764902095E-001 -1.646631555863E-006 -4.685655114233E-006  2.089340773537E-006
  1.375508282195E+001  3.431511062169E-001 -3.106397532790E-006 -3.972829109567E-006  2.122229607673E-006
  1.410446310162E+001  3.557097086969E-001 -4.365712048200E-006 -3.239571354951E-006  2.061690746169E-006
  1.446670888596E+001  3.688883410292E-001 -5.406569056729E-006 -2.515233523461E-006  1.927716213584E-006
  1.484245934302E+001  3.827257493700E-001 -6.219773491270E-006 -1.824958883519E-006  1.740254494059E-006
  1.523239383723E+001  3.972636220891E-001 -6.804598879327E-006 -1.189101176105E-006  1.518208406851E-006
  1.563723500136E+001  4.125468537596E-001 -7.168117404576E-006 -6.229368773293E-007  1.278657191055E-006
  1.605775208607E+001  4.286238365683E-001 -7.324253254147E-006 -1.366512580810E-007  1.036305668156E-006
  1.649476461582E+001  4.455467823929E-001 -7.292619882202E-006  2.644320685347E-007  8.031525036151E-007
  1.694914638379E+001  4.633720792263E-001 -7.097208571408E-006  5.794170961061E-007  5.883600095159E-007
  1.742182982203E+001  4.821606861220E-001 -6.764999037941E-006  8.112420778444E-007  3.983001234144E-007
  1.791381078784E+001  5.019785714107E-001 -6.324562639374E-006  9.659756216157E-007  2.367455072902E-007
  1.842615381215E+001  5.228971995942E-001 -5.804725041085E-006  1.052051732525E-006  1.051713061703E-007
  1.895999786176E+001  5.449940730840E-001 -5.233348205522E-006  1.079491411379E-006  3.131990786258E-009
  1.951656267356E+001  5.683533358366E-001 -4.636281706598E-006  1.059154108728E-006 -7.132126831153E-008
  2.009715572669E+001  5.930664469535E-001 -4.036521222315E-006  1.002055998562E-006 -1.212143642136E-007
  2.070317992707E+001  6.192329335039E-001 -3.453598343900E-006  9.187841599953E-007 -1.502424515312E-007
  2.133614208874E+001  6.469612332096E-001 -2.903211380305E-006  8.190268953702E-007 -1.624024450541E-007
  2.199766230782E+001  6.763696392388E-001 -2.397092509187E-006  7.112311593438E-007 -1.616816505315E-007
  2.268948433818E+001  7.075873612439E-001 -1.943093308995E-006  6.023890148746E-007 -1.518121649868E-007
  2.341348709294E+001  7.407557189842E-001 -1.545459228858E-006  4.979467228320E-007 -1.360947419060E-007
  2.417169741362E+001  7.760294874639E-001 -1.205254629785E-006  4.018229989455E-007 -1.172904812420E-007
  2.496630426925E+001  8.135784155747E-001 -9.208942093522E-007  3.165175246527E-007 -9.757425857041E-008
  2.579967457140E+001  8.535889438281E-001 -6.887342286011E-007  2.432872433729E-007 -7.854045213507E-008
  2.667437081864E+001  8.962661510291E-001 -5.036780578922E-007  1.823664331761E-007 -6.124937130980E-008
  2.759317081651E+001  9.418359647997E-001 -3.597549270702E-007  1.332069864841E-007 -4.630185263809E-008
  2.855908975674E+001  9.905476768748E-001 -2.506379015227E-007  9.471755487194E-008 -3.392969620448E-008
  2.957540498378E+001  1.042676811269E+000 -1.700762576459E-007  6.548389399033E-008 -2.409080749772E-008
  3.064568382919E+001  1.098528402000E+000 -1.122276630769E-007  4.395741415064E-008 -1.655985952345E-008
  3.177381495601E+001  1.158440747351E+000 -7.188585365692E-008  2.860407641285E-008 -1.100771862542E-008
  3.296404372807E+001  1.222789720048E+000 -4.460884068704E-008  1.801082475506E-008 -7.065485322160E-009
  3.422101220608E+001  1.291993727721E+000 -2.676022519445E-008  1.095121006645E-008 -4.371498601256E-009
  3.554980447538E+001  1.366519436102E+000 -1.548134175312E-008  6.415344977217E-009 -2.601791253816E-009
  3.695599813319E+001  1.446888389511E+000 -8.614434671394E-009  3.611587162882E-009 -1.486088276102E-009
  3.844572291106E+001  1.533684690030E+000 -4.596973921716E-009  1.948319377469E-009 -8.124224111566E-010
  4.002572758518E+001  1.627563929686E+000 -2.344964991702E-009  1.003990677430E-009 -4.238066613787E-010
  4.170345654134E+001  1.729263610453E+000 -1.139356856890E-009  4.924638961448E-010 -2.102426237175E-010
  4.348713762001E+001  1.839615336740E+000 -5.251841328726E-010  2.290277208181E-010 -9.880478356565E-011
  4.538588318162E+001  1.959559126947E+000 -2.286487859506E-010  1.005470460561E-010 -4.380012018466E-011
  4.740980671574E+001  2.090160267552E+000 -9.356027296852E-011  4.146648233007E-011 -1.822736710272E-011
  4.957015778746E+001  2.232629229408E+000 -3.578433198857E-011  1.597726297361E-011 -7.082433947176E-012
  5.187947869225E+001  2.388345286640E+000 -1.271472221827E-011  5.716548132489E-012 -2.554021011618E-012
  5.435178690397E+001  2.558884630889E+000 -4.168193438484E-012  1.886339539275E-012 -8.489837408652E-013
  5.700278828629E+001  2.746053966795E+000 -1.251022910657E-012  5.696683936818E-013 -2.581593383192E-013
  5.985012714155E+001  2.951930820846E+000 -3.407920138350E-013  1.560925262926E-013 -7.119475729126E-014
  6.291368055481E+001  3.178912111311E+000 -8.343880575196E-014  3.842887454758E-014 -1.763406917442E-014
  6.621590623276E+001  3.429772933797E+000 -1.815897710369E-014  8.407134950623E-015 -3.879840096108E-015
  6.978225524452E+001  3.707738044625E+000 -3.468986289829E-015  1.614004417204E-015 -7.488506379670E-016
  7.364166388185E+001  4.016569212832E+000 -5.734450626946E-016  2.680559371308E-016 -1.249985264538E-016
  7.782714245929E+001  4.360672516382E+000 -8.069911605879E-017  3.789018397667E-017 -1.775288510652E-017
  8.237648351994E+001  4.745230855210E+000 -9.488762012911E-018  4.473947975537E-018 -2.105611584901E-018
  8.733311794503E+001  5.176368549127E+000 -9.123709161119E-019  4.318979047096E-019 -2.041284750885E-019
  9.274715535088E+001  5.661357031559E+000 -6.997900482472E-020  3.325185038965E-020 -1.577867472092E-020
  9.867665554529E+001  6.208873552072E+000 -4.159994550801E-021  1.983782838606E-021 -9.448969237786E-022
  1.051891916055E+002  6.829328764649E+000 -1.853459648952E-022  8.868642717423E-023 -4.239281131031E-023
  1.123637836013E+002  7.535284543316E+000 -5.951128953542E-024  2.856731705951E-024 -1.370135959859E-024
  1.202933069206E+002  8.341990973528E+000 -1.314934477274E-025  6.331366236233E-026 -3.046281122433E-026
  1.290875131414E+002  9.268082166539E+000 -1.893249749240E-027  9.142291623289E-028 -4.411938994683E-028
  1.388768482001E+002  1.033648575811E+001 -1.664722728944E-029  8.060773210789E-030 -3.901041426621E-030
  1.498173177370E+002  1.157562284364E+001 -8.271869716162E-032  4.015714582721E-032 -1.948620795309E-032
  1.620967411853E+002  1.302100699722E+001 -2.115445550753E-034  1.029496326167E-034 -5.008232558564E-035
  1.759428668168E+002  1.471739812515E+001 -2.485977226360E-037  1.212623095045E-037 -5.913142451087E-038
  1.916340085825E+002  1.672173748087E+001 -1.168682644168E-040  5.713145434687E-041 -2.792164853784E-041
  2.095131417987E+002  1.910719757888E+001 -1.852667408811E-044  9.075541263426E-045 -4.444824550445E-045
  2.300068054477E+002  2.196884699990E+001 -8.007345485836E-049  3.930143409605E-049 -1.928644641933E-049
  2.536507797910E+002  2.543169216868E+001 -7.224067540764E-054  3.552193192803E-054 -1.746424154526E-054
  2.811254638474E+002  2.966227967912E+001 -9.690344119775E-060  4.773102989116E-060 -2.350784957249E-060
  3.133053780630E+002  3.488573552677E+001 -1.249497270215E-066  6.164490288056E-067 -3.041022758772E-067
  3.513296254502E+002  4.141128389041E+001 -8.773477502653E-075  4.334996446486E-075 -2.141779648740E-075
  3.967041014106E+002  4.967130404214E+001 -1.582349157390E-084  7.829438151346E-085 -3.873779324719E-085
  4.514529193349E+002  6.028257212519E+001 -2.669175536166E-096  1.322434297103E-096 -6.551680821375E-097
  5.183481233601E+002  7.414493328740E+001 -1.055349219642E-110  5.235044230738E-111 -2.596753573753E-111
  6.012676077950E+002  9.260523890243E+001 -1.410704077480E-128  7.005623549061E-129 -3.478944666193E-129
  7.057700503752E+002  1.177394213729E+002 -3.970736472735E-151  1.973917960060E-151 -9.812503512774E-152
  8.400513767914E+002  1.528577972397E+002 -3.924436639710E-180  1.952737205349E-180 -9.716394982241E-181
  1.016602135495E+003  2.034537342122E+002 -2.655701504424E-218  1.322562583020E-218 -6.586424719539E-219
  1.255220715580E+003  2.790860613466E+002 -6.222370493089E-270  3.101173484242E-270 -1.545588915409E-270
  1.588815776243E+003  3.973705897531E+002  0.000000000000E+000  0.000000000000E+000  0.000000000000E+000
  2.075392011604E+003  5.931596040112E+002  0.000000000000E+000  0.000000000000E+000  0.000000000000E+000
  2.825079847529E+003  9.419154890021E+002  0.000000000000E+000  0.000000000000E+000  0.000000000000E+000
  4.068408296184E+003  1.627629972033E+003  0.000000000000E+000  0.000000000000E+000  0.000000000000E+000
  6.357262947674E+003  3.178964796686E+003  0.000000000000E+000  0.000000000000E+000  0.000000000000E+000
  1.130231930164E+004  7.535323971013E+003  0.000000000000E+000  0.000000000000E+000  0.000000000000E+000
  2.543105175140E+004  2.543171841285E+004  0.000000000000E+000  0.000000000000E+000  0.000000000000E+000
  1.017262069958E+005  2.034537473226E+005  0.000000000000E+000  0.000000000000E+000  0.000000000000E+000
