# 1st line: number of mesh points
# abcissa weight wavefunction wavefunction_1st wavefunction_2nd
500
# Principal QN=   2 , l=   0 , Occupation=   0.9900
  9.830308526508E-006  1.966074589941E-005 -1.643274949437E+000  5.088320083051E+000 -1.579674400468E+001
  3.932200719717E-005  3.932303800261E-005 -1.643124893104E+000  5.087854235515E+000 -1.579502979208E+001
  8.847741541455E-005  5.898842277178E-005 -1.642874816633E+000  5.087077894591E+000 -1.579217309093E+001
  1.573003992804E-004  7.865844718600E-005 -1.642524746151E+000  5.085991167725E+000 -1.578817438099E+001
  2.457963722417E-004  9.833465899987E-005 -1.642074718230E+000  5.084594205323E+000 -1.578303433380E+001
  3.539722959954E-004  1.180186070023E-004 -1.641524779890E+000  5.082887200730E+000 -1.577675381264E+001
  4.818366816528E-004  1.377118412759E-004 -1.640874988590E+000  5.080870390212E+000 -1.576933387235E+001
  6.293995911626E-004  1.574159134560E-004 -1.640125412228E+000  5.078544052919E+000 -1.576077575924E+001
  7.966726389934E-004  1.771323769912E-004 -1.639276129136E+000  5.075908510860E+000 -1.575108091089E+001
  9.836689940782E-004  1.968627874036E-004 -1.638327228072E+000  5.072964128854E+000 -1.574025095596E+001
  1.190403382016E-003  2.166087025496E-004 -1.637278808214E+000  5.069711314491E+000 -1.572828771396E+001
  1.416892087541E-003  2.363716828821E-004 -1.636130979157E+000  5.066150518081E+000 -1.571519319498E+001
  1.663152957245E-003  2.561532917128E-004 -1.634883860900E+000  5.062282232595E+000 -1.570096959945E+001
  1.929205402573E-003  2.759550954757E-004 -1.633537583840E+000  5.058106993608E+000 -1.568561931779E+001
  2.215070403074E-003  2.957786639908E-004 -1.632092288763E+000  5.053625379228E+000 -1.566914493010E+001
  2.520770509919E-003  3.156255707300E-004 -1.630548126831E+000  5.048838010028E+000 -1.565154920582E+001
  2.846329849692E-003  3.354973930828E-004 -1.628905259576E+000  5.043745548969E+000 -1.563283510327E+001
  3.191774128432E-003  3.553957126240E-004 -1.627163858885E+000  5.038348701310E+000 -1.561300576933E+001
  3.557130635959E-003  3.753221153821E-004 -1.625324106988E+000  5.032648214531E+000 -1.559206453889E+001
  3.942428250463E-003  3.952781921092E-004 -1.623386196444E+000  5.026644878228E+000 -1.557001493448E+001
  4.347697443358E-003  4.152655385525E-004 -1.621350330131E+000  5.020339524022E+000 -1.554686066570E+001
  4.772970284417E-003  4.352857557265E-004 -1.619216721227E+000  5.013733025448E+000 -1.552260562873E+001
  5.218280447175E-003  4.553404501876E-004 -1.616985593194E+000  5.006826297848E+000 -1.549725390573E+001
  5.683663214611E-003  4.754312343099E-004 -1.614657179767E+000  4.999620298255E+000 -1.547080976431E+001
  6.169155485101E-003  4.955597265624E-004 -1.612231724931E+000  4.992116025266E+000 -1.544327765689E+001
  6.674795778653E-003  5.157275517886E-004 -1.609709482906E+000  4.984314518922E+000 -1.541466222004E+001
  7.200624243425E-003  5.359363414876E-004 -1.607090718128E+000  4.976216860569E+000 -1.538496827384E+001
  7.746682662519E-003  5.561877340970E-004 -1.604375705230E+000  4.967824172719E+000 -1.535420082117E+001
  8.313014461060E-003  5.764833752781E-004 -1.601564729018E+000  4.959137618909E+000 -1.532236504694E+001
  8.899664713569E-003  5.968249182030E-004 -1.598658084455E+000  4.950158403545E+000 -1.528946631741E+001
  9.506680151615E-003  6.172140238444E-004 -1.595656076634E+000  4.940887771751E+000 -1.525551017931E+001
  1.013410917176E-002  6.376523612666E-004 -1.592559020759E+000  4.931327009198E+000 -1.522050235909E+001
  1.078200184380E-002  6.581416079202E-004 -1.589367242119E+000  4.921477441945E+000 -1.518444876202E+001
  1.145040991929E-002  6.786834499385E-004 -1.586081076062E+000  4.911340436256E+000 -1.514735547134E+001
  1.213938684040E-002  6.992795824361E-004 -1.582700867975E+000  4.900917398424E+000 -1.510922874734E+001
  1.284898774901E-002  7.199317098113E-004 -1.579226973248E+000  4.890209774583E+000 -1.507007502638E+001
  1.357926949620E-002  7.406415460502E-004 -1.575659757258E+000  4.879219050511E+000 -1.502990091998E+001
  1.433029065191E-002  7.614108150341E-004 -1.571999595331E+000  4.867946751438E+000 -1.498871321373E+001
  1.510211151509E-002  7.822412508494E-004 -1.568246872719E+000  4.856394441832E+000 -1.494651886634E+001
  1.589479412397E-002  8.031345981016E-004 -1.564401984566E+000  4.844563725193E+000 -1.490332500848E+001
  1.670840226680E-002  8.240926122311E-004 -1.560465335881E+000  4.832456243833E+000 -1.485913894173E+001
  1.754300149280E-002  8.451170598329E-004 -1.556437341502E+000  4.820073678648E+000 -1.481396813744E+001
  1.839865912351E-002  8.662097189796E-004 -1.552318426066E+000  4.807417748892E+000 -1.476782023550E+001
  1.927544426443E-002  8.873723795480E-004 -1.548109023972E+000  4.794490211935E+000 -1.472070304322E+001
  2.017342781695E-002  9.086068435487E-004 -1.543809579351E+000  4.781292863018E+000 -1.467262453401E+001
  2.109268249069E-002  9.299149254598E-004 -1.539420546025E+000  4.767827535005E+000 -1.462359284616E+001
  2.203328281612E-002  9.512984525641E-004 -1.534942387476E+000  4.754096098125E+000 -1.457361628150E+001
  2.299530515754E-002  9.727592652906E-004 -1.530375576801E+000  4.740100459703E+000 -1.452270330408E+001
  2.397882772639E-002  9.942992175591E-004 -1.525720596681E+000  4.725842563894E+000 -1.447086253874E+001
  2.498393059493E-002  1.015920177130E-003 -1.520977939333E+000  4.711324391402E+000 -1.441810276977E+001
  2.601069571024E-002  1.037624025957E-003 -1.516148106479E+000  4.696547959192E+000 -1.436443293940E+001
  2.705920690860E-002  1.059412660547E-003 -1.511231609295E+000  4.681515320206E+000 -1.430986214633E+001
  2.812954993023E-002  1.081287992318E-003 -1.506228968373E+000  4.666228563054E+000 -1.425439964420E+001
  2.922181243436E-002  1.103251947969E-003 -1.501140713678E+000  4.650689811716E+000 -1.419805484004E+001
  3.033608401473E-002  1.125306469854E-003 -1.495967384498E+000  4.634901225223E+000 -1.414083729266E+001
  3.147245621542E-002  1.147453516351E-003 -1.490709529405E+000  4.618864997338E+000 -1.408275671102E+001
  3.263102254705E-002  1.169695062249E-003 -1.485367706201E+000  4.602583356230E+000 -1.402382295256E+001
  3.381187850339E-002  1.192033099133E-003 -1.479942481876E+000  4.586058564139E+000 -1.396404602145E+001
  3.501512157837E-002  1.214469635775E-003 -1.474434432554E+000  4.569292917028E+000 -1.390343606691E+001
  3.624085128345E-002  1.237006698530E-003 -1.468844143446E+000  4.552288744241E+000 -1.384200338134E+001
  3.748916916538E-002  1.259646331739E-003 -1.463172208796E+000  4.535048408142E+000 -1.377975839855E+001
  3.876017882444E-002  1.282390598136E-003 -1.457419231830E+000  4.517574303748E+000 -1.371671169185E+001
  4.005398593302E-002  1.305241579266E-003 -1.451585824703E+000  4.499868858363E+000 -1.365287397217E+001
  4.137069825459E-002  1.328201375897E-003 -1.445672608442E+000  4.481934531193E+000 -1.358825608609E+001
  4.271042566323E-002  1.351272108452E-003 -1.439680212893E+000  4.463773812959E+000 -1.352286901386E+001
  4.407328016341E-002  1.374455917436E-003 -1.433609276661E+000  4.445389225505E+000 -1.345672386738E+001
  4.545937591035E-002  1.397754963880E-003 -1.427460447054E+000  4.426783321394E+000 -1.338983188808E+001
  4.686882923075E-002  1.421171429779E-003 -1.421234380023E+000  4.407958683498E+000 -1.332220444488E+001
  4.830175864396E-002  1.444707518548E-003 -1.414931740100E+000  4.388917924577E+000 -1.325385303197E+001
  4.975828488365E-002  1.468365455478E-003 -1.408553200340E+000  4.369663686857E+000 -1.318478926665E+001
  5.123853091993E-002  1.492147488203E-003 -1.402099442254E+000  4.350198641596E+000 -1.311502488708E+001
  5.274262198188E-002  1.516055887169E-003 -1.395571155749E+000  4.330525488640E+000 -1.304457174999E+001
  5.427068558066E-002  1.540092946119E-003 -1.388969039058E+000  4.310646955975E+000 -1.297344182837E+001
  5.582285153302E-002  1.564260982573E-003 -1.382293798678E+000  4.290565799271E+000 -1.290164720911E+001
  5.739925198530E-002  1.588562338332E-003 -1.375546149301E+000  4.270284801413E+000 -1.282920009055E+001
  5.900002143803E-002  1.612999379973E-003 -1.368726813746E+000  4.249806772035E+000 -1.275611278009E+001
  6.062529677088E-002  1.637574499364E-003 -1.361836522885E+000  4.229134547030E+000 -1.268239769162E+001
  6.227521726827E-002  1.662290114181E-003 -1.354876015578E+000  4.208270988070E+000 -1.260806734306E+001
  6.394992464542E-002  1.687148668440E-003 -1.347846038598E+000  4.187218982102E+000 -1.253313435370E+001
  6.564956307496E-002  1.712152633027E-003 -1.340747346554E+000  4.165981440849E+000 -1.245761144163E+001
  6.737427921404E-002  1.737304506249E-003 -1.333580701823E+000  4.144561300293E+000 -1.238151142106E+001
  6.912422223211E-002  1.762606814387E-003 -1.326346874469E+000  4.122961520156E+000 -1.230484719955E+001
  7.089954383907E-002  1.788062112257E-003 -1.319046642168E+000  4.101185083372E+000 -1.222763177534E+001
  7.270039831418E-002  1.813672983787E-003 -1.311680790127E+000  4.079234995550E+000 -1.214987823448E+001
  7.452694253540E-002  1.839442042599E-003 -1.304250111011E+000  4.057114284431E+000 -1.207159974800E+001
  7.637933600943E-002  1.865371932600E-003 -1.296755404854E+000  4.034825999335E+000 -1.199280956904E+001
  7.825774090225E-002  1.891465328589E-003 -1.289197478982E+000  4.012373210598E+000 -1.191352102988E+001
  8.016232207035E-002  1.917724936867E-003 -1.281577147932E+000  3.989759009010E+000 -1.183374753901E+001
  8.209324709253E-002  1.944153495867E-003 -1.273895233360E+000  3.966986505237E+000 -1.175350257804E+001
  8.405068630235E-002  1.970753776782E-003 -1.266152563964E+000  3.944058829234E+000 -1.167279969871E+001
  8.603481282122E-002  1.997528584221E-003 -1.258349975392E+000  3.920979129663E+000 -1.159165251970E+001
  8.804580259214E-002  2.024480756857E-003 -1.250488310157E+000  3.897750573286E+000 -1.151007472356E+001
  9.008383441408E-002  2.051613168108E-003 -1.242568417547E+000  3.874376344363E+000 -1.142808005343E+001
  9.214908997710E-002  2.078928726810E-003 -1.234591153534E+000  3.850859644039E+000 -1.134568230988E+001
  9.424175389809E-002  2.106430377918E-003 -1.226557380685E+000  3.827203689722E+000 -1.126289534756E+001
  9.636201375725E-002  2.134121103210E-003 -1.218467968069E+000  3.803411714456E+000 -1.117973307192E+001
  9.851006013526E-002  2.162003922007E-003 -1.210323791161E+000  3.779486966285E+000 -1.109620943582E+001
  1.006860866512E-001  2.190081891910E-003 -1.202125731753E+000  3.755432707613E+000 -1.101233843613E+001
  1.028902900012E-001  2.218358109541E-003 -1.193874677853E+000  3.731252214549E+000 -1.092813411028E+001
  1.051228699979E-001  2.246835711311E-003 -1.185571523589E+000  3.706948776259E+000 -1.084361053277E+001
  1.073840296104E-001  2.275517874190E-003 -1.177217169117E+000  3.682525694296E+000 -1.075878181162E+001
  1.096739750056E-001  2.304407816497E-003 -1.168812520514E+000  3.657986281936E+000 -1.067366208485E+001
  1.119929155896E-001  2.333508798707E-003 -1.160358489684E+000  3.633333863497E+000 -1.058826551680E+001
  1.143410640503E-001  2.362824124271E-003 -1.151855994256E+000  3.608571773662E+000 -1.050260629454E+001
  1.167186364011E-001  2.392357140448E-003 -1.143305957479E+000  3.583703356784E+000 -1.041669862413E+001
  1.191258520249E-001  2.422111239159E-003 -1.134709308126E+000  3.558731966200E+000 -1.033055672695E+001
  1.215629337189E-001  2.452089857854E-003 -1.126066980382E+000  3.533660963521E+000 -1.024419483592E+001
  1.240301077413E-001  2.482296480400E-003 -1.117379913747E+000  3.508493717935E+000 -1.015762719168E+001
  1.265276038575E-001  2.512734637975E-003 -1.108649052926E+000  3.483233605488E+000 -1.007086803877E+001
  1.290556553882E-001  2.543407909995E-003 -1.099875347723E+000  3.457884008373E+000 -9.983931621789E+000
  1.316144992580E-001  2.574319925047E-003 -1.091059752936E+000  3.432448314205E+000 -9.896832181477E+000
  1.342043760450E-001  2.605474361847E-003 -1.082203228246E+000  3.406929915294E+000 -9.809583950782E+000
  1.368255300316E-001  2.636874950214E-003 -1.073306738113E+000  3.381332207916E+000 -9.722201150904E+000
  1.394782092560E-001  2.668525472060E-003 -1.064371251660E+000  3.355658591575E+000 -9.634697987306E+000
  1.421626655646E-001  2.700429762411E-003 -1.055397742567E+000  3.329912468265E+000 -9.547088645695E+000
  1.448791546661E-001  2.732591710434E-003 -1.046387188960E+000  3.304097241725E+000 -9.459387287974E+000
  1.476279361856E-001  2.765015260497E-003 -1.037340573298E+000  3.278216316691E+000 -9.371608048168E+000
  1.504092737207E-001  2.797704413242E-003 -1.028258882260E+000  3.252273098148E+000 -9.283765028332E+000
  1.532234348983E-001  2.830663226680E-003 -1.019143106634E+000  3.226270990574E+000 -9.195872294426E+000
  1.560706914324E-001  2.863895817319E-003 -1.009994241204E+000  3.200213397185E+000 -9.107943872177E+000
  1.589513191834E-001  2.897406361298E-003 -1.000813284632E+000  3.174103719173E+000 -9.019993742914E+000
  1.618655982178E-001  2.931199095559E-003 -9.916012393486E-001  3.147945354949E+000 -8.932035839393E+000
  1.648138128702E-001  2.965278319033E-003 -9.823591114348E-001  3.121741699379E+000 -8.844084041594E+000
  1.677962518056E-001  2.999648393860E-003 -9.730879105079E-001  3.095496143019E+000 -8.756152172513E+000
  1.708132080832E-001  3.034313746623E-003 -9.637886496053E-001  3.069212071349E+000 -8.668253993936E+000
  1.738649792215E-001  3.069278869616E-003 -9.544623450688E-001  3.042892864010E+000 -8.580403202203E+000
  1.769518672648E-001  3.104548322136E-003 -9.451100164282E-001  3.016541894033E+000 -8.492613423964E+000
  1.800741788507E-001  3.140126731803E-003 -9.357326862845E-001  2.990162527079E+000 -8.404898211923E+000
  1.832322252791E-001  3.176018795904E-003 -9.263313801933E-001  2.963758120667E+000 -8.317271040585E+000
  1.864263225826E-001  3.212229282769E-003 -9.169071265479E-001  2.937332023412E+000 -8.229745301989E+000
  1.896567915983E-001  3.248763033179E-003 -9.074609564620E-001  2.910887574264E+000 -8.142334301455E+000
  1.929239580409E-001  3.285624961791E-003 -8.979939036524E-001  2.884428101739E+000 -8.055051253319E+000
  1.962281525771E-001  3.322820058613E-003 -8.885070043225E-001  2.857956923167E+000 -7.967909276680E+000
  1.995697109023E-001  3.360353390492E-003 -8.790012970443E-001  2.831477343927E+000 -7.880921391151E+000
  2.029489738173E-001  3.398230102644E-003 -8.694778226419E-001  2.804992656701E+000 -7.794100512618E+000
  2.063662873085E-001  3.436455420218E-003 -8.599376240740E-001  2.778506140716E+000 -7.707459449018E+000
  2.098220026275E-001  3.475034649885E-003 -8.503817463174E-001  2.752021061004E+000 -7.621010896120E+000
  2.133164763746E-001  3.513973181471E-003 -8.408112362502E-001  2.725540667653E+000 -7.534767433333E+000
  2.168500705817E-001  3.553276489620E-003 -8.312271425353E-001  2.699068195076E+000 -7.448741519530E+000
  2.204231527988E-001  3.592950135496E-003 -8.216305155044E-001  2.672606861276E+000 -7.362945488898E+000
  2.240360961807E-001  3.632999768520E-003 -8.120224070421E-001  2.646159867120E+000 -7.277391546807E+000
  2.276892795770E-001  3.673431128145E-003 -8.024038704704E-001  2.619730395624E+000 -7.192091765720E+000
  2.313830876220E-001  3.714250045674E-003 -7.927759604339E-001  2.593321611234E+000 -7.107058081123E+000
  2.351179108282E-001  3.755462446115E-003 -7.831397327852E-001  2.566936659130E+000 -7.022302287502E+000
  2.388941456809E-001  3.797074350078E-003 -7.734962444705E-001  2.540578664523E+000 -6.937836034349E+000
  2.427121947345E-001  3.839091875711E-003 -7.638465534167E-001  2.514250731970E+000 -6.853670822217E+000
  2.465724667110E-001  3.881521240686E-003 -7.541917184180E-001  2.487955944697E+000 -6.769817998819E+000
  2.504753766009E-001  3.924368764227E-003 -7.445327990241E-001  2.461697363929E+000 -6.686288755176E+000
  2.544213457654E-001  3.967640869177E-003 -7.348708554280E-001  2.435478028232E+000 -6.603094121813E+000
  2.584108020414E-001  4.011344084122E-003 -7.252069483555E-001  2.409300952866E+000 -6.520244965025E+000
  2.624441798480E-001  4.055485045557E-003 -7.155421389553E-001  2.383169129151E+000 -6.437751983184E+000
  2.665219202956E-001  4.100070500102E-003 -7.058774886888E-001  2.357085523839E+000 -6.355625703129E+000
  2.706444712976E-001  4.145107306769E-003 -6.962140592223E-001  2.331053078510E+000 -6.273876476609E+000
  2.748122876832E-001  4.190602439283E-003 -6.865529123188E-001  2.305074708970E+000 -6.192514476804E+000
  2.790258313137E-001  4.236562988450E-003 -6.768951097313E-001  2.279153304666E+000 -6.111549694922E+000
  2.832855712010E-001  4.282996164587E-003 -6.672417130968E-001  2.253291728121E+000 -6.030991936874E+000
  2.875919836279E-001  4.329909300005E-003 -6.575937838308E-001  2.227492814377E+000 -5.950850820028E+000
  2.919455522717E-001  4.377309851548E-003 -6.479523830236E-001  2.201759370455E+000 -5.871135770060E+000
  2.963467683296E-001  4.425205403192E-003 -6.383185713369E-001  2.176094174837E+000 -5.791856017885E+000
  3.007961306479E-001  4.473603668706E-003 -6.286934089011E-001  2.150499976952E+000 -5.713020596693E+000
  3.052941458522E-001  4.522512494374E-003 -6.190779552146E-001  2.124979496696E+000 -5.634638339079E+000
  3.098413284823E-001  4.571939861783E-003 -6.094732690426E-001  2.099535423954E+000 -5.556717874276E+000
  3.144382011281E-001  4.621893890671E-003 -5.998804083183E-001  2.074170418149E+000 -5.479267625498E+000
  3.190852945695E-001  4.672382841850E-003 -5.903004300441E-001  2.048887107811E+000 -5.402295807398E+000
  3.237831479192E-001  4.723415120192E-003 -5.807343901937E-001  2.023688090155E+000 -5.325810423632E+000
  3.285323087679E-001  4.774999277691E-003 -5.711833436160E-001  1.998575930694E+000 -5.249819264554E+000
  3.333333333333E-001  4.827144016591E-003 -5.616483439391E-001  1.973553162857E+000 -5.174329905027E+000
  3.381867866117E-001  4.879858192602E-003 -5.521304434750E-001  1.948622287637E+000 -5.099349702367E+000
  3.430932425333E-001  4.933150818173E-003 -5.426306931263E-001  1.923785773261E+000 -5.024885794416E+000
  3.480532841203E-001  4.987031065868E-003 -5.331501422923E-001  1.899046054873E+000 -4.950945097754E+000
  3.530675036492E-001  5.041508271801E-003 -5.236898387768E-001  1.874405534247E+000 -4.877534306049E+000
  3.581365028158E-001  5.096591939172E-003 -5.142508286962E-001  1.849866579520E+000 -4.804659888551E+000
  3.632608929041E-001  5.152291741875E-003 -5.048341563885E-001  1.825431524945E+000 -4.732328088736E+000
  3.684412949588E-001  5.208617528209E-003 -4.954408643227E-001  1.801102670668E+000 -4.660544923101E+000
  3.736783399619E-001  5.265579324662E-003 -4.860719930086E-001  1.776882282535E+000 -4.589316180109E+000
  3.789726690123E-001  5.323187339805E-003 -4.767285809075E-001  1.752772591909E+000 -4.518647419304E+000
  3.843249335105E-001  5.381451968273E-003 -4.674116643429E-001  1.728775795523E+000 -4.448543970579E+000
  3.897357953460E-001  5.440383794842E-003 -4.581222774113E-001  1.704894055350E+000 -4.379010933611E+000
  3.952059270903E-001  5.499993598618E-003 -4.488614518938E-001  1.681129498499E+000 -4.310053177469E+000
  4.007360121927E-001  5.560292357317E-003 -4.396302171669E-001  1.657484217136E+000 -4.241675340394E+000
  4.063267451812E-001  5.621291251662E-003 -4.304296001140E-001  1.633960268429E+000 -4.173881829746E+000
  4.119788318683E-001  5.683001669888E-003 -4.212606250364E-001  1.610559674511E+000 -4.106676822143E+000
  4.176929895600E-001  5.745435212354E-003 -4.121243135636E-001  1.587284422479E+000 -4.040064263765E+000
  4.234699472710E-001  5.808603696282E-003 -4.030216845640E-001  1.564136464406E+000 -3.974047870857E+000
  4.293104459435E-001  5.872519160606E-003 -3.939537540541E-001  1.541117717380E+000 -3.908631130399E+000
  4.352152386716E-001  5.937193870949E-003 -3.849215351074E-001  1.518230063574E+000 -3.843817300984E+000
  4.411850909306E-001  6.002640324729E-003 -3.759260377621E-001  1.495475350324E+000 -3.779609413866E+000
  4.472207808110E-001  6.068871256391E-003 -3.669682689282E-001  1.472855390246E+000 -3.716010274212E+000
  4.533230992589E-001  6.135899642772E-003 -3.580492322922E-001  1.450371961366E+000 -3.653022462540E+000
  4.594928503202E-001  6.203738708611E-003 -3.491699282218E-001  1.428026807275E+000 -3.590648336350E+000
  4.657308513924E-001  6.272401932198E-003 -3.403313536671E-001  1.405821637306E+000 -3.528890031953E+000
  4.720379334802E-001  6.341903051163E-003 -3.315345020616E-001  1.383758126734E+000 -3.467749466488E+000
  4.784149414579E-001  6.412256068427E-003 -3.227803632198E-001  1.361837916989E+000 -3.407228340140E+000
  4.848627343381E-001  6.483475258298E-003 -3.140699232327E-001  1.340062615900E+000 -3.347328138548E+000
  4.913821855461E-001  6.555575172733E-003 -3.054041643613E-001  1.318433797950E+000 -3.288050135407E+000
  4.979741832006E-001  6.628570647764E-003 -2.967840649262E-001  1.296953004553E+000 -3.229395395267E+000
  5.046396304008E-001  6.702476810086E-003 -2.882105991950E-001  1.275621744342E+000 -3.171364776517E+000
  5.113794455212E-001  6.777309083830E-003 -2.796847372656E-001  1.254441493487E+000 -3.113958934567E+000
  5.181945625116E-001  6.853083197508E-003 -2.712074449460E-001  1.233413696012E+000 -3.057178325210E+000
  5.250859312060E-001  6.929815191146E-003 -2.627796836306E-001  1.212539764137E+000 -3.001023208175E+000
  5.320545176366E-001  7.007521423604E-003 -2.544024101719E-001  1.191821078627E+000 -2.945493650864E+000
  5.391013043575E-001  7.086218580100E-003 -2.460765767472E-001  1.171258989161E+000 -2.890589532261E+000
  5.462272907741E-001  7.165923679926E-003 -2.378031307219E-001  1.150854814697E+000 -2.836310547026E+000
  5.534334934816E-001  7.246654084380E-003 -2.295830145059E-001  1.130609843860E+000 -2.782656209751E+000
  5.607209466109E-001  7.328427504912E-003 -2.214171654061E-001  1.110525335330E+000 -2.729625859393E+000
  5.680907021827E-001  7.411262011483E-003 -2.133065154726E-001  1.090602518232E+000 -2.677218663862E+000
  5.755438304707E-001  7.495176041166E-003 -2.052519913387E-001  1.070842592542E+000 -2.625433624763E+000
  5.830814203728E-001  7.580188406970E-003 -1.972545140550E-001  1.051246729484E+000 -2.574269582298E+000
  5.907045797917E-001  7.666318306912E-003 -1.893149989168E-001  1.031816071926E+000 -2.523725220294E+000
  5.984144360243E-001  7.753585333338E-003 -1.814343552844E-001  1.012551734788E+000 -2.473799071389E+000
  6.062121361613E-001  7.842009482502E-003 -1.736134863968E-001  9.934548054308E-001 -2.424489522323E+000
  6.140988474955E-001  7.931611164409E-003 -1.658532891770E-001  9.745263440477E-001 -2.375794819366E+000
  6.220757579409E-001  8.022411212936E-003 -1.581546540308E-001  9.557673840457E-001 -2.327713073850E+000
  6.301440764614E-001  8.114430896230E-003 -1.505184646362E-001  9.371789324174E-001 -2.280242267798E+000
  6.383050335109E-001  8.207691927403E-003 -1.429455977260E-001  9.187619700997E-001 -2.233380259656E+000
  6.465598814833E-001  8.302216475524E-003 -1.354369228608E-001  9.005174523182E-001 -2.187124790095E+000
  6.549098951744E-001  8.398027176926E-003 -1.279933021934E-001  8.824463089152E-001 -2.141473487886E+000
  6.633563722545E-001  8.495147146827E-003 -1.206155902253E-001  8.645494446573E-001 -2.096423875841E+000
  6.719006337539E-001  8.593599991288E-003 -1.133046335525E-001  8.468277395217E-001 -2.051973376786E+000
  6.805440245593E-001  8.693409819506E-003 -1.060612706032E-001  8.292820489581E-001 -2.008119319581E+000
  6.892879139233E-001  8.794601256469E-003 -9.888633136556E-002  8.119132041239E-001 -1.964858945155E+000
  6.981336959871E-001  8.897199455961E-003 -9.178063710592E-002  7.947220120901E-001 -1.922189412545E+000
  7.070827903152E-001  9.001230113956E-003 -8.474500007739E-002  7.777092560154E-001 -1.880107804933E+000
  7.161366424455E-001  9.106719482390E-003 -7.778022321871E-002  7.608756952858E-001 -1.838611135659E+000
  7.252967244510E-001  9.213694383338E-003 -7.088709984339E-002  7.442220656178E-001 -1.797696354197E+000
  7.345645355186E-001  9.322182223606E-003 -6.406641331900E-002  7.277490791222E-001 -1.757360352081E+000
  7.439416025400E-001  9.432211009745E-003 -5.731893673683E-002  7.114574243263E-001 -1.717599968759E+000
  7.534294807203E-001  9.543809363512E-003 -5.064543257196E-002  6.953477661520E-001 -1.678411997366E+000
  7.630297542000E-001  9.657006537783E-003 -4.404665233378E-002  6.794207458475E-001 -1.639793190398E+000
  7.727440366954E-001  9.771832432940E-003 -3.752333620730E-002  6.636769808706E-001 -1.601740265261E+000
  7.825739721536E-001  9.888317613741E-003 -3.107621268532E-002  6.481170647211E-001 -1.564249909698E+000
  7.925212354258E-001  1.000649332670E-002 -2.470599819196E-002  6.327415667203E-001 -1.527318787052E+000
  8.025875329584E-001  1.012639151798E-002 -1.841339669767E-002  6.175510317361E-001 -1.490943541365E+000
  8.127746035011E-001  1.024804485184E-002 -1.219909932628E-002  6.025459798512E-001 -1.455120802299E+000
  8.230842188350E-001  1.037148672960E-002 -6.063783954609E-003  5.877269059729E-001 -1.419847189834E+000
  8.335181845190E-001  1.049675130923E-002 -8.114804932069E-006  5.730942793841E-001 -1.385119318768E+000
  8.440783406568E-001  1.062387352550E-002  5.967257968759E-003  5.586485432322E-001 -1.350933802957E+000
  8.547665626839E-001  1.075288911077E-002  1.186169870027E-002  5.443901139565E-001 -1.317287259316E+000
  8.655847621758E-001  1.088383461638E-002  1.767458663561E-002  5.303193806527E-001 -1.284176311536E+000
  8.765348876780E-001  1.101674743475E-002  2.340531636147E-002  5.164367043733E-001 -1.251597593518E+000
  8.876189255584E-001  1.115166582209E-002  2.905329823690E-002  5.027424173643E-001 -1.219547752498E+000
  8.988389008829E-001  1.128862892191E-002  3.461795882711E-002  4.892368222382E-001 -1.188023451856E+000
  9.101968783143E-001  1.142767678917E-002  4.009874133837E-002  4.759201910821E-001 -1.157021373577E+000
  9.216949630368E-001  1.156885041525E-002  4.549510605280E-002  4.627927645036E-001 -1.126538220375E+000
  9.333353017046E-001  1.171219175365E-002  5.080653076187E-002  4.498547506132E-001 -1.096570717442E+000
  9.451200834176E-001  1.185774374655E-002  5.603251119710E-002  4.371063239460E-001 -1.067115613822E+000
  9.570515407237E-001  1.200555035216E-002  6.117256145675E-002  4.245476243239E-001 -1.038169683394E+000
  9.691319506484E-001  1.215565657299E-002  6.622621442677E-002  4.121787556592E-001 -1.009729725459E+000
  9.813636357544E-001  1.230810848498E-002  7.119302219454E-002  3.999997847041E-001 -9.817925649050E-001
  9.937489652293E-001  1.246295326757E-002  7.607255645368E-002  3.880107397472E-001 -9.543550519660E-001
  1.006290356005E+000  1.262023923477E-002  8.086440889805E-002  3.762116092605E-001 -9.274140615430E-001
  1.018990273907E+000  1.278001586715E-002  8.556819160324E-002  3.646023405022E-001 -9.009664920987E-001
  1.031851234841E+000  1.294233384499E-002  9.018353739350E-002  3.531828380773E-001 -8.750092641137E-001
  1.044875806003E+000  1.310724508236E-002  9.471010019210E-002  3.419529624628E-001 -8.495393181028E-001
  1.058066607138E+000  1.327480276248E-002  9.914755535309E-002  3.309125285010E-001 -8.245536121929E-001
  1.071426311823E+000  1.344506137405E-002  1.034955999722E-001  3.200613038681E-001 -8.000491192615E-001
  1.084957648792E+000  1.361807674895E-002  1.077539531749E-001  3.093990075240E-001 -7.760228236395E-001
  1.098663403298E+000  1.379390610110E-002  1.119223563790E-001  2.989253081492E-001 -7.524717173851E-001
  1.112546418516E+000  1.397260806657E-002  1.160005735299E-001  2.886398225775E-001 -7.293927961346E-001
  1.126609596985E+000  1.415424274514E-002  1.199883913055E-001  2.785421142319E-001 -7.067830545409E-001
  1.140855902095E+000  1.433887174317E-002  1.238856192896E-001  2.686316915716E-001 -6.846394813122E-001
  1.155288359613E+000  1.452655821788E-002  1.276920901100E-001  2.589080065599E-001 -6.629590538650E-001
  1.169910059257E+000  1.471736692327E-002  1.314076595398E-001  2.493704531617E-001 -6.417387326092E-001
  1.184724156317E+000  1.491136425740E-002  1.350322065595E-001  2.400183658815E-001 -6.209754548858E-001
  1.199733873325E+000  1.510861831145E-002  1.385656333772E-001  2.308510183508E-001 -6.006661285782E-001
  1.214942501771E+000  1.530919892035E-002  1.420078654050E-001  2.218676219779E-001 -5.808076254246E-001
  1.230353403874E+000  1.551317771520E-002  1.453588511893E-001  2.130673246694E-001 -5.613967740579E-001
  1.245970014403E+000  1.572062817747E-002  1.486185622926E-001  2.044492096364E-001 -5.424303528046E-001
  1.261795842559E+000  1.593162569510E-002  1.517869931256E-001  1.960122942965E-001 -5.239050822770E-001
  1.277834473907E+000  1.614624762054E-002  1.548641607264E-001  1.877555292857E-001 -5.058176177933E-001
  1.294089572372E+000  1.636457333079E-002  1.578501044865E-001  1.796777975902E-001 -4.881645416670E-001
  1.310564882294E+000  1.658668428962E-002  1.607448858212E-001  1.717779138134E-001 -4.709423554056E-001
  1.327264230548E+000  1.681266411190E-002  1.635485877832E-001  1.640546235899E-001 -4.541474718637E-001
  1.344191528724E+000  1.704259863026E-002  1.662613146187E-001  1.565066031595E-001 -4.377762073975E-001
  1.361350775387E+000  1.727657596408E-002  1.688831912643E-001  1.491324591147E-001 -4.218247740694E-001
  1.378746058390E+000  1.751468659100E-002  1.714143627857E-001  1.419307283346E-001 -4.062892719548E-001
  1.396381557275E+000  1.775702342093E-002  1.738549937560E-001  1.348998781175E-001 -3.911656816042E-001
  1.414261545744E+000  1.800368187279E-002  1.762052675754E-001  1.280383065257E-001 -3.764498567169E-001
  1.432390394201E+000  1.825475995395E-002  1.784653857320E-001  1.213443429539E-001 -3.621375170823E-001
  1.450772572390E+000  1.851035834267E-002  1.806355670049E-001  1.148162489326E-001 -3.482242418478E-001
  1.469412652102E+000  1.877058047342E-002  1.827160466108E-001  1.084522191789E-001 -3.347054631743E-001
  1.488315309978E+000  1.903553262542E-002  1.847070752964E-001  1.022503829042E-001 -3.215764603372E-001
  1.507485330398E+000  1.930532401444E-002  1.866089183782E-001  9.620880538774E-002 -3.088323543367E-001
  1.526927608467E+000  1.958006688797E-002  1.884218547338E-001  9.032548982653E-002 -2.964681030773E-001
  1.546647153093E+000  1.985987662391E-002  1.901461757472E-001  8.459837946712E-002 -2.844784971774E-001
  1.566649090169E+000  2.014487183303E-002  1.917821842123E-001  7.902536002689E-002 -2.728581564698E-001
  1.586938665861E+000  2.043517446518E-002  1.933301932002E-001  7.360426240913E-002 -2.616015272526E-001
  1.607521250000E+000  2.073090991960E-002  1.947905248949E-001  6.833286571550E-002 -2.507028803474E-001
  1.628402339588E+000  2.103220715932E-002  1.961635094035E-001  6.320890055768E-002 -2.401563100211E-001
  1.649587562420E+000  2.133919883002E-002  1.974494835481E-001  5.823005266804E-002 -2.299557338243E-001
  1.671082680832E+000  2.165202138333E-002  1.986487896467E-001  5.339396680743E-002 -2.200948933961E-001
  1.692893595565E+000  2.197081520497E-002  1.997617742911E-001  4.869825096596E-002 -2.105673562810E-001
  1.715026349769E+000  2.229572474776E-002  2.007887871311E-001  4.414048085062E-002 -2.013665188018E-001
  1.737487133138E+000  2.262689866987E-002  2.017301796740E-001  3.971820465095E-002 -1.924856100230E-001
  1.760282286187E+000  2.296448997842E-002  2.025863041109E-001  3.542894807181E-002 -1.839176968387E-001
  1.783418304674E+000  2.330865617868E-002  2.033575121796E-001  3.127021961964E-002 -1.756556902104E-001
  1.806901844175E+000  2.365955942924E-002  2.040441540767E-001  2.723951612578E-002 -1.676923525729E-001
  1.830739724818E+000  2.401736670327E-002  2.046465774311E-001  2.333432848786E-002 -1.600203064210E-001
  1.854938936184E+000  2.438224995616E-002  2.051651263515E-001  1.955214760742E-002 -1.526320440822E-001
  1.879506642368E+000  2.475438629994E-002  2.056001405623E-001  1.589047049898E-002 -1.455199386702E-001
  1.904450187236E+000  2.513395818467E-002  2.059519546414E-001  1.234680654293E-002 -1.386762562071E-001
  1.929777099847E+000  2.552115358717E-002  2.062208973749E-001  8.918683851611E-003 -1.320931688924E-001
  1.955495100083E+000  2.591616620741E-002  2.064072912426E-001  5.603655715360E-003 -1.257627694874E-001
  1.981612104475E+000  2.631919567292E-002  2.065114520512E-001  2.399307092043E-003 -1.196770867736E-001
  2.008136232230E+000  2.673044775156E-002  2.065336887290E-001 -6.967388988108E-004 -1.138281020319E-001
  2.035075811486E+000  2.715013457311E-002  2.064743032987E-001 -3.686814519003E-003 -1.082077664820E-001
  2.062439385788E+000  2.757847486001E-002  2.063335910425E-001 -6.573201035928E-003 -1.028080196078E-001
  2.090235720801E+000  2.801569416771E-002  2.061118408756E-001 -9.358122474620E-003 -9.762080828342E-002
  2.118473811262E+000  2.846202513514E-002  2.058093359432E-001 -1.204373954615E-002 -9.263810660780E-002
  2.147162888201E+000  2.891770774564E-002  2.054263544534E-001 -1.463214380286E-002 -8.785193633942E-002
  2.176312426413E+000  2.938298959899E-002  2.049631707626E-001 -1.712535207229E-002 -8.325438781667E-002
  2.205932152222E+000  2.985812619504E-002  2.044200567227E-001 -1.952530122315E-002 -7.883764123716E-002
  2.236032051522E+000  3.034338122938E-002  2.037972833048E-001 -2.183384331714E-002 -7.459398816018E-002
  2.266622378129E+000  3.083902690182E-002  2.030951225077E-001 -2.405274120109E-002 -7.051585308748E-002
  2.297713662445E+000  3.134534423818E-002  2.023138495608E-001 -2.618366459358E-002 -6.659581496932E-002
  2.329316720450E+000  3.186262342603E-002  2.014537454291E-001 -2.822818671992E-002 -6.282662847530E-002
  2.361442663038E+000  3.239116416519E-002  2.005150996238E-001 -3.018778154770E-002 -5.920124486320E-002
  2.394102905709E+000  3.293127603351E-002  1.994982133235E-001 -3.206382167397E-002 -5.571283227402E-002
  2.427309178642E+000  3.348327886897E-002  1.984034028051E-001 -3.385757691235E-002 -5.235479527733E-002
  2.461073537146E+000  3.404750316862E-002  1.972310031830E-001 -3.557021362543E-002 -4.912079348911E-002
  2.495408372530E+000  3.462429050548E-002  1.959813724518E-001 -3.720279484432E-002 -4.600475908318E-002
  2.530326423398E+000  3.521399396401E-002  1.946548958238E-001 -3.875628121258E-002 -4.300091301856E-002
  2.565840787378E+000  3.581697859546E-002  1.932519903508E-001 -4.023153278688E-002 -4.010377980789E-002
  2.601964933334E+000  3.643362189376E-002  1.917731098152E-001 -4.162931172088E-002 -3.730820065678E-002
  2.638712714049E+000  3.706431429322E-002  1.902187498718E-001 -4.295028585227E-002 -3.460934481113E-002
  2.676098379430E+000  3.770945968912E-002  1.885894534184E-001 -4.419503320583E-002 -3.200271895814E-002
  2.714136590232E+000  3.836947598236E-002  1.868858161690E-001 -4.536404741751E-002 -2.948417453812E-002
  2.752842432351E+000  3.904479564947E-002  1.851084923996E-001 -4.645774407591E-002 -2.704991283749E-002
  2.792231431696E+000  3.973586633921E-002  1.832582008326E-001 -4.747646796879E-002 -2.469648774913E-002
  2.832319569669E+000  4.044315149734E-002  1.813357306216E-001 -4.842050121217E-002 -2.242080610367E-002
  2.873123299289E+000  4.116713102086E-002  1.793419473949E-001 -4.929007223017E-002 -2.022012549555E-002
  2.914659561979E+000  4.190830194354E-002  1.772777993103E-001 -5.008536554276E-002 -1.809204954925E-002
  2.956945805065E+000  4.266717915414E-002  1.751443230742E-001 -5.080653230821E-002 -1.603452059509E-002
  3.000000000000E+000  4.344429614932E-002  1.729426498686E-001 -5.145370155628E-002 -1.404580974927E-002
  3.043840661365E+000  4.424020582308E-002  1.706740111316E-001 -5.202699203711E-002 -1.212450441981E-002
  3.088486866678E+000  4.505548129460E-002  1.683397441315E-001 -5.252652460018E-002 -1.026949328847E-002
  3.133958277047E+000  4.589071677685E-002  1.659412972717E-001 -5.295243500719E-002 -8.479948847543E-003
  3.180275158719E+000  4.674652848797E-002  1.634802350634E-001 -5.330488707270E-002 -6.755307600448E-003
  3.227458405560E+000  4.762355560797E-002  1.609582427001E-001 -5.358408601672E-002 -5.095248065092E-003
  3.275529562509E+000  4.852246128332E-002  1.583771301671E-001 -5.379029190501E-002 -3.499666748756E-003
  3.324510850077E+000  4.944393368200E-002  1.557388358203E-001 -5.392383304469E-002 -1.968652292779E-003
  3.374425189910E+000  5.038868710203E-002  1.530454293667E-001 -5.398511919654E-002 -5.024580135877E-004
  3.425296231502E+000  5.135746313639E-002  1.502991141837E-001 -5.397465445963E-002  8.985269064926E-004
  3.477148380094E+000  5.235103189784E-002  1.475022289125E-001 -5.389304968029E-002  2.233807300301E-003
  3.530006825834E+000  5.337019330676E-002  1.446572482676E-001 -5.374103423514E-002  3.502812668022E-003
  3.583897574256E+000  5.441577844603E-002  1.417667830057E-001 -5.351946703745E-002  4.704928280237E-003
  3.638847478148E+000  5.548865098670E-002  1.388335790049E-001 -5.322934661770E-002  5.839526395566E-003
  3.694884270887E+000  5.658970868864E-002  1.358605154070E-001 -5.287182013269E-002  6.905997244482E-003
  3.752036601308E+000  5.771988498079E-002  1.328506017882E-001 -5.244819116362E-002  7.903779423028E-003
  3.810334070199E+000  5.888015062562E-002  1.298069743253E-001 -5.195992617110E-002  8.832389337058E-003
  3.869807268505E+000  6.007151547295E-002  1.267328909385E-001 -5.140865948585E-002  9.691449339510E-003
  3.930487817331E+000  6.129503030858E-002  1.236317253973E-001 -5.079619672595E-002  1.048071421039E-002
  3.992408409843E+000  6.255178880352E-002  1.205069603899E-001 -5.012451654671E-002  1.120009564178E-002
  4.055602855172E+000  6.384292957002E-002  1.173621795638E-001 -4.939577064575E-002  1.184968440847E-002
  4.120106124432E+000  6.516963833101E-002  1.142010585614E-001 -4.861228196529E-002  1.242976992840E-002
  4.185954398964E+000  6.653315021009E-002  1.110273550811E-001 -4.777654105402E-002  1.294085694656E-002
  4.253185120935E+000  6.793475214960E-002  1.078448980122E-001 -4.689120057364E-002  1.338367911025E-002
  4.321837046422E+000  6.937578546490E-002  1.046575756989E-001 -4.595906795886E-002  1.375920924306E-002
  4.391950301120E+000  7.085764854355E-002  1.014693234065E-001 -4.498309626425E-002  1.406866616874E-002
  4.463566438835E+000  7.238179969882E-002  9.828411006854E-002 -4.396637325707E-002  1.431351798374E-002
  4.536728502895E+000  7.394976018725E-002  9.510592441122E-002 -4.291210884063E-002  1.449548172816E-002
  4.611481090679E+000  7.556311740127E-002  9.193876055774E-002 -4.182362091824E-002  1.461651945803E-002
  4.687870421430E+000  7.722352824817E-002  8.878660322655E-002 -4.070431983290E-002  1.467883077682E-002
  4.765944407533E+000  7.893272272784E-002  8.565341264578E-002 -3.955769154102E-002  1.468484193898E-002
  4.845752729492E+000  8.069250772248E-002  8.254310931296E-002 -3.838727970110E-002  1.463719169373E-002
  4.927346914797E+000  8.250477101257E-002  7.945955873432E-002 -3.719666687746E-002  1.453871408981E-002
  5.010780420931E+000  8.437148553436E-002  7.640655628169E-002 -3.598945507694E-002  1.439241851306E-002
  5.096108722763E+000  8.629471389541E-002  7.338781230620E-002 -3.476924584997E-002  1.420146727476E-002
  5.183389404586E+000  8.827661316581E-002  7.040693764742E-002 -3.353962019842E-002  1.396915111077E-002
  5.272682257105E+000  9.031943996425E-002  6.746742967336E-002 -3.230411853890E-002  1.369886298709E-002
  5.364049379651E+000  9.242555585946E-002  6.457265898192E-002 -3.106622097272E-002  1.339407063624E-002
  5.457555287978E+000  9.459743310926E-002  6.172585688616E-002 -2.982932811161E-002  1.305828827019E-002
  5.553267027968E+000  9.683766076100E-002  5.893010379636E-002 -2.859674270154E-002  1.269504792801E-002
  5.651254295630E+000  9.914895113938E-002  5.618831859949E-002 -2.737165227576E-002  1.230787092040E-002
  5.751589563796E+000  1.015341467494E-001  5.350324912286E-002 -2.615711305213E-002  1.190023982764E-002
  5.854348215936E+000  1.039962276248E-001  5.087746375260E-002 -2.495603526959E-002  1.147557149276E-002
  5.959608687557E+000  1.065383191537E-001  4.831334426056E-002 -2.377117013424E-002  1.103719142789E-002
  6.067452615683E+000  1.091637004188E-001  4.581307987459E-002 -2.260509851737E-002  1.058831001863E-002
  6.177964996951E+000  1.118758130872E-001  4.337866260771E-002 -2.146022151669E-002  1.013200087068E-002
  6.291234354880E+000  1.146782708938E-001  4.101188384251E-002 -2.033875295823E-002  9.671181594473E-003
  6.407352916949E+000  1.175748697626E-001  3.871433214719E-002 -1.924271388110E-002  9.208597268903E-003
  6.526416802128E+000  1.205695986129E-001  3.648739228114E-002 -1.817392901087E-002  8.746806766076E-003
  6.648526219580E+000  1.236666509049E-001  3.433224533013E-002 -1.713402519100E-002  8.288172055649E-003
  6.773785679311E+000  1.268704369821E-001  3.224986989532E-002 -1.612443170635E-002  7.834850542691E-003
  6.902304215570E+000  1.301855972713E-001  3.024104424618E-002 -1.514638239901E-002  7.388790427799E-003
  7.034195623922E+000  1.336170164087E-001  2.830634933628E-002 -1.420091944582E-002  6.951729014633E-003
  7.169578712934E+000  1.371698383673E-001  2.644617257258E-002 -1.328889863967E-002  6.525193829748E-003
  7.308577571516E+000  1.408494826628E-001  2.466071222367E-002 -1.241099599360E-002  6.110506364124E-003
  7.451321853057E+000  1.446616617293E-001  2.294998235099E-002 -1.156771546886E-002  5.708788196817E-003
  7.597947077547E+000  1.486123995567E-001  2.131381814922E-002 -1.075939761586E-002  5.320969219905E-003
  7.748594953021E+000  1.527080516973E-001  1.975188158758E-002 -9.986228910504E-003  4.947797651539E-003
  7.903413717736E+000  1.569553267535E-001  1.826366725349E-002 -9.248251568182E-003  4.589851501253E-003
  8.062558504629E+000  1.613613094717E-001  1.684850831218E-002 -8.545373623879E-003  4.247551139279E-003
  8.226191729726E+000  1.659334855793E-001  1.550558251167E-002 -7.877379078475E-003  3.921172619560E-003
  8.394483506327E+000  1.706797685137E-001  1.423391818042E-002 -7.243937928898E-003  3.610861414378E-003
  8.567612086926E+000  1.756085282071E-001  1.303240018450E-002 -6.644615921955E-003  3.316646236349E-003
  8.745764335025E+000  1.807286221064E-001  1.189977583221E-002 -6.078883897969E-003  3.038452650200E-003
  8.929136229160E+000  1.860494286260E-001  1.083466073469E-002 -5.546126619727E-003  2.776116211000E-003
  9.117933401693E+000  1.915808832504E-001  9.835544652120E-003 -5.045651013498E-003  2.529394905850E-003
  9.312371715124E+000  1.973335175235E-001  8.900797373520E-003 -4.576693781017E-003  2.297980720885E-003
  9.512677878945E+000  2.033185011886E-001  8.028674695363E-003 -4.138428372843E-003  2.081510202835E-003
  9.719090110332E+000  2.095476877688E-001  7.217324577453E-003 -3.729971343448E-003  1.879573932574E-003
  9.931858842267E+000  2.160336639044E-001  6.464793564372E-003 -3.350388135402E-003  1.691724875081E-003
  1.015124748302E+001  2.227898028021E-001  5.769033566002E-003 -2.998698363152E-003  1.517485614335E-003
  1.037753323129E+001  2.298303221843E-001  5.127909090859E-003 -2.673880685250E-003  1.356354521221E-003
  1.061100795175E+001  2.371703471699E-001  4.539205021081E-003 -2.374877366788E-003  1.207810936239E-003
  1.085197911611E+001  2.448259785618E-001  4.000635007577E-003 -2.100598640776E-003  1.071319475583E-003
  1.110077081537E+001  2.528143670735E-001  3.509850548405E-003 -1.849926978179E-003  9.463335883514E-004
  1.135772484956E+001  2.611537940784E-001  3.064450793111E-003 -1.621721371246E-003  8.322985039848E-004
  1.162320190175E+001  2.698637595360E-001  2.661993091074E-003 -1.414821724155E-003  7.286537124766E-004
  1.189758280382E+001  2.789650778206E-001  2.300004273750E-003 -1.228053429316E-003  6.348351160564E-004
  1.218126990242E+001  2.884799822596E-001  1.975992629825E-003 -1.060232187848E-003  5.502769805687E-004
  1.247468853413E+001  2.984322392826E-001  1.687460499872E-003 -9.101691097282E-004  4.744137987817E-004
  1.277828862002E+001  3.088472731875E-001  1.431917384353E-003 -7.766761040104E-004  4.066821575903E-004
  1.309254639077E+001  3.197523026463E-001  1.206893426838E-003 -6.585715436120E-004  3.465226779279E-004
  1.341796625462E+001  3.311764902095E-001  1.009953104571E-003 -5.546861635339E-004  2.933820715957E-004
  1.375508282195E+001  3.431511062169E-001  8.387089321732E-004 -4.638691273360E-004  2.467153345485E-004
  1.410446310162E+001  3.557097086969E-001  6.908349625507E-004 -3.849941752051E-004  2.059880727295E-004
  1.446670888596E+001  3.688883410292E-001  5.640798531195E-004 -3.169657490273E-004  1.706789354304E-004
  1.484245934302E+001  3.827257493700E-001  4.562792562269E-004 -2.587249762848E-004  1.402821132639E-004
  1.523239383723E+001  3.972636220891E-001  3.653672909333E-004 -2.092553859248E-004  1.143098438269E-004
  1.563723500136E+001  4.125468537596E-001  2.893868597182E-004 -1.675882260146E-004  9.229485841429E-005
  1.605775208607E+001  4.286238365683E-001  2.264985885429E-004 -1.328072551758E-004  7.379269787170E-005
  1.649476461582E+001  4.455467823929E-001  1.749881920948E-004 -1.040528874918E-004  5.838382480175E-005
  1.694914638379E+001  4.633720792263E-001  1.332720977265E-004 -8.052558358434E-005  4.567546262243E-005
  1.742182982203E+001  4.821606861220E-001  9.990120100885E-005 -6.148839847432E-005  3.530309901496E-005
  1.791381078784E+001  5.019785714107E-001  7.356267199676E-005 -4.626861908022E-005  2.693160158336E-005
  1.842615381215E+001  5.228971995942E-001  5.307978295510E-005 -3.425845001622E-005  2.025590647264E-005
  1.895999786176E+001  5.449940730840E-001  3.740978370954E-005 -2.491473478770E-005  1.500125558887E-005
  1.951656267356E+001  5.683533358366E-001  2.563990793219E-005 -1.775772945955E-005  1.092297421998E-005
  2.009715572669E+001  5.930664469535E-001  1.698165018508E-005 -1.236897615823E-005  7.805797527156E-006
  2.070317992707E+001  6.192329335039E-001  1.076350683927E-005 -8.388353023815E-006  5.462770800362E-006
  2.133614208874E+001  6.469612332096E-001  6.422421364717E-006 -5.510404052893E-006  3.733763784841E-006
  2.199766230782E+001  6.763696392388E-001  3.494213281616E-006 -3.480075268001E-006  2.483653040943E-006
  2.268948433818E+001  7.075873612439E-001  1.603297840483E-006 -2.088001501023E-006  1.600237499214E-006
  2.341348709294E+001  7.407557189842E-001  4.520182417317E-007 -1.165499652224E-006  9.919605014132E-007
  2.417169741362E+001  7.760294874639E-001 -1.900874563402E-007 -5.794287348772E-007  5.855161921422E-007
  2.496630426925E+001  8.135784155747E-001 -4.967772008690E-007 -2.270738756451E-007  3.234188389393E-007
  2.579967457140E+001  8.535889438281E-001 -5.950751517568E-007 -3.120072486582E-008  1.616104287242E-007
  2.667437081864E+001  8.962661510291E-001 -5.744849165387E-007  6.459101888279E-008  6.717489141686E-008
  2.759317081651E+001  9.418359647997E-001 -4.952620496817E-007  1.001099633395E-007  1.621698754820E-008
  2.855908975674E+001  9.905476768748E-001 -3.956215732289E-007  1.023343092190E-007 -8.049020337502E-009
  2.957540498378E+001  1.042676811269E+000 -2.978186138109E-007  8.864556095065E-008 -1.697037598001E-008
  3.064568382919E+001  1.098528402000E+000 -2.131009419022E-007  6.951875634472E-008 -1.787114327305E-008
  3.177381495601E+001  1.158440747351E+000 -1.455868949130E-007  5.068183775824E-008 -1.521105457009E-008
  3.296404372807E+001  1.222789720048E+000 -9.516709924683E-008  3.478121127085E-008 -1.150009218469E-008
  3.422101220608E+001  1.291993727721E+000 -5.956082094866E-008  2.260926949197E-008 -7.991447863186E-009
  3.554980447538E+001  1.366519436102E+000 -3.567624939395E-008  1.396171981155E-008 -5.182821757058E-009
  3.695599813319E+001  1.446888389511E+000 -2.042863000063E-008  8.197727967194E-009 -3.159958778754E-009
  3.844572291106E+001  1.533684690030E+000 -1.116243763183E-008  4.574664237791E-009 -1.817000374781E-009
  4.002572758518E+001  1.627563929686E+000 -5.806441087919E-009  2.422777621168E-009 -9.861194783458E-010
  4.170345654134E+001  1.729263610453E+000 -2.867021676173E-009  1.215020886930E-009 -5.047277933389E-010
  4.348713762001E+001  1.839615336740E+000 -1.339152732254E-009  5.752923869203E-010 -2.431531150653E-010
  4.538588318162E+001  1.959559126947E+000 -5.893563918111E-010  2.562454591996E-010 -1.099314466302E-010
  4.740980671574E+001  2.090160267552E+000 -2.432724974436E-010  1.069115881943E-010 -4.646608766707E-011
  4.957015778746E+001  2.232629229408E+000 -9.369577673071E-011  4.157501137351E-011 -1.827758636689E-011
  5.187947869225E+001  2.388345286640E+000 -3.347359433338E-011  1.498289067072E-011 -6.654366444298E-012
  5.435178690397E+001  2.558884630889E+000 -1.101911898847E-011  4.971412966547E-012 -2.228216692279E-012
  5.700278828629E+001  2.746053966795E+000 -3.317273851010E-012  1.507509448379E-012 -6.812683657833E-013
  5.985012714155E+001  2.951930820846E+000 -9.055302451273E-013  4.142590663557E-013 -1.886176265062E-013
  6.291368055481E+001  3.178912111311E+000 -2.219816346288E-013  1.021769196935E-013 -4.684170538883E-014
  6.621590623276E+001  3.429772933797E+000 -4.833518117957E-014  2.237528401673E-014 -1.032221981481E-014
  6.978225524452E+001  3.707738044625E+000 -9.232690375275E-015  4.296628113777E-015 -1.993621528957E-015
  7.364166388185E+001  4.016569212832E+000 -1.525244814493E-015  7.133075436158E-016 -3.327463986375E-016
  7.782714245929E+001  4.360672516382E+000 -2.144074441503E-016  1.007335580312E-016 -4.722421581588E-017
  8.237648351994E+001  4.745230855210E+000 -2.517295860405E-017  1.187786582746E-017 -5.594139959341E-018
  8.733311794503E+001  5.176368549127E+000 -2.416048471960E-018  1.144627039291E-018 -5.414129779985E-019
  9.274715535088E+001  5.661357031559E+000 -1.849226160515E-019  8.794212186345E-020 -4.176472653833E-020
  9.867665554529E+001  6.208873552072E+000 -1.096735221050E-020  5.234319776965E-021 -2.495228453600E-021
  1.051891916055E+002  6.829328764649E+000 -4.874113048649E-022  2.334082059952E-022 -1.116612165586E-022
  1.123637836013E+002  7.535284543316E+000 -1.560802618328E-023  7.498038125097E-024 -3.598960406551E-024
  1.202933069206E+002  8.341990973528E+000 -3.439030417133E-025  1.657057704969E-025 -7.978557741388E-026
  1.290875131414E+002  9.268082166539E+000 -4.937227485657E-027  2.385693102156E-027 -1.152070429107E-027
  1.388768482001E+002  1.033648575811E+001 -4.328447425618E-029  2.097131747723E-029 -1.015532109433E-029
  1.498173177370E+002  1.157562284364E+001 -2.144327471600E-031  1.041557002845E-031 -5.056907912496E-032
  1.620967411853E+002  1.302100699722E+001 -5.467365720515E-034  2.662000498386E-034 -1.295623925109E-034
  1.759428668168E+002  1.471739812515E+001 -6.405639870480E-037  3.125887807933E-037 -1.524935635537E-037
  1.916340085825E+002  1.672173748087E+001 -3.002334636630E-040  1.468237626415E-040 -7.178331858717E-041
  2.095131417987E+002  1.910719757888E+001 -4.745392994150E-044  2.325325647279E-044 -1.139212350483E-044
  2.300068054477E+002  2.196884699990E+001 -2.045017446596E-048  1.003998552580E-048 -4.928275276022E-049
  2.536507797910E+002  2.543169216868E+001 -1.839718235758E-053  9.048235970922E-054 -4.449552185589E-054
  2.811254638474E+002  2.966227967912E+001 -2.460947914692E-059  1.212398396722E-059 -5.972275727200E-060
  3.133053780630E+002  3.488573552677E+001 -3.164679310006E-066  1.561558645747E-066 -7.704568608499E-067
  3.513296254502E+002  4.141128389041E+001 -2.216354334793E-074  1.095242171274E-074 -5.411912510625E-075
  3.967041014106E+002  4.967130404214E+001 -3.987389179785E-084  1.973149115044E-084 -9.763546619769E-085
  4.514529193349E+002  6.028257212519E+001 -6.710143323032E-096  3.324776368666E-096 -1.647308838348E-096
  5.183481233601E+002  7.414493328740E+001 -2.647109921438E-110  1.313173187852E-110 -6.514160457857E-111
  6.012676077950E+002  9.260523890243E+001 -3.530925662404E-128  1.753552996738E-128 -8.708416525177E-129
  7.057700503752E+002  1.177394213729E+002 -9.918797657984E-151  4.930958234054E-151 -2.451299572612E-151
  8.400513767914E+002  1.528577972397E+002 -9.785014426082E-180  4.868981311643E-180 -2.422755976087E-180
  1.016602135495E+003  2.034537342122E+002 -6.610322340232E-218  3.292051367390E-218 -1.639483778953E-218
  1.255220715580E+003  2.790860613466E+002 -1.546405775075E-269  7.707229284080E-270 -3.841234728580E-270
  1.588815776243E+003  3.973705897531E+002  0.000000000000E+000  0.000000000000E+000  0.000000000000E+000
  2.075392011604E+003  5.931596040112E+002  0.000000000000E+000  0.000000000000E+000  0.000000000000E+000
  2.825079847529E+003  9.419154890021E+002  0.000000000000E+000  0.000000000000E+000  0.000000000000E+000
  4.068408296184E+003  1.627629972033E+003  0.000000000000E+000  0.000000000000E+000  0.000000000000E+000
  6.357262947674E+003  3.178964796686E+003  0.000000000000E+000  0.000000000000E+000  0.000000000000E+000
  1.130231930164E+004  7.535323971013E+003  0.000000000000E+000  0.000000000000E+000  0.000000000000E+000
  2.543105175140E+004  2.543171841285E+004  0.000000000000E+000  0.000000000000E+000  0.000000000000E+000
  1.017262069958E+005  2.034537473226E+005  0.000000000000E+000  0.000000000000E+000  0.000000000000E+000
