# 1st line: number of mesh points
# abcissa weight wavefunction wavefunction_1st wavefunction_2nd
500
# Principal QN=   1 , l=   1 , Occupation=   0.0000
  9.830308526508E-006  1.966074589941E-005  4.949991661566E-006  5.035342477789E-001 -1.958929952562E+000
  3.932200719717E-005  3.932303800261E-005  1.979922011283E-005  5.034764801997E-001 -1.958618503618E+000
  8.847741541455E-005  5.898842277178E-005  4.454544597386E-005  5.033802162637E-001 -1.958099518314E+000
  1.573003992804E-004  7.865844718600E-005  7.918493767954E-005  5.032454790096E-001 -1.957373141024E+000
  2.457963722417E-004  9.833465899987E-005  1.237124725812E-004  5.030723006812E-001 -1.956439573821E+000
  3.539722959954E-004  1.180186070023E-004  1.781213384893E-004  5.028607227170E-001 -1.955299076411E+000
  4.818366816528E-004  1.377118412759E-004  2.424033356555E-004  5.026107957366E-001 -1.953951966073E+000
  6.293995911626E-004  1.574159134560E-004  3.165487791953E-004  5.023225795248E-001 -1.952398617564E+000
  7.966726389934E-004  1.771323769912E-004  4.005465019497E-004  5.019961430119E-001 -1.950639463018E+000
  9.836689940782E-004  1.968627874036E-004  4.943838577854E-004  5.016315642513E-001 -1.948674991827E+000
  1.190403382016E-003  2.166087025496E-004  5.980467253335E-004  5.012289303947E-001 -1.946505750507E+000
  1.416892087541E-003  2.363716828821E-004  7.115195121657E-004  5.007883376635E-001 -1.944132342544E+000
  1.663152957245E-003  2.561532917128E-004  8.347851594068E-004  5.003098913174E-001 -1.941555428231E+000
  1.929205402573E-003  2.759550954757E-004  9.678251467835E-004  4.997937056207E-001 -1.938775724482E+000
  2.215070403074E-003  2.957786639908E-004  1.110619498108E-003  4.992399038048E-001 -1.935794004632E+000
  2.520770509919E-003  3.156255707300E-004  1.263146787192E-003  4.986486180282E-001 -1.932611098229E+000
  2.846329849692E-003  3.354973930828E-004  1.425384144203E-003  4.980199893333E-001 -1.929227890792E+000
  3.191774128432E-003  3.553957126240E-004  1.597307262436E-003  4.973541676004E-001 -1.925645323576E+000
  3.557130635959E-003  3.753221153821E-004  1.778890405531E-003  4.966513114987E-001 -1.921864393299E+000
  3.942428250463E-003  3.952781921092E-004  1.970106415110E-003  4.959115884340E-001 -1.917886151868E+000
  4.347697443358E-003  4.152655385525E-004  2.170926718841E-003  4.951351744944E-001 -1.913711706084E+000
  4.772970284417E-003  4.352857557265E-004  2.381321338931E-003  4.943222543915E-001 -1.909342217326E+000
  5.218280447175E-003  4.553404501876E-004  2.601258901039E-003  4.934730214002E-001 -1.904778901229E+000
  5.683663214611E-003  4.754312343099E-004  2.830706643613E-003  4.925876772946E-001 -1.900023027335E+000
  6.169155485101E-003  4.955597265624E-004  3.069630427640E-003  4.916664322813E-001 -1.895075918739E+000
  6.674795778653E-003  5.157275517886E-004  3.317994746827E-003  4.907095049294E-001 -1.889938951705E+000
  7.200624243425E-003  5.359363414876E-004  3.575762738179E-003  4.897171220981E-001 -1.884613555279E+000
  7.746682662519E-003  5.561877340970E-004  3.842896193003E-003  4.886895188607E-001 -1.879101210878E+000
  8.313014461060E-003  5.764833752781E-004  4.119355568315E-003  4.876269384265E-001 -1.873403451866E+000
  8.899664713569E-003  5.968249182030E-004  4.405099998662E-003  4.865296320588E-001 -1.867521863108E+000
  9.506680151615E-003  6.172140238444E-004  4.700087308333E-003  4.853978589908E-001 -1.861458080517E+000
  1.013410917176E-002  6.376523612666E-004  5.004274023992E-003  4.842318863379E-001 -1.855213790578E+000
  1.078200184380E-002  6.581416079202E-004  5.317615387692E-003  4.830319890076E-001 -1.848790729853E+000
  1.145040991929E-002  6.786834499385E-004  5.640065370293E-003  4.817984496063E-001 -1.842190684478E+000
  1.213938684040E-002  6.992795824361E-004  5.971576685267E-003  4.805315583429E-001 -1.835415489638E+000
  1.284898774901E-002  7.199317098113E-004  6.312100802898E-003  4.792316129299E-001 -1.828467029024E+000
  1.357926949620E-002  7.406415460502E-004  6.661587964857E-003  4.778989184818E-001 -1.821347234275E+000
  1.433029065191E-002  7.614108150341E-004  7.019987199164E-003  4.765337874095E-001 -1.814058084409E+000
  1.510211151509E-002  7.822412508494E-004  7.387246335523E-003  4.751365393133E-001 -1.806601605228E+000
  1.589479412397E-002  8.031345981016E-004  7.763312021030E-003  4.737075008720E-001 -1.798979868710E+000
  1.670840226680E-002  8.240926122311E-004  8.148129736248E-003  4.722470057295E-001 -1.791194992389E+000
  1.754300149280E-002  8.451170598329E-004  8.541643811644E-003  4.707553943786E-001 -1.783249138710E+000
  1.839865912351E-002  8.662097189796E-004  8.943797444385E-003  4.692330140417E-001 -1.775144514374E+000
  1.927544426443E-002  8.873723795480E-004  9.354532715486E-003  4.676802185490E-001 -1.766883369663E+000
  2.017342781695E-002  9.086068435487E-004  9.773790607303E-003  4.660973682137E-001 -1.758467997749E+000
  2.109268249069E-002  9.299149254598E-004  1.020151102137E-002  4.644848297044E-001 -1.749900733985E+000
  2.203328281612E-002  9.512984525641E-004  1.063763279658E-002  4.628429759147E-001 -1.741183955181E+000
  2.299530515754E-002  9.727592652906E-004  1.108209372767E-002  4.611721858304E-001 -1.732320078864E+000
  2.397882772639E-002  9.942992175591E-004  1.153483058406E-002  4.594728443932E-001 -1.723311562518E+000
  2.498393059493E-002  1.015920177130E-003  1.199577912900E-002  4.577453423626E-001 -1.714160902810E+000
  2.601069571024E-002  1.037624025957E-003  1.246487413900E-002  4.559900761742E-001 -1.704870634796E+000
  2.705920690860E-002  1.059412660547E-003  1.294204942362E-002  4.542074477958E-001 -1.695443331115E+000
  2.812954993023E-002  1.081287992318E-003  1.342723784550E-002  4.523978645810E-001 -1.685881601162E+000
  2.922181243436E-002  1.103251947969E-003  1.392037134071E-002  4.505617391197E-001 -1.676188090248E+000
  3.033608401473E-002  1.125306469854E-003  1.442138093936E-002  4.486994890864E-001 -1.666365478736E+000
  3.147245621542E-002  1.147453516351E-003  1.493019678651E-002  4.468115370852E-001 -1.656416481171E+000
  3.263102254705E-002  1.169695062249E-003  1.544674816331E-002  4.448983104933E-001 -1.646343845386E+000
  3.381187850339E-002  1.192033099133E-003  1.597096350845E-002  4.429602413013E-001 -1.636150351590E+000
  3.501512157837E-002  1.214469635775E-003  1.650277043977E-002  4.409977659509E-001 -1.625838811448E+000
  3.624085128345E-002  1.237006698530E-003  1.704209577619E-002  4.390113251702E-001 -1.615412067133E+000
  3.748916916538E-002  1.259646331739E-003  1.758886555983E-002  4.370013638074E-001 -1.604872990372E+000
  3.876017882444E-002  1.282390598136E-003  1.814300507835E-002  4.349683306604E-001 -1.594224481470E+000
  4.005398593302E-002  1.305241579266E-003  1.870443888748E-002  4.329126783059E-001 -1.583469468317E+000
  4.137069825459E-002  1.328201375897E-003  1.927309083380E-002  4.308348629248E-001 -1.572610905383E+000
  4.271042566323E-002  1.351272108452E-003  1.984888407763E-002  4.287353441259E-001 -1.561651772692E+000
  4.407328016341E-002  1.374455917436E-003  2.043174111618E-002  4.266145847673E-001 -1.550595074784E+000
  4.545937591035E-002  1.397754963880E-003  2.102158380676E-002  4.244730507758E-001 -1.539443839658E+000
  4.686882923075E-002  1.421171429779E-003  2.161833339025E-002  4.223112109635E-001 -1.528201117702E+000
  4.830175864396E-002  1.444707518548E-003  2.222191051462E-002  4.201295368432E-001 -1.516869980604E+000
  4.975828488365E-002  1.468365455478E-003  2.283223525862E-002  4.179285024410E-001 -1.505453520252E+000
  5.123853091993E-002  1.492147488203E-003  2.344922715556E-002  4.157085841071E-001 -1.493954847611E+000
  5.274262198188E-002  1.516055887169E-003  2.407280521722E-002  4.134702603251E-001 -1.482377091593E+000
  5.427068558066E-002  1.540092946119E-003  2.470288795777E-002  4.112140115189E-001 -1.470723397908E+000
  5.582285153302E-002  1.564260982573E-003  2.533939341789E-002  4.089403198580E-001 -1.458996927901E+000
  5.739925198530E-002  1.588562338332E-003  2.598223918879E-002  4.066496690608E-001 -1.447200857370E+000
  5.900002143803E-002  1.612999379973E-003  2.663134243639E-002  4.043425441970E-001 -1.435338375378E+000
  6.062529677088E-002  1.637574499364E-003  2.728661992545E-002  4.020194314871E-001 -1.423412683041E+000
  6.227521726827E-002  1.662290114181E-003  2.794798804374E-002  3.996808181016E-001 -1.411426992310E+000
  6.394992464542E-002  1.687148668440E-003  2.861536282622E-002  3.973271919580E-001 -1.399384524735E+000
  6.564956307496E-002  1.712152633027E-003  2.928865997914E-002  3.949590415166E-001 -1.387288510217E+000
  6.737427921404E-002  1.737304506249E-003  2.996779490415E-002  3.925768555750E-001 -1.375142185742E+000
  6.912422223211E-002  1.762606814387E-003  3.065268272227E-002  3.901811230616E-001 -1.362948794110E+000
  7.089954383907E-002  1.788062112257E-003  3.134323829794E-002  3.877723328273E-001 -1.350711582646E+000
  7.270039831418E-002  1.813672983787E-003  3.203937626274E-002  3.853509734369E-001 -1.338433801899E+000
  7.452694253540E-002  1.839442042599E-003  3.274101103923E-002  3.829175329590E-001 -1.326118704329E+000
  7.637933600943E-002  1.865371932600E-003  3.344805686448E-002  3.804724987554E-001 -1.313769542984E+000
  7.825774090225E-002  1.891465328589E-003  3.416042781351E-002  3.780163572697E-001 -1.301389570163E+000
  8.016232207035E-002  1.917724936867E-003  3.487803782258E-002  3.755495938148E-001 -1.288982036071E+000
  8.209324709253E-002  1.944153495867E-003  3.560080071220E-002  3.730726923603E-001 -1.276550187460E+000
  8.405068630235E-002  1.970753776782E-003  3.632863021004E-002  3.705861353192E-001 -1.264097266263E+000
  8.603481282122E-002  1.997528584221E-003  3.706143997346E-002  3.680904033349E-001 -1.251626508215E+000
  8.804580259214E-002  2.024480756857E-003  3.779914361189E-002  3.655859750665E-001 -1.239141141470E+000
  9.008383441408E-002  2.051613168108E-003  3.854165470884E-002  3.630733269759E-001 -1.226644385200E+000
  9.214908997710E-002  2.078928726810E-003  3.928888684369E-002  3.605529331135E-001 -1.214139448199E+000
  9.424175389809E-002  2.106430377918E-003  4.004075361308E-002  3.580252649044E-001 -1.201629527462E+000
  9.636201375725E-002  2.134121103210E-003  4.079716865192E-002  3.554907909353E-001 -1.189117806777E+000
  9.851006013526E-002  2.162003922007E-003  4.155804565411E-002  3.529499767416E-001 -1.176607455291E+000
  1.006860866512E-001  2.190081891910E-003  4.232329839281E-002  3.504032845946E-001 -1.164101626083E+000
  1.028902900012E-001  2.218358109541E-003  4.309284074023E-002  3.478511732899E-001 -1.151603454726E+000
  1.051228699979E-001  2.246835711311E-003  4.386658668705E-002  3.452940979367E-001 -1.139116057844E+000
  1.073840296104E-001  2.275517874190E-003  4.464445036129E-002  3.427325097476E-001 -1.126642531667E+000
  1.096739750056E-001  2.304407816497E-003  4.542634604673E-002  3.401668558302E-001 -1.114185950583E+000
  1.119929155896E-001  2.333508798707E-003  4.621218820074E-002  3.375975789793E-001 -1.101749365683E+000
  1.143410640503E-001  2.362824124271E-003  4.700189147160E-002  3.350251174711E-001 -1.089335803307E+000
  1.167186364011E-001  2.392357140448E-003  4.779537071519E-002  3.324499048586E-001 -1.076948263587E+000
  1.191258520249E-001  2.422111239159E-003  4.859254101111E-002  3.298723697693E-001 -1.064589718994E+000
  1.215629337189E-001  2.452089857854E-003  4.939331767808E-002  3.272929357044E-001 -1.052263112878E+000
  1.240301077413E-001  2.482296480400E-003  5.019761628880E-002  3.247120208405E-001 -1.039971358014E+000
  1.265276038575E-001  2.512734637975E-003  5.100535268397E-002  3.221300378333E-001 -1.027717335150E+000
  1.290556553882E-001  2.543407909995E-003  5.181644298567E-002  3.195473936238E-001 -1.015503891552E+000
  1.316144992580E-001  2.574319925047E-003  5.263080360999E-002  3.169644892479E-001 -1.003333839562E+000
  1.342043760450E-001  2.605474361847E-003  5.344835127880E-002  3.143817196477E-001 -9.912099551526E-001
  1.368255300316E-001  2.636874950214E-003  5.426900303082E-002  3.117994734871E-001 -9.791349764893E-001
  1.394782092560E-001  2.668525472060E-003  5.509267623175E-002  3.092181329695E-001 -9.671116025029E-001
  1.421626655646E-001  2.700429762411E-003  5.591928858358E-002  3.066380736603E-001 -9.551424914645E-001
  1.448791546661E-001  2.732591710434E-003  5.674875813301E-002  3.040596643117E-001 -9.432302595719E-001
  1.476279361856E-001  2.765015260497E-003  5.758100327894E-002  3.014832666925E-001 -9.313774795449E-001
  1.504092737207E-001  2.797704413242E-003  5.841594277897E-002  2.989092354215E-001 -9.195866792313E-001
  1.532234348983E-001  2.830663226680E-003  5.925349575496E-002  2.963379178050E-001 -9.078603402249E-001
  1.560706914324E-001  2.863895817319E-003  6.009358169758E-002  2.937696536798E-001 -8.962008964966E-001
  1.589513191834E-001  2.897406361298E-003  6.093612046980E-002  2.912047752596E-001 -8.846107330394E-001
  1.618655982178E-001  2.931199095559E-003  6.178103230933E-002  2.886436069876E-001 -8.730921845291E-001
  1.648138128702E-001  2.965278319033E-003  6.262823782995E-002  2.860864653935E-001 -8.616475340016E-001
  1.677962518056E-001  2.999648393860E-003  6.347765802176E-002  2.835336589564E-001 -8.502790115477E-001
  1.708132080832E-001  3.034313746623E-003  6.432921425023E-002  2.809854879734E-001 -8.389887930278E-001
  1.738649792215E-001  3.069278869616E-003  6.518282825413E-002  2.784422444334E-001 -8.277789988066E-001
  1.769518672648E-001  3.104548322136E-003  6.603842214224E-002  2.759042118984E-001 -8.166516925095E-001
  1.800741788507E-001  3.140126731803E-003  6.689591838884E-002  2.733716653894E-001 -8.056088798027E-001
  1.832322252791E-001  3.176018795904E-003  6.775523982796E-002  2.708448712807E-001 -7.946525071976E-001
  1.864263225826E-001  3.212229282769E-003  6.861630964635E-002  2.683240871998E-001 -7.837844608812E-001
  1.896567915983E-001  3.248763033179E-003  6.947905137519E-002  2.658095619349E-001 -7.730065655740E-001
  1.929239580409E-001  3.285624961791E-003  7.034338888045E-002  2.633015353496E-001 -7.623205834169E-001
  1.962281525771E-001  3.322820058613E-003  7.120924635197E-002  2.608002383056E-001 -7.517282128884E-001
  1.995697109023E-001  3.360353390492E-003  7.207654829112E-002  2.583058925922E-001 -7.412310877538E-001
  2.029489738173E-001  3.398230102644E-003  7.294521949716E-002  2.558187108651E-001 -7.308307760476E-001
  2.063662873085E-001  3.436455420218E-003  7.381518505218E-002  2.533388965927E-001 -7.205287790911E-001
  2.098220026275E-001  3.475034649885E-003  7.468637030467E-002  2.508666440112E-001 -7.103265305470E-001
  2.133164763746E-001  3.513973181471E-003  7.555870085159E-002  2.484021380881E-001 -7.002253955107E-001
  2.168500705817E-001  3.553276489620E-003  7.643210251917E-002  2.459455544955E-001 -6.902266696436E-001
  2.204231527988E-001  3.592950135496E-003  7.730650134211E-002  2.434970595920E-001 -6.803315783453E-001
  2.240360961807E-001  3.632999768520E-003  7.818182354143E-002  2.410568104140E-001 -6.705412759706E-001
  2.276892795770E-001  3.673431128145E-003  7.905799550088E-002  2.386249546771E-001 -6.608568450907E-001
  2.313830876220E-001  3.714250045674E-003  7.993494374181E-002  2.362016307875E-001 -6.512792958001E-001
  2.351179108282E-001  3.755462446115E-003  8.081259489667E-002  2.337869678627E-001 -6.418095650719E-001
  2.388941456809E-001  3.797074350078E-003  8.169087568101E-002  2.313810857638E-001 -6.324485161632E-001
  2.427121947345E-001  3.839091875711E-003  8.256971286399E-002  2.289840951371E-001 -6.231969380707E-001
  2.465724667110E-001  3.881521240686E-003  8.344903323753E-002  2.265960974673E-001 -6.140555450405E-001
  2.504753766009E-001  3.924368764227E-003  8.432876358390E-002  2.242171851416E-001 -6.050249761315E-001
  2.544213457654E-001  3.967640869177E-003  8.520883064199E-002  2.218474415241E-001 -5.961057948359E-001
  2.584108020414E-001  4.011344084122E-003  8.608916107202E-002  2.194869410430E-001 -5.872984887571E-001
  2.624441798480E-001  4.055485045557E-003  8.696968141901E-002  2.171357492878E-001 -5.786034693481E-001
  2.665219202956E-001  4.100070500102E-003  8.785031807468E-002  2.147939231189E-001 -5.700210717102E-001
  2.706444712976E-001  4.145107306769E-003  8.873099723814E-002  2.124615107892E-001 -5.615515544553E-001
  2.748122876832E-001  4.190602439283E-003  8.961164487510E-002  2.101385520771E-001 -5.531950996331E-001
  2.790258313137E-001  4.236562988450E-003  9.049218667590E-002  2.078250784316E-001 -5.449518127235E-001
  2.832855712010E-001  4.282996164587E-003  9.137254801214E-002  2.055211131303E-001 -5.368217226976E-001
  2.875919836279E-001  4.329909300005E-003  9.225265389214E-002  2.032266714489E-001 -5.288047821481E-001
  2.919455522717E-001  4.377309851548E-003  9.313242891516E-002  2.009417608432E-001 -5.209008674899E-001
  2.963467683296E-001  4.425205403192E-003  9.401179722445E-002  1.986663811440E-001 -5.131097792336E-001
  3.007961306479E-001  4.473603668706E-003  9.489068245922E-002  1.964005247644E-001 -5.054312423328E-001
  3.052941458522E-001  4.522512494374E-003  9.576900770554E-002  1.941441769187E-001 -4.978649066066E-001
  3.098413284823E-001  4.571939861783E-003  9.664669544618E-002  1.918973158557E-001 -4.904103472386E-001
  3.144382011281E-001  4.621893890671E-003  9.752366750959E-002  1.896599131026E-001 -4.830670653541E-001
  3.190852945695E-001  4.672382841850E-003  9.839984501796E-002  1.874319337232E-001 -4.758344886761E-001
  3.237831479192E-001  4.723415120192E-003  9.927514833444E-002  1.852133365872E-001 -4.687119722622E-001
  3.285323087679E-001  4.774999277691E-003  1.001494970097E-001  1.830040746529E-001 -4.616987993229E-001
  3.333333333333E-001  4.827144016591E-003  1.010228097278E-001  1.808040952620E-001 -4.547941821227E-001
  3.381867866117E-001  4.879858192602E-003  1.018950042515E-001  1.786133404468E-001 -4.479972629644E-001
  3.430932425333E-001  4.933150818173E-003  1.027659973670E-001  1.764317472491E-001 -4.413071152583E-001
  3.480532841203E-001  4.987031065868E-003  1.036357048286E-001  1.742592480518E-001 -4.347227446771E-001
  3.530675036492E-001  5.041508271801E-003  1.045040413026E-001  1.720957709217E-001 -4.282430903965E-001
  3.581365028158E-001  5.096591939172E-003  1.053709203118E-001  1.699412399646E-001 -4.218670264230E-001
  3.632608929041E-001  5.152291741875E-003  1.062362541788E-001  1.677955756908E-001 -4.155933630085E-001
  3.684412949588E-001  5.208617528209E-003  1.070999539704E-001  1.656586953931E-001 -4.094208481536E-001
  3.736783399619E-001  5.265579324662E-003  1.079619294421E-001  1.635305135340E-001 -4.033481691984E-001
  3.789726690123E-001  5.323187339805E-003  1.088220889818E-001  1.614109421447E-001 -3.973739545015E-001
  3.843249335105E-001  5.381451968273E-003  1.096803395557E-001  1.592998912337E-001 -3.914967752084E-001
  3.897357953460E-001  5.440383794842E-003  1.105365866533E-001  1.571972692047E-001 -3.857151471072E-001
  3.952059270903E-001  5.499993598618E-003  1.113907342338E-001  1.551029832851E-001 -3.800275325732E-001
  4.007360121927E-001  5.560292357317E-003  1.122426846734E-001  1.530169399616E-001 -3.744323426010E-001
  4.063267451812E-001  5.621291251662E-003  1.130923387136E-001  1.509390454255E-001 -3.689279389244E-001
  4.119788318683E-001  5.683001669888E-003  1.139395954108E-001  1.488692060252E-001 -3.635126362224E-001
  4.176929895600E-001  5.745435212354E-003  1.147843520866E-001  1.468073287258E-001 -3.581847044116E-001
  4.234699472710E-001  5.808603696282E-003  1.156265042809E-001  1.447533215757E-001 -3.529423710236E-001
  4.293104459435E-001  5.872519160606E-003  1.164659457057E-001  1.427070941788E-001 -3.477838236658E-001
  4.352152386716E-001  5.937193870949E-003  1.173025682013E-001  1.406685581717E-001 -3.427072125650E-001
  4.411850909306E-001  6.002640324729E-003  1.181362616945E-001  1.386376277063E-001 -3.377106531913E-001
  4.472207808110E-001  6.068871256391E-003  1.189669141591E-001  1.366142199348E-001 -3.327922289618E-001
  4.533230992589E-001  6.135899642772E-003  1.197944115791E-001  1.345982554986E-001 -3.279499940212E-001
  4.594928503202E-001  6.203738708611E-003  1.206186379141E-001  1.325896590186E-001 -3.231819760975E-001
  4.657308513924E-001  6.272401932198E-003  1.214394750683E-001  1.305883595869E-001 -3.184861794297E-001
  4.720379334802E-001  6.341903051163E-003  1.222568028624E-001  1.285942912587E-001 -3.138605877667E-001
  4.784149414579E-001  6.412256068427E-003  1.230704990082E-001  1.266073935427E-001 -3.093031674328E-001
  4.848627343381E-001  6.483475258298E-003  1.238804390880E-001  1.246276118903E-001 -3.048118704568E-001
  4.913821855461E-001  6.555575172733E-003  1.246864965369E-001  1.226548981813E-001 -3.003846377628E-001
  4.979741832006E-001  6.628570647764E-003  1.254885426289E-001  1.206892112060E-001 -2.960194024182E-001
  5.046396304008E-001  6.702476810086E-003  1.262864464685E-001  1.187305171412E-001 -2.917140929343E-001
  5.113794455212E-001  6.777309083830E-003  1.270800749851E-001  1.167787900203E-001 -2.874666366172E-001
  5.181945625116E-001  6.853083197508E-003  1.278692929334E-001  1.148340121954E-001 -2.832749629635E-001
  5.250859312060E-001  6.929815191146E-003  1.286539628980E-001  1.128961747902E-001 -2.791370070964E-001
  5.320545176366E-001  7.007521423604E-003  1.294339453037E-001  1.109652781429E-001 -2.750507132373E-001
  5.391013043575E-001  7.086218580100E-003  1.302090984301E-001  1.090413322365E-001 -2.710140382082E-001
  5.462272907741E-001  7.165923679926E-003  1.309792784331E-001  1.071243571167E-001 -2.670249549594E-001
  5.534334934816E-001  7.246654084380E-003  1.317443393712E-001  1.052143832946E-001 -2.630814561156E-001
  5.607209466109E-001  7.328427504912E-003  1.325041332381E-001  1.033114521337E-001 -2.591815575373E-001
  5.680907021827E-001  7.411262011483E-003  1.332585100019E-001  1.014156162187E-001 -2.553233018877E-001
  5.755438304707E-001  7.495176041166E-003  1.340073176498E-001  9.952693970530E-002 -2.515047622016E-001
  5.830814203728E-001  7.580188406970E-003  1.347504022401E-001  9.764549864974E-002 -2.477240454481E-001
  5.907045797917E-001  7.666318306912E-003  1.354876079608E-001  9.577138131507E-002 -2.439792960804E-001
  5.984144360243E-001  7.753585333338E-003  1.362187771950E-001  9.390468845415E-002 -2.402686995650E-001
  6.062121361613E-001  7.842009482502E-003  1.369437505936E-001  9.204553356672E-002 -2.365904858840E-001
  6.140988474955E-001  7.931611164409E-003  1.376623671549E-001  9.019404312936E-002 -2.329429330013E-001
  6.220757579409E-001  8.022411212936E-003  1.383744643118E-001  8.835035679647E-002 -2.293243702853E-001
  6.301440764614E-001  8.114430896230E-003  1.390798780266E-001  8.651462757076E-002 -2.257331818802E-001
  6.383050335109E-001  8.207691927403E-003  1.397784428929E-001  8.468702194157E-002 -2.221678100165E-001
  6.465598814833E-001  8.302216475524E-003  1.404699922461E-001  8.286771998923E-002 -2.186267582531E-001
  6.549098951744E-001  8.398027176926E-003  1.411543582802E-001  8.105691545408E-002 -2.151085946408E-001
  6.633563722545E-001  8.495147146827E-003  1.418313721738E-001  7.925481576834E-002 -2.116119547996E-001
  6.719006337539E-001  8.593599991288E-003  1.425008642230E-001  7.746164204923E-002 -2.081355448993E-001
  6.805440245593E-001  8.693409819506E-003  1.431626639825E-001  7.567762905193E-002 -2.046781445340E-001
  6.892879139233E-001  8.794601256469E-003  1.438166004138E-001  7.390302508069E-002 -2.012386094825E-001
  6.981336959871E-001  8.897199455961E-003  1.444625020420E-001  7.213809185670E-002 -1.978158743425E-001
  7.070827903152E-001  9.001230113956E-003  1.451001971192E-001  7.038310434123E-002 -1.944089550308E-001
  7.161366424455E-001  9.106719482390E-003  1.457295137962E-001  6.863835051271E-002 -1.910169511387E-001
  7.252967244510E-001  9.213694383338E-003  1.463502803007E-001  6.690413109641E-002 -1.876390481327E-001
  7.345645355186E-001  9.322182223606E-003  1.469623251229E-001  6.518075924548E-002 -1.842745193913E-001
  7.439416025400E-001  9.432211009745E-003  1.475654772083E-001  6.346856017229E-002 -1.809227280668E-001
  7.534294807203E-001  9.543809363512E-003  1.481595661560E-001  6.176787072888E-002 -1.775831287632E-001
  7.630297542000E-001  9.657006537783E-003  1.487444224246E-001  6.007903893570E-002 -1.742552690201E-001
  7.727440366954E-001  9.771832432940E-003  1.493198775422E-001  5.840242345768E-002 -1.709387905927E-001
  7.825739721536E-001  9.888317613741E-003  1.498857643240E-001  5.673839302712E-002 -1.676334305183E-001
  7.925212354258E-001  1.000649332670E-002  1.504419170925E-001  5.508732581256E-002 -1.643390219607E-001
  8.025875329584E-001  1.012639151798E-002  1.509881719041E-001  5.344960873345E-002 -1.610554948221E-001
  8.127746035011E-001  1.024804485184E-002  1.515243667785E-001  5.182563672016E-002 -1.577828761148E-001
  8.230842188350E-001  1.037148672960E-002  1.520503419314E-001  5.021581191940E-002 -1.545212900834E-001
  8.335181845190E-001  1.049675130923E-002  1.525659400106E-001  4.862054284497E-002 -1.512709580691E-001
  8.440783406568E-001  1.062387352550E-002  1.530710063325E-001  4.704024347414E-002 -1.480321981097E-001
  8.547665626839E-001  1.075288911077E-002  1.535653891217E-001  4.547533229029E-002 -1.448054242660E-001
  8.655847621758E-001  1.088383461638E-002  1.540489397484E-001  4.392623127220E-002 -1.415911456688E-001
  8.765348876780E-001  1.101674743475E-002  1.545215129672E-001  4.239336483122E-002 -1.383899652808E-001
  8.876189255584E-001  1.115166582209E-002  1.549829671535E-001  4.087715869713E-002 -1.352025783664E-001
  8.988389008829E-001  1.128862892191E-002  1.554331645363E-001  3.937803875441E-002 -1.320297706651E-001
  9.101968783143E-001  1.142767678917E-002  1.558719714289E-001  3.789642983033E-002 -1.288724162646E-001
  9.216949630368E-001  1.156885041525E-002  1.562992584538E-001  3.643275443684E-002 -1.257314751693E-001
  9.333353017046E-001  1.171219175365E-002  1.567149007610E-001  3.498743146849E-002 -1.226079905622E-001
  9.451200834176E-001  1.185774374655E-002  1.571187782401E-001  3.356087485889E-002 -1.195030857580E-001
  9.570515407237E-001  1.200555035216E-002  1.575107757228E-001  3.215349219837E-002 -1.164179608472E-001
  9.691319506484E-001  1.215565657299E-002  1.578907831758E-001  3.076568331601E-002 -1.133538890309E-001
  9.813636357544E-001  1.230810848498E-002  1.582586958816E-001  2.939783882948E-002 -1.103122126477E-001
  9.937489652293E-001  1.246295326757E-002  1.586144146071E-001  2.805033866626E-002 -1.072943388953E-001
  1.006290356005E+000  1.262023923477E-002  1.589578457570E-001  2.672355056048E-002 -1.043017352507E-001
  1.018990273907E+000  1.278001586715E-002  1.592889015115E-001  2.541782852956E-002 -1.013359245934E-001
  1.031851234841E+000  1.294233384499E-002  1.596074999458E-001  2.413351133547E-002 -9.839848003790E-002
  1.044875806003E+000  1.310724508236E-002  1.599135651308E-001  2.287092093561E-002 -9.549101948305E-002
  1.058066607138E+000  1.327480276248E-002  1.602070272118E-001  2.163036092873E-002 -9.261519988780E-002
  1.071426311823E+000  1.344506137405E-002  1.604878224656E-001  2.041211500151E-002 -8.977271128252E-002
  1.084957648792E+000  1.361807674895E-002  1.607558933315E-001  1.921644538185E-002 -8.696527052887E-002
  1.098663403298E+000  1.379390610110E-002  1.610111884178E-001  1.804359130538E-002 -8.419461484089E-002
  1.112546418516E+000  1.397260806657E-002  1.612536624779E-001  1.689376750161E-002 -8.146249508263E-002
  1.126609596985E+000  1.415424274514E-002  1.614832763591E-001  1.576716270691E-002 -7.877066885861E-002
  1.140855902095E+000  1.433887174317E-002  1.616999969177E-001  1.466393821155E-002 -7.612089341527E-002
  1.155288359613E+000  1.452655821788E-002  1.619037969016E-001  1.358422644826E-002 -7.351491837319E-002
  1.169910059257E+000  1.471736692327E-002  1.620946547984E-001  1.252812963026E-002 -7.095447831123E-002
  1.184724156317E+000  1.491136425740E-002  1.622725546457E-001  1.149571844680E-002 -6.844128522572E-002
  1.199733873325E+000  1.510861831145E-002  1.624374858040E-001  1.048703082441E-002 -6.597702088909E-002
  1.214942501771E+000  1.530919892035E-002  1.625894426895E-001  9.502070762421E-003 -6.356332913408E-002
  1.230353403874E+000  1.551317771520E-002  1.627284244657E-001  8.540807251422E-003 -6.120180809134E-002
  1.245970014403E+000  1.572062817747E-002  1.628544346923E-001  7.603173283334E-003 -5.889400240938E-002
  1.261795842559E+000  1.593162569510E-002  1.629674809310E-001  6.689064962053E-003 -5.664139548766E-002
  1.277834473907E+000  1.614624762054E-002  1.630675743053E-001  5.798340723563E-003 -5.444540175485E-002
  1.294089572372E+000  1.636457333079E-002  1.631547290159E-001  4.930820674458E-003 -5.230735902560E-002
  1.310564882294E+000  1.658668428962E-002  1.632289618080E-001  4.086286057788E-003 -5.022852097032E-002
  1.327264230548E+000  1.681266411190E-002  1.632902913931E-001  3.264478855051E-003 -4.821004973392E-002
  1.344191528724E+000  1.704259863026E-002  1.633387378220E-001  2.465101533011E-003 -4.625300874003E-002
  1.361350775387E+000  1.727657596408E-002  1.633743218108E-001  1.687816943849E-003 -4.435835571839E-002
  1.378746058390E+000  1.751468659100E-002  1.633970640191E-001  9.322483868661E-004 -4.252693599385E-002
  1.396381557275E+000  1.775702342093E-002  1.634069842813E-001  1.979798396645E-004 -4.075947607581E-002
  1.414261545744E+000  1.800368187279E-002  1.634041007908E-001 -5.154436336688E-004 -3.905657758753E-002
  1.432390394201E+000  1.825475995395E-002  1.633884292394E-001 -1.208515290305E-003 -3.741871157476E-002
  1.450772572390E+000  1.851035834267E-002  1.633599819113E-001 -1.881765925803E-003 -3.584621323346E-002
  1.469412652102E+000  1.877058047342E-002  1.633187667358E-001 -2.535762894703E-003 -3.433927709569E-002
  1.488315309978E+000  1.903553262542E-002  1.632647862979E-001 -3.171108929325E-003 -3.289795271285E-002
  1.507485330398E+000  1.930532401444E-002  1.631980368119E-001 -3.788440752303E-003 -3.152214087431E-002
  1.526927608467E+000  1.958006688797E-002  1.631185070583E-001 -4.388427479223E-003 -3.021159039873E-002
  1.546647153093E+000  1.985987662391E-002  1.630261772893E-001 -4.971768808659E-003 -2.896589553421E-002
  1.566649090169E+000  2.014487183303E-002  1.629210181054E-001 -5.539192997913E-003 -2.778449400160E-002
  1.586938665861E+000  2.043517446518E-002  1.628029893073E-001 -6.091454623877E-003 -2.666666571378E-002
  1.607521250000E+000  2.073090991960E-002  1.626720387279E-001 -6.629332129590E-003 -2.561153220150E-002
  1.628402339588E+000  2.103220715932E-002  1.625281010496E-001 -7.153625158338E-003 -2.461805677389E-002
  1.649587562420E+000  2.133919883002E-002  1.623710966119E-001 -7.665151678471E-003 -2.368504543891E-002
  1.671082680832E+000  2.165202138333E-002  1.622009302160E-001 -8.164744903523E-003 -2.281114860634E-002
  1.692893595565E+000  2.197081520497E-002  1.620174899324E-001 -8.653250013718E-003 -2.199486359185E-002
  1.715026349769E+000  2.229572474776E-002  1.618206459185E-001 -9.131520686461E-003 -2.123453793759E-002
  1.737487133138E+000  2.262689866987E-002  1.616102492544E-001 -9.600415445060E-003 -2.052837356037E-002
  1.760282286187E+000  2.296448997842E-002  1.613861308036E-001 -1.006079383654E-002 -1.987443173404E-002
  1.783418304674E+000  2.330865617868E-002  1.611481001088E-001 -1.051351245118E-002 -1.927063890842E-002
  1.806901844175E+000  2.365955942924E-002  1.608959443296E-001 -1.095942079805E-002 -1.871479336169E-002
  1.830739724818E+000  2.401736670327E-002  1.606294272336E-001 -1.139935705267E-002 -1.820457267832E-002
  1.854938936184E+000  2.438224995616E-002  1.603482882485E-001 -1.183414369468E-002 -1.773754203883E-002
  1.879506642368E+000  2.475438629994E-002  1.600522415874E-001 -1.226458305516E-002 -1.731116330226E-002
  1.904450187236E+000  2.513395818467E-002  1.597409754556E-001 -1.269145279495E-002 -1.692280485591E-002
  1.929777099847E+000  2.552115358717E-002  1.594141513513E-001 -1.311550133720E-002 -1.656975220137E-002
  1.955495100083E+000  2.591616620741E-002  1.590714034703E-001 -1.353744327894E-002 -1.624921923912E-002
  1.981612104475E+000  2.631919567292E-002  1.587123382252E-001 -1.395795480814E-002 -1.595836020801E-002
  2.008136232230E+000  2.673044775156E-002  1.583365338921E-001 -1.437766915417E-002 -1.569428222945E-002
  2.035075811486E+000  2.715013457311E-002  1.579435403937E-001 -1.479717210126E-002 -1.545405840000E-002
  2.062439385788E+000  2.757847486001E-002  1.575328792318E-001 -1.521699759549E-002 -1.523474136932E-002
  2.090235720801E+000  2.801569416771E-002  1.571040435788E-001 -1.563762347742E-002 -1.503337733498E-002
  2.118473811262E+000  2.846202513514E-002  1.566564985401E-001 -1.605946737318E-002 -1.484702037887E-002
  2.147162888201E+000  2.891770774564E-002  1.561896815973E-001 -1.648288277775E-002 -1.467274706489E-002
  2.176312426413E+000  2.938298959899E-002  1.557030032414E-001 -1.690815536485E-002 -1.450767121185E-002
  2.205932152222E+000  2.985812619504E-002  1.551958478068E-001 -1.733549955812E-002 -1.434895875036E-002
  2.236032051522E+000  3.034338122938E-002  1.546675745143E-001 -1.776505539840E-002 -1.419384256826E-002
  2.266622378129E+000  3.083902690182E-002  1.541175187302E-001 -1.819688574190E-002 -1.403963724484E-002
  2.297713662445E+000  3.134534423818E-002  1.535449934499E-001 -1.863097382339E-002 -1.388375357065E-002
  2.329316720450E+000  3.186262342603E-002  1.529492910105E-001 -1.906722121793E-002 -1.372371274698E-002
  2.361442663038E+000  3.239116416519E-002  1.523296850387E-001 -1.950544623358E-002 -1.355716015715E-002
  2.394102905709E+000  3.293127603351E-002  1.516854326358E-001 -1.994538276586E-002 -1.338187860024E-002
  2.427309178642E+000  3.348327886897E-002  1.510157768035E-001 -2.038667964319E-002 -1.319580087798E-002
  2.461073537146E+000  3.404750316862E-002  1.503199491090E-001 -2.082890049022E-002 -1.299702162566E-002
  2.495408372530E+000  3.462429050548E-002  1.495971725898E-001 -2.127152413333E-002 -1.278380827997E-002
  2.530326423398E+000  3.521399396401E-002  1.488466648943E-001 -2.171394556983E-002 -1.255461107902E-002
  2.565840787378E+000  3.581697859546E-002  1.480676416526E-001 -2.215547751875E-002 -1.230807199379E-002
  2.601964933334E+000  3.643362189376E-002  1.472593200719E-001 -2.259535256776E-002 -1.204303249490E-002
  2.638712714049E+000  3.706431429322E-002  1.464209227453E-001 -2.303272592636E-002 -1.175854006496E-002
  2.676098379430E+000  3.770945968912E-002  1.455516816639E-001 -2.346667879110E-002 -1.145385337358E-002
  2.714136590232E+000  3.836947598236E-002  1.446508424182E-001 -2.389622232401E-002 -1.112844604081E-002
  2.752842432351E+000  3.904479564947E-002  1.437176685718E-001 -2.432030224001E-002 -1.078200892404E-002
  2.792231431696E+000  3.973586633921E-002  1.427514461904E-001 -2.473780399386E-002 -1.041445087415E-002
  2.832319569669E+000  4.044315149734E-002  1.417514885037E-001 -2.514755855163E-002 -1.002589791822E-002
  2.873123299289E+000  4.116713102086E-002  1.407171406781E-001 -2.554834872569E-002 -9.616690838993E-003
  2.914659561979E+000  4.190830194354E-002  1.396477846743E-001 -2.593891604633E-002 -9.187381134582E-003
  2.956945805065E+000  4.266717915414E-002  1.385428441618E-001 -2.631796813702E-002 -8.738725356506E-003
  3.000000000000E+000  4.344429614932E-002  1.374017894613E-001 -2.668418655428E-002 -8.271677839203E-003
  3.043840661365E+000  4.424020582308E-002  1.362241424819E-001 -2.703623504691E-002 -7.787381849726E-003
  3.088486866678E+000  4.505548129460E-002  1.350094816213E-001 -2.737276818346E-002 -7.287159202489E-003
  3.133958277047E+000  4.589071677685E-002  1.337574465913E-001 -2.769244029105E-002 -6.772498400178E-003
  3.180275158719E+000  4.674652848797E-002  1.324677431347E-001 -2.799391464307E-002 -6.245041378339E-003
  3.227458405560E+000  4.762355560797E-002  1.311401475938E-001 -2.827587282809E-002 -5.706568947350E-003
  3.275529562509E+000  4.852246128332E-002  1.297745112933E-001 -2.853702422774E-002 -5.158985041387E-003
  3.324510850077E+000  4.944393368200E-002  1.283707646979E-001 -2.877611552682E-002 -4.604299899303E-003
  3.374425189910E+000  5.038868710203E-002  1.269289213064E-001 -2.899194017562E-002 -4.044612316841E-003
  3.425296231502E+000  5.135746313639E-002  1.254490812436E-001 -2.918334772137E-002 -3.482091123143E-003
  3.477148380094E+000  5.235103189784E-002  1.239314345110E-001 -2.934925292345E-002 -2.918956046744E-003
  3.530006825834E+000  5.337019330676E-002  1.223762638621E-001 -2.948864456614E-002 -2.357458147036E-003
  3.583897574256E+000  5.441577844603E-002  1.207839472651E-001 -2.960059388198E-002 -1.799859996280E-003
  3.638847478148E+000  5.548865098670E-002  1.191549599220E-001 -2.968426249970E-002 -1.248415804421E-003
  3.694884270887E+000  5.658970868864E-002  1.174898758133E-001 -2.973890983229E-002 -7.053516840832E-004
  3.752036601308E+000  5.771988498079E-002  1.157893687417E-001 -2.976389982363E-002 -1.728462559122E-004
  3.810334070199E+000  5.888015062562E-002  1.140542128529E-001 -2.975870697620E-002  3.469882051058E-004
  3.869807268505E+000  6.007151547295E-002  1.122852826129E-001 -2.972292158717E-002  8.521238838696E-004
  3.930487817331E+000  6.129503030858E-002  1.104835522285E-001 -2.965625412667E-002  1.340634606181E-003
  3.992408409843E+000  6.255178880352E-002  1.086500945030E-001 -2.955853869937E-002  1.810711900222E-003
  4.055602855172E+000  6.384292957002E-002  1.067860791207E-001 -2.942973553880E-002  2.260679762252E-003
  4.120106124432E+000  6.516963833101E-002  1.048927703651E-001 -2.926993249352E-002  2.689007963059E-003
  4.185954398964E+000  6.653315021009E-002  1.029715242773E-001 -2.907934547444E-002  3.094323747019E-003
  4.253185120935E+000  6.793475214960E-002  1.010237852692E-001 -2.885831784432E-002  3.475421793424E-003
  4.321837046422E+000  6.937578546490E-002  9.905108221261E-002 -2.860731874188E-002  3.831272329837E-003
  4.391950301120E+000  7.085764854355E-002  9.705502403095E-002 -2.832694034613E-002  4.161027309386E-003
  4.463566438835E+000  7.238179969882E-002  9.503729482709E-002 -2.801789409943E-002  4.464024587898E-003
  4.536728502895E+000  7.394976018725E-002  9.299964858678E-002 -2.768100592081E-002  4.739790062253E-003
  4.611481090679E+000  7.556311740127E-002  9.094390350294E-002 -2.731721045493E-002  4.988037758002E-003
  4.687870421430E+000  7.722352824817E-002  8.887193597154E-002 -2.692754441498E-002  5.208667881704E-003
  4.765944407533E+000  7.893272272784E-002  8.678567431465E-002 -2.651313909061E-002  5.401762881210E-003
  4.845752729492E+000  8.069250772248E-002  8.468709229038E-002 -2.607521210452E-002  5.567581584849E-003
  4.927346914797E+000  8.250477101257E-002  8.257820245302E-002 -2.561505851240E-002  5.706551517576E-003
  5.010780420931E+000  8.437148553436E-002  8.046104942902E-002 -2.513404135147E-002  5.819259518279E-003
  5.096108722763E+000  8.629471389541E-002  7.833770317632E-002 -2.463358175162E-002  5.906440807052E-003
  5.183389404586E+000  8.827661316581E-002  7.621025229451E-002 -2.411514873080E-002  5.968966673843E-003
  5.272682257105E+000  9.031943996425E-002  7.408079745305E-002 -2.358024880195E-002  6.007830980105E-003
  5.364049379651E+000  9.242555585946E-002  7.195144500251E-002 -2.303041552229E-002  6.024135682345E-003
  5.457555287978E+000  9.459743310926E-002  6.982430083049E-002 -2.246719911778E-002  6.019075600517E-003
  5.553267027968E+000  9.683766076100E-002  6.770146451954E-002 -2.189215631449E-002  5.993922664593E-003
  5.651254295630E+000  9.914895113938E-002  6.558502385809E-002 -2.130684050615E-002  5.950009879095E-003
  5.751589563796E+000  1.015341467494E-001  6.347704974855E-002 -2.071279238116E-002  5.888715247673E-003
  5.854348215936E+000  1.039962276248E-001  6.137959154818E-002 -2.011153112508E-002  5.811445897779E-003
  5.959608687557E+000  1.065383191537E-001  5.929467286882E-002 -1.950454630424E-002  5.719622639005E-003
  6.067452615683E+000  1.091637004188E-001  5.722428785099E-002 -1.889329052345E-002  5.614665177837E-003
  6.177964996951E+000  1.118758130872E-001  5.517039791691E-002 -1.827917293666E-002  5.497978196385E-003
  6.291234354880E+000  1.146782708938E-001  5.313492899468E-002 -1.766355367264E-002  5.370938483413E-003
  6.407352916949E+000  1.175748697626E-001  5.111976919401E-002 -1.704773921993E-002  5.234883282921E-003
  6.526416802128E+000  1.205695986129E-001  4.912676690151E-002 -1.643297879566E-002  5.091099999079E-003
  6.648526219580E+000  1.236666509049E-001  4.715772925156E-002 -1.582046170305E-002  4.940817366965E-003
  6.773785679311E+000  1.268704369821E-001  4.521442091728E-002 -1.521131566142E-002  4.785198166893E-003
  6.902304215570E+000  1.301855972713E-001  4.329856315592E-002 -1.460660607198E-002  4.625333526828E-003
  7.034195623922E+000  1.336170164087E-001  4.141183303339E-002 -1.400733616274E-002  4.462238823223E-003
  7.169578712934E+000  1.371698383673E-001  3.955586274538E-002 -1.341444793696E-002  4.296851156383E-003
  7.308577571516E+000  1.408494826628E-001  3.773223894679E-002 -1.282882383188E-002  4.130028342986E-003
  7.451321853057E+000  1.446616617293E-001  3.594250199789E-002 -1.225128898000E-002  3.962549336621E-003
  7.597947077547E+000  1.486123995567E-001  3.418814503474E-002 -1.168261395203E-002  3.795115957870E-003
  7.748594953021E+000  1.527080516973E-001  3.247061277345E-002 -1.112351785181E-002  3.628355789534E-003
  7.903413717736E+000  1.569553267535E-001  3.079129996268E-002 -1.057467162744E-002  3.462826070748E-003
  8.062558504629E+000  1.613613094717E-001  2.915154940649E-002 -1.003670146100E-002  3.299018406691E-003
  8.226191729726E+000  1.659334855793E-001  2.755264949060E-002 -9.510192101101E-003  3.137364098859E-003
  8.394483506327E+000  1.706797685137E-001  2.599583115852E-002 -8.995690008842E-003  2.978239894946E-003
  8.567612086926E+000  1.756085282071E-001  2.448226430033E-002 -8.493706197603E-003  2.821973957364E-003
  8.745764335025E+000  1.807286221064E-001  2.301305353547E-002 -8.004718661233E-003  2.668851855497E-003
  8.929136229160E+000  1.860494286260E-001  2.158923339106E-002 -7.529174302448E-003  2.519122398641E-003
  9.117933401693E+000  1.915808832504E-001  2.021176289936E-002 -7.067490293633E-003  2.373003143919E-003
  9.312371715124E+000  1.973335175235E-001  1.888151966027E-002 -6.620054824902E-003  2.230685435608E-003
  9.512677878945E+000  2.033185011886E-001  1.759929343767E-002 -6.187227218509E-003  2.092338858513E-003
  9.719090110332E+000  2.095476877688E-001  1.636577938033E-002 -5.769337413710E-003  1.958115017244E-003
  9.931858842267E+000  2.160336639044E-001  1.518157097916E-002 -5.366684851023E-003  1.828150584407E-003
  1.015124748302E+001  2.227898028021E-001  1.404715289140E-002 -4.979536808650E-003  1.702569592561E-003
  1.037753323129E+001  2.298303221843E-001  1.296289377869E-002 -4.608126265646E-003  1.581484976026E-003
  1.061100795175E+001  2.371703471699E-001  1.192903931891E-002 -4.252649385536E-003  1.464999398130E-003
  1.085197911611E+001  2.448259785618E-001  1.094570556144E-002 -3.913262729611E-003  1.353205425860E-003
  1.110077081537E+001  2.528143670735E-001  1.001287280042E-002 -3.590080320650E-003  1.246185136394E-003
  1.135772484956E+001  2.611537940784E-001  9.130380142236E-003 -3.283170684795E-003  1.144009257558E-003
  1.162320190175E+001  2.698637595360E-001  8.297920939798E-003 -2.992554001662E-003  1.046735956467E-003
  1.189758280382E+001  2.789650778206E-001  7.515039258935E-003 -2.718199490401E-003  9.544093970932E-004
  1.218126990242E+001  2.884799822596E-001  6.781127530687E-003 -2.460023152649E-003  8.670581882919E-004
  1.247468853413E+001  2.984322392826E-001  6.095425527851E-003 -2.217885982547E-003  7.846938392103E-004
  1.277828862002E+001  3.088472731875E-001  5.457020785624E-003 -1.991592739788E-003  7.073093295334E-004
  1.309254639077E+001  3.197523026463E-001  4.864850564655E-003 -1.780891364789E-003  6.348778885607E-004
  1.341796625462E+001  3.311764902095E-001  4.317705430997E-003 -1.585473096371E-003  5.673520605841E-004
  1.375508282195E+001  3.431511062169E-001  3.814234501738E-003 -1.404973332566E-003  5.046631155610E-004
  1.410446310162E+001  3.557097086969E-001  3.352952377936E-003 -1.238973255188E-003  4.467208447742E-004
  1.446670888596E+001  3.688883410292E-001  2.932247758247E-003 -1.087002219387E-003  3.934137620912E-004
  1.484245934302E+001  3.827257493700E-001  2.550393697594E-003 -9.485408910033E-004  3.446097135521E-004
  1.523239383723E+001  3.972636220891E-001  2.205559445532E-003 -8.230250977621E-004  3.001568820849E-004
  1.563723500136E+001  4.125468537596E-001  1.895823768748E-003 -7.098503452914E-004  2.598851607268E-004
  1.605775208607E+001  4.286238365683E-001  1.619189631451E-003 -6.083769357985E-004  2.236078571236E-004
  1.649476461582E+001  4.455467823929E-001  1.373600076266E-003 -5.179356158398E-004  1.911236843551E-004
  1.694914638379E+001  4.633720792263E-001  1.156955116868E-003 -4.378336698077E-004  1.622189881334E-004
  1.742182982203E+001  4.821606861220E-001  9.671294221473E-004 -3.673613672237E-004  1.366701578046E-004
  1.791381078784E+001  5.019785714107E-001  8.019905407014E-004 -3.057986643972E-004  1.142461678997E-004
  1.842615381215E+001  5.228971995942E-001  6.594173847066E-004 -2.524220542228E-004  9.471119768600E-005
  1.895999786176E+001  5.449940730840E-001  5.373186647045E-004 -2.065114517400E-004  7.782727775637E-005
  1.951656267356E+001  5.683533358366E-001  4.336509431504E-004 -1.673569975807E-004  6.335691469100E-005
  2.009715572669E+001  5.930664469535E-001  3.464359564161E-004 -1.342656568548E-004  5.106564687992E-005
  2.070317992707E+001  6.192329335039E-001  2.737768445104E-004 -1.065674878186E-004  4.072448651758E-005
  2.133614208874E+001  6.469612332096E-001  2.138729273817E-004 -8.362145354030E-005  3.211220453588E-005
  2.199766230782E+001  6.763696392388E-001  1.650326786476E-004 -6.482065156611E-005  2.501741698162E-005
  2.268948433818E+001  7.075873612439E-001  1.256845741225E-004 -4.959684227173E-005  1.924043336961E-005
  2.341348709294E+001  7.407557189842E-001  9.438553522254E-005 -3.742416710565E-005  1.459483027358E-005
  2.417169741362E+001  7.760294874639E-001  6.982674706317E-005 -2.782196409904E-005  1.090871733227E-005
  2.496630426925E+001  8.135784155747E-001  5.083670750055E-005 -2.035661033612E-005  8.025668413017E-006
  2.579967457140E+001  8.535889438281E-001  3.638145471988E-005 -1.464234957398E-005  5.805298251754E-006
  2.667437081864E+001  8.962661510291E-001  2.556202379314E-005 -1.034109727856E-005  4.123474649539E-006
  2.759317081651E+001  9.418359647997E-001  1.760929172602E-005 -7.161253680901E-006  2.872168153331E-006
  2.855908975674E+001  9.905476768748E-001  1.187647911943E-005 -4.855595969499E-006  1.958954651232E-006
  2.957540498378E+001  1.042676811269E+000  7.829676729179E-006 -3.218360648477E-006  1.306200689732E-006
  3.064568382919E+001  1.098528402000E+000  5.036848454363E-006 -2.081663139504E-006  8.499754713554E-007
  3.177381495601E+001  1.158440747351E+000  3.155820563064E-006 -1.311430451495E-006  5.387460901388E-007
  3.296404372807E+001  1.222789720048E+000  1.921793698335E-006 -8.030410092035E-007  3.319222147080E-007
  3.422101220608E+001  1.291993727721E+000  1.134905391719E-006 -4.768710910655E-007  1.983218740853E-007
  3.554980447538E+001  1.366519436102E+000  6.483259222051E-007 -2.739385647518E-007  1.146303371489E-007
  3.695599813319E+001  1.446888389511E+000  3.572928759915E-007 -1.518120805280E-007  6.391895959072E-008
  3.844572291106E+001  1.533684690030E+000  1.893871237561E-007 -8.091964981972E-008  3.428065054462E-008
  4.002572758518E+001  1.627563929686E+000  9.623580480006E-008 -4.134822515612E-008  1.762434538020E-008
  4.170345654134E+001  1.729263610453E+000  4.670881226107E-008 -2.018024734339E-008  8.654218320019E-009
  4.348713762001E+001  1.839615336740E+000  2.156674229153E-008 -9.369283106873E-009  4.042333654180E-009
  4.538588318162E+001  1.959559126947E+000  9.430870147756E-009 -4.119555817254E-009  1.788031109340E-009
  4.740980671574E+001  2.090160267552E+000  3.886364944462E-009 -1.706859650199E-009  7.452317488203E-010
  4.957015778746E+001  2.232629229408E+000  1.500926105955E-009 -6.627416170042E-010  2.910532300131E-010
  5.187947869225E+001  2.388345286640E+000  5.399093069014E-010 -2.396668848100E-010  1.058602108343E-010
  5.435178690397E+001  2.558884630889E+000  1.796524878601E-010 -8.016614826623E-011  3.560988826843E-011
  5.700278828629E+001  2.746053966795E+000  5.487052716833E-011 -2.461119291422E-011  1.099315108414E-011
  5.985012714155E+001  2.951930820846E+000  1.524981666123E-011 -6.874739010901E-012  3.087506024220E-012
  6.291368055481E+001  3.178912111311E+000  3.819055495980E-012 -1.730235758381E-012  7.812111710125E-013
  6.621590623276E+001  3.429772933797E+000  8.523237813070E-013 -3.880331900489E-013  1.761127386164E-013
  6.978225524452E+001  3.707738044625E+000  1.674010306004E-013 -7.657594739266E-014  3.493157342773E-014
  7.364166388185E+001  4.016569212832E+000  2.852424606066E-014 -1.310905703346E-014  6.009584985483E-015
  7.782714245929E+001  4.360672516382E+000  4.148521608503E-015 -1.915247639974E-015  8.822407660276E-016
  8.237648351994E+001  4.745230855210E+000  5.054594818732E-016 -2.343915415200E-016  1.084760691922E-016
  8.733311794503E+001  5.176368549127E+000  5.049739583620E-017 -2.351781214537E-017  1.093347952140E-017
  9.274715535088E+001  5.661357031559E+000  4.035315309012E-018 -1.887230368731E-018  8.812410841077E-019
  9.867665554529E+001  6.208873552072E+000  2.506303386201E-019 -1.176919460004E-019  5.519035371997E-020
  1.051891916055E+002  6.829328764649E+000  1.170056905408E-020 -5.516086466747E-021  2.597358952927E-021
  1.123637836013E+002  7.535284543316E+000  3.948176407445E-022 -1.868427457187E-022  8.832816962324E-023
  1.202933069206E+002  8.341990973528E+000  9.196233774037E-024 -4.368068040498E-024  2.072869537690E-024
  1.290875131414E+002  9.268082166539E+000  1.400264433879E-025 -6.674716542325E-026  3.179160914609E-026
  1.388768482001E+002  1.033648575811E+001  1.306436176035E-027 -6.248815849871E-028  2.986841505537E-028
  1.498173177370E+002  1.157562284364E+001  6.912124276126E-030 -3.317042380657E-030  1.590882600203E-030
  1.620967411853E+002  1.302100699722E+001  1.889160185781E-032 -9.094552238865E-033  4.376020046425E-033
  1.759428668168E+002  1.471739812515E+001  2.381841755056E-035 -1.150115853201E-035  5.551227645717E-036
  1.916340085825E+002  1.672173748087E+001  1.206305273653E-038 -5.841780261548E-039  2.828011523280E-039
  2.095131417987E+002  1.910719757888E+001  2.069291904337E-042 -1.004875691117E-042  4.878388081882E-043
  2.300068054477E+002  2.196884699990E+001  9.723831681954E-047 -4.734499494247E-047  2.304656456744E-047
  2.536507797910E+002  2.543169216868E+001  9.586967593438E-052 -4.679588430658E-052  2.283749807187E-052
  2.811254638474E+002  2.966227967912E+001  1.413214236903E-057 -6.914616900195E-058  3.382664573843E-058
  3.133053780630E+002  3.488573552677E+001  2.014736935850E-064 -9.879988642437E-065  4.844388842504E-065
  3.513296254502E+002  4.141128389041E+001  1.574638972003E-072 -7.738230195764E-073  3.802404500547E-073
  3.967041014106E+002  4.967130404214E+001  3.184692323567E-082 -1.568178837725E-082  7.721280869123E-083
  4.514529193349E+002  6.028257212519E+001  6.074484211457E-094 -2.996747991400E-094  1.478306976491E-094
  5.183481233601E+002  7.414493328740E+001  2.741380292527E-108 -1.354778836173E-108  6.694953499310E-109
  6.012676077950E+002  9.260523890243E+001  4.227572616281E-126 -2.092639575616E-126  1.035816956723E-126
  7.057700503752E+002  1.177394213729E+002  1.389810386282E-148 -6.889844650049E-149  3.415486865366E-149
  8.400513767914E+002  1.528577972397E+002  1.627537742242E-177 -8.079455069971E-178  4.010749638401E-178
  1.016602135495E+003  2.034537342122E+002  1.327371822185E-215 -6.597625220911E-216  3.279272982309E-216
  1.255220715580E+003  2.790860613466E+002  3.825921078504E-267 -1.903804372211E-267  9.473387116788E-268
  1.588815776243E+003  3.973705897531E+002  0.000000000000E+000  0.000000000000E+000  0.000000000000E+000
  2.075392011604E+003  5.931596040112E+002  0.000000000000E+000  0.000000000000E+000  0.000000000000E+000
  2.825079847529E+003  9.419154890021E+002  0.000000000000E+000  0.000000000000E+000  0.000000000000E+000
  4.068408296184E+003  1.627629972033E+003  0.000000000000E+000  0.000000000000E+000  0.000000000000E+000
  6.357262947674E+003  3.178964796686E+003  0.000000000000E+000  0.000000000000E+000  0.000000000000E+000
  1.130231930164E+004  7.535323971013E+003  0.000000000000E+000  0.000000000000E+000  0.000000000000E+000
  2.543105175140E+004  2.543171841285E+004  0.000000000000E+000  0.000000000000E+000  0.000000000000E+000
  1.017262069958E+005  2.034537473226E+005  0.000000000000E+000  0.000000000000E+000  0.000000000000E+000
