# 1st line: number of mesh points
# rho and r_seitz are calculated from total density
# zeta and r_seitz only correct of rho > 1d-12

# abcissa weight rho drho ddrho zeta r_seitz
500
  9.830308526508E-006  1.966074589941E-005  6.129147682442E+000 -1.300222059927E+001  2.909692335598E+001  4.689886402561E-012  7.880862003950E-001
  3.932200719717E-005  3.932303800261E-005  6.128764237524E+000 -1.300136251531E+001  2.909463569855E+001  4.683875819233E-012  7.881026355379E-001
  8.847741541455E-005  5.898842277178E-005  6.128125185390E+000 -1.299993245031E+001  2.909082323748E+001  4.688639838135E-012  7.881300295151E-001
  1.573003992804E-004  7.865844718600E-005  6.127230560140E+000 -1.299793051671E+001  2.908548642472E+001  4.676713251366E-012  7.881683854359E-001
  2.457963722417E-004  9.833465899987E-005  6.126080409516E+000 -1.299535687187E+001  2.907862589294E+001  4.673894218007E-012  7.882177076548E-001
  3.539722959954E-004  1.180186070023E-004  6.124674794905E+000 -1.299221171812E+001  2.907024245548E+001  4.671558992164E-012  7.882780017720E-001
  4.818366816528E-004  1.377118412759E-004  6.123013791347E+000 -1.298849530275E+001  2.906033710626E+001  4.667676776869E-012  7.883492746360E-001
  6.293995911626E-004  1.574159134560E-004  6.121097487541E+000 -1.298420791796E+001  2.904891101970E+001  4.653684790122E-012  7.884315343449E-001
  7.966726389934E-004  1.771323769912E-004  6.118925985846E+000 -1.297934990089E+001  2.903596555061E+001  4.656207218888E-012  7.885247902489E-001
  9.836689940782E-004  1.968627874036E-004  6.116499402299E+000 -1.297392163360E+001  2.902150223408E+001  4.647962351846E-012  7.886290529531E-001
  1.190403382016E-003  2.166087025496E-004  6.113817866613E+000 -1.296792354304E+001  2.900552278531E+001  4.634747195797E-012  7.887443343203E-001
  1.416892087541E-003  2.363716828821E-004  6.110881522197E+000 -1.296135610104E+001  2.898802909946E+001  4.622294523288E-012  7.888706474746E-001
  1.663152957245E-003  2.561532917128E-004  6.107690526160E+000 -1.295421982430E+001  2.896902325150E+001  4.623255269299E-012  7.890080068053E-001
  1.929205402573E-003  2.759550954757E-004  6.104245049327E+000 -1.294651527436E+001  2.894850749600E+001  4.615825195364E-012  7.891564279706E-001
  2.215070403074E-003  2.957786639908E-004  6.100545276250E+000 -1.293824305759E+001  2.892648426689E+001  4.601372120604E-012  7.893159279027E-001
  2.520770509919E-003  3.156255707300E-004  6.096591405225E+000 -1.292940382514E+001  2.890295617732E+001  4.583669096649E-012  7.894865248121E-001
  2.846329849692E-003  3.354973930828E-004  6.092383648306E+000 -1.291999827295E+001  2.887792601930E+001  4.571673202347E-012  7.896682381934E-001
  3.191774128432E-003  3.553957126240E-004  6.087922231320E+000 -1.291002714169E+001  2.885139676353E+001  4.557297601905E-012  7.898610888306E-001
  3.557130635959E-003  3.753221153821E-004  6.083207393888E+000 -1.289949121677E+001  2.882337155911E+001  4.537833990670E-012  7.900650988031E-001
  3.942428250463E-003  3.952781921092E-004  6.078239389439E+000 -1.288839132826E+001  2.879385373319E+001  4.531679566423E-012  7.902802914924E-001
  4.347697443358E-003  4.152655385525E-004  6.073018485235E+000 -1.287672835089E+001  2.876284679071E+001  4.512760412982E-012  7.905066915887E-001
  4.772970284417E-003  4.352857557265E-004  6.067544962387E+000 -1.286450320402E+001  2.873035441404E+001  4.502046800876E-012  7.907443250980E-001
  5.218280447175E-003  4.553404501876E-004  6.061819115879E+000 -1.285171685156E+001  2.869638046264E+001  4.478094202809E-012  7.909932193498E-001
  5.683663214611E-003  4.754312343099E-004  6.055841254591E+000 -1.283837030199E+001  2.866092897271E+001  4.459928262516E-012  7.912534030053E-001
  6.169155485101E-003  4.955597265624E-004  6.049611701323E+000 -1.282446460829E+001  2.862400415675E+001  4.438020601229E-012  7.915249060654E-001
  6.674795778653E-003  5.157275517886E-004  6.043130792816E+000 -1.281000086786E+001  2.858561040322E+001  4.426760040335E-012  7.918077598796E-001
  7.200624243425E-003  5.359363414876E-004  6.036398879786E+000 -1.279498022256E+001  2.854575227606E+001  4.412348318988E-012  7.921019971554E-001
  7.746682662519E-003  5.561877340970E-004  6.029416326943E+000 -1.277940385857E+001  2.850443451428E+001  4.378642642142E-012  7.924076519679E-001
  8.313014461060E-003  5.764833752781E-004  6.022183513022E+000 -1.276327300642E+001  2.846166203149E+001  4.363991115995E-012  7.927247597696E-001
  8.899664713569E-003  5.968249182030E-004  6.014700830813E+000 -1.274658894088E+001  2.841743991542E+001  4.335751919102E-012  7.930533574013E-001
  9.506680151615E-003  6.172140238444E-004  6.006968687193E+000 -1.272935298094E+001  2.837177342740E+001  4.311317704392E-012  7.933934831024E-001
  1.013410917176E-002  6.376523612666E-004  5.998987503151E+000 -1.271156648973E+001  2.832466800186E+001  4.281668497397E-012  7.937451765230E-001
  1.078200184380E-002  6.581416079202E-004  5.990757713825E+000 -1.269323087449E+001  2.827612924580E+001  4.260048549913E-012  7.941084787353E-001
  1.145040991929E-002  6.786834499385E-004  5.982279768536E+000 -1.267434758648E+001  2.822616293818E+001  4.235352868658E-012  7.944834322459E-001
  1.213938684040E-002  6.992795824361E-004  5.973554130818E+000 -1.265491812094E+001  2.817477502939E+001  4.213289329579E-012  7.948700810085E-001
  1.284898774901E-002  7.199317098113E-004  5.964581278458E+000 -1.263494401701E+001  2.812197164060E+001  4.188133412398E-012  7.952684704374E-001
  1.357926949620E-002  7.406415460502E-004  5.955361703529E+000 -1.261442685765E+001  2.806775906320E+001  4.158599978947E-012  7.956786474208E-001
  1.433029065191E-002  7.614108150341E-004  5.945895912428E+000 -1.259336826961E+001  2.801214375809E+001  4.137959166405E-012  7.961006603350E-001
  1.510211151509E-002  7.822412508494E-004  5.936184425917E+000 -1.257176992331E+001  2.795513235503E+001  4.103882230880E-012  7.965345590596E-001
  1.589479412397E-002  8.031345981016E-004  5.926227779160E+000 -1.254963353281E+001  2.789673165199E+001  4.072334867883E-012  7.969803949918E-001
  1.670840226680E-002  8.240926122311E-004  5.916026521763E+000 -1.252696085569E+001  2.783694861437E+001  4.049631049634E-012  7.974382210628E-001
  1.754300149280E-002  8.451170598329E-004  5.905581217819E+000 -1.250375369299E+001  2.777579037435E+001  4.016111463999E-012  7.979080917537E-001
  1.839865912351E-002  8.662097189796E-004  5.894892445946E+000 -1.248001388913E+001  2.771326423005E+001  3.980302205270E-012  7.983900631122E-001
  1.927544426443E-002  8.873723795480E-004  5.883960799334E+000 -1.245574333179E+001  2.764937764482E+001  3.944752086834E-012  7.988841927698E-001
  2.017342781695E-002  9.086068435487E-004  5.872786885790E+000 -1.243094395188E+001  2.758413824640E+001  3.923447096101E-012  7.993905399599E-001
  2.109268249069E-002  9.299149254598E-004  5.861371327779E+000 -1.240561772340E+001  2.751755382610E+001  3.881916617028E-012  7.999091655358E-001
  2.203328281612E-002  9.512984525641E-004  5.849714762476E+000 -1.237976666335E+001  2.744963233796E+001  3.851617895332E-012  8.004401319900E-001
  2.299530515754E-002  9.727592652906E-004  5.837817841813E+000 -1.235339283165E+001  2.738038189786E+001  3.825159063402E-012  8.009835034735E-001
  2.397882772639E-002  9.942992175591E-004  5.825681232524E+000 -1.232649833102E+001  2.730981078265E+001  3.775727125316E-012  8.015393458159E-001
  2.498393059493E-002  1.015920177130E-003  5.813305616199E+000 -1.229908530691E+001  2.723792742919E+001  3.742360670102E-012  8.021077265463E-001
  2.601069571024E-002  1.037624025957E-003  5.800691689331E+000 -1.227115594734E+001  2.716474043344E+001  3.705559110252E-012  8.026887149144E-001
  2.705920690860E-002  1.059412660547E-003  5.787840163373E+000 -1.224271248282E+001  2.709025854945E+001  3.677878376750E-012  8.032823819127E-001
  2.812954993023E-002  1.081287992318E-003  5.774751764784E+000 -1.221375718625E+001  2.701449068840E+001  3.647301893254E-012  8.038888002991E-001
  2.922181243436E-002  1.103251947969E-003  5.761427235090E+000 -1.218429237277E+001  2.693744591753E+001  3.594535757740E-012  8.045080446200E-001
  3.033608401473E-002  1.125306469854E-003  5.747867330934E+000 -1.215432039966E+001  2.685913345913E+001  3.559440174912E-012  8.051401912343E-001
  3.147245621542E-002  1.147453516351E-003  5.734072824133E+000 -1.212384366621E+001  2.677956268942E+001  3.525097273000E-012  8.057853183383E-001
  3.263102254705E-002  1.169695062249E-003  5.720044501735E+000 -1.209286461360E+001  2.669874313749E+001  3.489955044078E-012  8.064435059907E-001
  3.381187850339E-002  1.192033099133E-003  5.705783166079E+000 -1.206138572476E+001  2.661668448413E+001  3.444663016006E-012  8.071148361388E-001
  3.501512157837E-002  1.214469635775E-003  5.691289634850E+000 -1.202940952425E+001  2.653339656069E+001  3.404510674755E-012  8.077993926453E-001
  3.624085128345E-002  1.237006698530E-003  5.676564741144E+000 -1.199693857809E+001  2.644888934786E+001  3.360926443080E-012  8.084972613157E-001
  3.748916916538E-002  1.259646331739E-003  5.661609333523E+000 -1.196397549367E+001  2.636317297451E+001  3.316858373913E-012  8.092085299272E-001
  3.876017882444E-002  1.282390598136E-003  5.646424276083E+000 -1.193052291954E+001  2.627625771636E+001  3.283700921836E-012  8.099332882567E-001
  4.005398593302E-002  1.305241579266E-003  5.631010448513E+000 -1.189658354533E+001  2.618815399479E+001  3.229360899116E-012  8.106716281120E-001
  4.137069825459E-002  1.328201375897E-003  5.615368746159E+000 -1.186216010156E+001  2.609887237549E+001  3.193119944112E-012  8.114236433615E-001
  4.271042566323E-002  1.351272108452E-003  5.599500080094E+000 -1.182725535946E+001  2.600842356710E+001  3.158549266632E-012  8.121894299663E-001
  4.407328016341E-002  1.374455917436E-003  5.583405377178E+000 -1.179187213088E+001  2.591681841990E+001  3.111500726841E-012  8.129690860124E-001
  4.545937591035E-002  1.397754963880E-003  5.567085580127E+000 -1.175601326805E+001  2.582406792438E+001  3.065979233644E-012  8.137627117444E-001
  4.686882923075E-002  1.421171429779E-003  5.550541647584E+000 -1.171968166348E+001  2.573018320981E+001  3.025832593226E-012  8.145704095994E-001
  4.830175864396E-002  1.444707518548E-003  5.533774554186E+000 -1.168288024972E+001  2.563517554279E+001  2.980189513596E-012  8.153922842421E-001
  4.975828488365E-002  1.468365455478E-003  5.516785290632E+000 -1.164561199924E+001  2.553905632577E+001  2.932455220452E-012  8.162284426012E-001
  5.123853091993E-002  1.492147488203E-003  5.499574863759E+000 -1.160787992423E+001  2.544183709550E+001  2.890032996054E-012  8.170789939064E-001
  5.274262198188E-002  1.516055887169E-003  5.482144296611E+000 -1.156968707641E+001  2.534352952149E+001  2.841221263714E-012  8.179440497266E-001
  5.427068558066E-002  1.540092946119E-003  5.464494628512E+000 -1.153103654686E+001  2.524414540443E+001  2.800580712586E-012  8.188237240087E-001
  5.582285153302E-002  1.564260982573E-003  5.446626915143E+000 -1.149193146579E+001  2.514369667456E+001  2.744295663721E-012  8.197181331181E-001
  5.739925198530E-002  1.588562338332E-003  5.428542228616E+000 -1.145237500240E+001  2.504219538999E+001  2.702472676746E-012  8.206273958800E-001
  5.900002143803E-002  1.612999379973E-003  5.410241657549E+000 -1.141237036462E+001  2.493965373508E+001  2.657603348873E-012  8.215516336215E-001
  6.062529677088E-002  1.637574499364E-003  5.391726307145E+000 -1.137192079894E+001  2.483608401863E+001  2.614263172439E-012  8.224909702155E-001
  6.227521726827E-002  1.662290114181E-003  5.372997299271E+000 -1.133102959023E+001  2.473149867219E+001  2.566098013875E-012  8.234455321249E-001
  6.394992464542E-002  1.687148668440E-003  5.354055772537E+000 -1.128970006143E+001  2.462591024825E+001  2.512967993318E-012  8.244154484491E-001
  6.564956307496E-002  1.712152633027E-003  5.334902882376E+000 -1.124793557345E+001  2.451933141839E+001  2.468714798920E-012  8.254008509705E-001
  6.737427921404E-002  1.737304506249E-003  5.315539801126E+000 -1.120573952485E+001  2.441177497146E+001  2.417805568936E-012  8.264018742034E-001
  6.912422223211E-002  1.762606814387E-003  5.295967718113E+000 -1.116311535169E+001  2.430325381164E+001  2.376176859327E-012  8.274186554434E-001
  7.089954383907E-002  1.788062112257E-003  5.276187839735E+000 -1.112006652724E+001  2.419378095653E+001  2.314972476099E-012  8.284513348186E-001
  7.270039831418E-002  1.813672983787E-003  5.256201389546E+000 -1.107659656176E+001  2.408336953518E+001  2.269026419622E-012  8.295000553418E-001
  7.452694253540E-002  1.839442042599E-003  5.236009608343E+000 -1.103270900231E+001  2.397203278609E+001  2.226633428559E-012  8.305649629646E-001
  7.637933600943E-002  1.865371932600E-003  5.215613754253E+000 -1.098840743244E+001  2.385978405514E+001  2.185019412889E-012  8.316462066323E-001
  7.825774090225E-002  1.891465328589E-003  5.195015102820E+000 -1.094369547195E+001  2.374663679356E+001  2.135554261325E-012  8.327439383411E-001
  8.016232207035E-002  1.917724936867E-003  5.174214947093E+000 -1.089857677669E+001  2.363260455574E+001  2.083287513354E-012  8.338583131960E-001
  8.209324709253E-002  1.944153495867E-003  5.153214597722E+000 -1.085305503826E+001  2.351770099716E+001  2.026282700476E-012  8.349894894707E-001
  8.405068630235E-002  1.970753776782E-003  5.132015383043E+000 -1.080713398373E+001  2.340193987214E+001  1.982386830342E-012  8.361376286695E-001
  8.603481282122E-002  1.997528584221E-003  5.110618649171E+000 -1.076081737544E+001  2.328533503163E+001  1.931771455062E-012  8.373028955898E-001
  8.804580259214E-002  2.024480756857E-003  5.089025760101E+000 -1.071410901065E+001  2.316790042095E+001  1.889616638510E-012  8.384854583875E-001
  9.008383441408E-002  2.051613168108E-003  5.067238097792E+000 -1.066701272135E+001  2.304965007748E+001  1.833063640185E-012  8.396854886434E-001
  9.214908997710E-002  2.078928726810E-003  5.045257062270E+000 -1.061953237391E+001  2.293059812832E+001  1.787180951438E-012  8.409031614315E-001
  9.424175389809E-002  2.106430377918E-003  5.023084071723E+000 -1.057167186884E+001  2.281075878790E+001  1.744588036522E-012  8.421386553898E-001
  9.636201375725E-002  2.134121103210E-003  5.000720562599E+000 -1.052343514046E+001  2.269014635555E+001  1.684986905830E-012  8.433921527917E-001
  9.851006013526E-002  2.162003922007E-003  4.978167989705E+000 -1.047482615668E+001  2.256877521311E+001  1.642396652636E-012  8.446638396211E-001
  1.006860866512E-001  2.190081891910E-003  4.955427826308E+000 -1.042584891864E+001  2.244665982233E+001  1.594819227622E-012  8.459539056481E-001
  1.028902900012E-001  2.218358109541E-003  4.932501564236E+000 -1.037650746042E+001  2.232381472242E+001  1.542179759389E-012  8.472625445074E-001
  1.051228699979E-001  2.246835711311E-003  4.909390713979E+000 -1.032680584878E+001  2.220025452745E+001  1.495617567115E-012  8.485899537790E-001
  1.073840296104E-001  2.275517874190E-003  4.886096804798E+000 -1.027674818280E+001  2.207599392373E+001  1.444579218002E-012  8.499363350705E-001
  1.096739750056E-001  2.304407816497E-003  4.862621384822E+000 -1.022633859360E+001  2.195104766715E+001  1.397304945829E-012  8.513018941026E-001
  1.119929155896E-001  2.333508798707E-003  4.838966021163E+000 -1.017558124402E+001  2.182543058055E+001  1.347694945186E-012  8.526868407962E-001
  1.143410640503E-001  2.362824124271E-003  4.815132300016E+000 -1.012448032829E+001  2.169915755090E+001  1.296723309237E-012  8.540913893621E-001
  1.167186364011E-001  2.392357140448E-003  4.791121826773E+000 -1.007304007173E+001  2.157224352665E+001  1.256784071469E-012  8.555157583937E-001
  1.191258520249E-001  2.422111239159E-003  4.766936226126E+000 -1.002126473040E+001  2.144470351481E+001  1.199904666549E-012  8.569601709612E-001
  1.215629337189E-001  2.452089857854E-003  4.742577142188E+000 -9.969158590786E+000  2.131655257821E+001  1.156158204627E-012  8.584248547099E-001
  1.240301077413E-001  2.482296480400E-003  4.718046238594E+000 -9.916725969475E+000  2.118780583255E+001  1.112188782862E-012  8.599100419598E-001
  1.265276038575E-001  2.512734637975E-003  4.693345198623E+000 -9.863971212800E+000  2.105847844355E+001  1.054456884190E-012  8.614159698092E-001
  1.290556553882E-001  2.543407909995E-003  4.668475725307E+000 -9.810898696513E+000  2.092858562394E+001  1.013082291349E-012  8.629428802406E-001
  1.316144992580E-001  2.574319925047E-003  4.643439541550E+000 -9.757512825447E+000  2.079814263049E+001  9.718732224496E-013  8.644910202294E-001
  1.342043760450E-001  2.605474361847E-003  4.618238390243E+000 -9.703818033167E+000  2.066716476102E+001  9.225578065227E-013  8.660606418565E-001
  1.368255300316E-001  2.636874950214E-003  4.592874034384E+000 -9.649818781627E+000  2.053566735128E+001  8.748594323821E-013  8.676520024233E-001
  1.394782092560E-001  2.668525472060E-003  4.567348257195E+000 -9.595519560821E+000  2.040366577191E+001  8.340500937481E-013  8.692653645704E-001
  1.421626655646E-001  2.700429762411E-003  4.541662862245E+000 -9.540924888430E+000  2.027117542528E+001  7.859652239819E-013  8.709009963997E-001
  1.448791546661E-001  2.732591710434E-003  4.515819673572E+000 -9.486039309473E+000  2.013821174233E+001  7.370641142528E-013  8.725591715998E-001
  1.476279361856E-001  2.765015260497E-003  4.489820535802E+000 -9.430867395952E+000  2.000479017936E+001  6.927672945918E-013  8.742401695754E-001
  1.504092737207E-001  2.797704413242E-003  4.463667314279E+000 -9.375413746493E+000  1.987092621483E+001  6.460865305846E-013  8.759442755799E-001
  1.532234348983E-001  2.830663226680E-003  4.437361895187E+000 -9.319682985993E+000  1.973663534604E+001  5.984757469937E-013  8.776717808523E-001
  1.560706914324E-001  2.863895817319E-003  4.410906185678E+000 -9.263679765259E+000  1.960193308592E+001  5.647130710095E-013  8.794229827580E-001
  1.589513191834E-001  2.897406361298E-003  4.384302113999E+000 -9.207408760649E+000  1.946683495959E+001  5.153672901560E-013  8.811981849337E-001
  1.618655982178E-001  2.931199095559E-003  4.357551629624E+000 -9.150874673712E+000  1.933135650112E+001  4.770526589234E-013  8.829976974363E-001
  1.648138128702E-001  2.965278319033E-003  4.330656703380E+000 -9.094082230828E+000  1.919551325003E+001  4.257687749431E-013  8.848218368968E-001
  1.677962518056E-001  2.999648393860E-003  4.303619327582E+000 -9.037036182845E+000  1.905932074798E+001  3.944942431074E-013  8.866709266780E-001
  1.708132080832E-001  3.034313746623E-003  4.276441516166E+000 -8.979741304723E+000  1.892279453523E+001  3.495439548757E-013  8.885452970374E-001
  1.738649792215E-001  3.069278869616E-003  4.249125304820E+000 -8.922202395171E+000  1.878595014726E+001  3.040285750077E-013  8.904452852948E-001
  1.769518672648E-001  3.104548322136E-003  4.221672751124E+000 -8.864424276287E+000  1.864880311119E+001  2.820216634014E-013  8.923712360050E-001
  1.800741788507E-001  3.140126731803E-003  4.194085934679E+000 -8.806411793200E+000  1.851136894233E+001  2.354874025208E-013  8.943235011353E-001
  1.832322252791E-001  3.176018795904E-003  4.166366957254E+000 -8.748169813716E+000  1.837366314060E+001  1.937789426113E-013  8.963024402490E-001
  1.864263225826E-001  3.212229282769E-003  4.138517942917E+000 -8.689703227957E+000  1.823570118697E+001  1.574183994937E-013  8.983084206936E-001
  1.896567915983E-001  3.248763033179E-003  4.110541038177E+000 -8.631016948016E+000  1.809749853991E+001  1.187323121439E-013  9.003418177958E-001
  1.929239580409E-001  3.285624961791E-003  4.082438412126E+000 -8.572115907595E+000  1.795907063172E+001  7.581992623480E-014  9.024030150612E-001
  1.962281525771E-001  3.322820058613E-003  4.054212256581E+000 -8.513005061666E+000  1.782043286499E+001  3.691421520335E-014  9.044924043810E-001
  1.995697109023E-001  3.360353390492E-003  4.025864786223E+000 -8.453689386124E+000  1.768160060890E+001  9.927812037622E-015  9.066103862448E-001
  2.029489738173E-001  3.398230102644E-003  3.997398238746E+000 -8.394173877443E+000  1.754258919560E+001 -2.560729673572E-014  9.087573699600E-001
  2.063662873085E-001  3.436455420218E-003  3.968814874999E+000 -8.334463552338E+000  1.740341391654E+001 -5.919227764705E-014  9.109337738773E-001
  2.098220026275E-001  3.475034649885E-003  3.940116979129E+000 -8.274563447436E+000  1.726409001883E+001 -9.676123543431E-014  9.131400256248E-001
  2.133164763746E-001  3.513973181471E-003  3.911306858735E+000 -8.214478618943E+000  1.712463270150E+001 -1.322739299577E-013  9.153765623472E-001
  2.168500705817E-001  3.553276489620E-003  3.882386845007E+000 -8.154214142324E+000  1.698505711185E+001 -1.503598919048E-013  9.176438309547E-001
  2.204231527988E-001  3.592950135496E-003  3.853359292878E+000 -8.093775111982E+000  1.684537834177E+001 -1.883716929385E-013  9.199422883781E-001
  2.240360961807E-001  3.632999768520E-003  3.824226581175E+000 -8.033166640951E+000  1.670561142401E+001 -2.247023294305E-013  9.222724018325E-001
  2.276892795770E-001  3.673431128145E-003  3.794991112761E+000 -7.972393860585E+000  1.656577132850E+001 -2.439863427938E-013  9.246346490898E-001
  2.313830876220E-001  3.714250045674E-003  3.765655314693E+000 -7.911461920266E+000  1.642587295869E+001 -2.856299837269E-013  9.270295187590E-001
  2.351179108282E-001  3.755462446115E-003  3.736221638368E+000 -7.850375987110E+000  1.628593114782E+001 -3.061252438088E-013  9.294575105760E-001
  2.388941456809E-001  3.797074350078E-003  3.706692559671E+000 -7.789141245686E+000  1.614596065523E+001 -3.289312253486E-013  9.319191357028E-001
  2.427121947345E-001  3.839091875711E-003  3.677070579133E+000 -7.727762897740E+000  1.600597616277E+001 -3.663031602164E-013  9.344149170356E-001
  2.465724667110E-001  3.881521240686E-003  3.647358222076E+000 -7.666246161934E+000  1.586599227103E+001 -3.823759769722E-013  9.369453895240E-001
  2.504753766009E-001  3.924368764227E-003  3.617558038767E+000 -7.604596273589E+000  1.572602349580E+001 -4.161543243422E-013  9.395111004994E-001
  2.544213457654E-001  3.967640869177E-003  3.587672604567E+000 -7.542818484439E+000  1.558608426437E+001 -4.417778779305E-013  9.421126100147E-001
  2.584108020414E-001  4.011344084122E-003  3.557704520084E+000 -7.480918062399E+000  1.544618891196E+001 -4.504297376855E-013  9.447504911954E-001
  2.624441798480E-001  4.055485045557E-003  3.527656411323E+000 -7.418900291339E+000  1.530635167816E+001 -4.752267714631E-013  9.474253306012E-001
  2.665219202956E-001  4.100070500102E-003  3.497530929835E+000 -7.356770470876E+000  1.516658670334E+001 -4.972866359926E-013  9.501377286011E-001
  2.706444712976E-001  4.145107306769E-003  3.467330752869E+000 -7.294533916173E+000  1.502690802514E+001 -5.205094862489E-013  9.528882997593E-001
  2.748122876832E-001  4.190602439283E-003  3.437058583518E+000 -7.232195957753E+000  1.488732957499E+001 -5.363348529838E-013  9.556776732352E-001
  2.790258313137E-001  4.236562988450E-003  3.406717150867E+000 -7.169761941329E+000  1.474786517469E+001 -5.556464400057E-013  9.585064931958E-001
  2.832855712010E-001  4.282996164587E-003  3.376309210144E+000 -7.107237227642E+000  1.460852853293E+001 -5.774867035248E-013  9.613754192432E-001
  2.875919836279E-001  4.329909300005E-003  3.345837542859E+000 -7.044627192319E+000  1.446933324199E+001 -5.798923985343E-013  9.642851268549E-001
  2.919455522717E-001  4.377309851548E-003  3.315304956953E+000 -6.981937225746E+000  1.433029277441E+001 -5.997666769488E-013  9.672363078407E-001
  2.963467683296E-001  4.425205403192E-003  3.284714286937E+000 -6.919172732952E+000  1.419142047971E+001 -6.214409762194E-013  9.702296708140E-001
  3.007961306479E-001  4.473603668706E-003  3.254068394033E+000 -6.856339133517E+000  1.405272958123E+001 -6.319335788951E-013  9.732659416794E-001
  3.052941458522E-001  4.522512494374E-003  3.223370166313E+000 -6.793441861486E+000  1.391423317291E+001 -6.446338166818E-013  9.763458641377E-001
  3.098413284823E-001  4.571939861783E-003  3.192622518832E+000 -6.730486365316E+000  1.377594421631E+001 -6.422876222877E-013  9.794702002078E-001
  3.144382011281E-001  4.621893890671E-003  3.161828393764E+000 -6.667478107824E+000  1.363787553752E+001 -6.540909855673E-013  9.826397307663E-001
  3.190852945695E-001  4.672382841850E-003  3.130990760527E+000 -6.604422566166E+000  1.350003982425E+001 -6.715255728450E-013  9.858552561073E-001
  3.237831479192E-001  4.723415120192E-003  3.100112615912E+000 -6.541325231831E+000  1.336244962300E+001 -6.785723125872E-013  9.891175965200E-001
  3.285323087679E-001  4.774999277691E-003  3.069196984204E+000 -6.478191610654E+000  1.322511733625E+001 -6.856245238428E-013  9.924275928882E-001
  3.333333333333E-001  4.827144016591E-003  3.038246917301E+000 -6.415027222848E+000  1.308805521981E+001 -6.825233833322E-013  9.957861073100E-001
  3.381867866117E-001  4.879858192602E-003  3.007265494827E+000 -6.351837603063E+000  1.295127538017E+001 -6.908100822000E-013  9.991940237398E-001
  3.430932425333E-001  4.933150818173E-003  2.976255824239E+000 -6.288628300458E+000  1.281478977209E+001 -6.899502689328E-013  1.002652248653E+000
  3.480532841203E-001  4.987031065868E-003  2.945221040934E+000 -6.225404878800E+000  1.267861019612E+001 -7.003869492592E-013  1.006161711737E+000
  3.530675036492E-001  5.041508271801E-003  2.914164308342E+000 -6.162172916584E+000  1.254274829638E+001 -6.948979476276E-013  1.009723366599E+000
  3.581365028158E-001  5.096591939172E-003  2.883088818020E+000 -6.098938007175E+000  1.240721555835E+001 -7.008476090602E-013  1.013338191514E+000
  3.632608929041E-001  5.152291741875E-003  2.851997789738E+000 -6.035705758970E+000  1.227202330685E+001 -7.006244559201E-013  1.017007190183E+000
  3.684412949588E-001  5.208617528209E-003  2.820894471551E+000 -5.972481795593E+000  1.213718270407E+001 -7.055158617290E-013  1.020731392532E+000
  3.736783399619E-001  5.265579324662E-003  2.789782139874E+000 -5.909271756100E+000  1.200270474780E+001 -6.960328702073E-013  1.024511855535E+000
  3.789726690123E-001  5.323187339805E-003  2.758664099538E+000 -5.846081295219E+000  1.186860026975E+001 -6.819104555860E-013  1.028349664066E+000
  3.843249335105E-001  5.381451968273E-003  2.727543683848E+000 -5.782916083608E+000  1.173487993403E+001 -6.820384623272E-013  1.032245931788E+000
  3.897357953460E-001  5.440383794842E-003  2.696424254618E+000 -5.719781808139E+000  1.160155423577E+001 -6.814280440504E-013  1.036201802067E+000
  3.952059270903E-001  5.499993598618E-003  2.665309202210E+000 -5.656684172207E+000  1.146863349988E+001 -6.685558107276E-013  1.040218448931E+000
  4.007360121927E-001  5.560292357317E-003  2.634201945550E+000 -5.593628896065E+000  1.133612787998E+001 -6.539445648496E-013  1.044297078053E+000
  4.063267451812E-001  5.621291251662E-003  2.603105932139E+000 -5.530621717177E+000  1.120404735751E+001 -6.437581401047E-013  1.048438927783E+000
  4.119788318683E-001  5.683001669888E-003  2.572024638052E+000 -5.467668390603E+000  1.107240174094E+001 -6.272786331500E-013  1.052645270208E+000
  4.176929895600E-001  5.745435212354E-003  2.540961567917E+000 -5.404774689407E+000  1.094120066527E+001 -6.260336912482E-013  1.056917412265E+000
  4.234699472710E-001  5.808603696282E-003  2.509920254889E+000 -5.341946405083E+000  1.081045359156E+001 -6.088284948964E-013  1.061256696883E+000
  4.293104459435E-001  5.872519160606E-003  2.478904260601E+000 -5.279189348015E+000  1.068016980681E+001 -5.928882625109E-013  1.065664504183E+000
  4.352152386716E-001  5.937193870949E-003  2.447917175104E+000 -5.216509347952E+000  1.055035842388E+001 -5.822518561940E-013  1.070142252711E+000
  4.411850909306E-001  6.002640324729E-003  2.416962616789E+000 -5.153912254509E+000  1.042102838170E+001 -5.638017447847E-013  1.074691400734E+000
  4.472207808110E-001  6.068871256391E-003  2.386044232287E+000 -5.091403937695E+000  1.029218844566E+001 -5.498898774582E-013  1.079313447571E+000
  4.533230992589E-001  6.135899642772E-003  2.355165696360E+000 -5.028990288457E+000  1.016384720819E+001 -5.323981603289E-013  1.084009934990E+000
  4.594928503202E-001  6.203738708611E-003  2.324330711759E+000 -4.966677219248E+000  1.003601308958E+001 -5.081270266838E-013  1.088782448655E+000
  4.657308513924E-001  6.272401932198E-003  2.293543009075E+000 -4.904470664615E+000  9.908694338969E+000 -4.944236026381E-013  1.093632619626E+000
  4.720379334802E-001  6.341903051163E-003  2.262806346552E+000 -4.842376581809E+000  9.781899035646E+000 -4.715049205561E-013  1.098562125932E+000
  4.784149414579E-001  6.412256068427E-003  2.232124509891E+000 -4.780400951413E+000  9.655635090475E+000 -4.455565901688E-013  1.103572694191E+000
  4.848627343381E-001  6.483475258298E-003  2.201501312021E+000 -4.718549777983E+000  9.529910247622E+000 -4.249254431242E-013  1.108666101313E+000
  4.913821855461E-001  6.555575172733E-003  2.170940592847E+000 -4.656829090708E+000  9.404732086501E+000 -3.935748599326E-013  1.113844176257E+000
  4.979741832006E-001  6.628570647764E-003  2.140446218965E+000 -4.595244944092E+000  9.280108023949E+000 -3.673345955030E-013  1.119108801872E+000
  5.046396304008E-001  6.702476810086E-003  2.110022083361E+000 -4.533803418633E+000  9.156045316667E+000 -3.481117846511E-013  1.124461916804E+000
  5.113794455212E-001  6.777309083830E-003  2.079672105063E+000 -4.472510621531E+000  9.032551063900E+000 -3.221222092789E-013  1.129905517496E+000
  5.181945625116E-001  6.853083197508E-003  2.049400228776E+000 -4.411372687390E+000  8.909632210366E+000 -2.950265403122E-013  1.135441660252E+000
  5.250859312060E-001  6.929815191146E-003  2.019210424473E+000 -4.350395778939E+000  8.787295549452E+000 -2.665577177172E-013  1.141072463408E+000
  5.320545176366E-001  7.007521423604E-003  1.989106686957E+000 -4.289586087752E+000  8.665547726666E+000 -2.370469727191E-013  1.146800109582E+000
  5.391013043575E-001  7.086218580100E-003  1.959093035384E+000 -4.228949834969E+000  8.544395243346E+000 -2.111533712304E-013  1.152626848020E+000
  5.462272907741E-001  7.165923679926E-003  1.929173512751E+000 -4.168493272026E+000  8.423844460640E+000 -1.764457043911E-013  1.158554997051E+000
  5.534334934816E-001  7.246654084380E-003  1.899352185338E+000 -4.108222681366E+000  8.303901603745E+000 -1.514509988726E-013  1.164586946637E+000
  5.607209466109E-001  7.328427504912E-003  1.869633142112E+000 -4.048144377162E+000  8.184572766424E+000 -1.122911063287E-013  1.170725161043E+000
  5.680907021827E-001  7.411262011483E-003  1.840020494089E+000 -3.988264706021E+000  8.065863915776E+000 -8.827381489741E-014  1.176972181613E+000
  5.755438304707E-001  7.495176041166E-003  1.810518373645E+000 -3.928590047670E+000  7.947780897286E+000 -5.402356026500E-014  1.183330629679E+000
  5.830814203728E-001  7.580188406970E-003  1.781130933783E+000 -3.869126815640E+000  7.830329440135E+000 -2.761328718626E-014  1.189803209587E+000
  5.907045797917E-001  7.666318306912E-003  1.751862347354E+000 -3.809881457915E+000  7.713515162782E+000  6.844378317773E-015  1.196392711865E+000
  5.984144360243E-001  7.753585333338E-003  1.722716806215E+000 -3.750860457566E+000  7.597343578806E+000  4.517668472581E-014  1.203102016531E+000
  6.062121361613E-001  7.842009482502E-003  1.693698520346E+000 -3.692070333350E+000  7.481820103011E+000  8.816503942012E-014  1.209934096543E+000
  6.140988474955E-001  7.931611164409E-003  1.664811716903E+000 -3.633517640278E+000  7.366950057790E+000  1.169700552574E-013  1.216892021417E+000
  6.220757579409E-001  8.022411212936E-003  1.636060639217E+000 -3.575208970143E+000  7.252738679744E+000  1.528875161789E-013  1.223978960995E+000
  6.301440764614E-001  8.114430896230E-003  1.607449545731E+000 -3.517150952002E+000  7.139191126549E+000  1.899352502745E-013  1.231198189397E+000
  6.383050335109E-001  8.207691927403E-003  1.578982708871E+000 -3.459350252616E+000  7.026312484072E+000  2.304845426283E-013  1.238553089150E+000
  6.465598814833E-001  8.302216475524E-003  1.550664413863E+000 -3.401813576818E+000  6.914107773713E+000  2.560294478010E-013  1.246047155506E+000
  6.549098951744E-001  8.398027176926E-003  1.522498957470E+000 -3.344547667841E+000  6.802581959992E+000  2.932886740666E-013  1.253684000966E+000
  6.633563722545E-001  8.495147146827E-003  1.494490646668E+000 -3.287559307557E+000  6.691739958341E+000  3.290203111693E-013  1.261467360014E+000
  6.719006337539E-001  8.593599991288E-003  1.466643797248E+000 -3.230855316657E+000  6.581586643116E+000  3.585823959108E-013  1.269401094074E+000
  6.805440245593E-001  8.693409819506E-003  1.438962732342E+000 -3.174442554740E+000  6.472126855807E+000  3.936417354200E-013  1.277489196703E+000
  6.892879139233E-001  8.794601256469E-003  1.411451780875E+000 -3.118327920317E+000  6.363365413432E+000  4.315977221936E-013  1.285735799030E+000
  6.981336959871E-001  8.897199455961E-003  1.384115275940E+000 -3.062518350715E+000  6.255307117109E+000  4.633832546141E-013  1.294145175465E+000
  7.070827903152E-001  9.001230113956E-003  1.356957553083E+000 -3.007020821884E+000  6.147956760784E+000  5.062022638622E-013  1.302721749674E+000
  7.161366424455E-001  9.106719482390E-003  1.329982948519E+000 -2.951842348078E+000  6.041319140106E+000  5.445171156287E-013  1.311470100853E+000
  7.252967244510E-001  9.213694383338E-003  1.303195797247E+000 -2.896989981431E+000  5.935399061421E+000  5.711294628798E-013  1.320394970309E+000
  7.345645355186E-001  9.322182223606E-003  1.276600431085E+000 -2.842470811391E+000  5.830201350877E+000  6.032911265177E-013  1.329501268363E+000
  7.439416025400E-001  9.432211009745E-003  1.250201176618E+000 -2.788291964021E+000  5.725730863620E+000  6.385863266962E-013  1.338794081599E+000
  7.534294807203E-001  9.543809363512E-003  1.224002353043E+000 -2.734460601152E+000  5.621992493043E+000  6.622322483807E-013  1.348278680483E+000
  7.630297542000E-001  9.657006537783E-003  1.198008269926E+000 -2.680983919374E+000  5.518991180087E+000  7.029201594994E-013  1.357960527352E+000
  7.727440366954E-001  9.771832432940E-003  1.172223224865E+000 -2.627869148865E+000  5.416731922551E+000  7.413968306050E-013  1.367845284824E+000
  7.825739721536E-001  9.888317613741E-003  1.146651501046E+000 -2.575123552042E+000  5.315219784398E+000  7.629656810345E-013  1.377938824633E+000
  7.925212354258E-001  1.000649332670E-002  1.121297364703E+000 -2.522754422024E+000  5.214459905013E+000  7.896236003132E-013  1.388247236915E+000
  8.025875329584E-001  1.012639151798E-002  1.096165062478E+000 -2.470769080893E+000  5.114457508405E+000  8.179572086163E-013  1.398776839985E+000
  8.127746035011E-001  1.024804485184E-002  1.071258818670E+000 -2.419174877757E+000  5.015217912295E+000  8.499289682630E-013  1.409534190621E+000
  8.230842188350E-001  1.037148672960E-002  1.046582832385E+000 -2.367979186581E+000  4.916746537084E+000  8.732568178945E-013  1.420526094889E+000
  8.335181845190E-001  1.049675130923E-002  1.022141274572E+000 -2.317189403801E+000  4.819048914643E+000  9.042396496387E-013  1.431759619544E+000
  8.440783406568E-001  1.062387352550E-002  9.979382849598E-001 -2.266812945690E+000  4.722130696903E+000  9.243345143803E-013  1.443242104045E+000
  8.547665626839E-001  1.075288911077E-002  9.739779688737E-001 -2.216857245473E+000  4.625997664197E+000  9.540838718208E-013  1.454981173207E+000
  8.655847621758E-001  1.088383461638E-002  9.502643939511E-001 -2.167329750183E+000  4.530655733325E+000  9.746214348740E-013  1.466984750552E+000
  8.765348876780E-001  1.101674743475E-002  9.268015867412E-001 -2.118237917240E+000  4.436110965290E+000  9.970188189304E-013  1.479261072378E+000
  8.876189255584E-001  1.115166582209E-002  9.035935291950E-001 -2.069589210748E+000  4.342369572665E+000  1.013349930002E-012  1.491818702617E+000
  8.988389008829E-001  1.128862892191E-002  8.806441550447E-001 -2.021391097497E+000  4.249437926548E+000  1.033832321635E-012  1.504666548502E+000
  9.101968783143E-001  1.142767678917E-002  8.579573460716E-001 -1.973651042658E+000  4.157322563056E+000  1.043829750878E-012  1.517813877126E+000
  9.216949630368E-001  1.156885041525E-002  8.355369282633E-001 -1.926376505167E+000  4.066030189314E+000  1.055827917984E-012  1.531270332920E+000
  9.333353017046E-001  1.171219175365E-002  8.133866678623E-001 -1.879574932773E+000  3.975567688886E+000  1.068951823393E-012  1.545045956138E+000
  9.451200834176E-001  1.185774374655E-002  7.915102673056E-001 -1.833253756764E+000  3.885942126595E+000  1.074440688884E-012  1.559151202388E+000
  9.570515407237E-001  1.200555035216E-002  7.699113610580E-001 -1.787420386336E+000  3.797160752689E+000  1.088071725659E-012  1.573596963301E+000
  9.691319506484E-001  1.215565657299E-002  7.485935113409E-001 -1.742082202616E+000  3.709231006293E+000  1.090285240506E-012  1.588394588393E+000
  9.813636357544E-001  1.230810848498E-002  7.275602037589E-001 -1.697246552323E+000  3.622160518095E+000  1.086784068250E-012  1.603555908214E+000
  9.937489652293E-001  1.246295326757E-002  7.068148428273E-001 -1.652920741052E+000  3.535957112212E+000  1.094649374886E-012  1.619093258867E+000
  1.006290356005E+000  1.262023923477E-002  6.863607474042E-001 -1.609112026193E+000  3.450628807184E+000  1.097669625426E-012  1.635019507981E+000
  1.018990273907E+000  1.278001586715E-002  6.662011460308E-001 -1.565827609457E+000  3.366183816033E+000  1.092222933981E-012  1.651348082252E+000
  1.031851234841E+000  1.294233384499E-002  6.463391721843E-001 -1.523074629024E+000  3.282630545343E+000  1.082242956591E-012  1.668092996650E+000
  1.044875806003E+000  1.310724508236E-002  6.267778594495E-001 -1.480860151294E+000  3.199977593290E+000  1.085020958353E-012  1.685268885404E+000
  1.058066607138E+000  1.327480276248E-002  6.075201366137E-001 -1.439191162242E+000  3.118233746587E+000  1.067423496937E-012  1.702891034905E+000
  1.071426311823E+000  1.344506137405E-002  5.885688226913E-001 -1.398074558386E+000  3.037407976270E+000  1.050863082062E-012  1.720975418645E+000
  1.084957648792E+000  1.361807674895E-002  5.699266218864E-001 -1.357517137346E+000  2.957509432284E+000  1.043549206954E-012  1.739538734348E+000
  1.098663403298E+000  1.379390610110E-002  5.515961184995E-001 -1.317525588019E+000  2.878547436814E+000  1.016940047943E-012  1.758598443447E+000
  1.112546418516E+000  1.397260806657E-002  5.335797717876E-001 -1.278106480354E+000  2.800531476306E+000  1.003316787443E-012  1.778172813069E+000
  1.126609596985E+000  1.415424274514E-002  5.158799107868E-001 -1.239266254743E+000  2.723471192137E+000  9.767287098999E-013  1.798280960732E+000
  1.140855902095E+000  1.433887174317E-002  4.984987291069E-001 -1.201011211025E+000  2.647376369877E+000  9.454736832998E-013  1.818942901927E+000
  1.155288359613E+000  1.452655821788E-002  4.814382797089E-001 -1.163347497122E+000  2.572256927116E+000  9.267457467050E-013  1.840179600819E+000
  1.169910059257E+000  1.471736692327E-002  4.647004696772E-001 -1.126281097304E+000  2.498122899799E+000  8.873174404842E-013  1.862013024292E+000
  1.184724156317E+000  1.491136425740E-002  4.482870549981E-001 -1.089817820110E+000  2.424984427036E+000  8.486653154976E-013  1.884466199589E+000
  1.199733873325E+000  1.510861831145E-002  4.321996353582E-001 -1.053963285923E+000  2.352851734369E+000  8.094847890027E-013  1.907563275836E+000
  1.214942501771E+000  1.530919892035E-002  4.164396489767E-001 -1.018722914233E+000  2.281735115442E+000  7.715368700267E-013  1.931329589719E+000
  1.230353403874E+000  1.551317771520E-002  4.010083674856E-001 -9.841019105970E-001  2.211644912082E+000  7.266825632982E-013  1.955791735671E+000
  1.245970014403E+000  1.572062817747E-002  3.859068908744E-001 -9.501052533137E-001  2.142591492746E+000  6.769391370607E-013  1.980977640899E+000
  1.261795842559E+000  1.593162569510E-002  3.711361425151E-001 -9.167376798564E-001  2.074585229340E+000  6.273001780052E-013  2.006916645640E+000
  1.277834473907E+000  1.614624762054E-002  3.566968642853E-001 -8.840036730719E-001  2.007636472405E+000  5.617304788218E-013  2.033639589064E+000
  1.294089572372E+000  1.636457333079E-002  3.425896118064E-001 -8.519074471871E-001  1.941755524661E+000  5.009279853133E-013  2.061178901282E+000
  1.310564882294E+000  1.658668428962E-002  3.288147498174E-001 -8.204529336551E-001  1.876952612940E+000  4.478846654486E-013  2.089568701950E+000
  1.327264230548E+000  1.681266411190E-002  3.153724477027E-001 -7.896437668759E-001  1.813237858509E+000  3.827506151272E-013  2.118844906008E+000
  1.344191528724E+000  1.704259863026E-002  3.022626751947E-001 -7.594832698339E-001  1.750621245822E+000  3.096373077345E-013  2.149045337162E+000
  1.361350775387E+000  1.727657596408E-002  2.894851982724E-001 -7.299744396946E-001  1.689112589741E+000  2.459298502270E-013  2.180209849730E+000
  1.378746058390E+000  1.751468659100E-002  2.770395752780E-001 -7.011199334065E-001  1.628721501265E+000  1.704169307754E-013  2.212380459589E+000
  1.396381557275E+000  1.775702342093E-002  2.649251532730E-001 -6.729220533594E-001  1.569457351836E+000  9.785294942637E-014  2.245601484971E+000
  1.414261545744E+000  1.800368187279E-002  2.531410646581E-001 -6.453827331509E-001  1.511329236286E+000  1.337665317036E-014  2.279919697981E+000
  1.432390394201E+000  1.825475995395E-002  2.416862240789E-001 -6.185035235185E-001  1.454345934515E+000 -7.206295586431E-014  2.315384487757E+000
  1.450772572390E+000  1.851035834267E-002  2.305593256424E-001 -5.922855784959E-001  1.398515871980E+000 -1.469884496420E-013  2.352048036298E+000
  1.469412652102E+000  1.877058047342E-002  2.197588404673E-001 -5.667296418564E-001  1.343847079115E+000 -2.510847081580E-013  2.389965508092E+000
  1.488315309978E+000  1.903553262542E-002  2.092830145935E-001 -5.418360339100E-001  1.290347149799E+000 -3.401096539273E-013  2.429195254778E+000
  1.507485330398E+000  1.930532401444E-002  1.991298672743E-001 -5.176046387204E-001  1.238023198995E+000 -4.272128557427E-013  2.469799036205E+000
  1.526927608467E+000  1.958006688797E-002  1.892971896756E-001 -4.940348918162E-001  1.186881819716E+000 -5.246218907048E-013  2.511842259394E+000
  1.546647153093E+000  1.985987662391E-002  1.797825440080E-001 -4.711257684662E-001  1.136929039476E+000 -6.243295110155E-013  2.555394237074E+000
  1.566649090169E+000  2.014487183303E-002  1.705832631125E-001 -4.488757725988E-001  1.088170276385E+000 -7.138080723984E-013  2.600528467600E+000
  1.586938665861E+000  2.043517446518E-002  1.616964505269E-001 -4.272829264393E-001  1.040610295092E+000 -8.210990131491E-013  2.647322938302E+000
  1.607521250000E+000  2.073090991960E-002  1.531189810526E-001 -4.063447609479E-001  9.942531627668E-001 -9.204790419013E-013  2.695860454505E+000
  1.628402339588E+000  2.103220715932E-002  1.448475018453E-001 -3.860583071374E-001  9.491022053217E-001 -1.020660153839E-012  2.746228996694E+000
  1.649587562420E+000  2.133919883002E-002  1.368784340512E-001 -3.664200883519E-001  9.051599641142E-001 -1.131385197536E-012  2.798522108599E+000
  1.671082680832E+000  2.165202138333E-002  1.292079750063E-001 -3.474261135911E-001  8.624281533540E-001 -1.241834976720E-012  2.852839319246E+000
  1.692893595565E+000  2.197081520497E-002  1.218321010199E-001 -3.290718719583E-001  8.209076184645E-001 -1.339685198248E-012  2.909286602387E+000
  1.715026349769E+000  2.229572474776E-002  1.147465707570E-001 -3.113523283180E-001  7.805982956551E-001 -1.447566068214E-012  2.967976877106E+000
  1.737487133138E+000  2.262689866987E-002  1.079469292361E-001 -2.942619202393E-001  7.414991729690E-001 -1.545948546846E-012  3.029030553806E+000
  1.760282286187E+000  2.296448997842E-002  1.014285124540E-001 -2.777945563068E-001  7.036082530821E-001 -1.658846169692E-012  3.092576130304E+000
  1.783418304674E+000  2.330865617868E-002  9.518645265022E-002 -2.619436158732E-001  6.669225181303E-001 -1.754069623010E-012  3.158750843294E+000
  1.806901844175E+000  2.365955942924E-002  8.921568421688E-002 -2.467019503278E-001  6.314378968524E-001 -1.858161103772E-012  3.227701381064E+000
  1.830739724818E+000  2.401736670327E-002  8.351095026185E-002 -2.320618859485E-001  5.971492343364E-001 -1.967146974857E-012  3.299584664064E+000
  1.854938936184E+000  2.438224995616E-002  7.806680982613E-002 -2.180152284033E-001  5.640502646579E-001 -2.048777256830E-012  3.374568700730E+000
  1.879506642368E+000  2.475438629994E-002  7.287764575551E-002 -2.045532689604E-001  5.321335867020E-001 -2.151240853620E-012  3.452833526852E+000
  1.904450187236E+000  2.513395818467E-002  6.793767322234E-002 -1.916667924575E-001  5.013906434516E-001 -2.240254805168E-012  3.534572237853E+000
  1.929777099847E+000  2.552115358717E-002  6.324094888972E-002 -1.793460870798E-001  4.718117050255E-001 -2.327193729470E-012  3.619992124490E+000
  1.955495100083E+000  2.591616620741E-002  5.878138070666E-002 -1.675809559802E-001  4.433858557375E-001 -2.417577563569E-012  3.709315923842E+000
  1.981612104475E+000  2.631919567292E-002  5.455273831883E-002 -1.563607307753E-001  4.161009854381E-001 -2.481849711407E-012  3.802783199006E+000
  2.008136232230E+000  2.673044775156E-002  5.054866407512E-002 -1.456742869327E-001  3.899437853886E-001 -2.539043384072E-012  3.900651862665E+000
  2.035075811486E+000  2.715013457311E-002  4.676268460617E-002 -1.355100610618E-001  3.648997488977E-001 -2.600748748239E-012  4.003199861720E+000
  2.062439385788E+000  2.757847486001E-002  4.318822294657E-002 -1.258560701038E-001  3.409531769336E-001 -2.667543316823E-012  4.110727042495E+000
  2.090235720801E+000  2.801569416771E-002  3.981861116770E-002 -1.166999324083E-001  3.180871889012E-001 -2.713529760484E-012  4.223557218709E+000
  2.118473811262E+000  2.846202513514E-002  3.664710348391E-002 -1.080288906689E-001  2.962837387466E-001 -2.749363506339E-012  4.342040467468E+000
  2.147162888201E+000  2.891770774564E-002  3.366688978991E-002 -9.982983667785E-002  2.755236365249E-001 -2.743661687350E-012  4.466555682113E+000
  2.176312426413E+000  2.938298959899E-002  3.087110958278E-002 -9.208933784614E-002  2.557865755325E-001 -2.760847762636E-012  4.597513414863E+000
  2.205932152222E+000  2.985812619504E-002  2.825286621753E-002 -8.479366541994E-002  2.370511650705E-001 -2.781538775699E-012  4.735359046980E+000
  2.236032051522E+000  3.034338122938E-002  2.580524144062E-002 -7.792882431102E-002  2.192949688697E-001 -2.736138512080E-012  4.880576329737E+000
  2.266622378129E+000  3.083902690182E-002  2.352131014170E-002 -7.148058444229E-002  2.024945491631E-001 -2.705118124460E-012  5.033691345941E+000
  2.297713662445E+000  3.134534423818E-002  2.139415525982E-002 -6.543451349552E-002  1.866255163515E-001 -2.668555202322E-012  5.195276949321E+000
  2.329316720450E+000  3.186262342603E-002  1.941688277663E-002 -5.977601093270E-002  1.716625841620E-001 -2.571054930184E-012  5.365957747919E+000
  2.361442663038E+000  3.239116416519E-002  1.758263672555E-002 -5.449034314751E-002  1.575796301484E-001 -2.486853400772E-012  5.546415708005E+000
  2.394102905709E+000  3.293127603351E-002  1.588461414294E-002 -4.956267958895E-002  1.443497613381E-001 -2.385534786571E-012  5.737396467210E+000
  2.427309178642E+000  3.348327886897E-002  1.431607988481E-002 -4.497812968507E-002  1.319453847763E-001 -2.235461544227E-012  5.939716459940E+000
  2.461073537146E+000  3.404750316862E-002  1.287038123040E-002 -4.072178038132E-002  1.203382826688E-001 -2.044810435909E-012  6.154270975098E+000
  2.495408372530E+000  3.462429050548E-002  1.154096219248E-002 -3.677873409569E-002  1.094996917749E-001 -1.865048037671E-012  6.382043286232E+000
  2.530326423398E+000  3.521399396401E-002  1.032137745338E-002 -3.313414688165E-002  9.940038664960E-002 -1.615329678903E-012  6.624115018125E+000
  2.565840787378E+000  3.581697859546E-002  9.205305845580E-003 -2.977326657973E-002  9.001076628648E-002 -1.380477415573E-012  6.881677942241E+000
  2.601964933334E+000  3.643362189376E-002  8.186563296110E-003 -2.668147073069E-002  8.130094366597E-002 -1.086935231326E-012  7.156047427445E+000
  2.638712714049E+000  3.706431429322E-002  7.259115155441E-003 -2.384430401602E-002  7.324083766763E-002 -7.156606581434E-013  7.448677813074E+000
  2.676098379430E+000  3.770945968912E-002  6.417087833545E-003 -2.124751498772E-002  6.580026676510E-002 -3.758921579250E-013  7.761180020361E+000
  2.714136590232E+000  3.836947598236E-002  5.654779668785E-003 -1.887709184615E-002  5.894904388467E-002  4.869992606988E-014  8.095341777164E+000
  2.752842432351E+000  3.904479564947E-002  4.966670959132E-003 -1.671929702514E-002  5.265707177626E-002  4.732647540556E-013  8.453150902252E+000
  2.792231431696E+000  3.973586633921E-002  4.347433089829E-003 -1.476070034585E-002  4.689443821890E-002  1.000050057547E-012  8.836822181932E+000
  2.832319569669E+000  4.044315149734E-002  3.791936697182E-003 -1.298821050592E-002  4.163151036244E-002  1.610147162708E-012  9.248828477226E+000
  2.873123299289E+000  4.116713102086E-002  3.295258814546E-003 -1.138910467816E-002  3.683902749385E-002  2.136187602020E-012  9.691936828576E+000
  2.914659561979E+000  4.190830194354E-002  2.852688953807E-003 -9.951056003969E-003  3.248819151068E-002  2.850550223228E-012  1.016925048314E+001
  2.956945805065E+000  4.266717915414E-002  2.459734083618E-003 -8.662158779727E-003  2.855075438684E-002  3.642255254887E-012  1.068425796436E+001
  3.000000000000E+000  4.344429614932E-002  2.112122474391E-003 -7.510951150954E-003  2.499910192675E-002  4.462218815080E-012  1.124089054422E+001
  3.043840661365E+000  4.424020582308E-002  1.805806389417E-003 -6.486435148033E-003  2.180633312405E-002  5.263267181002E-012  1.184358977742E+001
  3.088486866678E+000  4.505548129460E-002  1.536963611366E-003 -5.578093918956E-003  1.894633447057E-002  6.260586919332E-012  1.249738712959E+001
  3.133958277047E+000  4.589071677685E-002  1.301997803846E-003 -4.775906038865E-003  1.639384859941E-002  7.214286762682E-012  1.320799819828E+001
  3.180275158719E+000  4.674652848797E-002  1.097537718346E-003 -4.070356802606E-003  1.412453669441E-002  8.247654916076E-012  1.398193461329E+001
  3.227458405560E+000  4.762355560797E-002  9.204352678230E-004 -3.452446435127E-003  1.211503415453E-002  9.573218458986E-012  1.482663744557E+001
  3.275529562509E+000  4.852246128332E-002  7.677624991207E-004 -2.913695184748E-003  1.034299906753E-002  1.074158197940E-011  1.575063689790E+001
  3.324510850077E+000  4.944393368200E-002  6.368075072439E-004 -2.446145295925E-003  8.787153120631E-003  1.216759125458E-011  1.676374425578E+001
  3.374425189910E+000  5.038868710203E-002  5.250693450602E-004 -2.042359890618E-003  7.427314656160E-003  1.356890818914E-011  1.787728362464E+001
  3.425296231502E+000  5.135746313639E-002  4.302519921171E-004 -1.695418820230E-003  6.244423667399E-003  1.514070928785E-011  1.910437297601E+001
  3.477148380094E+000  5.235103189784E-002  3.502574557360E-004 -1.398911582993E-003  5.220558621299E-003  1.673133655441E-011  2.046026661718E+001
  3.530006825834E+000  5.337019330676E-002  2.831780862145E-004 -1.146927433821E-003  4.338945090457E-003  1.826909087650E-011  2.196277458021E+001
  3.583897574256E+000  5.441577844603E-002  2.272881956923E-004 -9.340428447531E-004  3.583956274404E-003  2.036150848787E-011  2.363277886430E+001
  3.638847478148E+000  5.548865098670E-002  1.810350768066E-004 -7.553065033995E-004  2.941105588595E-003  2.202435386945E-011  2.549487232229E+001
  3.694884270887E+000  5.658970868864E-002  1.430295225603E-004 -6.062220638238E-004  2.397031596700E-003  2.363878279666E-011  2.757815375652E+001
  3.752036601308E+000  5.771988498079E-002  1.120359527363E-004 -4.827288884355E-004  1.939475655999E-003  2.588331040003E-011  2.991722316346E+001
  3.810334070199E+000  5.888015062562E-002  8.696225456063E-005 -3.811810402806E-004  1.557252735238E-003  2.817312829110E-011  3.255343498506E+001
  3.869807268505E+000  6.007151547295E-002  6.684944610927E-005 -2.983248020316E-004  1.240215947155E-003  3.022289279809E-011  3.553648598463E+001
  3.930487817331E+000  6.129503030858E-002  5.086127011073E-005 -2.312750106888E-004  9.792154124785E-004  3.163507451109E-011  3.892643974697E+001
  3.992408409843E+000  6.255178880352E-002  3.827382325794E-005 -1.774905050760E-004  7.660521367184E-004  3.402063324914E-011  4.279632423993E+001
  4.055602855172E+000  6.384292957002E-002  2.846532200829E-005 -1.347489864722E-004  5.934276341760E-004  3.722248865760E-011  4.723548561295E+001
  4.120106124432E+000  6.516963833101E-002  2.090610009420E-005 -1.011215909665E-004  4.548900737844E-004  3.643018349783E-011  5.235394468206E+001
  4.185954398964E+000  6.653315021009E-002  1.514892573875E-005 -7.494746534566E-005  3.447777478617E-004  3.694259296883E-011  5.828808752389E+001
  4.253185120935E+000  6.793475214960E-002  1.081971799104E-005 -5.480862659601E-005  2.581606766727E-004  3.511058734263E-011  6.520813378200E+001
  4.321837046422E+000  6.937578546490E-002  7.608731822210E-006 -3.950536862656E-005  1.907811585629E-004  3.878766139277E-011  7.332796948512E+001
  4.391950301120E+000  7.085764854355E-002  5.262270883135E-006 -2.803245893134E-005  1.389940572654E-004  3.142037516538E-011  8.291810180370E+001
  4.463566438835E+000  7.238179969882E-002  3.574975337723E-006 -1.955634305092E-005  9.970758515665E-005  3.269261717550E-011  9.432266616106E+001
  4.536728502895E+000  7.394976018725E-002  2.382720217229E-006 -1.339354644097E-005  7.032529446971E-005  2.054127229764E-011  1.079815113286E+002
  4.611481090679E+000  7.556311740127E-002  1.556147572453E-006 -8.990432357239E-006  4.868992892361E-005  6.262332847265E-012  1.244581931461E+002
  4.687870421430E+000  7.722352824817E-002  9.948436096126E-007 -5.904441401726E-006  3.302971738429E-005 -1.571493118581E-011  1.444737060138E+002
  4.765944407533E+000  7.893272272784E-002  6.221602833039E-007 -3.786904233373E-006  2.190761088386E-005 -1.936748338453E-011  1.689427880384E+002
  4.845752729492E+000  8.069250772248E-002  3.806697543217E-007 -2.367484514676E-006  1.417387673130E-005 -1.025006318722E-010  1.990020854479E+002
  4.927346914797E+000  8.250477101257E-002  2.282299742766E-007 -1.440275303355E-006  8.922370924406E-006 -1.559234071940E-010  2.360022759029E+002
  5.010780420931E+000  8.437148553436E-002  1.346306631072E-007 -8.515396766686E-007  5.450715139509E-006 -2.176032054864E-010  2.814010778757E+002
  5.096108722763E+000  8.629471389541E-002  7.878129828795E-008 -4.890562090507E-007  3.224509847904E-006 -3.803178961971E-010  3.364336084865E+002
  5.183389404586E+000  8.827661316581E-002  4.639659666343E-008 -2.730027587911E-007  1.845623171489E-006 -3.851612620472E-010  4.013701246097E+002
  5.272682257105E+000  9.031943996425E-002  2.813043797991E-008 -1.482884935072E-007  1.024508435474E-006 -6.183942439376E-010  4.742218789055E+002
  5.364049379651E+000  9.242555585946E-002  1.810631063075E-008 -7.822471603903E-008  5.564242784430E-007 -8.713445824110E-010  5.492420287342E+002
  5.457555287978E+000  9.459743310926E-002  1.279113682433E-008 -3.941019722864E-008  3.013616351388E-007 -9.448674874294E-010  6.166953920637E+002
  5.553267027968E+000  9.683766076100E-002  1.015969641444E-008 -1.769658604214E-008  1.674235363312E-007 -8.337057307742E-010  6.659068892216E+002
  5.651254295630E+000  9.914895113938E-002  9.098687181678E-009 -5.094067252846E-009  9.735765083060E-008 -1.213607954343E-009  6.908453523777E+002
  5.751589563796E+000  1.015341467494E-001  9.002562021062E-009  2.523377559780E-009  5.790852872775E-008 -1.094904121346E-009  6.932954940122E+002
  5.854348215936E+000  1.039962276248E-001  9.517453690983E-009  7.050295632343E-009  3.163677446941E-008 -9.091203719301E-010  6.805606388237E+002
  5.959608687557E+000  1.065383191537E-001  1.039448445497E-008  9.249623484714E-009  1.084554739951E-008 -5.233117886056E-010  6.608548782816E+002
  6.067452615683E+000  1.091637004188E-001  1.141929069259E-008  9.439596110898E-009 -6.739971439601E-009 -1.116022013519E-009  6.404629951752E+002
  6.177964996951E+000  1.118758130872E-001  1.239039308418E-008  7.874304195574E-009 -2.087847444502E-008 -7.523924331292E-010  6.232735878293E+002
  6.291234354880E+000  1.146782708938E-001  1.312483868729E-008  4.909865271480E-009 -3.061695049303E-008 -4.959928557062E-010  6.114239223764E+002
  6.407352916949E+000  1.175748697626E-001  1.347508103812E-008  1.032619702679E-009 -3.527445450427E-008 -7.057100979771E-010  6.060800046878E+002
  6.526416802128E+000  1.205695986129E-001  1.334612702011E-008 -3.189939200805E-009 -3.484865104884E-008 -4.854767672174E-010  6.080257894371E+002
  6.648526219580E+000  1.236666509049E-001  1.270639087553E-008 -7.189918803793E-009 -3.004832142038E-008 -3.686811424698E-010  6.180633828176E+002
  6.773785679311E+000  1.268704369821E-001  1.158932954563E-008 -1.047980640362E-008 -2.211409623663E-008 -4.151085258303E-010  6.373152551550E+002
  6.902304215570E+000  1.301855972713E-001  1.008572297600E-008 -1.271383306153E-008 -1.255004693948E-008 -2.554490171092E-010  6.675309499568E+002
  7.034195623922E+000  1.336170164087E-001  8.328395822278E-009 -1.372063063979E-008 -2.852164161368E-009 -1.550702220362E-010  7.115192140204E+002
  7.169578712934E+000  1.371698383673E-001  6.472297705972E-009 -1.350577293440E-008  5.712454465978E-009 -8.961103048227E-011  7.739048882306E+002
  7.308577571516E+000  1.408494826628E-001  4.673258809520E-009 -1.222836568410E-008  1.224872139656E-008  1.012828601199E-010  8.626483721601E+002
  7.451321853057E+000  1.446616617293E-001  3.068546365176E-009 -1.015922518299E-008  1.629293006391E-008  1.904618267836E-010  9.924977288819E+002
  7.597947077547E+000  1.486123995567E-001  1.761720895295E-009 -7.629603349283E-009  1.779726135187E-008  6.843106991680E-010  1.194156874445E+003
  7.748594953021E+000  1.527080516973E-001  8.133958905883E-010 -4.979221414576E-009  1.705754147598E-008  1.248687574183E-009  1.545040116591E+003
  7.903413717736E+000  1.569553267535E-001  2.385057152656E-010 -2.510976559909E-009  1.460654680522E-008  2.467462474427E-009  2.325631072893E+003
  8.062558504629E+000  1.613613094717E-001  9.731344627443E-012 -4.575258790786E-010  1.109517986547E-008  2.232111265229E-008  6.755375076793E+003
  8.226191729726E+000  1.659334855793E-001  6.594208810650E-011  1.037540213645E-009  7.180784855607E-009 -3.665152795646E-009  3.569873715112E+003
  8.394483506327E+000  1.706797685137E-001  3.239669335750E-010  1.923663216275E-009  3.436853859639E-009 -2.465985965687E-009  2.099939856683E+003
  8.567612086926E+000  1.756085282071E-001  6.917535921910E-010  2.234227764562E-009  2.924774265181E-010 -2.075545090117E-009  1.630759600259E+003
  8.745764335025E+000  1.807286221064E-001  1.081007829792E-009  2.067730452032E-009 -1.995935432716E-009 -1.207209135221E-009  1.405284119058E+003
  8.929136229160E+000  1.860494286260E-001  1.417693882578E-009  1.563337948762E-009 -3.343154289555E-009 -1.137001839564E-009  1.283845992480E+003
  9.117933401693E+000  1.915808832504E-001  1.649253245985E-009  8.750955455565E-010 -3.810018076838E-009 -9.213646657287E-010  1.220706627324E+003
  9.312371715124E+000  1.973335175235E-001  1.747980026597E-009  1.485695378945E-010 -3.563019856327E-009 -9.106109756641E-010  1.197277799354E+003
  9.512677878945E+000  2.033185011886E-001  1.710586271006E-009 -4.972259061972E-010 -2.827442812253E-009 -7.311449652242E-010  1.205939232580E+003
  9.719090110332E+000  2.095476877688E-001  1.554516327751E-009 -9.809614237364E-010 -1.842101485403E-009 -7.010592680433E-010  1.245017116759E+003
  9.931858842267E+000  2.160336639044E-001  1.311958512283E-009 -1.262781285174E-009 -8.219338396026E-010 -5.885424852137E-010  1.317448713394E+003
  1.015124748302E+001  2.227898028021E-001  1.022713205258E-009 -1.341469076305E-009  6.768894261764E-011 -5.710688561411E-010  1.431492676036E+003
  1.037753323129E+001  2.298303221843E-001  7.270962624210E-010 -1.246561723623E-009  7.235725946465E-010 -3.984871504471E-010  1.603896898229E+003
  1.061100795175E+001  2.371703471699E-001  4.599013767259E-010 -1.027473502190E-009  1.105106991645E-009 -3.527311544678E-010  1.868467357432E+003
  1.085197911611E+001  2.448259785618E-001  2.461554995139E-010 -7.417978591800E-010  1.225032767469E-009 -2.178672471061E-010  2.301285868234E+003
  1.110077081537E+001  2.528143670735E-001  9.903505644848E-011 -4.447144345593E-010  1.134100485612E-009  2.724447851964E-010  3.117291632162E+003
  1.135772484956E+001  2.611537940784E-001  1.993171636364E-011 -1.809274658932E-010  9.033872518459E-010  1.914967960604E-009  5.319353495204E+003
  1.162320190175E+001  2.698637595360E-001  3.254152074343E-013  2.008435088608E-011  6.076229857639E-010  0.000000000000E+000  0.000000000000E+000
  1.189758280382E+001  2.789650778206E-001  2.488663347583E-011  1.453932137151E-010  3.120037493933E-010 -2.459600701374E-009  4.939902391361E+003
  1.218126990242E+001  2.884799822596E-001  7.511712806168E-011  1.969852457106E-010  6.386029918040E-011 -1.438971156546E-009  3.418173423171E+003
  1.247468853413E+001  2.984322392826E-001  1.328530678861E-010  1.880266779001E-010 -1.105647257025E-010 -1.188572739418E-009  2.826505852231E+003
  1.277828862002E+001  3.088472731875E-001  1.830795120697E-010  1.380872208883E-010 -2.049066188853E-010 -1.016405390536E-009  2.539961708855E+003
  1.309254639077E+001  3.197523026463E-001  2.157059306731E-010  6.834985817524E-011 -2.283282812258E-010 -9.409441458035E-010  2.404841122092E+003
  1.341796625462E+001  3.311764902095E-001  2.261848876345E-010 -2.363420285690E-012 -1.995791984545E-010 -8.797689125975E-010  2.367114269174E+003
  1.375508282195E+001  3.431511062169E-001  2.150750882833E-010 -6.023074259507E-011 -1.409343149979E-010 -8.346232609181E-010  2.407190061225E+003
  1.410446310162E+001  3.557097086969E-001  1.868182262308E-010 -9.756103280116E-011 -7.315172065900E-011 -7.965476080940E-010  2.522903679426E+003
  1.446670888596E+001  3.688883410292E-001  1.480926781210E-010 -1.125542307514E-010 -1.211834374888E-011 -7.517680926567E-010  2.726021159772E+003
  1.484245934302E+001  3.827257493700E-001  1.061192612906E-010 -1.080531663388E-010  3.263549414985E-011 -7.258647850692E-010  3.046321101939E+003
  1.523239383723E+001  3.972636220891E-001  6.723460999101E-011 -8.975908182450E-011  5.777929229020E-011 -6.935279661322E-010  3.546849723534E+003
  1.563723500136E+001  4.125468537596E-001  3.593860975771E-011 -6.437849531745E-011  6.487343847173E-011 -6.335288569596E-010  4.370387988783E+003
  1.605775208607E+001  4.286238365683E-001  1.449285933396E-011 -3.807370753471E-011  5.849717158122E-011 -5.774634659653E-010  5.915467317178E+003
  1.649476461582E+001  4.455467823929E-001  3.026334683136E-012 -1.544041725169E-011  4.435520355701E-011 -3.590766479086E-010  9.970909318720E+003
  1.694914638379E+001  4.633720792263E-001  1.518677557613E-014  9.245613744435E-013  2.775667003487E-011  0.000000000000E+000  0.000000000000E+000
  1.742182982203E+001  4.821606861220E-001  2.958600814084E-012  1.033837631915E-011  1.266817810392E-011 -1.009999832878E-009  1.004642687376E+004
  1.791381078784E+001  5.019785714107E-001  9.073037567606E-012  1.359068219571E-011  1.360237495179E-012 -8.533189458243E-010  6.914957499452E+003
  1.842615381215E+001  5.228971995942E-001  1.586417516443E-011  1.233786983944E-011 -5.468355028641E-012 -7.981955147534E-010  5.739859379124E+003
  1.895999786176E+001  5.449940730840E-001  2.149411604367E-011  8.507023310337E-012 -8.273069252595E-012 -7.655056087138E-010  5.187210693738E+003
  1.951656267356E+001  5.683533358366E-001  2.492384431232E-011  3.831986469482E-012 -8.144418225268E-012 -7.432409708344E-010  4.937442772736E+003
  2.009715572669E+001  5.930664469535E-001  2.586277733722E-011 -4.208282829897E-013 -6.338338641103E-012 -7.276214707411E-010  4.876954434280E+003
  2.070317992707E+001  6.192329335039E-001  2.458936701734E-011 -3.538627814151E-012 -3.944807059802E-012 -7.147925172149E-010  4.959729242659E+003
  2.133614208874E+001  6.469612332096E-001  2.171649466167E-011 -5.303649435246E-012 -1.720008773565E-012 -7.045815545530E-010  5.169444095708E+003
  2.199766230782E+001  6.763696392388E-001  1.796616603439E-011 -5.851790330298E-012 -5.942320358325E-014 -6.960485024456E-010  5.506664473220E+003
  2.268948433818E+001  7.075873612439E-001  1.399686763317E-011 -5.508664987732E-012  9.364097324927E-013 -6.888006094866E-010  5.984531166485E+003
  2.341348709294E+001  7.407557189842E-001  1.030210539690E-011 -4.647701647949E-012  1.355958412645E-012 -6.823668723611E-010  6.628243002719E+003
  2.417169741362E+001  7.760294874639E-001  7.177107149581E-012 -3.593781233883E-012  1.372465780001E-012 -6.768223641936E-010  7.476940791572E+003
  2.496630426925E+001  8.135784155747E-001  4.736652695499E-012 -2.576475761542E-012  1.165943483144E-012 -6.718618549389E-010  8.587826019594E+003
  2.579967457140E+001  8.535889438281E-001  2.961586022775E-012 -1.723561378677E-012  8.790284154908E-013 -6.674527448757E-010  1.004305021872E+004
  2.667437081864E+001  8.962661510291E-001  1.753332038547E-012 -1.079530623477E-012  6.024132705964E-013 -6.634697190837E-010  1.196058335315E+004
  2.759317081651E+001  9.418359647997E-001  9.817737850906E-013 -6.340503580704E-013  3.797720109801E-013  0.000000000000E+000  0.000000000000E+000
  2.855908975674E+001  9.905476768748E-001  5.191272365264E-013 -3.493045138315E-013  2.215864167921E-013  0.000000000000E+000  0.000000000000E+000
  2.957540498378E+001  1.042676811269E+000  2.586782943208E-013 -1.803705671450E-013  1.200094804098E-013  0.000000000000E+000  0.000000000000E+000
  3.064568382919E+001  1.098528402000E+000  1.211672800387E-013 -8.716819949364E-014  6.038438488845E-014  0.000000000000E+000  0.000000000000E+000
  3.177381495601E+001  1.158440747351E+000  5.319521081422E-014 -3.933943175717E-014  2.821035462606E-014  0.000000000000E+000  0.000000000000E+000
  3.296404372807E+001  1.222789720048E+000  2.181387768362E-014 -1.653252256052E-014  1.221625853143E-014  0.000000000000E+000  0.000000000000E+000
  3.422101220608E+001  1.291993727721E+000  8.323435438984E-015 -6.448578417960E-015  4.892393851321E-015  0.000000000000E+000  0.000000000000E+000
  3.554980447538E+001  1.366519436102E+000  2.942155025214E-015 -2.324855685603E-015  1.805153511997E-015  0.000000000000E+000  0.000000000000E+000
  3.695599813319E+001  1.446888389511E+000  9.586064403422E-016 -7.710979429813E-016  6.112159797058E-016  0.000000000000E+000  0.000000000000E+000
  3.844572291106E+001  1.533684690030E+000  2.863327452524E-016 -2.340878614005E-016  1.890197044777E-016  0.000000000000E+000  0.000000000000E+000
  4.002572758518E+001  1.627563929686E+000  7.791580019956E-017 -6.464538115111E-017  5.307570076151E-017  0.000000000000E+000  0.000000000000E+000
  4.170345654134E+001  1.729263610453E+000  1.918232860576E-017 -1.613119145341E-017  1.344508545830E-017  0.000000000000E+000  0.000000000000E+000
  4.348713762001E+001  1.839615336740E+000  4.239673369722E-018 -3.609639249393E-018  3.050000297590E-018  0.000000000000E+000  0.000000000000E+000
  4.538588318162E+001  1.959559126947E+000  7.331285814263E-019 -6.173074872655E-019  5.135763536277E-019  0.000000000000E+000  0.000000000000E+000
  4.740980671574E+001  2.090160267552E+000  1.312756841391E-019 -2.572637326788E-019  2.372046086936E-019  0.000000000000E+000  0.000000000000E+000
  4.957015778746E+001  2.232629229408E+000  3.815009227925E-020 -9.857376600981E-021 -3.944282723203E-020  0.000000000000E+000  0.000000000000E+000
  5.187947869225E+001  2.388345286640E+000  0.000000000000E+000  3.974954004318E-021  1.144200566223E-020  0.000000000000E+000  0.000000000000E+000
  5.435178690397E+001  2.558884630889E+000  1.368094397095E-021 -1.267409987251E-021  0.000000000000E+000  0.000000000000E+000  0.000000000000E+000
  5.700278828629E+001  2.746053966795E+000  0.000000000000E+000  0.000000000000E+000  0.000000000000E+000  0.000000000000E+000  0.000000000000E+000
  5.985012714155E+001  2.951930820846E+000  0.000000000000E+000  0.000000000000E+000  0.000000000000E+000  0.000000000000E+000  0.000000000000E+000
  6.291368055481E+001  3.178912111311E+000  0.000000000000E+000  0.000000000000E+000  0.000000000000E+000  0.000000000000E+000  0.000000000000E+000
  6.621590623276E+001  3.429772933797E+000  0.000000000000E+000  0.000000000000E+000  0.000000000000E+000  0.000000000000E+000  0.000000000000E+000
  6.978225524452E+001  3.707738044625E+000  0.000000000000E+000  0.000000000000E+000  0.000000000000E+000  0.000000000000E+000  0.000000000000E+000
  7.364166388185E+001  4.016569212832E+000  0.000000000000E+000  0.000000000000E+000  0.000000000000E+000  0.000000000000E+000  0.000000000000E+000
  7.782714245929E+001  4.360672516382E+000  0.000000000000E+000  0.000000000000E+000  0.000000000000E+000  0.000000000000E+000  0.000000000000E+000
  8.237648351994E+001  4.745230855210E+000  0.000000000000E+000  0.000000000000E+000  0.000000000000E+000  0.000000000000E+000  0.000000000000E+000
  8.733311794503E+001  5.176368549127E+000  0.000000000000E+000  0.000000000000E+000  0.000000000000E+000  0.000000000000E+000  0.000000000000E+000
  9.274715535088E+001  5.661357031559E+000  0.000000000000E+000  0.000000000000E+000  0.000000000000E+000  0.000000000000E+000  0.000000000000E+000
  9.867665554529E+001  6.208873552072E+000  0.000000000000E+000  0.000000000000E+000  0.000000000000E+000  0.000000000000E+000  0.000000000000E+000
  1.051891916055E+002  6.829328764649E+000  0.000000000000E+000  0.000000000000E+000  0.000000000000E+000  0.000000000000E+000  0.000000000000E+000
  1.123637836013E+002  7.535284543316E+000  0.000000000000E+000  0.000000000000E+000  0.000000000000E+000  0.000000000000E+000  0.000000000000E+000
  1.202933069206E+002  8.341990973528E+000  0.000000000000E+000  0.000000000000E+000  0.000000000000E+000  0.000000000000E+000  0.000000000000E+000
  1.290875131414E+002  9.268082166539E+000  0.000000000000E+000  0.000000000000E+000  0.000000000000E+000  0.000000000000E+000  0.000000000000E+000
  1.388768482001E+002  1.033648575811E+001  0.000000000000E+000  0.000000000000E+000  0.000000000000E+000  0.000000000000E+000  0.000000000000E+000
  1.498173177370E+002  1.157562284364E+001  0.000000000000E+000  0.000000000000E+000  0.000000000000E+000  0.000000000000E+000  0.000000000000E+000
  1.620967411853E+002  1.302100699722E+001  0.000000000000E+000  0.000000000000E+000  0.000000000000E+000  0.000000000000E+000  0.000000000000E+000
  1.759428668168E+002  1.471739812515E+001  0.000000000000E+000  0.000000000000E+000  0.000000000000E+000  0.000000000000E+000  0.000000000000E+000
  1.916340085825E+002  1.672173748087E+001  0.000000000000E+000  0.000000000000E+000  0.000000000000E+000  0.000000000000E+000  0.000000000000E+000
  2.095131417987E+002  1.910719757888E+001  0.000000000000E+000  0.000000000000E+000  0.000000000000E+000  0.000000000000E+000  0.000000000000E+000
  2.300068054477E+002  2.196884699990E+001  0.000000000000E+000  0.000000000000E+000  0.000000000000E+000  0.000000000000E+000  0.000000000000E+000
  2.536507797910E+002  2.543169216868E+001  0.000000000000E+000  0.000000000000E+000  0.000000000000E+000  0.000000000000E+000  0.000000000000E+000
  2.811254638474E+002  2.966227967912E+001  0.000000000000E+000  0.000000000000E+000  0.000000000000E+000  0.000000000000E+000  0.000000000000E+000
  3.133053780630E+002  3.488573552677E+001  0.000000000000E+000  0.000000000000E+000  0.000000000000E+000  0.000000000000E+000  0.000000000000E+000
  3.513296254502E+002  4.141128389041E+001  0.000000000000E+000  0.000000000000E+000  0.000000000000E+000  0.000000000000E+000  0.000000000000E+000
  3.967041014106E+002  4.967130404214E+001  0.000000000000E+000  0.000000000000E+000  0.000000000000E+000  0.000000000000E+000  0.000000000000E+000
  4.514529193349E+002  6.028257212519E+001  0.000000000000E+000  0.000000000000E+000  0.000000000000E+000  0.000000000000E+000  0.000000000000E+000
  5.183481233601E+002  7.414493328740E+001  0.000000000000E+000  0.000000000000E+000  0.000000000000E+000  0.000000000000E+000  0.000000000000E+000
  6.012676077950E+002  9.260523890243E+001  0.000000000000E+000  0.000000000000E+000  0.000000000000E+000  0.000000000000E+000  0.000000000000E+000
  7.057700503752E+002  1.177394213729E+002  0.000000000000E+000  0.000000000000E+000  0.000000000000E+000  0.000000000000E+000  0.000000000000E+000
  8.400513767914E+002  1.528577972397E+002  0.000000000000E+000  0.000000000000E+000  0.000000000000E+000  0.000000000000E+000  0.000000000000E+000
  1.016602135495E+003  2.034537342122E+002  0.000000000000E+000  0.000000000000E+000  0.000000000000E+000  0.000000000000E+000  0.000000000000E+000
  1.255220715580E+003  2.790860613466E+002  0.000000000000E+000  0.000000000000E+000  0.000000000000E+000  0.000000000000E+000  0.000000000000E+000
  1.588815776243E+003  3.973705897531E+002  0.000000000000E+000  0.000000000000E+000  0.000000000000E+000  0.000000000000E+000  0.000000000000E+000
  2.075392011604E+003  5.931596040112E+002  0.000000000000E+000  0.000000000000E+000  0.000000000000E+000  0.000000000000E+000  0.000000000000E+000
  2.825079847529E+003  9.419154890021E+002  0.000000000000E+000  0.000000000000E+000  0.000000000000E+000  0.000000000000E+000  0.000000000000E+000
  4.068408296184E+003  1.627629972033E+003  0.000000000000E+000  0.000000000000E+000  0.000000000000E+000  0.000000000000E+000  0.000000000000E+000
  6.357262947674E+003  3.178964796686E+003  0.000000000000E+000  0.000000000000E+000  0.000000000000E+000  0.000000000000E+000  0.000000000000E+000
  1.130231930164E+004  7.535323971013E+003  0.000000000000E+000  0.000000000000E+000  0.000000000000E+000  0.000000000000E+000  0.000000000000E+000
  2.543105175140E+004  2.543171841285E+004  0.000000000000E+000  0.000000000000E+000  0.000000000000E+000  0.000000000000E+000  0.000000000000E+000
  1.017262069958E+005  2.034537473226E+005  0.000000000000E+000  0.000000000000E+000  0.000000000000E+000  0.000000000000E+000  0.000000000000E+000
