# 1st line: number of mesh points
# abcissa weight wavefunction wavefunction_1st wavefunction_2nd
500
# Principal QN=   1 , l=   1 , Occupation=   0.0000
  9.830308526508E-006  1.966074589941E-005  4.875217283614E-006  4.959278964054E-001 -1.925874464297E+000
  3.932200719717E-005  3.932303800261E-005  1.950013588652E-005  4.958711036038E-001 -1.925568773804E+000
  8.847741541455E-005  5.898842277178E-005  4.387255628075E-005  4.957764640049E-001 -1.925059384061E+000
  1.573003992804E-004  7.865844718600E-005  7.798881330580E-005  4.956440002093E-001 -1.924346436663E+000
  2.457963722417E-004  9.833465899987E-005  1.218437772475E-004  4.954737438474E-001 -1.923430129783E+000
  3.539722959954E-004  1.180186070023E-004  1.754308553485E-004  4.952657355696E-001 -1.922310718126E+000
  4.818366816528E-004  1.377118412759E-004  2.387419937494E-004  4.950200250330E-001 -1.920988512851E+000
  6.293995911626E-004  1.574159134560E-004  3.117676798611E-004  4.947366708851E-001 -1.919463881494E+000
  7.966726389934E-004  1.771323769912E-004  3.944969451665E-004  4.944157407455E-001 -1.917737247858E+000
  9.836689940782E-004  1.968627874036E-004  4.869173684530E-004  4.940573111831E-001 -1.915809091902E+000
  1.190403382016E-003  2.166087025496E-004  5.890150794728E-004  4.936614676924E-001 -1.913679949605E+000
  1.416892087541E-003  2.363716828821E-004  7.007747630330E-004  4.932283046650E-001 -1.911350412820E+000
  1.663152957245E-003  2.561532917128E-004  8.221796635118E-004  4.927579253591E-001 -1.908821129109E+000
  1.929205402573E-003  2.759550954757E-004  9.532115898027E-004  4.922504418665E-001 -1.906092801566E+000
  2.215070403074E-003  2.957786639908E-004  1.093850920684E-003  4.917059750755E-001 -1.903166188617E+000
  2.520770509919E-003  3.156255707300E-004  1.244076610610E-003  4.911246546320E-001 -1.900042103813E+000
  2.846329849692E-003  3.354973930828E-004  1.403866195936E-003  4.905066188971E-001 -1.896721415601E+000
  3.191774128432E-003  3.553957126240E-004  1.573195801548E-003  4.898520149020E-001 -1.893205047084E+000
  3.557130635959E-003  3.753221153821E-004  1.752040147930E-003  4.891609982998E-001 -1.889493975761E+000
  3.942428250463E-003  3.952781921092E-004  1.940372558645E-003  4.884337333146E-001 -1.885589233254E+000
  4.347697443358E-003  4.152655385525E-004  2.138164968229E-003  4.876703926878E-001 -1.881491905016E+000
  4.772970284417E-003  4.352857557265E-004  2.345387930505E-003  4.868711576209E-001 -1.877203130029E+000
  5.218280447175E-003  4.553404501876E-004  2.562010627319E-003  4.860362177163E-001 -1.872724100480E+000
  5.683663214611E-003  4.754312343099E-004  2.788000877673E-003  4.851657709143E-001 -1.868056061424E+000
  6.169155485101E-003  4.955597265624E-004  3.023325147280E-003  4.842600234279E-001 -1.863200310429E+000
  6.674795778653E-003  5.157275517886E-004  3.267948558527E-003  4.833191896743E-001 -1.858158197211E+000
  7.200624243425E-003  5.359363414876E-004  3.521834900838E-003  4.823434922037E-001 -1.852931123244E+000
  7.746682662519E-003  5.561877340970E-004  3.784946641447E-003  4.813331616250E-001 -1.847520541361E+000
  8.313014461060E-003  5.764833752781E-004  4.057244936570E-003  4.802884365292E-001 -1.841927955338E+000
  8.899664713569E-003  5.968249182030E-004  4.338689642973E-003  4.792095634086E-001 -1.836154919455E+000
  9.506680151615E-003  6.172140238444E-004  4.629239329941E-003  4.780967965752E-001 -1.830203038053E+000
  1.013410917176E-002  6.376523612666E-004  4.928851291638E-003  4.769503980740E-001 -1.824073965065E+000
  1.078200184380E-002  6.581416079202E-004  5.237481559855E-003  4.757706375951E-001 -1.817769403532E+000
  1.145040991929E-002  6.786834499385E-004  5.555084917146E-003  4.745577923820E-001 -1.811291105110E+000
  1.213938684040E-002  6.992795824361E-004  5.881614910350E-003  4.733121471375E-001 -1.804640869552E+000
  1.284898774901E-002  7.199317098113E-004  6.217023864490E-003  4.720339939267E-001 -1.797820544176E+000
  1.357926949620E-002  7.406415460502E-004  6.561262897047E-003  4.707236320769E-001 -1.790832023322E+000
  1.433029065191E-002  7.614108150341E-004  6.914281932608E-003  4.693813680748E-001 -1.783677247788E+000
  1.510211151509E-002  7.822412508494E-004  7.276029717886E-003  4.680075154614E-001 -1.776358204247E+000
  1.589479412397E-002  8.031345981016E-004  7.646453837095E-003  4.666023947229E-001 -1.768876924654E+000
  1.670840226680E-002  8.240926122311E-004  8.025500727695E-003  4.651663331801E-001 -1.761235485635E+000
  1.754300149280E-002  8.451170598329E-004  8.413115696481E-003  4.636996648742E-001 -1.753436007855E+000
  1.839865912351E-002  8.662097189796E-004  8.809242936034E-003  4.622027304500E-001 -1.745480655372E+000
  1.927544426443E-002  8.873723795480E-004  9.213825541506E-003  4.606758770365E-001 -1.737371634982E+000
  2.017342781695E-002  9.086068435487E-004  9.626805527751E-003  4.591194581244E-001 -1.729111195533E+000
  2.109268249069E-002  9.299149254598E-004  1.004812384679E-002  4.575338334415E-001 -1.720701627235E+000
  2.203328281612E-002  9.512984525641E-004  1.047772040561E-002  4.559193688244E-001 -1.712145260950E+000
  2.299530515754E-002  9.727592652906E-004  1.091553408427E-002  4.542764360885E-001 -1.703444467459E+000
  2.397882772639E-002  9.942992175591E-004  1.136150275433E-002  4.526054128948E-001 -1.694601656724E+000
  2.498393059493E-002  1.015920177130E-003  1.181556329762E-002  4.509066826139E-001 -1.685619277126E+000
  2.601069571024E-002  1.037624025957E-003  1.227765162526E-002  4.491806341874E-001 -1.676499814686E+000
  2.705920690860E-002  1.059412660547E-003  1.274770269699E-002  4.474276619874E-001 -1.667245792273E+000
  2.812954993023E-002  1.081287992318E-003  1.322565054087E-002  4.456481656722E-001 -1.657859768796E+000
  2.922181243436E-002  1.103251947969E-003  1.371142827312E-002  4.438425500402E-001 -1.648344338373E+000
  3.033608401473E-002  1.125306469854E-003  1.420496811836E-002  4.420112248811E-001 -1.638702129495E+000
  3.147245621542E-002  1.147453516351E-003  1.470620143002E-002  4.401546048244E-001 -1.628935804162E+000
  3.263102254705E-002  1.169695062249E-003  1.521505871113E-002  4.382731091856E-001 -1.619048057009E+000
  3.381187850339E-002  1.192033099133E-003  1.573146963519E-002  4.363671618096E-001 -1.609041614415E+000
  3.501512157837E-002  1.214469635775E-003  1.625536306747E-002  4.344371909120E-001 -1.598919233594E+000
  3.624085128345E-002  1.237006698530E-003  1.678666708638E-002  4.324836289180E-001 -1.588683701674E+000
  3.748916916538E-002  1.259646331739E-003  1.732530900516E-002  4.305069122984E-001 -1.578337834753E+000
  3.876017882444E-002  1.282390598136E-003  1.787121539374E-002  4.285074814039E-001 -1.567884476943E+000
  4.005398593302E-002  1.305241579266E-003  1.842431210084E-002  4.264857802963E-001 -1.557326499400E+000
  4.137069825459E-002  1.328201375897E-003  1.898452427622E-002  4.244422565787E-001 -1.546666799336E+000
  4.271042566323E-002  1.351272108452E-003  1.955177639312E-002  4.223773612220E-001 -1.535908299012E+000
  4.407328016341E-002  1.374455917436E-003  2.012599227088E-002  4.202915483900E-001 -1.525053944721E+000
  4.545937591035E-002  1.397754963880E-003  2.070709509777E-002  4.181852752626E-001 -1.514106705749E+000
  4.686882923075E-002  1.421171429779E-003  2.129500745381E-002  4.160590018559E-001 -1.503069573330E+000
  4.830175864396E-002  1.444707518548E-003  2.188965133395E-002  4.139131908415E-001 -1.491945559573E+000
  4.975828488365E-002  1.468365455478E-003  2.249094817114E-002  4.117483073628E-001 -1.480737696385E+000
  5.123853091993E-002  1.492147488203E-003  2.309881885971E-002  4.095648188500E-001 -1.469449034373E+000
  5.274262198188E-002  1.516055887169E-003  2.371318377869E-002  4.073631948324E-001 -1.458082641730E+000
  5.427068558066E-002  1.540092946119E-003  2.433396281532E-002  4.051439067501E-001 -1.446641603113E+000
  5.582285153302E-002  1.564260982573E-003  2.496107538855E-002  4.029074277627E-001 -1.435129018497E+000
  5.739925198530E-002  1.588562338332E-003  2.559444047267E-002  4.006542325570E-001 -1.423548002025E+000
  5.900002143803E-002  1.612999379973E-003  2.623397662088E-002  3.983847971530E-001 -1.411901680831E+000
  6.062529677088E-002  1.637574499364E-003  2.687960198900E-002  3.960995987078E-001 -1.400193193861E+000
  6.227521726827E-002  1.662290114181E-003  2.753123435908E-002  3.937991153187E-001 -1.388425690678E+000
  6.394992464542E-002  1.687148668440E-003  2.818879116306E-002  3.914838258245E-001 -1.376602330242E+000
  6.564956307496E-002  1.712152633027E-003  2.885218950642E-002  3.891542096053E-001 -1.364726279693E+000
  6.737427921404E-002  1.737304506249E-003  2.952134619171E-002  3.868107463814E-001 -1.352800713112E+000
  6.912422223211E-002  1.762606814387E-003  3.019617774210E-002  3.844539160107E-001 -1.340828810267E+000
  7.089954383907E-002  1.788062112257E-003  3.087660042482E-002  3.820841982848E-001 -1.328813755355E+000
  7.270039831418E-002  1.813672983787E-003  3.156253027449E-002  3.797020727250E-001 -1.316758735724E+000
  7.452694253540E-002  1.839442042599E-003  3.225388311637E-002  3.773080183761E-001 -1.304666940586E+000
  7.637933600943E-002  1.865371932600E-003  3.295057458943E-002  3.749025136004E-001 -1.292541559720E+000
  7.825774090225E-002  1.891465328589E-003  3.365252016931E-002  3.724860358701E-001 -1.280385782162E+000
  8.016232207035E-002  1.917724936867E-003  3.435963519109E-002  3.700590615598E-001 -1.268202794887E+000
  8.209324709253E-002  1.944153495867E-003  3.507183487185E-002  3.676220657382E-001 -1.255995781471E+000
  8.405068630235E-002  1.970753776782E-003  3.578903433305E-002  3.651755219590E-001 -1.243767920761E+000
  8.603481282122E-002  1.997528584221E-003  3.651114862262E-002  3.627199020520E-001 -1.231522385517E+000
  8.804580259214E-002  2.024480756857E-003  3.723809273687E-002  3.602556759137E-001 -1.219262341055E+000
  9.008383441408E-002  2.051613168108E-003  3.796978164203E-002  3.577833112978E-001 -1.206990943881E+000
  9.214908997710E-002  2.078928726810E-003  3.870613029558E-002  3.553032736061E-001 -1.194711340313E+000
  9.424175389809E-002  2.106430377918E-003  3.944705366714E-002  3.528160256789E-001 -1.182426665097E+000
  9.636201375725E-002  2.134121103210E-003  4.019246675917E-002  3.503220275861E-001 -1.170140040022E+000
  9.851006013526E-002  2.162003922007E-003  4.094228462711E-002  3.478217364190E-001 -1.157854572514E+000
  1.006860866512E-001  2.190081891910E-003  4.169642239931E-002  3.453156060819E-001 -1.145573354240E+000
  1.028902900012E-001  2.218358109541E-003  4.245479529636E-002  3.428040870847E-001 -1.133299459697E+000
  1.051228699979E-001  2.246835711311E-003  4.321731865014E-002  3.402876263371E-001 -1.121035944801E+000
  1.073840296104E-001  2.275517874190E-003  4.398390792229E-002  3.377666669421E-001 -1.108785845465E+000
  1.096739750056E-001  2.304407816497E-003  4.475447872220E-002  3.352416479925E-001 -1.096552176183E+000
  1.119929155896E-001  2.333508798707E-003  4.552894682453E-002  3.327130043673E-001 -1.084337928606E+000
  1.143410640503E-001  2.362824124271E-003  4.630722818611E-002  3.301811665301E-001 -1.072146070116E+000
  1.167186364011E-001  2.392357140448E-003  4.708923896233E-002  3.276465603291E-001 -1.059979542396E+000
  1.191258520249E-001  2.422111239159E-003  4.787489552288E-002  3.251096067990E-001 -1.047841260010E+000
  1.215629337189E-001  2.452089857854E-003  4.866411446692E-002  3.225707219640E-001 -1.035734108969E+000
  1.240301077413E-001  2.482296480400E-003  4.945681263750E-002  3.200303166442E-001 -1.023660945310E+000
  1.265276038575E-001  2.512734637975E-003  5.025290713539E-002  3.174887962635E-001 -1.011624593669E+000
  1.290556553882E-001  2.543407909995E-003  5.105231533216E-002  3.149465606595E-001 -9.996278458596E-001
  1.316144992580E-001  2.574319925047E-003  5.185495488255E-002  3.124040038975E-001 -9.876734594586E-001
  1.342043760450E-001  2.605474361847E-003  5.266074373600E-002  3.098615140857E-001 -9.757641563897E-001
  1.368255300316E-001  2.636874950214E-003  5.346960014750E-002  3.073194731948E-001 -9.639026215172E-001
  1.394782092560E-001  2.668525472060E-003  5.428144268751E-002  3.047782568796E-001 -9.520915012447E-001
  1.421626655646E-001  2.700429762411E-003  5.509619025111E-002  3.022382343053E-001 -9.403334021215E-001
  1.448791546661E-001  2.732591710434E-003  5.591376206624E-002  2.996997679761E-001 -9.286308894574E-001
  1.476279361856E-001  2.765015260497E-003  5.673407770104E-002  2.971632135686E-001 -9.169864859469E-001
  1.504092737207E-001  2.797704413242E-003  5.755705707026E-002  2.946289197691E-001 -9.054026703043E-001
  1.532234348983E-001  2.830663226680E-003  5.838262044068E-002  2.920972281142E-001 -8.938818759103E-001
  1.560706914324E-001  2.863895817319E-003  5.921068843564E-002  2.895684728376E-001 -8.824264894713E-001
  1.589513191834E-001  2.897406361298E-003  6.004118203842E-002  2.870429807197E-001 -8.710388496930E-001
  1.618655982178E-001  2.931199095559E-003  6.087402259470E-002  2.845210709434E-001 -8.597212459691E-001
  1.648138128702E-001  2.965278319033E-003  6.170913181387E-002  2.820030549546E-001 -8.484759170859E-001
  1.677962518056E-001  2.999648393860E-003  6.254643176928E-002  2.794892363277E-001 -8.373050499455E-001
  1.708132080832E-001  3.034313746623E-003  6.338584489741E-002  2.769799106371E-001 -8.262107783066E-001
  1.738649792215E-001  3.069278869616E-003  6.422729399581E-002  2.744753653348E-001 -8.151951815467E-001
  1.769518672648E-001  3.104548322136E-003  6.507070221992E-002  2.719758796326E-001 -8.042602834446E-001
  1.800741788507E-001  3.140126731803E-003  6.591599307876E-002  2.694817243927E-001 -7.934080509871E-001
  1.832322252791E-001  3.176018795904E-003  6.676309042925E-002  2.669931620226E-001 -7.826403931984E-001
  1.864263225826E-001  3.212229282769E-003  6.761191846945E-002  2.645104463784E-001 -7.719591599960E-001
  1.896567915983E-001  3.248763033179E-003  6.846240173047E-002  2.620338226740E-001 -7.613661410734E-001
  1.929239580409E-001  3.285624961791E-003  6.931446506706E-002  2.595635273982E-001 -7.508630648112E-001
  1.962281525771E-001  3.322820058613E-003  7.016803364699E-002  2.570997882387E-001 -7.404515972178E-001
  1.995697109023E-001  3.360353390492E-003  7.102303293906E-002  2.546428240139E-001 -7.301333409019E-001
  2.029489738173E-001  3.398230102644E-003  7.187938869976E-002  2.521928446127E-001 -7.199098340774E-001
  2.063662873085E-001  3.436455420218E-003  7.273702695865E-002  2.497500509427E-001 -7.097825496030E-001
  2.098220026275E-001  3.475034649885E-003  7.359587400228E-002  2.473146348859E-001 -6.997528940573E-001
  2.133164763746E-001  3.513973181471E-003  7.445585635677E-002  2.448867792638E-001 -6.898222068523E-001
  2.168500705817E-001  3.553276489620E-003  7.531690076907E-002  2.424666578112E-001 -6.799917593844E-001
  2.204231527988E-001  3.592950135496E-003  7.617893418670E-002  2.400544351587E-001 -6.702627542274E-001
  2.240360961807E-001  3.632999768520E-003  7.704188373613E-002  2.376502668246E-001 -6.606363243668E-001
  2.276892795770E-001  3.673431128145E-003  7.790567669983E-002  2.352542992166E-001 -6.511135324788E-001
  2.313830876220E-001  3.714250045674E-003  7.877024049170E-002  2.328666696428E-001 -6.416953702535E-001
  2.351179108282E-001  3.755462446115E-003  7.963550263131E-002  2.304875063330E-001 -6.323827577663E-001
  2.388941456809E-001  3.797074350078E-003  8.050139071656E-002  2.281169284695E-001 -6.231765428975E-001
  2.427121947345E-001  3.839091875711E-003  8.136783239494E-002  2.257550462293E-001 -6.140775008023E-001
  2.465724667110E-001  3.881521240686E-003  8.223475533346E-002  2.234019608355E-001 -6.050863334327E-001
  2.504753766009E-001  3.924368764227E-003  8.310208718705E-002  2.210577646206E-001 -5.962036691130E-001
  2.544213457654E-001  3.967640869177E-003  8.396975556569E-002  2.187225411002E-001 -5.874300621707E-001
  2.584108020414E-001  4.011344084122E-003  8.483768800002E-002  2.163963650573E-001 -5.787659926245E-001
  2.624441798480E-001  4.055485045557E-003  8.570581190567E-002  2.140793026390E-001 -5.702118659302E-001
  2.665219202956E-001  4.100070500102E-003  8.657405454624E-002  2.117714114633E-001 -5.617680127871E-001
  2.706444712976E-001  4.145107306769E-003  8.744234299487E-002  2.094727407385E-001 -5.534346890064E-001
  2.748122876832E-001  4.190602439283E-003  8.831060409458E-002  2.071833313938E-001 -5.452120754425E-001
  2.790258313137E-001  4.236562988450E-003  8.917876441732E-002  2.049032162217E-001 -5.371002779894E-001
  2.832855712010E-001  4.282996164587E-003  9.004675022173E-002  2.026324200321E-001 -5.290993276435E-001
  2.875919836279E-001  4.329909300005E-003  9.091448740973E-002  2.003709598192E-001 -5.212091806344E-001
  2.919455522717E-001  4.377309851548E-003  9.178190148192E-002  1.981188449398E-001 -5.134297186253E-001
  2.963467683296E-001  4.425205403192E-003  9.264891749190E-002  1.958760773038E-001 -5.057607489839E-001
  3.007961306479E-001  4.473603668706E-003  9.351545999940E-002  1.936426515774E-001 -4.982020051266E-001
  3.052941458522E-001  4.522512494374E-003  9.438145302250E-002  1.914185553981E-001 -4.907531469349E-001
  3.098413284823E-001  4.571939861783E-003  9.524681998880E-002  1.892037696022E-001 -4.834137612486E-001
  3.144382011281E-001  4.621893890671E-003  9.611148368573E-002  1.869982684647E-001 -4.761833624343E-001
  3.190852945695E-001  4.672382841850E-003  9.697536620995E-002  1.848020199512E-001 -4.690613930315E-001
  3.237831479192E-001  4.723415120192E-003  9.783838891604E-002  1.826149859821E-001 -4.620472244782E-001
  3.285323087679E-001  4.774999277691E-003  9.870047236441E-002  1.804371227095E-001 -4.551401579157E-001
  3.333333333333E-001  4.827144016591E-003  9.956153626868E-002  1.782683808052E-001 -4.483394250747E-001
  3.381867866117E-001  4.879858192602E-003  1.004214994424E-001  1.761087057616E-001 -4.416441892432E-001
  3.430932425333E-001  4.933150818173E-003  1.012802797455E-001  1.739580382044E-001 -4.350535463174E-001
  3.480532841203E-001  4.987031065868E-003  1.021377940301E-001  1.718163142160E-001 -4.285665259363E-001
  3.530675036492E-001  5.041508271801E-003  1.029939580863E-001  1.696834656721E-001 -4.221820926998E-001
  3.581365028158E-001  5.096591939172E-003  1.038486865880E-001  1.675594205882E-001 -4.158991474733E-001
  3.632608929041E-001  5.152291741875E-003  1.047018930380E-001  1.654441034778E-001 -4.097165287765E-001
  3.684412949588E-001  5.208617528209E-003  1.055534897138E-001  1.633374357217E-001 -4.036330142590E-001
  3.736783399619E-001  5.265579324662E-003  1.064033876134E-001  1.612393359473E-001 -3.976473222615E-001
  3.789726690123E-001  5.323187339805E-003  1.072514964018E-001  1.591497204181E-001 -3.917581134641E-001
  3.843249335105E-001  5.381451968273E-003  1.080977243567E-001  1.570685034341E-001 -3.859639926207E-001
  3.897357953460E-001  5.440383794842E-003  1.089419783167E-001  1.549955977399E-001 -3.802635103799E-001
  3.952059270903E-001  5.499993598618E-003  1.097841636283E-001  1.529309149437E-001 -3.746551651925E-001
  4.007360121927E-001  5.560292357317E-003  1.106241840955E-001  1.508743659436E-001 -3.691374053045E-001
  4.063267451812E-001  5.621291251662E-003  1.114619419292E-001  1.488258613625E-001 -3.637086308360E-001
  4.119788318683E-001  5.683001669888E-003  1.122973376984E-001  1.467853119902E-001 -3.583671959442E-001
  4.176929895600E-001  5.745435212354E-003  1.131302702825E-001  1.447526292335E-001 -3.531114110714E-001
  4.234699472710E-001  5.808603696282E-003  1.139606368255E-001  1.427277255711E-001 -3.479395452752E-001
  4.293104459435E-001  5.872519160606E-003  1.147883326916E-001  1.407105150156E-001 -3.428498286407E-001
  4.352152386716E-001  5.937193870949E-003  1.156132514227E-001  1.387009135799E-001 -3.378404547734E-001
  4.411850909306E-001  6.002640324729E-003  1.164352846984E-001  1.366988397479E-001 -3.329095833711E-001
  4.472207808110E-001  6.068871256391E-003  1.172543222976E-001  1.347042149490E-001 -3.280553428731E-001
  4.533230992589E-001  6.135899642772E-003  1.180702520631E-001  1.327169640351E-001 -3.232758331844E-001
  4.594928503202E-001  6.203738708611E-003  1.188829598687E-001  1.307370157596E-001 -3.185691284735E-001
  4.657308513924E-001  6.272401932198E-003  1.196923295894E-001  1.287643032576E-001 -3.139332800411E-001
  4.720379334802E-001  6.341903051163E-003  1.204982430740E-001  1.267987645253E-001 -3.093663192566E-001
  4.784149414579E-001  6.412256068427E-003  1.213005801220E-001  1.248403428997E-001 -3.048662605611E-001
  4.848627343381E-001  6.483475258298E-003  1.220992184632E-001  1.228889875353E-001 -3.004311045316E-001
  4.913821855461E-001  6.555575172733E-003  1.228940337413E-001  1.209446538781E-001 -2.960588410057E-001
  4.979741832006E-001  6.628570647764E-003  1.236848995014E-001  1.190073041359E-001 -2.917474522613E-001
  5.046396304008E-001  6.702476810086E-003  1.244716871818E-001  1.170769077426E-001 -2.874949162485E-001
  5.113794455212E-001  6.777309083830E-003  1.252542661103E-001  1.151534418163E-001 -2.832992098696E-001
  5.181945625116E-001  6.853083197508E-003  1.260325035042E-001  1.132368916102E-001 -2.791583123027E-001
  5.250859312060E-001  6.929815191146E-003  1.268062644765E-001  1.113272509533E-001 -2.750702083649E-001
  5.320545176366E-001  7.007521423604E-003  1.275754120459E-001  1.094245226822E-001 -2.710328919093E-001
  5.391013043575E-001  7.086218580100E-003  1.283398071528E-001  1.075287190602E-001 -2.670443692525E-001
  5.462272907741E-001  7.165923679926E-003  1.290993086804E-001  1.056398621841E-001 -2.631026626254E-001
  5.534334934816E-001  7.246654084380E-003  1.298537734817E-001  1.037579843759E-001 -2.592058136427E-001
  5.607209466109E-001  7.328427504912E-003  1.306030564121E-001  1.018831285591E-001 -2.553518867861E-001
  5.680907021827E-001  7.411262011483E-003  1.313470103683E-001  1.000153486174E-001 -2.515389728929E-001
  5.755438304707E-001  7.495176041166E-003  1.320854863333E-001  9.815470973459E-002 -2.477651926459E-001
  5.830814203728E-001  7.580188406970E-003  1.328183334280E-001  9.630128871407E-002 -2.440287000568E-001
  5.907045797917E-001  7.666318306912E-003  1.335453989691E-001  9.445517427613E-002 -2.403276859364E-001
  5.984144360243E-001  7.753585333338E-003  1.342665285345E-001  9.261646733201E-002 -2.366603813444E-001
  6.062121361613E-001  7.842009482502E-003  1.349815660345E-001  9.078528123263E-002 -2.330250610122E-001
  6.140988474955E-001  7.931611164409E-003  1.356903537914E-001  8.896174199061E-002 -2.294200467292E-001
  6.220757579409E-001  8.022411212936E-003  1.363927326252E-001  8.714598847398E-002 -2.258437106875E-001
  6.301440764614E-001  8.114430896230E-003  1.370885419471E-001  8.533817256980E-002 -2.222944787743E-001
  6.383050335109E-001  8.207691927403E-003  1.377776198606E-001  8.353845931637E-002 -2.187708338050E-001
  6.465598814833E-001  8.302216475524E-003  1.384598032695E-001  8.174702700207E-002 -2.152713186884E-001
  6.549098951744E-001  8.398027176926E-003  1.391349279943E-001  7.996406722953E-002 -2.117945395152E-001
  6.633563722545E-001  8.495147146827E-003  1.398028288953E-001  7.818978494334E-002 -2.083391685602E-001
  6.719006337539E-001  8.593599991288E-003  1.404633400038E-001  7.642439841996E-002 -2.049039471907E-001
  6.805440245593E-001  8.693409819506E-003  1.411162946608E-001  7.466813921800E-002 -2.014876886699E-001
  6.892879139233E-001  8.794601256469E-003  1.417615256633E-001  7.292125208774E-002 -1.980892808476E-001
  6.981336959871E-001  8.897199455961E-003  1.423988654176E-001  7.118399483809E-002 -1.947076887278E-001
  7.070827903152E-001  9.001230113956E-003  1.430281461010E-001  6.945663815990E-002 -1.913419569040E-001
  7.161366424455E-001  9.106719482390E-003  1.436491998295E-001  6.773946540403E-002 -1.879912118524E-001
  7.252967244510E-001  9.213694383338E-003  1.442618588335E-001  6.603277231310E-002 -1.846546640731E-001
  7.345645355186E-001  9.322182223606E-003  1.448659556400E-001  6.433686670557E-002 -1.813316100704E-001
  7.439416025400E-001  9.432211009745E-003  1.454613232614E-001  6.265206811118E-002 -1.780214341614E-001
  7.534294807203E-001  9.543809363512E-003  1.460477953910E-001  6.097870735662E-002 -1.747236101042E-001
  7.630297542000E-001  9.657006537783E-003  1.466252066038E-001  5.931712610053E-002 -1.714377025357E-001
  7.727440366954E-001  9.771832432940E-003  1.471933925640E-001  5.766767631707E-002 -1.681633682088E-001
  7.825739721536E-001  9.888317613741E-003  1.477521902368E-001  5.603071972738E-002 -1.649003570220E-001
  7.925212354258E-001  1.000649332670E-002  1.483014381058E-001  5.440662717826E-002 -1.616485128291E-001
  8.025875329584E-001  1.012639151798E-002  1.488409763937E-001  5.279577796787E-002 -1.584077740223E-001
  8.127746035011E-001  1.024804485184E-002  1.493706472881E-001  5.119855911796E-002 -1.551781738797E-001
  8.230842188350E-001  1.037148672960E-002  1.498902951693E-001  4.961536459279E-002 -1.519598406681E-001
  8.335181845190E-001  1.049675130923E-002  1.503997668407E-001  4.804659446451E-002 -1.487529974935E-001
  8.440783406568E-001  1.062387352550E-002  1.508989117617E-001  4.649265402570E-002 -1.455579618923E-001
  8.547665626839E-001  1.075288911077E-002  1.513875822809E-001  4.495395284907E-002 -1.423751451551E-001
  8.655847621758E-001  1.088383461638E-002  1.518656338694E-001  4.343090379536E-002 -1.392050513765E-001
  8.765348876780E-001  1.101674743475E-002  1.523329253538E-001  4.192392197019E-002 -1.360482762262E-001
  8.876189255584E-001  1.115166582209E-002  1.527893191474E-001  4.043342363100E-002 -1.329055054338E-001
  8.988389008829E-001  1.128862892191E-002  1.532346814784E-001  3.895982504543E-002 -1.297775129844E-001
  9.101968783143E-001  1.142767678917E-002  1.536688826144E-001  3.750354130289E-002 -1.266651590191E-001
  9.216949630368E-001  1.156885041525E-002  1.540917970825E-001  3.606498508100E-002 -1.235693874394E-001
  9.333353017046E-001  1.171219175365E-002  1.545033038827E-001  3.464456536929E-002 -1.204912232099E-001
  9.451200834176E-001  1.185774374655E-002  1.549032866946E-001  3.324268615244E-002 -1.174317693605E-001
  9.570515407237E-001  1.200555035216E-002  1.552916340746E-001  3.185974505583E-002 -1.143922036861E-001
  9.691319506484E-001  1.215565657299E-002  1.556682396442E-001  3.049613195650E-002 -1.113737751437E-001
  9.813636357544E-001  1.230810848498E-002  1.560330022663E-001  2.915222756275E-002 -1.083777999496E-001
  9.937489652293E-001  1.246295326757E-002  1.563858262086E-001  2.782840196614E-002 -1.054056573777E-001
  1.006290356005E+000  1.262023923477E-002  1.567266212930E-001  2.652501316974E-002 -1.024587852637E-001
  1.018990273907E+000  1.278001586715E-002  1.570553030290E-001  2.524240559706E-002 -9.953867521977E-002
  1.031851234841E+000  1.294233384499E-002  1.573717927297E-001  2.398090858608E-002 -9.664686756481E-002
  1.044875806003E+000  1.310724508236E-002  1.576760176081E-001  2.274083487360E-002 -9.378494597973E-002
  1.058066607138E+000  1.327480276248E-002  1.579679108538E-001  2.152247907484E-002 -9.095453189475E-002
  1.071426311823E+000  1.344506137405E-002  1.582474116859E-001  2.032611616414E-002 -8.815727861986E-002
  1.084957648792E+000  1.361807674895E-002  1.585144653830E-001  1.915199996261E-002 -8.539486522995E-002
  1.098663403298E+000  1.379390610110E-002  1.587690232861E-001  1.800036163885E-002 -8.266899021777E-002
  1.112546418516E+000  1.397260806657E-002  1.590110427748E-001  1.687140822939E-002 -7.998136492935E-002
  1.126609596985E+000  1.415424274514E-002  1.592404872139E-001  1.576532118572E-002 -7.733370679817E-002
  1.140855902095E+000  1.433887174317E-002  1.594573258688E-001  1.468225495484E-002 -7.472773239580E-002
  1.155288359613E+000  1.452655821788E-002  1.596615337881E-001  1.362233560096E-002 -7.216515031845E-002
  1.169910059257E+000  1.471736692327E-002  1.598530916523E-001  1.258565947587E-002 -6.964765393025E-002
  1.184724156317E+000  1.491136425740E-002  1.600319855860E-001  1.157229194585E-002 -6.717691398584E-002
  1.199733873325E+000  1.510861831145E-002  1.601982069325E-001  1.058226618330E-002 -6.475457115626E-002
  1.214942501771E+000  1.530919892035E-002  1.603517519900E-001  9.615582031363E-003 -6.238222848385E-002
  1.230353403874E+000  1.551317771520E-002  1.604926217064E-001  8.672204949914E-003 -6.006144379316E-002
  1.245970014403E+000  1.572062817747E-002  1.606208213334E-001  7.752065051593E-003 -5.779372208653E-002
  1.261795842559E+000  1.593162569510E-002  1.607363600367E-001  6.855056236477E-003 -5.558050795429E-002
  1.277834473907E+000  1.614624762054E-002  1.608392504629E-001  5.981035434137E-003 -5.342317803107E-002
  1.294089572372E+000  1.636457333079E-002  1.609295082609E-001  5.129821961806E-003 -5.132303353065E-002
  1.310564882294E+000  1.658668428962E-002  1.610071515584E-001  4.301197007352E-003 -4.928129289344E-002
  1.327264230548E+000  1.681266411190E-002  1.610722003912E-001  3.494903245661E-003 -4.729908458134E-002
  1.344191528724E+000  1.704259863026E-002  1.611246760868E-001  2.710644596910E-003 -4.537744005600E-002
  1.361350775387E+000  1.727657596408E-002  1.611646006007E-001  1.948086135006E-003 -4.351728697718E-002
  1.378746058390E+000  1.751468659100E-002  1.611919958063E-001  1.206854154216E-003 -4.171944265880E-002
  1.396381557275E+000  1.775702342093E-002  1.612068827383E-001  4.865364017050E-004 -3.998460782057E-002
  1.414261545744E+000  1.800368187279E-002  1.612092807908E-001 -2.133175166945E-004 -3.831336067370E-002
  1.432390394201E+000  1.825475995395E-002  1.611992068701E-001 -8.931955505928E-004 -3.670615137932E-002
  1.450772572390E+000  1.851035834267E-002  1.611766745047E-001 -1.553622432681E-003 -3.516329691816E-002
  1.469412652102E+000  1.877058047342E-002  1.611416929127E-001 -2.195158714134E-003 -3.368497640983E-002
  1.488315309978E+000  1.903553262542E-002  1.610942660299E-001 -2.818399602677E-003 -3.227122691977E-002
  1.507485330398E+000  1.930532401444E-002  1.610343915000E-001 -3.423973598992E-003 -3.092193979098E-002
  1.526927608467E+000  1.958006688797E-002  1.609620596299E-001 -4.012540927940E-003 -2.963685753680E-002
  1.546647153093E+000  1.985987662391E-002  1.608772523132E-001 -4.584791761995E-003 -2.841557132997E-002
  1.566649090169E+000  2.014487183303E-002  1.607799419259E-001 -5.141444235289E-003 -2.725751912127E-002
  1.586938665861E+000  2.043517446518E-002  1.606700901974E-001 -5.683242247720E-003 -2.616198441978E-002
  1.607521250000E+000  2.073090991960E-002  1.605476470619E-001 -6.210953059738E-003 -2.512809576423E-002
  1.628402339588E+000  2.103220715932E-002  1.604125494959E-001 -6.725364679634E-003 -2.415482691289E-002
  1.649587562420E+000  2.133919883002E-002  1.602647203447E-001 -7.227283046496E-003 -2.324099777644E-002
  1.671082680832E+000  2.165202138333E-002  1.601040671469E-001 -7.717529013334E-003 -2.238527611548E-002
  1.692893595565E+000  2.197081520497E-002  1.599304809609E-001 -8.196935136350E-003 -2.158618002087E-002
  1.715026349769E+000  2.229572474776E-002  1.597438352016E-001 -8.666342277819E-003 -2.084208119146E-002
  1.737487133138E+000  2.262689866987E-002  1.595439844936E-001 -9.126596031633E-003 -2.015120901977E-002
  1.760282286187E+000  2.296448997842E-002  1.593307635499E-001 -9.578542982159E-003 -1.951165549208E-002
  1.783418304674E+000  2.330865617868E-002  1.591039860828E-001 -1.002302680873E-002 -1.892138090454E-002
  1.806901844175E+000  2.365955942924E-002  1.588634437573E-001 -1.046088424981E-002 -1.837822039232E-002
  1.830739724818E+000  2.401736670327E-002  1.586089051951E-001 -1.089294094248E-002 -1.787989126361E-002
  1.854938936184E+000  2.438224995616E-002  1.583401150382E-001 -1.132000715485E-002 -1.742400112489E-002
  1.879506642368E+000  2.475438629994E-002  1.580567930840E-001 -1.174287343042E-002 -1.700805677837E-002
  1.904450187236E+000  2.513395818467E-002  1.577586334990E-001 -1.216230616543E-002 -1.662947386672E-002
  1.929777099847E+000  2.552115358717E-002  1.574453041248E-001 -1.257904314166E-002 -1.628558723428E-002
  1.955495100083E+000  2.591616620741E-002  1.571164458841E-001 -1.299378903899E-002 -1.597366196789E-002
  1.981612104475E+000  2.631919567292E-002  1.567716722994E-001 -1.340721095351E-002 -1.569090507438E-002
  2.008136232230E+000  2.673044775156E-002  1.564105691349E-001 -1.381993394840E-002 -1.543447774542E-002
  2.035075811486E+000  2.715013457311E-002  1.560326941715E-001 -1.423253666628E-002 -1.520150815469E-002
  2.062439385788E+000  2.757847486001E-002  1.556375771277E-001 -1.464554703310E-002 -1.498910472559E-002
  2.090235720801E+000  2.801569416771E-002  1.552247197345E-001 -1.505943808443E-002 -1.479436980244E-002
  2.118473811262E+000  2.846202513514E-002  1.547935959777E-001 -1.547462394645E-002 -1.461441365170E-002
  2.147162888201E+000  2.891770774564E-002  1.543436525151E-001 -1.589145600426E-002 -1.444636871472E-002
  2.176312426413E+000  2.938298959899E-002  1.538743092807E-001 -1.631021929110E-002 -1.428740402782E-002
  2.205932152222E+000  2.985812619504E-002  1.533849602826E-001 -1.673112913219E-002 -1.413473972093E-002
  2.236032051522E+000  3.034338122938E-002  1.528749746059E-001 -1.715432807704E-002 -1.398566150160E-002
  2.266622378129E+000  3.083902690182E-002  1.523436976252E-001 -1.757988315403E-002 -1.383753502706E-002
  2.297713662445E+000  3.134534423818E-002  1.517904524373E-001 -1.800778348048E-002 -1.368782006394E-002
  2.329316720450E+000  3.186262342603E-002  1.512145415158E-001 -1.843793826073E-002 -1.353408433245E-002
  2.361442663038E+000  3.239116416519E-002  1.506152485960E-001 -1.887017520373E-002 -1.337401693009E-002
  2.394102905709E+000  3.293127603351E-002  1.499918407914E-001 -1.930423939011E-002 -1.320544122850E-002
  2.427309178642E+000  3.348327886897E-002  1.493435709434E-001 -1.973979261691E-002 -1.302632713718E-002
  2.461073537146E+000  3.404750316862E-002  1.486696802074E-001 -2.017641324631E-002 -1.283480262830E-002
  2.495408372530E+000  3.462429050548E-002  1.479694008706E-001 -2.061359658170E-002 -1.262916441824E-002
  2.530326423398E+000  3.521399396401E-002  1.472419594008E-001 -2.105075579208E-002 -1.240788770474E-002
  2.565840787378E+000  3.581697859546E-002  1.464865797217E-001 -2.148722340211E-002 -1.216963486154E-002
  2.601964933334E+000  3.643362189376E-002  1.457024867052E-001 -2.192225336181E-002 -1.191326299782E-002
  2.638712714049E+000  3.706431429322E-002  1.448889098754E-001 -2.235502370578E-002 -1.163783029536E-002
  2.676098379430E+000  3.770945968912E-002  1.440450873104E-001 -2.278463980753E-002 -1.134260104337E-002
  2.714136590232E+000  3.836947598236E-002  1.431702697300E-001 -2.321013822990E-002 -1.102704929950E-002
  2.752842432351E+000  3.904479564947E-002  1.422637247538E-001 -2.363049116759E-002 -1.069086111417E-002
  2.792231431696E+000  3.973586633921E-002  1.413247413109E-001 -2.404461147258E-002 -1.033393526641E-002
  2.832319569669E+000  4.044315149734E-002  1.403526341831E-001 -2.445135824774E-002 -9.956382470216E-003
  2.873123299289E+000  4.116713102086E-002  1.393467486567E-001 -2.484954298857E-002 -9.558523023146E-003
  2.914659561979E+000  4.190830194354E-002  1.383064652606E-001 -2.523793624665E-002 -9.140882881735E-003
  2.956945805065E+000  4.266717915414E-002  1.372312045627E-001 -2.561527478322E-002 -8.704188162605E-003
  3.000000000000E+000  4.344429614932E-002  1.361204319958E-001 -2.598026917488E-002 -8.249358082587E-003
  3.043840661365E+000  4.424020582308E-002  1.349736626839E-001 -2.633161182768E-002 -7.777496366392E-003
  3.088486866678E+000  4.505548129460E-002  1.337904662335E-001 -2.666798535033E-002 -7.289881165962E-003
  3.133958277047E+000  4.589071677685E-002  1.325704714596E-001 -2.698807123136E-002 -6.787953551332E-003
  3.180275158719E+000  4.674652848797E-002  1.313133710077E-001 -2.729055875995E-002 -6.273304648712E-003
  3.227458405560E+000  4.762355560797E-002  1.300189258376E-001 -2.757415412518E-002 -5.747661517100E-003
  3.275529562509E+000  4.852246128332E-002  1.286869695313E-001 -2.783758962373E-002 -5.212871870060E-003
  3.324510850077E+000  4.944393368200E-002  1.273174123870E-001 -2.807963290228E-002 -4.670887764044E-003
  3.374425189910E+000  5.038868710203E-002  1.259102452620E-001 -2.829909615712E-002 -4.123748388568E-003
  3.425296231502E+000  5.135746313639E-002  1.244655431278E-001 -2.849484521102E-002 -3.573562106512E-003
  3.477148380094E+000  5.235103189784E-002  1.229834682987E-001 -2.866580838506E-002 -3.022487904546E-003
  3.530006825834E+000  5.337019330676E-002  1.214642733018E-001 -2.881098508221E-002 -2.472716423949E-003
  3.583897574256E+000  5.441577844603E-002  1.199083033513E-001 -2.892945399896E-002 -1.926450750757E-003
  3.638847478148E+000  5.548865098670E-002  1.183159983977E-001 -2.902038088213E-002 -1.385887150934E-003
  3.694884270887E+000  5.658970868864E-002  1.166878947218E-001 -2.908302574940E-002 -8.531959410361E-004
  3.752036601308E+000  5.771988498079E-002  1.150246260478E-001 -2.911674949525E-002 -3.305026874129E-004
  3.810334070199E+000  5.888015062562E-002  1.133269241521E-001 -2.912101980727E-002  1.801300727778E-004
  3.869807268505E+000  6.007151547295E-002  1.115956189510E-001 -2.909541632315E-002  6.767203976730E-004
  3.930487817331E+000  6.129503030858E-002  1.098316380511E-001 -2.903963496442E-002  1.157383607571E-003
  3.992408409843E+000  6.255178880352E-002  1.080360057541E-001 -2.895349139002E-002  1.620347873499E-003
  4.055602855172E+000  6.384292957002E-002  1.062098415118E-001 -2.883692352110E-002  2.063968558289E-003
  4.120106124432E+000  6.516963833101E-002  1.043543578324E-001 -2.868999309718E-002  2.486741153348E-003
  4.185954398964E+000  6.653315021009E-002  1.024708576447E-001 -2.851288623416E-002  2.887312669183E-003
  4.253185120935E+000  6.793475214960E-002  1.005607311338E-001 -2.830591296511E-002  3.264491354921E-003
  4.321837046422E+000  6.937578546490E-002  9.862545206723E-002 -2.806950575634E-002  3.617254641429E-003
  4.391950301120E+000  7.085764854355E-002  9.666657363553E-002 -2.780421700352E-002  3.944755223949E-003
  4.463566438835E+000  7.238179969882E-002  9.468572384001E-002 -2.751071552454E-002  4.246325223198E-003
  4.536728502895E+000  7.394976018725E-002  9.268460046307E-002 -2.718978207911E-002  4.521478388278E-003
  4.611481090679E+000  7.556311740127E-002  9.066496566436E-002 -2.684230395711E-002  4.769910330254E-003
  4.687870421430E+000  7.722352824817E-002  8.862864024997E-002 -2.646926869100E-002  4.991496801441E-003
  4.765944407533E+000  7.893272272784E-002  8.657749766719E-002 -2.607175695904E-002  5.186290061906E-003
  4.845752729492E+000  8.069250772248E-002  8.451345778100E-002 -2.565093475842E-002  5.354513401084E-003
  4.927346914797E+000  8.250477101257E-002  8.243848049200E-002 -2.520804493761E-002  5.496553908163E-003
  5.010780420931E+000  8.437148553436E-002  8.035455925810E-002 -2.474439818733E-002  5.612953609685E-003
  5.096108722763E+000  8.629471389541E-002  7.826371458348E-002 -2.426136359811E-002  5.704399116116E-003
  5.183389404586E+000  8.827661316581E-002  7.616798753948E-002 -2.376035889924E-002  5.771709940489E-003
  5.272682257105E+000  9.031943996425E-002  7.406943338083E-002 -2.324284049966E-002  5.815825671312E-003
  5.364049379651E+000  9.242555585946E-002  7.197011531960E-002 -2.271029345460E-002  5.837792198163E-003
  5.457555287978E+000  9.459743310926E-002  6.987209851580E-002 -2.216422148365E-002  5.838747201602E-003
  5.553267027968E+000  9.683766076100E-002  6.777744433977E-002 -2.160613716535E-002  5.819905128716E-003
  5.651254295630E+000  9.914895113938E-002  6.568820495583E-002 -2.103755243060E-002  5.782541881634E-003
  5.751589563796E+000  1.015341467494E-001  6.360641827042E-002 -2.045996947253E-002  5.727979448381E-003
  5.854348215936E+000  1.039962276248E-001  6.153410327995E-002 -1.987487218282E-002  5.657570703473E-003
  5.959608687557E+000  1.065383191537E-001  5.947325584503E-002 -1.928371821556E-002  5.572684599459E-003
  6.067452615683E+000  1.091637004188E-001  5.742584490802E-002 -1.868793176788E-002  5.474691960402E-003
  6.177964996951E+000  1.118758130872E-001  5.539380916051E-002 -1.808889715326E-002  5.364952073961E-003
  6.291234354880E+000  1.146782708938E-001  5.337905415627E-002 -1.748795322812E-002  5.244800260671E-003
  6.407352916949E+000  1.175748697626E-001  5.138344985399E-002 -1.688638871558E-002  5.115536577387E-003
  6.526416802128E+000  1.205695986129E-001  4.940882856276E-002 -1.628543845243E-002  4.978415787068E-003
  6.648526219580E+000  1.236666509049E-001  4.745698325211E-002 -1.568628056639E-002  4.834638699659E-003
  6.773785679311E+000  1.268704369821E-001  4.552966617761E-002 -1.509003457193E-002  4.685344959240E-003
  6.902304215570E+000  1.301855972713E-001  4.362858776341E-002 -1.449776035332E-002  4.531607321556E-003
  7.034195623922E+000  1.336170164087E-001  4.175541567423E-002 -1.391045798537E-002  4.374427434223E-003
  7.169578712934E+000  1.371698383673E-001  3.991177400210E-002 -1.332906832456E-002  4.214733099974E-003
  7.308577571516E+000  1.408494826628E-001  3.809924248774E-002 -1.275447428687E-002  4.053376972198E-003
  7.451321853057E+000  1.446616617293E-001  3.631935569289E-002 -1.218750271499E-002  3.891136602392E-003
  7.597947077547E+000  1.486123995567E-001  3.457360203885E-002 -1.162892672525E-002  3.728715731910E-003
  7.748594953021E+000  1.527080516973E-001  3.286342262765E-002 -1.107946841638E-002  3.566746696171E-003
  7.903413717736E+000  1.569553267535E-001  3.119020976635E-002 -1.053980181605E-002  3.405793789166E-003
  8.062558504629E+000  1.613613094717E-001  2.955530512140E-002 -1.001055593914E-002  3.246357420102E-003
  8.226191729726E+000  1.659334855793E-001  2.795999743929E-002 -9.492317833388E-003  3.088878883016E-003
  8.394483506327E+000  1.706797685137E-001  2.640551978158E-002 -8.985635492801E-003  2.933745554441E-003
  8.567612086926E+000  1.756085282071E-001  2.489304623638E-002 -8.491020528372E-003  2.781296333950E-003
  8.745764335025E+000  1.807286221064E-001  2.342368808475E-002 -8.008950497836E-003  2.631827147686E-003
  8.929136229160E+000  1.860494286260E-001  2.199848941846E-002 -7.539870811577E-003  2.485596345620E-003
  9.117933401693E+000  1.915808832504E-001  2.061842222451E-002 -7.084196149915E-003  2.342829838871E-003
  9.312371715124E+000  1.973335175235E-001  1.928438097211E-002 -6.642311347196E-003  2.203725843479E-003
  9.512677878945E+000  2.033185011886E-001  1.799717675761E-002 -6.214571719724E-003  2.068459120714E-003
  9.719090110332E+000  2.095476877688E-001  1.675753108273E-002 -5.801302836851E-003  1.937184630493E-003
  9.931858842267E+000  2.160336639044E-001  1.556606936006E-002 -5.402799756694E-003  1.810040542672E-003
  1.015124748302E+001  2.227898028021E-001  1.442331425667E-002 -5.019325769141E-003  1.687150579816E-003
  1.037753323129E+001  2.298303221843E-001  1.332967900153E-002 -4.651110708229E-003  1.568625693289E-003
  1.061100795175E+001  2.371703471699E-001  1.228546079454E-002 -4.298348912917E-003  1.454565101110E-003
  1.085197911611E+001  2.448259785618E-001  1.129083446403E-002 -3.961196929080E-003  1.345056739850E-003
  1.110077081537E+001  2.528143670735E-001  1.034584652512E-002 -3.639771055737E-003  1.240177202994E-003
  1.135772484956E+001  2.611537940784E-001  9.450409793809E-003 -3.334144844754E-003  1.139991253966E-003
  1.162320190175E+001  2.698637595360E-001  8.604298710085E-003 -3.044346665386E-003  1.044551012838E-003
  1.189758280382E+001  2.789650778206E-001  7.807145518696E-003 -2.770357443138E-003  9.538949214401E-004
  1.218126990242E+001  2.884799822596E-001  7.058437448385E-003 -2.512108676716E-003  8.680465921185E-004
  1.247468853413E+001  2.984322392826E-001  6.357515019437E-003 -2.269480827828E-003  7.870136411627E-004
  1.277828862002E+001  3.088472731875E-001  5.703571596176E-003 -2.042302166763E-003  7.107865993577E-004
  1.309254639077E+001  3.197523026463E-001  5.095654285536E-003 -1.830348142824E-003  6.393379801341E-004
  1.341796625462E+001  3.311764902095E-001  4.532666265699E-003 -1.633341333480E-003  5.726215712072E-004
  1.375508282195E+001  3.431511062169E-001  4.013370610176E-003 -1.450952010361E-003  5.105719995014E-004
  1.410446310162E+001  3.557097086969E-001  3.536395652943E-003 -1.282799344603E-003  4.531046025540E-004
  1.446670888596E+001  3.688883410292E-001  3.100241919404E-003 -1.128453259209E-003  4.001156234872E-004
  1.484245934302E+001  3.827257493700E-001  2.703290626044E-003 -9.874369224364E-004  3.514827318691E-004
  1.523239383723E+001  3.972636220891E-001  2.343813728462E-003 -8.592298640505E-004  3.070658600347E-004
  1.563723500136E+001  4.125468537596E-001  2.019985472852E-003 -7.432716856468E-004  2.667083341515E-004
  1.605775208607E+001  4.286238365683E-001  1.729895379544E-003 -6.389663270564E-004  2.302382716885E-004
  1.649476461582E+001  4.455467823929E-001  1.471562558592E-003 -5.456868427581E-004  1.974702119493E-004
  1.694914638379E+001  4.633720792263E-001  1.242951226449E-003 -4.627806348696E-004  1.682069436746E-004
  1.742182982203E+001  4.821606861220E-001  1.041987259262E-003 -3.895750821384E-004  1.422414929858E-004
  1.791381078784E+001  5.019785714107E-001  8.665755826550E-004 -3.253834969429E-004  1.193592355307E-004
  1.842615381215E+001  5.228971995942E-001  7.146181604653E-004 -2.695113342282E-004  9.934009800344E-005
  1.895999786176E+001  5.449940730840E-001  5.840323069612E-004 -2.212625673083E-004  8.196081561393E-005
  1.951656267356E+001  5.683533358366E-001  4.727690101551E-004 -1.799461355632E-004  6.699721306654E-005
  2.009715572669E+001  5.930664469535E-001  3.788309201300E-004 -1.448823585497E-004  5.422647678454E-005
  2.070317992707E+001  6.192329335039E-001  3.002896285724E-004 -1.154092005552E-004  4.342938531523E-005
  2.133614208874E+001  6.469612332096E-001  2.353018470802E-004 -9.088826013580E-005  3.439246311328E-005
  2.199766230782E+001  6.763696392388E-001  1.821240857059E-004 -7.071035194913E-005  2.691002051622E-005
  2.268948433818E+001  7.075873612439E-001  1.391254429594E-004 -5.430054472576E-005  2.078604020582E-005
  2.341348709294E+001  7.407557189842E-001  1.047981470936E-004 -4.112252107274E-005  1.583586848174E-005
  2.417169741362E+001  7.760294874639E-001  7.776553805479E-005 -3.068213346198E-005  1.188766906046E-005
  2.496630426925E+001  8.135784155747E-001  5.678725082578E-005 -2.253004738115E-005  8.783598664578E-006
  2.579967457140E+001  8.535889438281E-001  4.076145311445E-005 -1.626338783744E-005  6.380668095460E-006
  2.667437081864E+001  8.962661510291E-001  2.872410042126E-005 -1.152633905147E-005  4.551260262088E-006
  2.759317081651E+001  9.418359647997E-001  1.984529417039E-005 -8.009688152473E-006  3.183287897709E-006
  2.855908975674E+001  9.905476768748E-001  1.342295629941E-005 -5.449349837820E-006  2.179988106944E-006
  2.957540498378E+001  1.042676811269E+000  8.874157150821E-006 -3.623957135113E-006  1.459367627077E-006
  3.064568382919E+001  1.098528402000E+000  5.724542300285E-006 -2.351649646148E-006  9.533304544032E-007
  3.177381495601E+001  1.158440747351E+000  3.596387716319E-006 -1.486230570236E-006  6.065365997686E-007
  3.296404372807E+001  1.222789720048E+000  2.195862338604E-006 -9.128931098747E-007  3.750553279915E-007
  3.422101220608E+001  1.291993727721E+000  1.300086499839E-006 -5.437319854147E-007  2.248865057578E-007
  3.554980447538E+001  1.366519436102E+000  7.445412942324E-007 -3.132545055108E-007  1.304282004478E-007
  3.695599813319E+001  1.446888389511E+000  4.113105063038E-007 -1.740875890924E-007  7.296665357037E-008
  3.844572291106E+001  1.533684690030E+000  2.185304797440E-007 -9.304405849554E-008  3.925626177743E-008
  4.002572758518E+001  1.627563929686E+000  1.112959879568E-007 -4.766719645192E-008  2.024321738360E-008
  4.170345654134E+001  1.729263610453E+000  5.413613923006E-008 -2.332231054877E-008  9.968782270874E-009
  4.348713762001E+001  1.839615336740E+000  2.504854154968E-008 -1.085394681622E-008  4.669121154502E-009
  4.538588318162E+001  1.959559126947E+000  1.097545486874E-008 -4.783235003612E-009  2.070656549410E-009
  4.740980671574E+001  2.090160267552E+000  4.531588217086E-009 -1.986154426830E-009  8.651596549212E-010
  4.957015778746E+001  2.232629229408E+000  1.753337265291E-009 -7.727829358032E-010  3.386819299152E-010
  5.187947869225E+001  2.388345286640E+000  6.318144971865E-010 -2.800103793881E-010  1.234556481956E-010
  5.435178690397E+001  2.558884630889E+000  2.105853903576E-010 -9.383511422149E-011  4.161526712488E-011
  5.700278828629E+001  2.746053966795E+000  6.442054474058E-011 -2.885835890498E-011  1.287226355113E-011
  5.985012714155E+001  2.951930820846E+000  1.793100846874E-011 -8.074527514545E-012  3.621926637212E-012
  6.291368055481E+001  3.178912111311E+000  4.496930052598E-012 -2.035385153857E-012  9.180147154843E-013
  6.621590623276E+001  3.429772933797E+000  1.004964776727E-012 -4.571411618222E-013  2.072876704474E-013
  6.978225524452E+001  3.707738044625E+000  1.976320102434E-013 -9.033894412261E-014  4.117716533072E-014
  7.364166388185E+001  4.016569212832E+000  3.371584507811E-014 -1.548523141678E-014  7.094053731591E-015
  7.782714245929E+001  4.360672516382E+000  4.909109658789E-015 -2.265158944614E-015  1.042814188184E-015
  8.237648351994E+001  4.745230855210E+000  5.987631525710E-016 -2.775291123959E-016  1.283759659626E-016
  8.733311794503E+001  5.176368549127E+000  5.987809567467E-017 -2.787553873522E-017  1.295389403384E-017
  9.274715535088E+001  5.661357031559E+000  4.789374759602E-018 -2.239130500569E-018  1.045184663914E-018
  9.867665554529E+001  6.208873552072E+000  2.977217474126E-019 -1.397652763076E-019  6.552152235792E-020
  1.051891916055E+002  6.829328764649E+000  1.391021585924E-020 -6.556213592196E-021  3.086337206843E-021
  1.123637836013E+002  7.535284543316E+000  4.697307304593E-022 -2.222494429312E-022  1.050439877305E-022
  1.202933069206E+002  8.341990973528E+000  1.094875441956E-023 -5.199608500947E-024  2.467040593895E-024
  1.290875131414E+002  9.268082166539E+000  1.668187934796E-025 -7.950724894473E-026  3.786367298759E-026
  1.388768482001E+002  1.033648575811E+001  1.557336260806E-027 -7.448031722445E-028  3.559619275779E-028
  1.498173177370E+002  1.157562284364E+001  8.244137521390E-030 -3.955881824163E-030  1.897088125120E-030
  1.620967411853E+002  1.302100699722E+001  2.254360108780E-032 -1.085180626450E-032  5.221136978405E-033
  1.759428668168E+002  1.471739812515E+001  2.843613969698E-035 -1.373004352813E-035  6.626605527142E-036
  1.916340085825E+002  1.672173748087E+001  1.440793214617E-038 -6.976981450509E-039  3.377387110134E-039
  2.095131417987E+002  1.910719757888E+001  2.472506064723E-042 -1.200633062764E-042  5.828492168236E-043
  2.300068054477E+002  2.196884699990E+001  1.162277114861E-046 -5.658904087767E-047  2.754546748857E-047
  2.536507797910E+002  2.543169216868E+001  1.146295460491E-051 -5.595153042361E-052  2.730496435735E-052
  2.811254638474E+002  2.966227967912E+001  1.690260689441E-057 -8.269994950188E-058  4.045640962610E-058
  3.133053780630E+002  3.488573552677E+001  2.410363736853E-064 -1.181990760214E-064  5.795486888177E-065
  3.513296254502E+002  4.141128389041E+001  1.884311827203E-072 -9.259944765767E-073  4.550089826399E-073
  3.967041014106E+002  4.967130404214E+001  3.811856700565E-082 -1.876985399208E-082  9.241677972262E-083
  4.514529193349E+002  6.028257212519E+001  7.272207998674E-094 -3.587602409986E-094  1.769766137978E-094
  5.183481233601E+002  7.414493328740E+001  3.282503110639E-108 -1.622191878548E-108  8.016398996787E-109
  6.012676077950E+002  9.260523890243E+001  5.062881061826E-126 -2.506107082319E-126  1.240471341750E-126
  7.057700503752E+002  1.177394213729E+002  1.664659432826E-148 -8.252361647328E-149  4.090914610408E-149
  8.400513767914E+002  1.528577972397E+002  1.949651814080E-177 -9.678484615434E-178  4.804521570147E-178
  1.016602135495E+003  2.034537342122E+002  1.590260178251E-215 -7.904288293477E-216  3.928730509192E-216
  1.255220715580E+003  2.790860613466E+002  4.584110813552E-267 -2.281083209683E-267  1.135073015248E-267
  1.588815776243E+003  3.973705897531E+002  0.000000000000E+000  0.000000000000E+000  0.000000000000E+000
  2.075392011604E+003  5.931596040112E+002  0.000000000000E+000  0.000000000000E+000  0.000000000000E+000
  2.825079847529E+003  9.419154890021E+002  0.000000000000E+000  0.000000000000E+000  0.000000000000E+000
  4.068408296184E+003  1.627629972033E+003  0.000000000000E+000  0.000000000000E+000  0.000000000000E+000
  6.357262947674E+003  3.178964796686E+003  0.000000000000E+000  0.000000000000E+000  0.000000000000E+000
  1.130231930164E+004  7.535323971013E+003  0.000000000000E+000  0.000000000000E+000  0.000000000000E+000
  2.543105175140E+004  2.543171841285E+004  0.000000000000E+000  0.000000000000E+000  0.000000000000E+000
  1.017262069958E+005  2.034537473226E+005  0.000000000000E+000  0.000000000000E+000  0.000000000000E+000
