# 1st line: number of mesh points
# abcissa weight wavefunction wavefunction_1st wavefunction_2nd
500
# Principal QN=   1 , l=   1 , Occupation=   0.0000
  9.830308526508E-006  1.966074589941E-005  4.875217283601E-006  4.959278964040E-001 -1.925874464272E+000
  3.932200719717E-005  3.932303800261E-005  1.950013588647E-005  4.958711036024E-001 -1.925568773779E+000
  8.847741541455E-005  5.898842277178E-005  4.387255628062E-005  4.957764640035E-001 -1.925059384036E+000
  1.573003992804E-004  7.865844718600E-005  7.798881330558E-005  4.956440002079E-001 -1.924346436638E+000
  2.457963722417E-004  9.833465899987E-005  1.218437772472E-004  4.954737438460E-001 -1.923430129758E+000
  3.539722959954E-004  1.180186070023E-004  1.754308553480E-004  4.952657355682E-001 -1.922310718100E+000
  4.818366816528E-004  1.377118412759E-004  2.387419937488E-004  4.950200250316E-001 -1.920988512826E+000
  6.293995911626E-004  1.574159134560E-004  3.117676798602E-004  4.947366708838E-001 -1.919463881469E+000
  7.966726389934E-004  1.771323769912E-004  3.944969451654E-004  4.944157407441E-001 -1.917737247833E+000
  9.836689940782E-004  1.968627874036E-004  4.869173684516E-004  4.940573111818E-001 -1.915809091877E+000
  1.190403382016E-003  2.166087025496E-004  5.890150794711E-004  4.936614676911E-001 -1.913679949580E+000
  1.416892087541E-003  2.363716828821E-004  7.007747630310E-004  4.932283046636E-001 -1.911350412795E+000
  1.663152957245E-003  2.561532917128E-004  8.221796635095E-004  4.927579253578E-001 -1.908821129085E+000
  1.929205402573E-003  2.759550954757E-004  9.532115898000E-004  4.922504418651E-001 -1.906092801542E+000
  2.215070403074E-003  2.957786639908E-004  1.093850920680E-003  4.917059750741E-001 -1.903166188593E+000
  2.520770509919E-003  3.156255707300E-004  1.244076610607E-003  4.911246546307E-001 -1.900042103788E+000
  2.846329849692E-003  3.354973930828E-004  1.403866195932E-003  4.905066188958E-001 -1.896721415577E+000
  3.191774128432E-003  3.553957126240E-004  1.573195801543E-003  4.898520149007E-001 -1.893205047060E+000
  3.557130635959E-003  3.753221153821E-004  1.752040147925E-003  4.891609982985E-001 -1.889493975737E+000
  3.942428250463E-003  3.952781921092E-004  1.940372558640E-003  4.884337333133E-001 -1.885589233230E+000
  4.347697443358E-003  4.152655385525E-004  2.138164968223E-003  4.876703926865E-001 -1.881491904992E+000
  4.772970284417E-003  4.352857557265E-004  2.345387930499E-003  4.868711576196E-001 -1.877203130005E+000
  5.218280447175E-003  4.553404501876E-004  2.562010627312E-003  4.860362177150E-001 -1.872724100457E+000
  5.683663214611E-003  4.754312343099E-004  2.788000877665E-003  4.851657709130E-001 -1.868056061400E+000
  6.169155485101E-003  4.955597265624E-004  3.023325147272E-003  4.842600234266E-001 -1.863200310405E+000
  6.674795778653E-003  5.157275517886E-004  3.267948558518E-003  4.833191896731E-001 -1.858158197187E+000
  7.200624243425E-003  5.359363414876E-004  3.521834900828E-003  4.823434922025E-001 -1.852931123220E+000
  7.746682662519E-003  5.561877340970E-004  3.784946641437E-003  4.813331616238E-001 -1.847520541338E+000
  8.313014461060E-003  5.764833752781E-004  4.057244936559E-003  4.802884365280E-001 -1.841927955315E+000
  8.899664713569E-003  5.968249182030E-004  4.338689642962E-003  4.792095634075E-001 -1.836154919432E+000
  9.506680151615E-003  6.172140238444E-004  4.629239329929E-003  4.780967965740E-001 -1.830203038031E+000
  1.013410917176E-002  6.376523612666E-004  4.928851291625E-003  4.769503980729E-001 -1.824073965042E+000
  1.078200184380E-002  6.581416079202E-004  5.237481559841E-003  4.757706375940E-001 -1.817769403510E+000
  1.145040991929E-002  6.786834499385E-004  5.555084917132E-003  4.745577923809E-001 -1.811291105088E+000
  1.213938684040E-002  6.992795824361E-004  5.881614910335E-003  4.733121471364E-001 -1.804640869530E+000
  1.284898774901E-002  7.199317098113E-004  6.217023864474E-003  4.720339939256E-001 -1.797820544154E+000
  1.357926949620E-002  7.406415460502E-004  6.561262897030E-003  4.707236320758E-001 -1.790832023300E+000
  1.433029065191E-002  7.614108150341E-004  6.914281932590E-003  4.693813680738E-001 -1.783677247766E+000
  1.510211151509E-002  7.822412508494E-004  7.276029717867E-003  4.680075154604E-001 -1.776358204225E+000
  1.589479412397E-002  8.031345981016E-004  7.646453837076E-003  4.666023947219E-001 -1.768876924633E+000
  1.670840226680E-002  8.240926122311E-004  8.025500727675E-003  4.651663331791E-001 -1.761235485614E+000
  1.754300149280E-002  8.451170598329E-004  8.413115696461E-003  4.636996648732E-001 -1.753436007834E+000
  1.839865912351E-002  8.662097189796E-004  8.809242936013E-003  4.622027304491E-001 -1.745480655352E+000
  1.927544426443E-002  8.873723795480E-004  9.213825541483E-003  4.606758770355E-001 -1.737371634962E+000
  2.017342781695E-002  9.086068435487E-004  9.626805527728E-003  4.591194581235E-001 -1.729111195513E+000
  2.109268249069E-002  9.299149254598E-004  1.004812384677E-002  4.575338334405E-001 -1.720701627215E+000
  2.203328281612E-002  9.512984525641E-004  1.047772040559E-002  4.559193688235E-001 -1.712145260930E+000
  2.299530515754E-002  9.727592652906E-004  1.091553408424E-002  4.542764360876E-001 -1.703444467439E+000
  2.397882772639E-002  9.942992175591E-004  1.136150275431E-002  4.526054128940E-001 -1.694601656705E+000
  2.498393059493E-002  1.015920177130E-003  1.181556329760E-002  4.509066826130E-001 -1.685619277107E+000
  2.601069571024E-002  1.037624025957E-003  1.227765162523E-002  4.491806341866E-001 -1.676499814667E+000
  2.705920690860E-002  1.059412660547E-003  1.274770269696E-002  4.474276619866E-001 -1.667245792255E+000
  2.812954993023E-002  1.081287992318E-003  1.322565054084E-002  4.456481656715E-001 -1.657859768777E+000
  2.922181243436E-002  1.103251947969E-003  1.371142827309E-002  4.438425500395E-001 -1.648344338355E+000
  3.033608401473E-002  1.125306469854E-003  1.420496811833E-002  4.420112248804E-001 -1.638702129477E+000
  3.147245621542E-002  1.147453516351E-003  1.470620142999E-002  4.401546048237E-001 -1.628935804144E+000
  3.263102254705E-002  1.169695062249E-003  1.521505871109E-002  4.382731091849E-001 -1.619048056991E+000
  3.381187850339E-002  1.192033099133E-003  1.573146963516E-002  4.363671618089E-001 -1.609041614397E+000
  3.501512157837E-002  1.214469635775E-003  1.625536306744E-002  4.344371909114E-001 -1.598919233577E+000
  3.624085128345E-002  1.237006698530E-003  1.678666708634E-002  4.324836289174E-001 -1.588683701657E+000
  3.748916916538E-002  1.259646331739E-003  1.732530900512E-002  4.305069122978E-001 -1.578337834736E+000
  3.876017882444E-002  1.282390598136E-003  1.787121539370E-002  4.285074814033E-001 -1.567884476926E+000
  4.005398593302E-002  1.305241579266E-003  1.842431210080E-002  4.264857802957E-001 -1.557326499384E+000
  4.137069825459E-002  1.328201375897E-003  1.898452427618E-002  4.244422565782E-001 -1.546666799320E+000
  4.271042566323E-002  1.351272108452E-003  1.955177639308E-002  4.223773612215E-001 -1.535908298997E+000
  4.407328016341E-002  1.374455917436E-003  2.012599227084E-002  4.202915483895E-001 -1.525053944706E+000
  4.545937591035E-002  1.397754963880E-003  2.070709509772E-002  4.181852752621E-001 -1.514106705734E+000
  4.686882923075E-002  1.421171429779E-003  2.129500745377E-002  4.160590018554E-001 -1.503069573315E+000
  4.830175864396E-002  1.444707518548E-003  2.188965133390E-002  4.139131908410E-001 -1.491945559559E+000
  4.975828488365E-002  1.468365455478E-003  2.249094817110E-002  4.117483073624E-001 -1.480737696371E+000
  5.123853091993E-002  1.492147488203E-003  2.309881885966E-002  4.095648188496E-001 -1.469449034359E+000
  5.274262198188E-002  1.516055887169E-003  2.371318377865E-002  4.073631948320E-001 -1.458082641716E+000
  5.427068558066E-002  1.540092946119E-003  2.433396281527E-002  4.051439067497E-001 -1.446641603099E+000
  5.582285153302E-002  1.564260982573E-003  2.496107538851E-002  4.029074277623E-001 -1.435129018484E+000
  5.739925198530E-002  1.588562338332E-003  2.559444047262E-002  4.006542325567E-001 -1.423548002012E+000
  5.900002143803E-002  1.612999379973E-003  2.623397662083E-002  3.983847971527E-001 -1.411901680818E+000
  6.062529677088E-002  1.637574499364E-003  2.687960198895E-002  3.960995987075E-001 -1.400193193849E+000
  6.227521726827E-002  1.662290114181E-003  2.753123435903E-002  3.937991153184E-001 -1.388425690666E+000
  6.394992464542E-002  1.687148668440E-003  2.818879116301E-002  3.914838258243E-001 -1.376602330230E+000
  6.564956307496E-002  1.712152633027E-003  2.885218950637E-002  3.891542096051E-001 -1.364726279682E+000
  6.737427921404E-002  1.737304506249E-003  2.952134619166E-002  3.868107463812E-001 -1.352800713101E+000
  6.912422223211E-002  1.762606814387E-003  3.019617774205E-002  3.844539160105E-001 -1.340828810256E+000
  7.089954383907E-002  1.788062112257E-003  3.087660042477E-002  3.820841982846E-001 -1.328813755344E+000
  7.270039831418E-002  1.813672983787E-003  3.156253027445E-002  3.797020727249E-001 -1.316758735713E+000
  7.452694253540E-002  1.839442042599E-003  3.225388311632E-002  3.773080183760E-001 -1.304666940575E+000
  7.637933600943E-002  1.865371932600E-003  3.295057458938E-002  3.749025136003E-001 -1.292541559710E+000
  7.825774090225E-002  1.891465328589E-003  3.365252016926E-002  3.724860358700E-001 -1.280385782153E+000
  8.016232207035E-002  1.917724936867E-003  3.435963519104E-002  3.700590615597E-001 -1.268202794877E+000
  8.209324709253E-002  1.944153495867E-003  3.507183487180E-002  3.676220657382E-001 -1.255995781462E+000
  8.405068630235E-002  1.970753776782E-003  3.578903433299E-002  3.651755219590E-001 -1.243767920752E+000
  8.603481282122E-002  1.997528584221E-003  3.651114862257E-002  3.627199020520E-001 -1.231522385508E+000
  8.804580259214E-002  2.024480756857E-003  3.723809273682E-002  3.602556759137E-001 -1.219262341047E+000
  9.008383441408E-002  2.051613168108E-003  3.796978164198E-002  3.577833112978E-001 -1.206990943873E+000
  9.214908997710E-002  2.078928726810E-003  3.870613029553E-002  3.553032736061E-001 -1.194711340304E+000
  9.424175389809E-002  2.106430377918E-003  3.944705366709E-002  3.528160256789E-001 -1.182426665090E+000
  9.636201375725E-002  2.134121103210E-003  4.019246675912E-002  3.503220275862E-001 -1.170140040014E+000
  9.851006013526E-002  2.162003922007E-003  4.094228462706E-002  3.478217364191E-001 -1.157854572506E+000
  1.006860866512E-001  2.190081891910E-003  4.169642239926E-002  3.453156060820E-001 -1.145573354233E+000
  1.028902900012E-001  2.218358109541E-003  4.245479529631E-002  3.428040870849E-001 -1.133299459690E+000
  1.051228699979E-001  2.246835711311E-003  4.321731865009E-002  3.402876263372E-001 -1.121035944794E+000
  1.073840296104E-001  2.275517874190E-003  4.398390792224E-002  3.377666669422E-001 -1.108785845458E+000
  1.096739750056E-001  2.304407816497E-003  4.475447872215E-002  3.352416479927E-001 -1.096552176177E+000
  1.119929155896E-001  2.333508798707E-003  4.552894682448E-002  3.327130043675E-001 -1.084337928600E+000
  1.143410640503E-001  2.362824124271E-003  4.630722818606E-002  3.301811665303E-001 -1.072146070110E+000
  1.167186364011E-001  2.392357140448E-003  4.708923896228E-002  3.276465603293E-001 -1.059979542391E+000
  1.191258520249E-001  2.422111239159E-003  4.787489552284E-002  3.251096067992E-001 -1.047841260005E+000
  1.215629337189E-001  2.452089857854E-003  4.866411446688E-002  3.225707219642E-001 -1.035734108964E+000
  1.240301077413E-001  2.482296480400E-003  4.945681263745E-002  3.200303166445E-001 -1.023660945306E+000
  1.265276038575E-001  2.512734637975E-003  5.025290713534E-002  3.174887962637E-001 -1.011624593664E+000
  1.290556553882E-001  2.543407909995E-003  5.105231533212E-002  3.149465606598E-001 -9.996278458553E-001
  1.316144992580E-001  2.574319925047E-003  5.185495488251E-002  3.124040038977E-001 -9.876734594545E-001
  1.342043760450E-001  2.605474361847E-003  5.266074373596E-002  3.098615140860E-001 -9.757641563858E-001
  1.368255300316E-001  2.636874950214E-003  5.346960014746E-002  3.073194731950E-001 -9.639026215135E-001
  1.394782092560E-001  2.668525472060E-003  5.428144268747E-002  3.047782568799E-001 -9.520915012412E-001
  1.421626655646E-001  2.700429762411E-003  5.509619025107E-002  3.022382343056E-001 -9.403334021182E-001
  1.448791546661E-001  2.732591710434E-003  5.591376206620E-002  2.996997679764E-001 -9.286308894543E-001
  1.476279361856E-001  2.765015260497E-003  5.673407770100E-002  2.971632135690E-001 -9.169864859440E-001
  1.504092737207E-001  2.797704413242E-003  5.755705707022E-002  2.946289197694E-001 -9.054026703016E-001
  1.532234348983E-001  2.830663226680E-003  5.838262044064E-002  2.920972281146E-001 -8.938818759078E-001
  1.560706914324E-001  2.863895817319E-003  5.921068843560E-002  2.895684728379E-001 -8.824264894689E-001
  1.589513191834E-001  2.897406361298E-003  6.004118203839E-002  2.870429807200E-001 -8.710388496908E-001
  1.618655982178E-001  2.931199095559E-003  6.087402259467E-002  2.845210709438E-001 -8.597212459671E-001
  1.648138128702E-001  2.965278319033E-003  6.170913181383E-002  2.820030549550E-001 -8.484759170841E-001
  1.677962518056E-001  2.999648393860E-003  6.254643176925E-002  2.794892363280E-001 -8.373050499439E-001
  1.708132080832E-001  3.034313746623E-003  6.338584489738E-002  2.769799106375E-001 -8.262107783052E-001
  1.738649792215E-001  3.069278869616E-003  6.422729399578E-002  2.744753653351E-001 -8.151951815454E-001
  1.769518672648E-001  3.104548322136E-003  6.507070221990E-002  2.719758796330E-001 -8.042602834435E-001
  1.800741788507E-001  3.140126731803E-003  6.591599307873E-002  2.694817243931E-001 -7.934080509862E-001
  1.832322252791E-001  3.176018795904E-003  6.676309042922E-002  2.669931620230E-001 -7.826403931976E-001
  1.864263225826E-001  3.212229282769E-003  6.761191846943E-002  2.645104463788E-001 -7.719591599953E-001
  1.896567915983E-001  3.248763033179E-003  6.846240173045E-002  2.620338226744E-001 -7.613661410729E-001
  1.929239580409E-001  3.285624961791E-003  6.931446506703E-002  2.595635273986E-001 -7.508630648108E-001
  1.962281525771E-001  3.322820058613E-003  7.016803364697E-002  2.570997882391E-001 -7.404515972176E-001
  1.995697109023E-001  3.360353390492E-003  7.102303293904E-002  2.546428240143E-001 -7.301333409018E-001
  2.029489738173E-001  3.398230102644E-003  7.187938869974E-002  2.521928446131E-001 -7.199098340774E-001
  2.063662873085E-001  3.436455420218E-003  7.273702695864E-002  2.497500509431E-001 -7.097825496031E-001
  2.098220026275E-001  3.475034649885E-003  7.359587400226E-002  2.473146348863E-001 -6.997528940576E-001
  2.133164763746E-001  3.513973181471E-003  7.445585635676E-002  2.448867792642E-001 -6.898222068527E-001
  2.168500705817E-001  3.553276489620E-003  7.531690076906E-002  2.424666578116E-001 -6.799917593849E-001
  2.204231527988E-001  3.592950135496E-003  7.617893418668E-002  2.400544351591E-001 -6.702627542279E-001
  2.240360961807E-001  3.632999768520E-003  7.704188373612E-002  2.376502668250E-001 -6.606363243675E-001
  2.276892795770E-001  3.673431128145E-003  7.790567669982E-002  2.352542992170E-001 -6.511135324796E-001
  2.313830876220E-001  3.714250045674E-003  7.877024049169E-002  2.328666696432E-001 -6.416953702543E-001
  2.351179108282E-001  3.755462446115E-003  7.963550263131E-002  2.304875063334E-001 -6.323827577672E-001
  2.388941456809E-001  3.797074350078E-003  8.050139071655E-002  2.281169284699E-001 -6.231765428986E-001
  2.427121947345E-001  3.839091875711E-003  8.136783239494E-002  2.257550462297E-001 -6.140775008035E-001
  2.465724667110E-001  3.881521240686E-003  8.223475533346E-002  2.234019608359E-001 -6.050863334339E-001
  2.504753766009E-001  3.924368764227E-003  8.310208718705E-002  2.210577646210E-001 -5.962036691143E-001
  2.544213457654E-001  3.967640869177E-003  8.396975556569E-002  2.187225411006E-001 -5.874300621721E-001
  2.584108020414E-001  4.011344084122E-003  8.483768800002E-002  2.163963650577E-001 -5.787659926259E-001
  2.624441798480E-001  4.055485045557E-003  8.570581190568E-002  2.140793026393E-001 -5.702118659317E-001
  2.665219202956E-001  4.100070500102E-003  8.657405454625E-002  2.117714114636E-001 -5.617680127886E-001
  2.706444712976E-001  4.145107306769E-003  8.744234299488E-002  2.094727407388E-001 -5.534346890080E-001
  2.748122876832E-001  4.190602439283E-003  8.831060409459E-002  2.071833313942E-001 -5.452120754442E-001
  2.790258313137E-001  4.236562988450E-003  8.917876441733E-002  2.049032162220E-001 -5.371002779911E-001
  2.832855712010E-001  4.282996164587E-003  9.004675022174E-002  2.026324200324E-001 -5.290993276452E-001
  2.875919836279E-001  4.329909300005E-003  9.091448740974E-002  2.003709598195E-001 -5.212091806362E-001
  2.919455522717E-001  4.377309851548E-003  9.178190148194E-002  1.981188449401E-001 -5.134297186270E-001
  2.963467683296E-001  4.425205403192E-003  9.264891749192E-002  1.958760773041E-001 -5.057607489857E-001
  3.007961306479E-001  4.473603668706E-003  9.351545999941E-002  1.936426515777E-001 -4.982020051284E-001
  3.052941458522E-001  4.522512494374E-003  9.438145302251E-002  1.914185553984E-001 -4.907531469367E-001
  3.098413284823E-001  4.571939861783E-003  9.524681998882E-002  1.892037696025E-001 -4.834137612505E-001
  3.144382011281E-001  4.621893890671E-003  9.611148368575E-002  1.869982684650E-001 -4.761833624362E-001
  3.190852945695E-001  4.672382841850E-003  9.697536620997E-002  1.848020199514E-001 -4.690613930335E-001
  3.237831479192E-001  4.723415120192E-003  9.783838891606E-002  1.826149859824E-001 -4.620472244802E-001
  3.285323087679E-001  4.774999277691E-003  9.870047236444E-002  1.804371227097E-001 -4.551401579176E-001
  3.333333333333E-001  4.827144016591E-003  9.956153626870E-002  1.782683808054E-001 -4.483394250766E-001
  3.381867866117E-001  4.879858192602E-003  1.004214994424E-001  1.761087057619E-001 -4.416441892451E-001
  3.430932425333E-001  4.933150818173E-003  1.012802797455E-001  1.739580382046E-001 -4.350535463194E-001
  3.480532841203E-001  4.987031065868E-003  1.021377940301E-001  1.718163142162E-001 -4.285665259382E-001
  3.530675036492E-001  5.041508271801E-003  1.029939580864E-001  1.696834656723E-001 -4.221820927017E-001
  3.581365028158E-001  5.096591939172E-003  1.038486865881E-001  1.675594205883E-001 -4.158991474752E-001
  3.632608929041E-001  5.152291741875E-003  1.047018930380E-001  1.654441034780E-001 -4.097165287784E-001
  3.684412949588E-001  5.208617528209E-003  1.055534897138E-001  1.633374357219E-001 -4.036330142609E-001
  3.736783399619E-001  5.265579324662E-003  1.064033876135E-001  1.612393359474E-001 -3.976473222634E-001
  3.789726690123E-001  5.323187339805E-003  1.072514964018E-001  1.591497204183E-001 -3.917581134660E-001
  3.843249335105E-001  5.381451968273E-003  1.080977243568E-001  1.570685034342E-001 -3.859639926225E-001
  3.897357953460E-001  5.440383794842E-003  1.089419783167E-001  1.549955977400E-001 -3.802635103817E-001
  3.952059270903E-001  5.499993598618E-003  1.097841636283E-001  1.529309149438E-001 -3.746551651943E-001
  4.007360121927E-001  5.560292357317E-003  1.106241840956E-001  1.508743659437E-001 -3.691374053062E-001
  4.063267451812E-001  5.621291251662E-003  1.114619419293E-001  1.488258613625E-001 -3.637086308376E-001
  4.119788318683E-001  5.683001669888E-003  1.122973376984E-001  1.467853119903E-001 -3.583671959458E-001
  4.176929895600E-001  5.745435212354E-003  1.131302702825E-001  1.447526292335E-001 -3.531114110730E-001
  4.234699472710E-001  5.808603696282E-003  1.139606368255E-001  1.427277255711E-001 -3.479395452768E-001
  4.293104459435E-001  5.872519160606E-003  1.147883326916E-001  1.407105150156E-001 -3.428498286422E-001
  4.352152386716E-001  5.937193870949E-003  1.156132514228E-001  1.387009135799E-001 -3.378404547748E-001
  4.411850909306E-001  6.002640324729E-003  1.164352846985E-001  1.366988397479E-001 -3.329095833725E-001
  4.472207808110E-001  6.068871256391E-003  1.172543222976E-001  1.347042149490E-001 -3.280553428745E-001
  4.533230992589E-001  6.135899642772E-003  1.180702520631E-001  1.327169640351E-001 -3.232758331857E-001
  4.594928503202E-001  6.203738708611E-003  1.188829598687E-001  1.307370157596E-001 -3.185691284748E-001
  4.657308513924E-001  6.272401932198E-003  1.196923295894E-001  1.287643032576E-001 -3.139332800423E-001
  4.720379334802E-001  6.341903051163E-003  1.204982430740E-001  1.267987645253E-001 -3.093663192578E-001
  4.784149414579E-001  6.412256068427E-003  1.213005801221E-001  1.248403428997E-001 -3.048662605622E-001
  4.848627343381E-001  6.483475258298E-003  1.220992184633E-001  1.228889875353E-001 -3.004311045327E-001
  4.913821855461E-001  6.555575172733E-003  1.228940337413E-001  1.209446538781E-001 -2.960588410067E-001
  4.979741832006E-001  6.628570647764E-003  1.236848995014E-001  1.190073041359E-001 -2.917474522623E-001
  5.046396304008E-001  6.702476810086E-003  1.244716871819E-001  1.170769077425E-001 -2.874949162494E-001
  5.113794455212E-001  6.777309083830E-003  1.252542661103E-001  1.151534418163E-001 -2.832992098705E-001
  5.181945625116E-001  6.853083197508E-003  1.260325035043E-001  1.132368916101E-001 -2.791583123035E-001
  5.250859312060E-001  6.929815191146E-003  1.268062644765E-001  1.113272509532E-001 -2.750702083656E-001
  5.320545176366E-001  7.007521423604E-003  1.275754120459E-001  1.094245226821E-001 -2.710328919100E-001
  5.391013043575E-001  7.086218580100E-003  1.283398071528E-001  1.075287190601E-001 -2.670443692532E-001
  5.462272907741E-001  7.165923679926E-003  1.290993086804E-001  1.056398621840E-001 -2.631026626260E-001
  5.534334934816E-001  7.246654084380E-003  1.298537734817E-001  1.037579843758E-001 -2.592058136433E-001
  5.607209466109E-001  7.328427504912E-003  1.306030564122E-001  1.018831285590E-001 -2.553518867866E-001
  5.680907021827E-001  7.411262011483E-003  1.313470103684E-001  1.000153486173E-001 -2.515389728933E-001
  5.755438304707E-001  7.495176041166E-003  1.320854863334E-001  9.815470973451E-002 -2.477651926463E-001
  5.830814203728E-001  7.580188406970E-003  1.328183334280E-001  9.630128871398E-002 -2.440287000571E-001
  5.907045797917E-001  7.666318306912E-003  1.335453989692E-001  9.445517427604E-002 -2.403276859367E-001
  5.984144360243E-001  7.753585333338E-003  1.342665285345E-001  9.261646733192E-002 -2.366603813447E-001
  6.062121361613E-001  7.842009482502E-003  1.349815660346E-001  9.078528123253E-002 -2.330250610124E-001
  6.140988474955E-001  7.931611164409E-003  1.356903537915E-001  8.896174199052E-002 -2.294200467293E-001
  6.220757579409E-001  8.022411212936E-003  1.363927326252E-001  8.714598847388E-002 -2.258437106876E-001
  6.301440764614E-001  8.114430896230E-003  1.370885419471E-001  8.533817256970E-002 -2.222944787743E-001
  6.383050335109E-001  8.207691927403E-003  1.377776198606E-001  8.353845931627E-002 -2.187708338050E-001
  6.465598814833E-001  8.302216475524E-003  1.384598032695E-001  8.174702700197E-002 -2.152713186884E-001
  6.549098951744E-001  8.398027176926E-003  1.391349279943E-001  7.996406722943E-002 -2.117945395151E-001
  6.633563722545E-001  8.495147146827E-003  1.398028288953E-001  7.818978494324E-002 -2.083391685601E-001
  6.719006337539E-001  8.593599991288E-003  1.404633400038E-001  7.642439841986E-002 -2.049039471906E-001
  6.805440245593E-001  8.693409819506E-003  1.411162946609E-001  7.466813921790E-002 -2.014876886697E-001
  6.892879139233E-001  8.794601256469E-003  1.417615256633E-001  7.292125208764E-002 -1.980892808474E-001
  6.981336959871E-001  8.897199455961E-003  1.423988654176E-001  7.118399483800E-002 -1.947076887276E-001
  7.070827903152E-001  9.001230113956E-003  1.430281461010E-001  6.945663815981E-002 -1.913419569038E-001
  7.161366424455E-001  9.106719482390E-003  1.436491998295E-001  6.773946540394E-002 -1.879912118521E-001
  7.252967244510E-001  9.213694383338E-003  1.442618588335E-001  6.603277231301E-002 -1.846546640728E-001
  7.345645355186E-001  9.322182223606E-003  1.448659556400E-001  6.433686670548E-002 -1.813316100701E-001
  7.439416025400E-001  9.432211009745E-003  1.454613232614E-001  6.265206811110E-002 -1.780214341611E-001
  7.534294807203E-001  9.543809363512E-003  1.460477953910E-001  6.097870735654E-002 -1.747236101039E-001
  7.630297542000E-001  9.657006537783E-003  1.466252066038E-001  5.931712610045E-002 -1.714377025353E-001
  7.727440366954E-001  9.771832432940E-003  1.471933925640E-001  5.766767631700E-002 -1.681633682084E-001
  7.825739721536E-001  9.888317613741E-003  1.477521902369E-001  5.603071972731E-002 -1.649003570216E-001
  7.925212354258E-001  1.000649332670E-002  1.483014381058E-001  5.440662717820E-002 -1.616485128287E-001
  8.025875329584E-001  1.012639151798E-002  1.488409763937E-001  5.279577796781E-002 -1.584077740219E-001
  8.127746035011E-001  1.024804485184E-002  1.493706472882E-001  5.119855911791E-002 -1.551781738793E-001
  8.230842188350E-001  1.037148672960E-002  1.498902951693E-001  4.961536459274E-002 -1.519598406676E-001
  8.335181845190E-001  1.049675130923E-002  1.503997668407E-001  4.804659446447E-002 -1.487529974930E-001
  8.440783406568E-001  1.062387352550E-002  1.508989117617E-001  4.649265402566E-002 -1.455579618919E-001
  8.547665626839E-001  1.075288911077E-002  1.513875822809E-001  4.495395284903E-002 -1.423751451546E-001
  8.655847621758E-001  1.088383461638E-002  1.518656338694E-001  4.343090379533E-002 -1.392050513760E-001
  8.765348876780E-001  1.101674743475E-002  1.523329253538E-001  4.192392197017E-002 -1.360482762257E-001
  8.876189255584E-001  1.115166582209E-002  1.527893191474E-001  4.043342363098E-002 -1.329055054334E-001
  8.988389008829E-001  1.128862892191E-002  1.532346814784E-001  3.895982504542E-002 -1.297775129839E-001
  9.101968783143E-001  1.142767678917E-002  1.536688826144E-001  3.750354130288E-002 -1.266651590187E-001
  9.216949630368E-001  1.156885041525E-002  1.540917970825E-001  3.606498508099E-002 -1.235693874390E-001
  9.333353017046E-001  1.171219175365E-002  1.545033038827E-001  3.464456536929E-002 -1.204912232095E-001
  9.451200834176E-001  1.185774374655E-002  1.549032866946E-001  3.324268615244E-002 -1.174317693601E-001
  9.570515407237E-001  1.200555035216E-002  1.552916340746E-001  3.185974505584E-002 -1.143922036857E-001
  9.691319506484E-001  1.215565657299E-002  1.556682396442E-001  3.049613195651E-002 -1.113737751433E-001
  9.813636357544E-001  1.230810848498E-002  1.560330022663E-001  2.915222756277E-002 -1.083777999492E-001
  9.937489652293E-001  1.246295326757E-002  1.563858262086E-001  2.782840196617E-002 -1.054056573773E-001
  1.006290356005E+000  1.262023923477E-002  1.567266212930E-001  2.652501316978E-002 -1.024587852634E-001
  1.018990273907E+000  1.278001586715E-002  1.570553030290E-001  2.524240559709E-002 -9.953867521944E-002
  1.031851234841E+000  1.294233384499E-002  1.573717927297E-001  2.398090858612E-002 -9.664686756449E-002
  1.044875806003E+000  1.310724508236E-002  1.576760176081E-001  2.274083487364E-002 -9.378494597944E-002
  1.058066607138E+000  1.327480276248E-002  1.579679108538E-001  2.152247907488E-002 -9.095453189448E-002
  1.071426311823E+000  1.344506137405E-002  1.582474116860E-001  2.032611616419E-002 -8.815727861961E-002
  1.084957648792E+000  1.361807674895E-002  1.585144653830E-001  1.915199996267E-002 -8.539486522972E-002
  1.098663403298E+000  1.379390610110E-002  1.587690232861E-001  1.800036163891E-002 -8.266899021756E-002
  1.112546418516E+000  1.397260806657E-002  1.590110427748E-001  1.687140822945E-002 -7.998136492917E-002
  1.126609596985E+000  1.415424274514E-002  1.592404872139E-001  1.576532118578E-002 -7.733370679801E-002
  1.140855902095E+000  1.433887174317E-002  1.594573258688E-001  1.468225495490E-002 -7.472773239566E-002
  1.155288359613E+000  1.452655821788E-002  1.596615337881E-001  1.362233560103E-002 -7.216515031833E-002
  1.169910059257E+000  1.471736692327E-002  1.598530916524E-001  1.258565947594E-002 -6.964765393016E-002
  1.184724156317E+000  1.491136425740E-002  1.600319855860E-001  1.157229194592E-002 -6.717691398576E-002
  1.199733873325E+000  1.510861831145E-002  1.601982069326E-001  1.058226618337E-002 -6.475457115621E-002
  1.214942501771E+000  1.530919892035E-002  1.603517519900E-001  9.615582031434E-003 -6.238222848382E-002
  1.230353403874E+000  1.551317771520E-002  1.604926217064E-001  8.672204949984E-003 -6.006144379315E-002
  1.245970014403E+000  1.572062817747E-002  1.606208213335E-001  7.752065051663E-003 -5.779372208654E-002
  1.261795842559E+000  1.593162569510E-002  1.607363600368E-001  6.855056236547E-003 -5.558050795433E-002
  1.277834473907E+000  1.614624762054E-002  1.608392504629E-001  5.981035434206E-003 -5.342317803113E-002
  1.294089572372E+000  1.636457333079E-002  1.609295082610E-001  5.129821961874E-003 -5.132303353073E-002
  1.310564882294E+000  1.658668428962E-002  1.610071515584E-001  4.301197007419E-003 -4.928129289354E-002
  1.327264230548E+000  1.681266411190E-002  1.610722003912E-001  3.494903245726E-003 -4.729908458145E-002
  1.344191528724E+000  1.704259863026E-002  1.611246760868E-001  2.710644596973E-003 -4.537744005613E-002
  1.361350775387E+000  1.727657596408E-002  1.611646006007E-001  1.948086135066E-003 -4.351728697733E-002
  1.378746058390E+000  1.751468659100E-002  1.611919958063E-001  1.206854154274E-003 -4.171944265896E-002
  1.396381557275E+000  1.775702342093E-002  1.612068827384E-001  4.865364017598E-004 -3.998460782075E-002
  1.414261545744E+000  1.800368187279E-002  1.612092807909E-001 -2.133175166431E-004 -3.831336067389E-002
  1.432390394201E+000  1.825475995395E-002  1.611992068702E-001 -8.931955505449E-004 -3.670615137953E-002
  1.450772572390E+000  1.851035834267E-002  1.611766745047E-001 -1.553622432637E-003 -3.516329691837E-002
  1.469412652102E+000  1.877058047342E-002  1.611416929127E-001 -2.195158714094E-003 -3.368497641005E-002
  1.488315309978E+000  1.903553262542E-002  1.610942660299E-001 -2.818399602641E-003 -3.227122692001E-002
  1.507485330398E+000  1.930532401444E-002  1.610343915000E-001 -3.423973598961E-003 -3.092193979122E-002
  1.526927608467E+000  1.958006688797E-002  1.609620596299E-001 -4.012540927914E-003 -2.963685753705E-002
  1.546647153093E+000  1.985987662391E-002  1.608772523133E-001 -4.584791761973E-003 -2.841557133022E-002
  1.566649090169E+000  2.014487183303E-002  1.607799419260E-001 -5.141444235272E-003 -2.725751912152E-002
  1.586938665861E+000  2.043517446518E-002  1.606700901974E-001 -5.683242247709E-003 -2.616198442003E-002
  1.607521250000E+000  2.073090991960E-002  1.605476470620E-001 -6.210953059732E-003 -2.512809576449E-002
  1.628402339588E+000  2.103220715932E-002  1.604125494959E-001 -6.725364679634E-003 -2.415482691315E-002
  1.649587562420E+000  2.133919883002E-002  1.602647203447E-001 -7.227283046501E-003 -2.324099777669E-002
  1.671082680832E+000  2.165202138333E-002  1.601040671469E-001 -7.717529013345E-003 -2.238527611573E-002
  1.692893595565E+000  2.197081520497E-002  1.599304809609E-001 -8.196935136366E-003 -2.158618002112E-002
  1.715026349769E+000  2.229572474776E-002  1.597438352016E-001 -8.666342277841E-003 -2.084208119170E-002
  1.737487133138E+000  2.262689866987E-002  1.595439844937E-001 -9.126596031660E-003 -2.015120902001E-002
  1.760282286187E+000  2.296448997842E-002  1.593307635499E-001 -9.578542982191E-003 -1.951165549231E-002
  1.783418304674E+000  2.330865617868E-002  1.591039860828E-001 -1.002302680877E-002 -1.892138090476E-002
  1.806901844175E+000  2.365955942924E-002  1.588634437574E-001 -1.046088424985E-002 -1.837822039254E-002
  1.830739724818E+000  2.401736670327E-002  1.586089051951E-001 -1.089294094253E-002 -1.787989126382E-002
  1.854938936184E+000  2.438224995616E-002  1.583401150383E-001 -1.132000715490E-002 -1.742400112509E-002
  1.879506642368E+000  2.475438629994E-002  1.580567930840E-001 -1.174287343048E-002 -1.700805677856E-002
  1.904450187236E+000  2.513395818467E-002  1.577586334990E-001 -1.216230616550E-002 -1.662947386689E-002
  1.929777099847E+000  2.552115358717E-002  1.574453041248E-001 -1.257904314173E-002 -1.628558723444E-002
  1.955495100083E+000  2.591616620741E-002  1.571164458841E-001 -1.299378903906E-002 -1.597366196804E-002
  1.981612104475E+000  2.631919567292E-002  1.567716722994E-001 -1.340721095359E-002 -1.569090507451E-002
  2.008136232230E+000  2.673044775156E-002  1.564105691349E-001 -1.381993394848E-002 -1.543447774555E-002
  2.035075811486E+000  2.715013457311E-002  1.560326941716E-001 -1.423253666636E-002 -1.520150815480E-002
  2.062439385788E+000  2.757847486001E-002  1.556375771277E-001 -1.464554703318E-002 -1.498910472569E-002
  2.090235720801E+000  2.801569416771E-002  1.552247197345E-001 -1.505943808452E-002 -1.479436980252E-002
  2.118473811262E+000  2.846202513514E-002  1.547935959777E-001 -1.547462394654E-002 -1.461441365177E-002
  2.147162888201E+000  2.891770774564E-002  1.543436525151E-001 -1.589145600435E-002 -1.444636871478E-002
  2.176312426413E+000  2.938298959899E-002  1.538743092807E-001 -1.631021929119E-002 -1.428740402786E-002
  2.205932152222E+000  2.985812619504E-002  1.533849602826E-001 -1.673112913228E-002 -1.413473972096E-002
  2.236032051522E+000  3.034338122938E-002  1.528749746059E-001 -1.715432807713E-002 -1.398566150162E-002
  2.266622378129E+000  3.083902690182E-002  1.523436976252E-001 -1.757988315412E-002 -1.383753502707E-002
  2.297713662445E+000  3.134534423818E-002  1.517904524373E-001 -1.800778348057E-002 -1.368782006393E-002
  2.329316720450E+000  3.186262342603E-002  1.512145415158E-001 -1.843793826082E-002 -1.353408433243E-002
  2.361442663038E+000  3.239116416519E-002  1.506152485960E-001 -1.887017520382E-002 -1.337401693005E-002
  2.394102905709E+000  3.293127603351E-002  1.499918407914E-001 -1.930423939020E-002 -1.320544122845E-002
  2.427309178642E+000  3.348327886897E-002  1.493435709434E-001 -1.973979261700E-002 -1.302632713713E-002
  2.461073537146E+000  3.404750316862E-002  1.486696802074E-001 -2.017641324639E-002 -1.283480262823E-002
  2.495408372530E+000  3.462429050548E-002  1.479694008705E-001 -2.061359658178E-002 -1.262916441817E-002
  2.530326423398E+000  3.521399396401E-002  1.472419594008E-001 -2.105075579216E-002 -1.240788770466E-002
  2.565840787378E+000  3.581697859546E-002  1.464865797216E-001 -2.148722340219E-002 -1.216963486145E-002
  2.601964933334E+000  3.643362189376E-002  1.457024867051E-001 -2.192225336189E-002 -1.191326299773E-002
  2.638712714049E+000  3.706431429322E-002  1.448889098754E-001 -2.235502370585E-002 -1.163783029526E-002
  2.676098379430E+000  3.770945968912E-002  1.440450873104E-001 -2.278463980760E-002 -1.134260104327E-002
  2.714136590232E+000  3.836947598236E-002  1.431702697300E-001 -2.321013822996E-002 -1.102704929940E-002
  2.752842432351E+000  3.904479564947E-002  1.422637247537E-001 -2.363049116765E-002 -1.069086111407E-002
  2.792231431696E+000  3.973586633921E-002  1.413247413108E-001 -2.404461147263E-002 -1.033393526630E-002
  2.832319569669E+000  4.044315149734E-002  1.403526341830E-001 -2.445135824779E-002 -9.956382470105E-003
  2.873123299289E+000  4.116713102086E-002  1.393467486567E-001 -2.484954298862E-002 -9.558523023036E-003
  2.914659561979E+000  4.190830194354E-002  1.383064652606E-001 -2.523793624669E-002 -9.140882881625E-003
  2.956945805065E+000  4.266717915414E-002  1.372312045626E-001 -2.561527478326E-002 -8.704188162497E-003
  3.000000000000E+000  4.344429614932E-002  1.361204319958E-001 -2.598026917491E-002 -8.249358082480E-003
  3.043840661365E+000  4.424020582308E-002  1.349736626838E-001 -2.633161182771E-002 -7.777496366289E-003
  3.088486866678E+000  4.505548129460E-002  1.337904662335E-001 -2.666798535035E-002 -7.289881165861E-003
  3.133958277047E+000  4.589071677685E-002  1.325704714596E-001 -2.698807123137E-002 -6.787953551235E-003
  3.180275158719E+000  4.674652848797E-002  1.313133710077E-001 -2.729055875996E-002 -6.273304648620E-003
  3.227458405560E+000  4.762355560797E-002  1.300189258376E-001 -2.757415412519E-002 -5.747661517013E-003
  3.275529562509E+000  4.852246128332E-002  1.286869695313E-001 -2.783758962374E-002 -5.212871869978E-003
  3.324510850077E+000  4.944393368200E-002  1.273174123869E-001 -2.807963290228E-002 -4.670887763967E-003
  3.374425189910E+000  5.038868710203E-002  1.259102452620E-001 -2.829909615712E-002 -4.123748388497E-003
  3.425296231502E+000  5.135746313639E-002  1.244655431277E-001 -2.849484521101E-002 -3.573562106447E-003
  3.477148380094E+000  5.235103189784E-002  1.229834682986E-001 -2.866580838505E-002 -3.022487904486E-003
  3.530006825834E+000  5.337019330676E-002  1.214642733017E-001 -2.881098508220E-002 -2.472716423895E-003
  3.583897574256E+000  5.441577844603E-002  1.199083033512E-001 -2.892945399895E-002 -1.926450750710E-003
  3.638847478148E+000  5.548865098670E-002  1.183159983976E-001 -2.902038088211E-002 -1.385887150893E-003
  3.694884270887E+000  5.658970868864E-002  1.166878947218E-001 -2.908302574938E-002 -8.531959410007E-004
  3.752036601308E+000  5.771988498079E-002  1.150246260477E-001 -2.911674949523E-002 -3.305026873831E-004
  3.810334070199E+000  5.888015062562E-002  1.133269241521E-001 -2.912101980724E-002  1.801300728021E-004
  3.869807268505E+000  6.007151547295E-002  1.115956189510E-001 -2.909541632313E-002  6.767203976921E-004
  3.930487817331E+000  6.129503030858E-002  1.098316380511E-001 -2.903963496439E-002  1.157383607585E-003
  3.992408409843E+000  6.255178880352E-002  1.080360057540E-001 -2.895349139000E-002  1.620347873509E-003
  4.055602855172E+000  6.384292957002E-002  1.062098415117E-001 -2.883692352107E-002  2.063968558295E-003
  4.120106124432E+000  6.516963833101E-002  1.043543578323E-001 -2.868999309715E-002  2.486741153350E-003
  4.185954398964E+000  6.653315021009E-002  1.024708576446E-001 -2.851288623414E-002  2.887312669181E-003
  4.253185120935E+000  6.793475214960E-002  1.005607311338E-001 -2.830591296508E-002  3.264491354916E-003
  4.321837046422E+000  6.937578546490E-002  9.862545206719E-002 -2.806950575632E-002  3.617254641421E-003
  4.391950301120E+000  7.085764854355E-002  9.666657363550E-002 -2.780421700349E-002  3.944755223939E-003
  4.463566438835E+000  7.238179969882E-002  9.468572383998E-002 -2.751071552452E-002  4.246325223186E-003
  4.536728502895E+000  7.394976018725E-002  9.268460046304E-002 -2.718978207909E-002  4.521478388264E-003
  4.611481090679E+000  7.556311740127E-002  9.066496566433E-002 -2.684230395709E-002  4.769910330240E-003
  4.687870421430E+000  7.722352824817E-002  8.862864024994E-002 -2.646926869098E-002  4.991496801426E-003
  4.765944407533E+000  7.893272272784E-002  8.657749766716E-002 -2.607175695902E-002  5.186290061890E-003
  4.845752729492E+000  8.069250772248E-002  8.451345778097E-002 -2.565093475841E-002  5.354513401069E-003
  4.927346914797E+000  8.250477101257E-002  8.243848049198E-002 -2.520804493760E-002  5.496553908148E-003
  5.010780420931E+000  8.437148553436E-002  8.035455925807E-002 -2.474439818732E-002  5.612953609671E-003
  5.096108722763E+000  8.629471389541E-002  7.826371458346E-002 -2.426136359809E-002  5.704399116102E-003
  5.183389404586E+000  8.827661316581E-002  7.616798753946E-002 -2.376035889922E-002  5.771709940476E-003
  5.272682257105E+000  9.031943996425E-002  7.406943338081E-002 -2.324284049965E-002  5.815825671300E-003
  5.364049379651E+000  9.242555585946E-002  7.197011531958E-002 -2.271029345459E-002  5.837792198153E-003
  5.457555287978E+000  9.459743310926E-002  6.987209851579E-002 -2.216422148364E-002  5.838747201592E-003
  5.553267027968E+000  9.683766076100E-002  6.777744433976E-002 -2.160613716534E-002  5.819905128708E-003
  5.651254295630E+000  9.914895113938E-002  6.568820495582E-002 -2.103755243059E-002  5.782541881627E-003
  5.751589563796E+000  1.015341467494E-001  6.360641827041E-002 -2.045996947253E-002  5.727979448376E-003
  5.854348215936E+000  1.039962276248E-001  6.153410327994E-002 -1.987487218282E-002  5.657570703469E-003
  5.959608687557E+000  1.065383191537E-001  5.947325584501E-002 -1.928371821555E-002  5.572684599456E-003
  6.067452615683E+000  1.091637004188E-001  5.742584490800E-002 -1.868793176787E-002  5.474691960401E-003
  6.177964996951E+000  1.118758130872E-001  5.539380916050E-002 -1.808889715326E-002  5.364952073961E-003
  6.291234354880E+000  1.146782708938E-001  5.337905415626E-002 -1.748795322811E-002  5.244800260672E-003
  6.407352916949E+000  1.175748697626E-001  5.138344985398E-002 -1.688638871558E-002  5.115536577388E-003
  6.526416802128E+000  1.205695986129E-001  4.940882856275E-002 -1.628543845242E-002  4.978415787070E-003
  6.648526219580E+000  1.236666509049E-001  4.745698325210E-002 -1.568628056639E-002  4.834638699662E-003
  6.773785679311E+000  1.268704369821E-001  4.552966617760E-002 -1.509003457193E-002  4.685344959243E-003
  6.902304215570E+000  1.301855972713E-001  4.362858776341E-002 -1.449776035331E-002  4.531607321559E-003
  7.034195623922E+000  1.336170164087E-001  4.175541567423E-002 -1.391045798536E-002  4.374427434226E-003
  7.169578712934E+000  1.371698383673E-001  3.991177400210E-002 -1.332906832455E-002  4.214733099977E-003
  7.308577571516E+000  1.408494826628E-001  3.809924248774E-002 -1.275447428686E-002  4.053376972201E-003
  7.451321853057E+000  1.446616617293E-001  3.631935569289E-002 -1.218750271498E-002  3.891136602395E-003
  7.597947077547E+000  1.486123995567E-001  3.457360203885E-002 -1.162892672524E-002  3.728715731912E-003
  7.748594953021E+000  1.527080516973E-001  3.286342262765E-002 -1.107946841637E-002  3.566746696173E-003
  7.903413717736E+000  1.569553267535E-001  3.119020976635E-002 -1.053980181604E-002  3.405793789168E-003
  8.062558504629E+000  1.613613094717E-001  2.955530512140E-002 -1.001055593913E-002  3.246357420103E-003
  8.226191729726E+000  1.659334855793E-001  2.795999743930E-002 -9.492317833377E-003  3.088878883016E-003
  8.394483506327E+000  1.706797685137E-001  2.640551978159E-002 -8.985635492790E-003  2.933745554441E-003
  8.567612086926E+000  1.756085282071E-001  2.489304623639E-002 -8.491020528361E-003  2.781296333949E-003
  8.745764335025E+000  1.807286221064E-001  2.342368808476E-002 -8.008950497825E-003  2.631827147685E-003
  8.929136229160E+000  1.860494286260E-001  2.199848941847E-002 -7.539870811567E-003  2.485596345618E-003
  9.117933401693E+000  1.915808832504E-001  2.061842222453E-002 -7.084196149905E-003  2.342829838869E-003
  9.312371715124E+000  1.973335175235E-001  1.928438097213E-002 -6.642311347186E-003  2.203725843477E-003
  9.512677878945E+000  2.033185011886E-001  1.799717675763E-002 -6.214571719715E-003  2.068459120711E-003
  9.719090110332E+000  2.095476877688E-001  1.675753108275E-002 -5.801302836842E-003  1.937184630489E-003
  9.931858842267E+000  2.160336639044E-001  1.556606936008E-002 -5.402799756686E-003  1.810040542668E-003
  1.015124748302E+001  2.227898028021E-001  1.442331425669E-002 -5.019325769134E-003  1.687150579812E-003
  1.037753323129E+001  2.298303221843E-001  1.332967900155E-002 -4.651110708223E-003  1.568625693285E-003
  1.061100795175E+001  2.371703471699E-001  1.228546079457E-002 -4.298348912912E-003  1.454565101106E-003
  1.085197911611E+001  2.448259785618E-001  1.129083446406E-002 -3.961196929076E-003  1.345056739846E-003
  1.110077081537E+001  2.528143670735E-001  1.034584652514E-002 -3.639771055734E-003  1.240177202990E-003
  1.135772484956E+001  2.611537940784E-001  9.450409793837E-003 -3.334144844751E-003  1.139991253962E-003
  1.162320190175E+001  2.698637595360E-001  8.604298710114E-003 -3.044346665384E-003  1.044551012835E-003
  1.189758280382E+001  2.789650778206E-001  7.807145518726E-003 -2.770357443137E-003  9.538949214371E-004
  1.218126990242E+001  2.884799822596E-001  7.058437448414E-003 -2.512108676716E-003  8.680465921158E-004
  1.247468853413E+001  2.984322392826E-001  6.357515019467E-003 -2.269480827829E-003  7.870136411603E-004
  1.277828862002E+001  3.088472731875E-001  5.703571596205E-003 -2.042302166764E-003  7.107865993557E-004
  1.309254639077E+001  3.197523026463E-001  5.095654285565E-003 -1.830348142826E-003  6.393379801323E-004
  1.341796625462E+001  3.311764902095E-001  4.532666265727E-003 -1.633341333482E-003  5.726215712057E-004
  1.375508282195E+001  3.431511062169E-001  4.013370610203E-003 -1.450952010364E-003  5.105719995002E-004
  1.410446310162E+001  3.557097086969E-001  3.536395652969E-003 -1.282799344606E-003  4.531046025531E-004
  1.446670888596E+001  3.688883410292E-001  3.100241919429E-003 -1.128453259212E-003  4.001156234866E-004
  1.484245934302E+001  3.827257493700E-001  2.703290626068E-003 -9.874369224401E-004  3.514827318687E-004
  1.523239383723E+001  3.972636220891E-001  2.343813728484E-003 -8.592298640543E-004  3.070658600346E-004
  1.563723500136E+001  4.125468537596E-001  2.019985472873E-003 -7.432716856507E-004  2.667083341515E-004
  1.605775208607E+001  4.286238365683E-001  1.729895379563E-003 -6.389663270603E-004  2.302382716887E-004
  1.649476461582E+001  4.455467823929E-001  1.471562558609E-003 -5.456868427619E-004  1.974702119496E-004
  1.694914638379E+001  4.633720792263E-001  1.242951226464E-003 -4.627806348732E-004  1.682069436750E-004
  1.742182982203E+001  4.821606861220E-001  1.041987259276E-003 -3.895750821417E-004  1.422414929862E-004
  1.791381078784E+001  5.019785714107E-001  8.665755826674E-004 -3.253834969460E-004  1.193592355312E-004
  1.842615381215E+001  5.228971995942E-001  7.146181604762E-004 -2.695113342310E-004  9.934009800396E-005
  1.895999786176E+001  5.449940730840E-001  5.840323069706E-004 -2.212625673108E-004  8.196081561445E-005
  1.951656267356E+001  5.683533358366E-001  4.727690101632E-004 -1.799461355655E-004  6.699721306705E-005
  2.009715572669E+001  5.930664469535E-001  3.788309201368E-004 -1.448823585517E-004  5.422647678501E-005
  2.070317992707E+001  6.192329335039E-001  3.002896285781E-004 -1.154092005569E-004  4.342938531566E-005
  2.133614208874E+001  6.469612332096E-001  2.353018470849E-004 -9.088826013725E-005  3.439246311366E-005
  2.199766230782E+001  6.763696392388E-001  1.821240857098E-004 -7.071035195034E-005  2.691002051655E-005
  2.268948433818E+001  7.075873612439E-001  1.391254429625E-004 -5.430054472676E-005  2.078604020611E-005
  2.341348709294E+001  7.407557189842E-001  1.047981470960E-004 -4.112252107354E-005  1.583586848198E-005
  2.417169741362E+001  7.760294874639E-001  7.776553805668E-005 -3.068213346261E-005  1.188766906065E-005
  2.496630426925E+001  8.135784155747E-001  5.678725082721E-005 -2.253004738165E-005  8.783598664736E-006
  2.579967457140E+001  8.535889438281E-001  4.076145311552E-005 -1.626338783782E-005  6.380668095584E-006
  2.667437081864E+001  8.962661510291E-001  2.872410042205E-005 -1.152633905175E-005  4.551260262183E-006
  2.759317081651E+001  9.418359647997E-001  1.984529417096E-005 -8.009688152679E-006  3.183287897781E-006
  2.855908975674E+001  9.905476768748E-001  1.342295629981E-005 -5.449349837967E-006  2.179988106996E-006
  2.957540498378E+001  1.042676811269E+000  8.874157151093E-006 -3.623957135215E-006  1.459367627114E-006
  3.064568382919E+001  1.098528402000E+000  5.724542300466E-006 -2.351649646217E-006  9.533304544286E-007
  3.177381495601E+001  1.158440747351E+000  3.596387716437E-006 -1.486230570282E-006  6.065365997856E-007
  3.296404372807E+001  1.222789720048E+000  2.195862338678E-006 -9.128931099037E-007  3.750553280025E-007
  3.422101220608E+001  1.291993727721E+000  1.300086499884E-006 -5.437319854326E-007  2.248865057647E-007
  3.554980447538E+001  1.366519436102E+000  7.445412942592E-007 -3.132545055215E-007  1.304282004520E-007
  3.695599813319E+001  1.446888389511E+000  4.113105063190E-007 -1.740875890985E-007  7.296665357281E-008
  3.844572291106E+001  1.533684690030E+000  2.185304797523E-007 -9.304405849892E-008  3.925626177879E-008
  4.002572758518E+001  1.627563929686E+000  1.112959879612E-007 -4.766719645371E-008  2.024321738433E-008
  4.170345654134E+001  1.729263610453E+000  5.413613923222E-008 -2.332231054967E-008  9.968782271244E-009
  4.348713762001E+001  1.839615336740E+000  2.504854155070E-008 -1.085394681665E-008  4.669121154681E-009
  4.538588318162E+001  1.959559126947E+000  1.097545486919E-008 -4.783235003806E-009  2.070656549492E-009
  4.740980671574E+001  2.090160267552E+000  4.531588217279E-009 -1.986154426912E-009  8.651596549562E-010
  4.957015778746E+001  2.232629229408E+000  1.753337265367E-009 -7.727829358360E-010  3.386819299293E-010
  5.187947869225E+001  2.388345286640E+000  6.318144972145E-010 -2.800103794003E-010  1.234556482008E-010
  5.435178690397E+001  2.558884630889E+000  2.105853903671E-010 -9.383511422565E-011  4.161526712669E-011
  5.700278828629E+001  2.746053966795E+000  6.442054474353E-011 -2.885835890629E-011  1.287226355170E-011
  5.985012714155E+001  2.951930820846E+000  1.793100846958E-011 -8.074527514916E-012  3.621926637377E-012
  6.291368055481E+001  3.178912111311E+000  4.496930052811E-012 -2.035385153952E-012  9.180147155268E-013
  6.621590623276E+001  3.429772933797E+000  1.004964776775E-012 -4.571411618439E-013  2.072876704571E-013
  6.978225524452E+001  3.707738044625E+000  1.976320102530E-013 -9.033894412697E-014  4.117716533269E-014
  7.364166388185E+001  4.016569212832E+000  3.371584507977E-014 -1.548523141754E-014  7.094053731936E-015
  7.782714245929E+001  4.360672516382E+000  4.909109659034E-015 -2.265158944727E-015  1.042814188235E-015
  8.237648351994E+001  4.745230855210E+000  5.987631526013E-016 -2.775291124099E-016  1.283759659690E-016
  8.733311794503E+001  5.176368549127E+000  5.987809567773E-017 -2.787553873664E-017  1.295389403450E-017
  9.274715535088E+001  5.661357031559E+000  4.789374759849E-018 -2.239130500684E-018  1.045184663968E-018
  9.867665554529E+001  6.208873552072E+000  2.977217474281E-019 -1.397652763149E-019  6.552152236132E-020
  1.051891916055E+002  6.829328764649E+000  1.391021585997E-020 -6.556213592541E-021  3.086337207004E-021
  1.123637836013E+002  7.535284543316E+000  4.697307304843E-022 -2.222494429430E-022  1.050439877360E-022
  1.202933069206E+002  8.341990973528E+000  1.094875442014E-023 -5.199608501225E-024  2.467040594027E-024
  1.290875131414E+002  9.268082166539E+000  1.668187934886E-025 -7.950724894902E-026  3.786367298963E-026
  1.388768482001E+002  1.033648575811E+001  1.557336260891E-027 -7.448031722849E-028  3.559619275973E-028
  1.498173177370E+002  1.157562284364E+001  8.244137521842E-030 -3.955881824380E-030  1.897088125224E-030
  1.620967411853E+002  1.302100699722E+001  2.254360108904E-032 -1.085180626510E-032  5.221136978693E-033
  1.759428668168E+002  1.471739812515E+001  2.843613969855E-035 -1.373004352889E-035  6.626605527509E-036
  1.916340085825E+002  1.672173748087E+001  1.440793214697E-038 -6.976981450898E-039  3.377387110322E-039
  2.095131417987E+002  1.910719757888E+001  2.472506064861E-042 -1.200633062831E-042  5.828492168563E-043
  2.300068054477E+002  2.196884699990E+001  1.162277114927E-046 -5.658904088086E-047  2.754546749012E-047
  2.536507797910E+002  2.543169216868E+001  1.146295460556E-051 -5.595153042678E-052  2.730496435890E-052
  2.811254638474E+002  2.966227967912E+001  1.690260689537E-057 -8.269994950659E-058  4.045640962841E-058
  3.133053780630E+002  3.488573552677E+001  2.410363736991E-064 -1.181990760282E-064  5.795486888508E-065
  3.513296254502E+002  4.141128389041E+001  1.884311827311E-072 -9.259944766299E-073  4.550089826660E-073
  3.967041014106E+002  4.967130404214E+001  3.811856700785E-082 -1.876985399317E-082  9.241677972795E-083
  4.514529193349E+002  6.028257212519E+001  7.272207999095E-094 -3.587602410194E-094  1.769766138081E-094
  5.183481233601E+002  7.414493328740E+001  3.282503110829E-108 -1.622191878642E-108  8.016398997252E-109
  6.012676077950E+002  9.260523890243E+001  5.062881062121E-126 -2.506107082465E-126  1.240471341822E-126
  7.057700503752E+002  1.177394213729E+002  1.664659432923E-148 -8.252361647809E-149  4.090914610647E-149
  8.400513767914E+002  1.528577972397E+002  1.949651814194E-177 -9.678484616000E-178  4.804521570428E-178
  1.016602135495E+003  2.034537342122E+002  1.590260178344E-215 -7.904288293940E-216  3.928730509422E-216
  1.255220715580E+003  2.790860613466E+002  4.584110813821E-267 -2.281083209817E-267  1.135073015315E-267
  1.588815776243E+003  3.973705897531E+002  0.000000000000E+000  0.000000000000E+000  0.000000000000E+000
  2.075392011604E+003  5.931596040112E+002  0.000000000000E+000  0.000000000000E+000  0.000000000000E+000
  2.825079847529E+003  9.419154890021E+002  0.000000000000E+000  0.000000000000E+000  0.000000000000E+000
  4.068408296184E+003  1.627629972033E+003  0.000000000000E+000  0.000000000000E+000  0.000000000000E+000
  6.357262947674E+003  3.178964796686E+003  0.000000000000E+000  0.000000000000E+000  0.000000000000E+000
  1.130231930164E+004  7.535323971013E+003  0.000000000000E+000  0.000000000000E+000  0.000000000000E+000
  2.543105175140E+004  2.543171841285E+004  0.000000000000E+000  0.000000000000E+000  0.000000000000E+000
  1.017262069958E+005  2.034537473226E+005  0.000000000000E+000  0.000000000000E+000  0.000000000000E+000
