481
  -6.601223747985E-01
  -6.550838565640E-01
  -6.499427678049E-01
  -6.447079874739E-01
  -6.393879370455E-01
  -6.339906026287E-01
  -6.285235466607E-01
  -6.229939278223E-01
  -6.174085170624E-01
  -6.117737196854E-01
  -6.060955918640E-01
  -6.003798541957E-01
  -5.946319095860E-01
  -5.888568497636E-01
  -5.830594815325E-01
  -5.772443331125E-01
  -5.714156697893E-01
  -5.655775079093E-01
  -5.597336254859E-01
  -5.538875727065E-01
  -5.480426838834E-01
  -5.422020905463E-01
  -5.363687310702E-01
  -5.305453591111E-01
  -5.247345520741E-01
  -5.189387227752E-01
  -5.131601280461E-01
  -5.074008766164E-01
  -5.016629350595E-01
  -4.959481357510E-01
  -4.902581862701E-01
  -4.845946759097E-01
  -4.789590813452E-01
  -4.733527733075E-01
  -4.677770215105E-01
  -4.622329997286E-01
  -4.567217926039E-01
  -4.512444022406E-01
  -4.458017511111E-01
  -4.403946853532E-01
  -4.350239802274E-01
  -4.296903456909E-01
  -4.243944295749E-01
  -4.191368205655E-01
  -4.139180522458E-01
  -4.087386068778E-01
  -4.035989183845E-01
  -3.984993741170E-01
  -3.934403175842E-01
  -3.884220533911E-01
  -3.834448497450E-01
  -3.785089383315E-01
  -3.736145166469E-01
  -3.687617523684E-01
  -3.639507850498E-01
  -3.591817270019E-01
  -3.544546651437E-01
  -3.497696626093E-01
  -3.451267605426E-01
  -3.405259800802E-01
  -3.359673245988E-01
  -3.314507778443E-01
  -3.269763075086E-01
  -3.225438653958E-01
  -3.181533912467E-01
  -3.138048094490E-01
  -3.094980317559E-01
  -3.052329597836E-01
  -3.010094847004E-01
  -2.968274875964E-01
  -2.926868404367E-01
  -2.885874066260E-01
  -2.845290418225E-01
  -2.805115941686E-01
  -2.765349054070E-01
  -2.725988124312E-01
  -2.687031459263E-01
  -2.648477297495E-01
  -2.610323844801E-01
  -2.572569268116E-01
  -2.535211672571E-01
  -2.498249134560E-01
  -2.461679705064E-01
  -2.425501400404E-01
  -2.389712205408E-01
  -2.354310077741E-01
  -2.319292950148E-01
  -2.284658734288E-01
  -2.250405318527E-01
  -2.216530567110E-01
  -2.183032331208E-01
  -2.149908459389E-01
  -2.117156773913E-01
  -2.084775072727E-01
  -2.052761160961E-01
  -2.021112813746E-01
  -1.989827794357E-01
  -1.958903869176E-01
  -1.928338792621E-01
  -1.898130307347E-01
  -1.868276146638E-01
  -1.838774035450E-01
  -1.809621694942E-01
  -1.780816835790E-01
  -1.752357163669E-01
  -1.724240367098E-01
  -1.696464148216E-01
  -1.669026184213E-01
  -1.641924174568E-01
  -1.615155786991E-01
  -1.588718697752E-01
  -1.562610562596E-01
  -1.536829040221E-01
  -1.511371793153E-01
  -1.486236472848E-01
  -1.461420726536E-01
  -1.436922202003E-01
  -1.412738539119E-01
  -1.388867373747E-01
  -1.365306325637E-01
  -1.342053038179E-01
  -1.319105138517E-01
  -1.296460223058E-01
  -1.274115922912E-01
  -1.252069867192E-01
  -1.230319646943E-01
  -1.208862899065E-01
  -1.187697196699E-01
  -1.166820156828E-01
  -1.146229374839E-01
  -1.125922453813E-01
  -1.105896991030E-01
  -1.086150574651E-01
  -1.066680802780E-01
  -1.047485260055E-01
  -1.028561538393E-01
  -1.009907226328E-01
  -9.915199056290E-02
  -9.733971719403E-02
  -9.555365884802E-02
  -9.379357575804E-02
  -9.205922579225E-02
  -9.035036868634E-02
  -8.866676178032E-02
  -8.700816264204E-02
  -8.537433140380E-02
  -8.376502560987E-02
  -8.218000510017E-02
  -8.061902844044E-02
  -7.908185461211E-02
  -7.756824392561E-02
  -7.607795491356E-02
  -7.461074805107E-02
  -7.316638431042E-02
  -7.174462319964E-02
  -7.034522626100E-02
  -6.896795466457E-02
  -6.761256935031E-02
  -6.627883440947E-02
  -6.496651300758E-02
  -6.367536645454E-02
  -6.240515914877E-02
  -6.115565627710E-02
  -5.992662236198E-02
  -5.871782349382E-02
  -5.752902607623E-02
  -5.635999740458E-02
  -5.521050501213E-02
  -5.408031791478E-02
  -5.296920590782E-02
  -5.187693876464E-02
  -5.080328833247E-02
  -4.974802660997E-02
  -4.871092611129E-02
  -4.769176080970E-02
  -4.669030745185E-02
  -4.570634153530E-02
  -4.473963933156E-02
  -4.378997931613E-02
  -4.285714140133E-02
  -4.194090598977E-02
  -4.104105476691E-02
  -4.015737047440E-02
  -3.928963751669E-02
  -3.843764115903E-02
  -3.760116819522E-02
  -3.678000634046E-02
  -3.597394527522E-02
  -3.518277560399E-02
  -3.440628952968E-02
  -3.364427936049E-02
  -3.289654073842E-02
  -3.216287104852E-02
  -3.144306724001E-02
  -3.073692800002E-02
  -3.004425456698E-02
  -2.936484947198E-02
  -2.869851630272E-02
  -2.804506046676E-02
  -2.740428886591E-02
  -2.677601039300E-02
  -2.616003554092E-02
  -2.555617601798E-02
  -2.496424481838E-02
  -2.438405718603E-02
  -2.381543053441E-02
  -2.325818273502E-02
  -2.271213289315E-02
  -2.217710391672E-02
  -2.165292035707E-02
  -2.113940660236E-02
  -2.063638965617E-02
  -2.014369852095E-02
  -1.966116371485E-02
  -1.918861740982E-02
  -1.872589369526E-02
  -1.827282845163E-02
  -1.782925921666E-02
  -1.739502532612E-02
  -1.696996795874E-02
  -1.655392996694E-02
  -1.614675622871E-02
  -1.574829331914E-02
  -1.535838944830E-02
  -1.497689391879E-02
  -1.460365942166E-02
  -1.423854006621E-02
  -1.388139038630E-02
  -1.353206789913E-02
  -1.319043171323E-02
  -1.285634241051E-02
  -1.252966274254E-02
  -1.221025704713E-02
  -1.189799132518E-02
  -1.159273348623E-02
  -1.129435311547E-02
  -1.100272157709E-02
  -1.071771196309E-02
  -1.043919916124E-02
  -1.016705991706E-02
  -9.901172372105E-03
  -9.641415838032E-03
  -9.387673072888E-03
  -9.139827281496E-03
  -8.897763023856E-03
  -8.661367438848E-03
  -8.430528964768E-03
  -8.205137625888E-03
  -7.985085093188E-03
  -7.770264700585E-03
  -7.560571402460E-03
  -7.355901820961E-03
  -7.156154193799E-03
  -6.961228246894E-03
  -6.771025275396E-03
  -6.585448176266E-03
  -6.404401420051E-03
  -6.227790632609E-03
  -6.055523258062E-03
  -5.887509151547E-03
  -5.723658148588E-03
  -5.563882130031E-03
  -5.408094511828E-03
  -5.256210047744E-03
  -5.108145099990E-03
  -4.963817618280E-03
  -4.823146892787E-03
  -4.686053323591E-03
  -4.552458407723E-03
  -4.422284932036E-03
  -4.295457362889E-03
  -4.171902106539E-03
  -4.051547266814E-03
  -3.934321898399E-03
  -3.820154710420E-03
  -3.708975602534E-03
  -3.600716201597E-03
  -3.495309797079E-03
  -3.392693294513E-03
  -3.292804949801E-03
  -3.195582338525E-03
  -3.100961629223E-03
  -3.008878517719E-03
  -2.919271390934E-03
  -2.832083852935E-03
  -2.747263996728E-03
  -2.664760639686E-03
  -2.584518911635E-03
  -2.506479051374E-03
  -2.430580185627E-03
  -2.356766675764E-03
  -2.284991898927E-03
  -2.215217793536E-03
  -2.147404513309E-03
  -2.081503951722E-03
  -2.017458046605E-03
  -1.955205909931E-03
  -1.894695326385E-03
  -1.835889697521E-03
  -1.778764337809E-03
  -1.723293657157E-03
  -1.669438210590E-03
  -1.617141438851E-03
  -1.566339971723E-03
  -1.516980181942E-03
  -1.469030296138E-03
  -1.422477849816E-03
  -1.377312896065E-03
  -1.333510082331E-03
  -1.291020136453E-03
  -1.249778027180E-03
  -1.209724096602E-03
  -1.170821955955E-03
  -1.133062348087E-03
  -1.096448833244E-03
  -1.060974937307E-03
  -1.026608428668E-03
  -9.932928817829E-04
  -9.609649449735E-04
  -9.295763501942E-04
  -8.991069734589E-04
  -8.695603132735E-04
  -8.409443220979E-04
  -8.132501932026E-04
  -7.864438629405E-04
  -7.604734018361E-04
  -7.352854285086E-04
  -7.108429972722E-04
  -6.871322453394E-04
  -6.641560694141E-04
  -6.419189818557E-04
  -6.204126559775E-04
  -5.996104781270E-04
  -5.794735947756E-04
  -5.599634016292E-04
  -5.410512301378E-04
  -5.227201679837E-04
  -5.049622047052E-04
  -4.877741812238E-04
  -4.711508290264E-04
  -4.550774212559E-04
  -4.395319439040E-04
  -4.244920636490E-04
  -4.099396669624E-04
  -3.958551472507E-04
  -3.822149211588E-04
  -3.690019641410E-04
  -3.562112977264E-04
  -3.438402529792E-04
  -3.318797064829E-04
  -3.203200161115E-04
  -3.091573209779E-04
  -2.983820072898E-04
  -2.879647086334E-04
  -2.778692242617E-04
  -2.680787962446E-04
  -2.585963324001E-04
  -2.494243388072E-04
  -2.405576360092E-04
  -2.319976449148E-04
  -2.237525630131E-04
  -2.158129255993E-04
  -2.081399452878E-04
  -2.006928332620E-04
  -1.934599008008E-04
  -1.864516549488E-04
  -1.796719795801E-04
  -1.731161077941E-04
  -1.667903115946E-04
  -1.607081572175E-04
  -1.548628401810E-04
  -1.492192959927E-04
  -1.437376852980E-04
  -1.384051048253E-04
  -1.332338606779E-04
  -1.282304009366E-04
  -1.233884972957E-04
  -1.187123569229E-04
  -1.142151249534E-04
  -1.098951844271E-04
  -1.057327541450E-04
  -1.016985725179E-04
  -9.777030658962E-05
  -9.395204178110E-05
  -9.025563342389E-05
  -8.667679657749E-05
  -8.321367078128E-05
  -7.987583443726E-05
  -7.666308544252E-05
  -7.356711090232E-05
  -7.057885256398E-05
  -6.768047093583E-05
  -6.485604398355E-05
  -6.211259154665E-05
  -5.945667998603E-05
  -5.688220188870E-05
  -5.439325353864E-05
  -5.199267715285E-05
  -4.967175261899E-05
  -4.742731522946E-05
  -4.526129882698E-05
  -4.316450811411E-05
  -4.112048156915E-05
  -3.913259280261E-05
  -3.720639729467E-05
  -3.533760878606E-05
  -3.353141893111E-05
  -3.178512994322E-05
  -3.008958423509E-05
  -2.844397231502E-05
  -2.685349789923E-05
  -2.531895022126E-05
  -2.382652799697E-05
  -2.237030180877E-05
  -2.095743032882E-05
  -1.958526107209E-05
  -1.825790082333E-05
  -1.697286505354E-05
  -1.572258695802E-05
  -1.450564087765E-05
  -1.332440865358E-05
  -1.218302305236E-05
  -1.108095261000E-05
  -1.000595979243E-05
  -8.958368950979E-06
  -7.940767464622E-06
  -6.953899132201E-06
  -5.999115261446E-06
  -5.070289202675E-06
  -4.165780253208E-06
  -3.285951110004E-06
  -2.431345448583E-06
  -1.604289776446E-06
  -8.062741414167E-07
  -2.826355059937E-08
   7.297177691028E-07
   1.466131528387E-06
   2.178804903162E-06
   2.869698619696E-06
   3.541977163821E-06
   4.195444450452E-06
   4.830078286814E-06
   5.446244227309E-06
   6.043622879356E-06
   6.619924884887E-06
   7.177860203644E-06
   7.721504292595E-06
   8.248711926096E-06
   8.757899676901E-06
   9.250865482375E-06
   9.729178336865E-06
   1.019242418551E-05
   1.064067481056E-05
   1.107429000471E-05
   1.149367948792E-05
   1.189866410143E-05
   1.228754647004E-05
   1.266339723153E-05
   1.302684312607E-05
   1.337677979578E-05
   1.371294411875E-05
   1.403700913597E-05
   1.434871085913E-05
   1.464801376194E-05
   1.493529449003E-05
   1.521066184321E-05
   1.547438424429E-05
   1.572662153258E-05
   1.596637925530E-05
   1.619499971805E-05
   1.641321074173E-05
   1.662003169800E-05
   1.681607727531E-05
   1.700180736131E-05
   1.717709960680E-05
   1.734205626836E-05
   1.749681960263E-05
   1.764148110900E-05
   1.777631024416E-05
   1.790159284714E-05
   1.801713890246E-05
