# 1st line: number of mesh points
# abcissa weight wavefunction wavefunction_1st wavefunction_2nd
500
# Principal QN=   1 , l=   0 , Occupation=   1.0100
  9.830308526508E-006  1.966074589941E-005  1.917983209062E+000 -1.969513260462E+000  2.041056226617E+000
  3.932200719717E-005  3.932303800261E-005  1.917925125658E+000 -1.969453067020E+000  2.041003812811E+000
  8.847741541455E-005  5.898842277178E-005  1.917828318854E+000 -1.969352742791E+000  2.040916451653E+000
  1.573003992804E-004  7.865844718600E-005  1.917692786955E+000 -1.969212285040E+000  2.040794135915E+000
  2.457963722417E-004  9.833465899987E-005  1.917518527589E+000 -1.969031689937E+000  2.040636855486E+000
  3.539722959954E-004  1.180186070023E-004  1.917305537707E+000 -1.968810952559E+000  2.040444597363E+000
  4.818366816528E-004  1.377118412759E-004  1.917053813583E+000 -1.968550066893E+000  2.040217345662E+000
  6.293995911626E-004  1.574159134560E-004  1.916763350820E+000 -1.968249025835E+000  2.039955081613E+000
  7.966726389934E-004  1.771323769912E-004  1.916434144344E+000 -1.967907821196E+000  2.039657783565E+000
  9.836689940782E-004  1.968627874036E-004  1.916066188413E+000 -1.967526443700E+000  2.039325426990E+000
  1.190403382016E-003  2.166087025496E-004  1.915659476615E+000 -1.967104882987E+000  2.038957984485E+000
  1.416892087541E-003  2.363716828821E-004  1.915214001869E+000 -1.966643127620E+000  2.038555425777E+000
  1.663152957245E-003  2.561532917128E-004  1.914729756432E+000 -1.966141165083E+000  2.038117717724E+000
  1.929205402573E-003  2.759550954757E-004  1.914206731894E+000 -1.965598981787E+000  2.037644824324E+000
  2.215070403074E-003  2.957786639908E-004  1.913644919190E+000 -1.965016563075E+000  2.037136706717E+000
  2.520770509919E-003  3.156255707300E-004  1.913044308596E+000 -1.964393893222E+000  2.036593323190E+000
  2.846329849692E-003  3.354973930828E-004  1.912404889735E+000 -1.963730955444E+000  2.036014629185E+000
  3.191774128432E-003  3.553957126240E-004  1.911726651580E+000 -1.963027731899E+000  2.035400577304E+000
  3.557130635959E-003  3.753221153821E-004  1.911009582457E+000 -1.962284203694E+000  2.034751117313E+000
  3.942428250463E-003  3.952781921092E-004  1.910253670052E+000 -1.961500350891E+000  2.034066196154E+000
  4.347697443358E-003  4.152655385525E-004  1.909458901408E+000 -1.960676152511E+000  2.033345757950E+000
  4.772970284417E-003  4.352857557265E-004  1.908625262940E+000 -1.959811586539E+000  2.032589744011E+000
  5.218280447175E-003  4.553404501876E-004  1.907752740430E+000 -1.958906629934E+000  2.031798092845E+000
  5.683663214611E-003  4.754312343099E-004  1.906841319036E+000 -1.957961258632E+000  2.030970740167E+000
  6.169155485101E-003  4.955597265624E-004  1.905890983298E+000 -1.956975447554E+000  2.030107618907E+000
  6.674795778653E-003  5.157275517886E-004  1.904901717141E+000 -1.955949170616E+000  2.029208659217E+000
  7.200624243425E-003  5.359363414876E-004  1.903873503882E+000 -1.954882400732E+000  2.028273788487E+000
  7.746682662519E-003  5.561877340970E-004  1.902806326235E+000 -1.953775109825E+000  2.027302931353E+000
  8.313014461060E-003  5.764833752781E-004  1.901700166320E+000 -1.952627268835E+000  2.026296009706E+000
  8.899664713569E-003  5.968249182030E-004  1.900555005663E+000 -1.951438847726E+000  2.025252942707E+000
  9.506680151615E-003  6.172140238444E-004  1.899370825210E+000 -1.950209815498E+000  2.024173646796E+000
  1.013410917176E-002  6.376523612666E-004  1.898147605329E+000 -1.948940140192E+000  2.023058035708E+000
  1.078200184380E-002  6.581416079202E-004  1.896885325817E+000 -1.947629788906E+000  2.021906020484E+000
  1.145040991929E-002  6.786834499385E-004  1.895583965913E+000 -1.946278727798E+000  2.020717509485E+000
  1.213938684040E-002  6.992795824361E-004  1.894243504297E+000 -1.944886922102E+000  2.019492408406E+000
  1.284898774901E-002  7.199317098113E-004  1.892863919105E+000 -1.943454336137E+000  2.018230620292E+000
  1.357926949620E-002  7.406415460502E-004  1.891445187934E+000 -1.941980933315E+000  2.016932045551E+000
  1.433029065191E-002  7.614108150341E-004  1.889987287851E+000 -1.940466676159E+000  2.015596581975E+000
  1.510211151509E-002  7.822412508494E-004  1.888490195403E+000 -1.938911526311E+000  2.014224124749E+000
  1.589479412397E-002  8.031345981016E-004  1.886953886623E+000 -1.937315444543E+000  2.012814566474E+000
  1.670840226680E-002  8.240926122311E-004  1.885378337042E+000 -1.935678390773E+000  2.011367797183E+000
  1.754300149280E-002  8.451170598329E-004  1.883763521698E+000 -1.934000324078E+000  2.009883704358E+000
  1.839865912351E-002  8.662097189796E-004  1.882109415145E+000 -1.932281202705E+000  2.008362172950E+000
  1.927544426443E-002  8.873723795480E-004  1.880415991465E+000 -1.930520984088E+000  2.006803085401E+000
  2.017342781695E-002  9.086068435487E-004  1.878683224277E+000 -1.928719624860E+000  2.005206321659E+000
  2.109268249069E-002  9.299149254598E-004  1.876911086746E+000 -1.926877080868E+000  2.003571759202E+000
  2.203328281612E-002  9.512984525641E-004  1.875099551599E+000 -1.924993307193E+000  2.001899273061E+000
  2.299530515754E-002  9.727592652906E-004  1.873248591132E+000 -1.923068258158E+000  2.000188735839E+000
  2.397882772639E-002  9.942992175591E-004  1.871358177225E+000 -1.921101887350E+000  1.998440017735E+000
  2.498393059493E-002  1.015920177130E-003  1.869428281350E+000 -1.919094147636E+000  1.996652986571E+000
  2.601069571024E-002  1.037624025957E-003  1.867458874588E+000 -1.917044991177E+000  1.994827507810E+000
  2.705920690860E-002  1.059412660547E-003  1.865449927638E+000 -1.914954369449E+000  1.992963444588E+000
  2.812954993023E-002  1.081287992318E-003  1.863401410832E+000 -1.912822233260E+000  1.991060657733E+000
  2.922181243436E-002  1.103251947969E-003  1.861313294148E+000 -1.910648532766E+000  1.989119005800E+000
  3.033608401473E-002  1.125306469854E-003  1.859185547225E+000 -1.908433217497E+000  1.987138345090E+000
  3.147245621542E-002  1.147453516351E-003  1.857018139372E+000 -1.906176236366E+000  1.985118529685E+000
  3.263102254705E-002  1.169695062249E-003  1.854811039590E+000 -1.903877537701E+000  1.983059411472E+000
  3.381187850339E-002  1.192033099133E-003  1.852564216581E+000 -1.901537069255E+000  1.980960840179E+000
  3.501512157837E-002  1.214469635775E-003  1.850277638767E+000 -1.899154778234E+000  1.978822663398E+000
  3.624085128345E-002  1.237006698530E-003  1.847951274300E+000 -1.896730611316E+000  1.976644726624E+000
  3.748916916538E-002  1.259646331739E-003  1.845585091085E+000 -1.894264514675E+000  1.974426873285E+000
  3.876017882444E-002  1.282390598136E-003  1.843179056791E+000 -1.891756433998E+000  1.972168944773E+000
  4.005398593302E-002  1.305241579266E-003  1.840733138871E+000 -1.889206314518E+000  1.969870780484E+000
  4.137069825459E-002  1.328201375897E-003  1.838247304576E+000 -1.886614101030E+000  1.967532217848E+000
  4.271042566323E-002  1.351272108452E-003  1.835721520976E+000 -1.883979737916E+000  1.965153092369E+000
  4.407328016341E-002  1.374455917436E-003  1.833155754973E+000 -1.881303169175E+000  1.962733237660E+000
  4.545937591035E-002  1.397754963880E-003  1.830549973325E+000 -1.878584338445E+000  1.960272485485E+000
  4.686882923075E-002  1.421171429779E-003  1.827904142662E+000 -1.875823189029E+000  1.957770665794E+000
  4.830175864396E-002  1.444707518548E-003  1.825218229502E+000 -1.873019663923E+000  1.955227606769E+000
  4.975828488365E-002  1.468365455478E-003  1.822492200277E+000 -1.870173705843E+000  1.952643134858E+000
  5.123853091993E-002  1.492147488203E-003  1.819726021349E+000 -1.867285257253E+000  1.950017074826E+000
  5.274262198188E-002  1.516055887169E-003  1.816919659029E+000 -1.864354260395E+000  1.947349249795E+000
  5.427068558066E-002  1.540092946119E-003  1.814073079603E+000 -1.861380657317E+000  1.944639481287E+000
  5.582285153302E-002  1.564260982573E-003  1.811186249349E+000 -1.858364389904E+000  1.941887589275E+000
  5.739925198530E-002  1.588562338332E-003  1.808259134560E+000 -1.855305399905E+000  1.939093392225E+000
  5.900002143803E-002  1.612999379973E-003  1.805291701566E+000 -1.852203628973E+000  1.936256707149E+000
  6.062529677088E-002  1.637574499364E-003  1.802283916759E+000 -1.849059018688E+000  1.933377349655E+000
  6.227521726827E-002  1.662290114181E-003  1.799235746613E+000 -1.845871510594E+000  1.930455133993E+000
  6.394992464542E-002  1.687148668440E-003  1.796147157712E+000 -1.842641046235E+000  1.927489873113E+000
  6.564956307496E-002  1.712152633027E-003  1.793018116767E+000 -1.839367567182E+000  1.924481378715E+000
  6.737427921404E-002  1.737304506249E-003  1.789848590650E+000 -1.836051015076E+000  1.921429461307E+000
  6.912422223211E-002  1.762606814387E-003  1.786638546413E+000 -1.832691331660E+000  1.918333930259E+000
  7.089954383907E-002  1.788062112257E-003  1.783387951314E+000 -1.829288458815E+000  1.915194593861E+000
  7.270039831418E-002  1.813672983787E-003  1.780096772848E+000 -1.825842338597E+000  1.912011259384E+000
  7.452694253540E-002  1.839442042599E-003  1.776764978768E+000 -1.822352913280E+000  1.908783733138E+000
  7.637933600943E-002  1.865371932600E-003  1.773392537116E+000 -1.818820125387E+000  1.905511820538E+000
  7.825774090225E-002  1.891465328589E-003  1.769979416251E+000 -1.815243917738E+000  1.902195326162E+000
  8.016232207035E-002  1.917724936867E-003  1.766525584877E+000 -1.811624233482E+000  1.898834053821E+000
  8.209324709253E-002  1.944153495867E-003  1.763031012071E+000 -1.807961016148E+000  1.895427806623E+000
  8.405068630235E-002  1.970753776782E-003  1.759495667315E+000 -1.804254209678E+000  1.891976387042E+000
  8.603481282122E-002  1.997528584221E-003  1.755919520523E+000 -1.800503758476E+000  1.888479596988E+000
  8.804580259214E-002  2.024480756857E-003  1.752302542075E+000 -1.796709607451E+000  1.884937237878E+000
  9.008383441408E-002  2.051613168108E-003  1.748644702849E+000 -1.792871702059E+000  1.881349110709E+000
  9.214908997710E-002  2.078928726810E-003  1.744945974250E+000 -1.788989988353E+000  1.877715016132E+000
  9.424175389809E-002  2.106430377918E-003  1.741206328244E+000 -1.785064413027E+000  1.874034754531E+000
  9.636201375725E-002  2.134121103210E-003  1.737425737394E+000 -1.781094923462E+000  1.870308126096E+000
  9.851006013526E-002  2.162003922007E-003  1.733604174890E+000 -1.777081467778E+000  1.866534930911E+000
  1.006860866512E-001  2.190081891910E-003  1.729741614587E+000 -1.773023994884E+000  1.862714969026E+000
  1.028902900012E-001  2.218358109541E-003  1.725838031038E+000 -1.768922454524E+000  1.858848040549E+000
  1.051228699979E-001  2.246835711311E-003  1.721893399531E+000 -1.764776797332E+000  1.854933945726E+000
  1.073840296104E-001  2.275517874190E-003  1.717907696129E+000 -1.760586974882E+000  1.850972485029E+000
  1.096739750056E-001  2.304407816497E-003  1.713880897699E+000 -1.756352939744E+000  1.846963459249E+000
  1.119929155896E-001  2.333508798707E-003  1.709812981960E+000 -1.752074645537E+000  1.842906669581E+000
  1.143410640503E-001  2.362824124271E-003  1.705703927516E+000 -1.747752046984E+000  1.838801917721E+000
  1.167186364011E-001  2.392357140448E-003  1.701553713896E+000 -1.743385099969E+000  1.834649005960E+000
  1.191258520249E-001  2.422111239159E-003  1.697362321595E+000 -1.738973761595E+000  1.830447737281E+000
  1.215629337189E-001  2.452089857854E-003  1.693129732117E+000 -1.734517990240E+000  1.826197915457E+000
  1.240301077413E-001  2.482296480400E-003  1.688855928014E+000 -1.730017745622E+000  1.821899345154E+000
  1.265276038575E-001  2.512734637975E-003  1.684540892929E+000 -1.725472988853E+000  1.817551832032E+000
  1.290556553882E-001  2.543407909995E-003  1.680184611641E+000 -1.720883682506E+000  1.813155182851E+000
  1.316144992580E-001  2.574319925047E-003  1.675787070109E+000 -1.716249790676E+000  1.808709205579E+000
  1.342043760450E-001  2.605474361847E-003  1.671348255512E+000 -1.711571279044E+000  1.804213709501E+000
  1.368255300316E-001  2.636874950214E-003  1.666868156303E+000 -1.706848114942E+000  1.799668505331E+000
  1.394782092560E-001  2.668525472060E-003  1.662346762249E+000 -1.702080267420E+000  1.795073405327E+000
  1.421626655646E-001  2.700429762411E-003  1.657784064481E+000 -1.697267707312E+000  1.790428223403E+000
  1.448791546661E-001  2.732591710434E-003  1.653180055540E+000 -1.692410407308E+000  1.785732775254E+000
  1.476279361856E-001  2.765015260497E-003  1.648534729431E+000 -1.687508342020E+000  1.780986878471E+000
  1.504092737207E-001  2.797704413242E-003  1.643848081666E+000 -1.682561488055E+000  1.776190352666E+000
  1.532234348983E-001  2.830663226680E-003  1.639120109319E+000 -1.677569824086E+000  1.771343019600E+000
  1.560706914324E-001  2.863895817319E-003  1.634350811080E+000 -1.672533330929E+000  1.766444703307E+000
  1.589513191834E-001  2.897406361298E-003  1.629540187298E+000 -1.667451991611E+000  1.761495230227E+000
  1.618655982178E-001  2.931199095559E-003  1.624688240046E+000 -1.662325791454E+000  1.756494429335E+000
  1.648138128702E-001  2.965278319033E-003  1.619794973167E+000 -1.657154718144E+000  1.751442132282E+000
  1.677962518056E-001  2.999648393860E-003  1.614860392333E+000 -1.651938761817E+000  1.746338173525E+000
  1.708132080832E-001  3.034313746623E-003  1.609884505098E+000 -1.646677915132E+000  1.741182390475E+000
  1.738649792215E-001  3.069278869616E-003  1.604867320959E+000 -1.641372173357E+000  1.735974623631E+000
  1.769518672648E-001  3.104548322136E-003  1.599808851411E+000 -1.636021534446E+000  1.730714716733E+000
  1.800741788507E-001  3.140126731803E-003  1.594709110006E+000 -1.630625999130E+000  1.725402516904E+000
  1.832322252791E-001  3.176018795904E-003  1.589568112415E+000 -1.625185570993E+000  1.720037874800E+000
  1.864263225826E-001  3.212229282769E-003  1.584385876484E+000 -1.619700256566E+000  1.714620644767E+000
  1.896567915983E-001  3.248763033179E-003  1.579162422303E+000 -1.614170065406E+000  1.709150684993E+000
  1.929239580409E-001  3.285624961791E-003  1.573897772262E+000 -1.608595010194E+000  1.703627857663E+000
  1.962281525771E-001  3.322820058613E-003  1.568591951119E+000 -1.602975106816E+000  1.698052029127E+000
  1.995697109023E-001  3.360353390492E-003  1.563244986060E+000 -1.597310374463E+000  1.692423070055E+000
  2.029489738173E-001  3.398230102644E-003  1.557856906771E+000 -1.591600835715E+000  1.686740855605E+000
  2.063662873085E-001  3.436455420218E-003  1.552427745501E+000 -1.585846516642E+000  1.681005265593E+000
  2.098220026275E-001  3.475034649885E-003  1.546957537128E+000 -1.580047446893E+000  1.675216184663E+000
  2.133164763746E-001  3.513973181471E-003  1.541446319231E+000 -1.574203659799E+000  1.669373502459E+000
  2.168500705817E-001  3.553276489620E-003  1.535894132160E+000 -1.568315192466E+000  1.663477113800E+000
  2.204231527988E-001  3.592950135496E-003  1.530301019105E+000 -1.562382085877E+000  1.657526918862E+000
  2.240360961807E-001  3.632999768520E-003  1.524667026166E+000 -1.556404384990E+000  1.651522823356E+000
  2.276892795770E-001  3.673431128145E-003  1.518992202431E+000 -1.550382138843E+000  1.645464738713E+000
  2.313830876220E-001  3.714250045674E-003  1.513276600047E+000 -1.544315400654E+000  1.639352582270E+000
  2.351179108282E-001  3.755462446115E-003  1.507520274293E+000 -1.538204227929E+000  1.633186277459E+000
  2.388941456809E-001  3.797074350078E-003  1.501723283662E+000 -1.532048682564E+000  1.626965753998E+000
  2.427121947345E-001  3.839091875711E-003  1.495885689931E+000 -1.525848830955E+000  1.620690948087E+000
  2.465724667110E-001  3.881521240686E-003  1.490007558244E+000 -1.519604744107E+000  1.614361802601E+000
  2.504753766009E-001  3.924368764227E-003  1.484088957193E+000 -1.513316497739E+000  1.607978267291E+000
  2.544213457654E-001  3.967640869177E-003  1.478129958890E+000 -1.506984172401E+000  1.601540298987E+000
  2.584108020414E-001  4.011344084122E-003  1.472130639059E+000 -1.500607853582E+000  1.595047861799E+000
  2.624441798480E-001  4.055485045557E-003  1.466091077112E+000 -1.494187631827E+000  1.588500927326E+000
  2.665219202956E-001  4.100070500102E-003  1.460011356233E+000 -1.487723602849E+000  1.581899474864E+000
  2.706444712976E-001  4.145107306769E-003  1.453891563465E+000 -1.481215867644E+000  1.575243491614E+000
  2.748122876832E-001  4.190602439283E-003  1.447731789796E+000 -1.474664532613E+000  1.568532972903E+000
  2.790258313137E-001  4.236562988450E-003  1.441532130243E+000 -1.468069709678E+000  1.561767922391E+000
  2.832855712010E-001  4.282996164587E-003  1.435292683944E+000 -1.461431516400E+000  1.554948352295E+000
  2.875919836279E-001  4.329909300005E-003  1.429013554243E+000 -1.454750076100E+000  1.548074283609E+000
  2.919455522717E-001  4.377309851548E-003  1.422694848783E+000 -1.448025517986E+000  1.541145746321E+000
  2.963467683296E-001  4.425205403192E-003  1.416336679598E+000 -1.441257977268E+000  1.534162779645E+000
  3.007961306479E-001  4.473603668706E-003  1.409939163201E+000 -1.434447595290E+000  1.527125432242E+000
  3.052941458522E-001  4.522512494374E-003  1.403502420683E+000 -1.427594519650E+000  1.520033762448E+000
  3.098413284823E-001  4.571939861783E-003  1.397026577805E+000 -1.420698904328E+000  1.512887838510E+000
  3.144382011281E-001  4.621893890671E-003  1.390511765091E+000 -1.413760909814E+000  1.505687738810E+000
  3.190852945695E-001  4.672382841850E-003  1.383958117930E+000 -1.406780703234E+000  1.498433552106E+000
  3.237831479192E-001  4.723415120192E-003  1.377365776670E+000 -1.399758458482E+000  1.491125377761E+000
  3.285323087679E-001  4.774999277691E-003  1.370734886718E+000 -1.392694356349E+000  1.483763325986E+000
  3.333333333333E-001  4.827144016591E-003  1.364065598637E+000 -1.385588584653E+000  1.476347518073E+000
  3.381867866117E-001  4.879858192602E-003  1.357358068254E+000 -1.378441338372E+000  1.468878086638E+000
  3.430932425333E-001  4.933150818173E-003  1.350612456754E+000 -1.371252819775E+000  1.461355175858E+000
  3.480532841203E-001  4.987031065868E-003  1.343828930785E+000 -1.364023238558E+000  1.453778941719E+000
  3.530675036492E-001  5.041508271801E-003  1.337007662567E+000 -1.356752811976E+000  1.446149552252E+000
  3.581365028158E-001  5.096591939172E-003  1.330148829989E+000 -1.349441764977E+000  1.438467187782E+000
  3.632608929041E-001  5.152291741875E-003  1.323252616720E+000 -1.342090330339E+000  1.430732041169E+000
  3.684412949588E-001  5.208617528209E-003  1.316319212314E+000 -1.334698748804E+000  1.422944318055E+000
  3.736783399619E-001  5.265579324662E-003  1.309348812316E+000 -1.327267269217E+000  1.415104237109E+000
  3.789726690123E-001  5.323187339805E-003  1.302341618375E+000 -1.319796148659E+000  1.407212030273E+000
  3.843249335105E-001  5.381451968273E-003  1.295297838349E+000 -1.312285652584E+000  1.399267943006E+000
  3.897357953460E-001  5.440383794842E-003  1.288217686417E+000 -1.304736054961E+000  1.391272234533E+000
  3.952059270903E-001  5.499993598618E-003  1.281101383189E+000 -1.297147638407E+000  1.383225178088E+000
  4.007360121927E-001  5.560292357317E-003  1.273949155822E+000 -1.289520694324E+000  1.375127061160E+000
  4.063267451812E-001  5.621291251662E-003  1.266761238125E+000 -1.281855523040E+000  1.366978185739E+000
  4.119788318683E-001  5.683001669888E-003  1.259537870680E+000 -1.274152433944E+000  1.358778868558E+000
  4.176929895600E-001  5.745435212354E-003  1.252279300952E+000 -1.266411745625E+000  1.350529441336E+000
  4.234699472710E-001  5.808603696282E-003  1.244985783406E+000 -1.258633786007E+000  1.342230251020E+000
  4.293104459435E-001  5.872519160606E-003  1.237657579619E+000 -1.250818892489E+000  1.333881660028E+000
  4.352152386716E-001  5.937193870949E-003  1.230294958400E+000 -1.242967412079E+000  1.325484046483E+000
  4.411850909306E-001  6.002640324729E-003  1.222898195906E+000 -1.235079701532E+000  1.317037804452E+000
  4.472207808110E-001  6.068871256391E-003  1.215467575755E+000 -1.227156127483E+000  1.308543344184E+000
  4.533230992589E-001  6.135899642772E-003  1.208003389150E+000 -1.219197066587E+000  1.300001092334E+000
  4.594928503202E-001  6.203738708611E-003  1.200505934993E+000 -1.211202905647E+000  1.291411492202E+000
  4.657308513924E-001  6.272401932198E-003  1.192975520006E+000 -1.203174041751E+000  1.282775003954E+000
  4.720379334802E-001  6.341903051163E-003  1.185412458846E+000 -1.195110882404E+000  1.274092104847E+000
  4.784149414579E-001  6.412256068427E-003  1.177817074229E+000 -1.187013845659E+000  1.265363289452E+000
  4.848627343381E-001  6.483475258298E-003  1.170189697048E+000 -1.178883360244E+000  1.256589069865E+000
  4.913821855461E-001  6.555575172733E-003  1.162530666489E+000 -1.170719865696E+000  1.247769975924E+000
  4.979741832006E-001  6.628570647764E-003  1.154840330159E+000 -1.162523812484E+000  1.238906555416E+000
  5.046396304008E-001  6.702476810086E-003  1.147119044196E+000 -1.154295662137E+000  1.229999374280E+000
  5.113794455212E-001  6.777309083830E-003  1.139367173397E+000 -1.146035887365E+000  1.221049016804E+000
  5.181945625116E-001  6.853083197508E-003  1.131585091335E+000 -1.137744972185E+000  1.212056085822E+000
  5.250859312060E-001  6.929815191146E-003  1.123773180478E+000 -1.129423412036E+000  1.203021202897E+000
  5.320545176366E-001  7.007521423604E-003  1.115931832308E+000 -1.121071713900E+000  1.193945008507E+000
  5.391013043575E-001  7.086218580100E-003  1.108061447447E+000 -1.112690396419E+000  1.184828162215E+000
  5.462272907741E-001  7.165923679926E-003  1.100162435765E+000 -1.104279990002E+000  1.175671342842E+000
  5.534334934816E-001  7.246654084380E-003  1.092235216510E+000 -1.095841036943E+000  1.166475248624E+000
  5.607209466109E-001  7.328427504912E-003  1.084280218419E+000 -1.087374091522E+000  1.157240597369E+000
  5.680907021827E-001  7.411262011483E-003  1.076297879838E+000 -1.078879720113E+000  1.147968126602E+000
  5.755438304707E-001  7.495176041166E-003  1.068288648840E+000 -1.070358501286E+000  1.138658593699E+000
  5.830814203728E-001  7.580188406970E-003  1.060252983340E+000 -1.061811025905E+000  1.129312776022E+000
  5.907045797917E-001  7.666318306912E-003  1.052191351211E+000 -1.053237897219E+000  1.119931471034E+000
  5.984144360243E-001  7.753585333338E-003  1.044104230399E+000 -1.044639730959E+000  1.110515496408E+000
  6.062121361613E-001  7.842009482502E-003  1.035992109037E+000 -1.036017155423E+000  1.101065690133E+000
  6.140988474955E-001  7.931611164409E-003  1.027855485557E+000 -1.027370811559E+000  1.091582910598E+000
  6.220757579409E-001  8.022411212936E-003  1.019694868800E+000 -1.018701353044E+000  1.082068036673E+000
  6.301440764614E-001  8.114430896230E-003  1.011510778127E+000 -1.010009446360E+000  1.072521967776E+000
  6.383050335109E-001  8.207691927403E-003  1.003303743531E+000 -1.001295770865E+000  1.062945623931E+000
  6.465598814833E-001  8.302216475524E-003  9.950743057387E-001 -9.925610188555E-001  1.053339945810E+000
  6.549098951744E-001  8.398027176926E-003  9.868230163174E-001 -9.838058956322E-001  1.043705894763E+000
  6.633563722545E-001  8.495147146827E-003  9.785504377808E-001 -9.750311195512E-001  1.034044452837E+000
  6.719006337539E-001  8.593599991288E-003  9.702571436885E-001 -9.662374220762E-001  1.024356622784E+000
  6.805440245593E-001  8.693409819506E-003  9.619437187464E-001 -9.574255478233E-001  1.014643428044E+000
  6.892879139233E-001  8.794601256469E-003  9.536107589040E-001 -9.485962545993E-001  1.004905912729E+000
  6.981336959871E-001  8.897199455961E-003  9.452588714498E-001 -9.397503134351E-001  9.951451415783E-001
  7.070827903152E-001  9.001230113956E-003  9.368886751035E-001 -9.308885086128E-001  9.853621999083E-001
  7.161366424455E-001  9.106719482390E-003  9.285008001065E-001 -9.220116376859E-001  9.755581935398E-001
  7.252967244510E-001  9.213694383338E-003  9.200958883092E-001 -9.131205114930E-001  9.657342487134E-001
  7.345645355186E-001  9.322182223606E-003  9.116745932555E-001 -9.042159541657E-001  9.558915119857E-001
  7.439416025400E-001  9.432211009745E-003  9.032375802640E-001 -8.952988031279E-001  9.460311501095E-001
  7.534294807203E-001  9.543809363512E-003  8.947855265068E-001 -8.863699090894E-001  9.361543498962E-001
  7.630297542000E-001  9.657006537783E-003  8.863191210834E-001 -8.774301360309E-001  9.262623180600E-001
  7.727440366954E-001  9.771832432940E-003  8.778390650930E-001 -8.684803611823E-001  9.163562810438E-001
  7.825739721536E-001  9.888317613741E-003  8.693460717015E-001 -8.595214749924E-001  9.064374848260E-001
  7.925212354258E-001  1.000649332670E-002  8.608408662053E-001 -8.505543810908E-001  8.965071947087E-001
  8.025875329584E-001  1.012639151798E-002  8.523241860910E-001 -8.415799962420E-001  8.865666950855E-001
  8.127746035011E-001  1.024804485184E-002  8.437967810909E-001 -8.325992502903E-001  8.766172891898E-001
  8.230842188350E-001  1.037148672960E-002  8.352594132336E-001 -8.236130860963E-001  8.666602988227E-001
  8.335181845190E-001  1.049675130923E-002  8.267128568906E-001 -8.146224594648E-001  8.566970640597E-001
  8.440783406568E-001  1.062387352550E-002  8.181578988175E-001 -8.056283390629E-001  8.467289429373E-001
  8.547665626839E-001  1.075288911077E-002  8.095953381905E-001 -7.966317063298E-001  8.367573111174E-001
  8.655847621758E-001  1.088383461638E-002  8.010259866376E-001 -7.876335553762E-001  8.267835615307E-001
  8.765348876780E-001  1.101674743475E-002  7.924506682639E-001 -7.786348928748E-001  8.168091039977E-001
  8.876189255584E-001  1.115166582209E-002  7.838702196722E-001 -7.696367379398E-001  8.068353648282E-001
  8.988389008829E-001  1.128862892191E-002  7.752854899763E-001 -7.606401219980E-001  7.968637863980E-001
  9.101968783143E-001  1.142767678917E-002  7.666973408095E-001 -7.516460886482E-001  7.868958267036E-001
  9.216949630368E-001  1.156885041525E-002  7.581066463257E-001 -7.426556935107E-001  7.769329588938E-001
  9.333353017046E-001  1.171219175365E-002  7.495142931945E-001 -7.336700040669E-001  7.669766707787E-001
  9.451200834176E-001  1.185774374655E-002  7.409211805893E-001 -7.246900994869E-001  7.570284643164E-001
  9.570515407237E-001  1.200555035216E-002  7.323282201681E-001 -7.157170704471E-001  7.470898550761E-001
  9.691319506484E-001  1.215565657299E-002  7.237363360469E-001 -7.067520189365E-001  7.371623716785E-001
  9.813636357544E-001  1.230810848498E-002  7.151464647660E-001 -6.977960580521E-001  7.272475552139E-001
  9.937489652293E-001  1.246295326757E-002  7.065595552475E-001 -6.888503117822E-001  7.173469586369E-001
  1.006290356005E+000  1.262023923477E-002  6.979765687456E-001 -6.799159147791E-001  7.074621461389E-001
  1.018990273907E+000  1.278001586715E-002  6.893984787877E-001 -6.709940121196E-001  6.975946924975E-001
  1.031851234841E+000  1.294233384499E-002  6.808262711070E-001 -6.620857590544E-001  6.877461824043E-001
  1.044875806003E+000  1.310724508236E-002  6.722609435666E-001 -6.531923207449E-001  6.779182097706E-001
  1.058066607138E+000  1.327480276248E-002  6.637035060728E-001 -6.443148719889E-001  6.681123770104E-001
  1.071426311823E+000  1.344506137405E-002  6.551549804810E-001 -6.354545969335E-001  6.583302943036E-001
  1.084957648792E+000  1.361807674895E-002  6.466164004892E-001 -6.266126887767E-001  6.485735788366E-001
  1.098663403298E+000  1.379390610110E-002  6.380888115233E-001 -6.177903494562E-001  6.388438540237E-001
  1.112546418516E+000  1.397260806657E-002  6.295732706108E-001 -6.089887893264E-001  6.291427487075E-001
  1.126609596985E+000  1.415424274514E-002  6.210708462432E-001 -6.002092268226E-001  6.194718963403E-001
  1.140855902095E+000  1.433887174317E-002  6.125826182285E-001 -5.914528881133E-001  6.098329341468E-001
  1.155288359613E+000  1.452655821788E-002  6.041096775309E-001 -5.827210067401E-001  6.002275022680E-001
  1.169910059257E+000  1.471736692327E-002  5.956531260991E-001 -5.740148232444E-001  5.906572428885E-001
  1.184724156317E+000  1.491136425740E-002  5.872140766819E-001 -5.653355847831E-001  5.811237993462E-001
  1.199733873325E+000  1.510861831145E-002  5.787936526319E-001 -5.566845447300E-001  5.716288152272E-001
  1.214942501771E+000  1.530919892035E-002  5.703929876953E-001 -5.480629622659E-001  5.621739334449E-001
  1.230353403874E+000  1.551317771520E-002  5.620132257889E-001 -5.394721019560E-001  5.527607953054E-001
  1.245970014403E+000  1.572062817747E-002  5.536555207629E-001 -5.309132333145E-001  5.433910395604E-001
  1.261795842559E+000  1.593162569510E-002  5.453210361498E-001 -5.223876303565E-001  5.340663014475E-001
  1.277834473907E+000  1.614624762054E-002  5.370109448985E-001 -5.138965711376E-001  5.247882117200E-001
  1.294089572372E+000  1.636457333079E-002  5.287264290936E-001 -5.054413372812E-001  5.155583956672E-001
  1.310564882294E+000  1.658668428962E-002  5.204686796590E-001 -4.970232134926E-001  5.063784721261E-001
  1.327264230548E+000  1.681266411190E-002  5.122388960460E-001 -4.886434870612E-001  4.972500524860E-001
  1.344191528724E+000  1.704259863026E-002  5.040382859048E-001 -4.803034473497E-001  4.881747396869E-001
  1.361350775387E+000  1.727657596408E-002  4.958680647396E-001 -4.720043852709E-001  4.791541272139E-001
  1.378746058390E+000  1.751468659100E-002  4.877294555464E-001 -4.637475927522E-001  4.701897980880E-001
  1.396381557275E+000  1.775702342093E-002  4.796236884330E-001 -4.555343621872E-001  4.612833238551E-001
  1.414261545744E+000  1.800368187279E-002  4.715520002216E-001 -4.473659858752E-001  4.524362635748E-001
  1.432390394201E+000  1.825475995395E-002  4.635156340323E-001 -4.392437554473E-001  4.436501628100E-001
  1.450772572390E+000  1.851035834267E-002  4.555158388475E-001 -4.311689612814E-001  4.349265526194E-001
  1.469412652102E+000  1.877058047342E-002  4.475538690579E-001 -4.231428919030E-001  4.262669485533E-001
  1.488315309978E+000  1.903553262542E-002  4.396309839871E-001 -4.151668333744E-001  4.176728496553E-001
  1.507485330398E+000  1.930532401444E-002  4.317484473974E-001 -4.072420686710E-001  4.091457374710E-001
  1.526927608467E+000  1.958006688797E-002  4.239075269734E-001 -3.993698770446E-001  4.006870750643E-001
  1.546647153093E+000  1.985987662391E-002  4.161094937854E-001 -3.915515333743E-001  3.922983060439E-001
  1.566649090169E+000  2.014487183303E-002  4.083556217300E-001 -3.837883075041E-001  3.839808536012E-001
  1.586938665861E+000  2.043517446518E-002  4.006471869494E-001 -3.760814635679E-001  3.757361195596E-001
  1.607521250000E+000  2.073090991960E-002  3.929854672273E-001 -3.684322593009E-001  3.675654834384E-001
  1.628402339588E+000  2.103220715932E-002  3.853717413622E-001 -3.608419453385E-001  3.594703015315E-001
  1.649587562420E+000  2.133919883002E-002  3.778072885165E-001 -3.533117645005E-001  3.514519060020E-001
  1.671082680832E+000  2.165202138333E-002  3.702933875420E-001 -3.458429510635E-001  3.435116039938E-001
  1.692893595565E+000  2.197081520497E-002  3.628313162806E-001 -3.384367300176E-001  3.356506767624E-001
  1.715026349769E+000  2.229572474776E-002  3.554223508408E-001 -3.310943163106E-001  3.278703788235E-001
  1.737487133138E+000  2.262689866987E-002  3.480677648480E-001 -3.238169140772E-001  3.201719371223E-001
  1.760282286187E+000  2.296448997842E-002  3.407688286697E-001 -3.166057158538E-001  3.125565502234E-001
  1.783418304674E+000  2.330865617868E-002  3.335268086151E-001 -3.094619017787E-001  3.050253875214E-001
  1.806901844175E+000  2.365955942924E-002  3.263429661075E-001 -3.023866387772E-001  2.975795884738E-001
  1.830739724818E+000  2.401736670327E-002  3.192185568313E-001 -2.953810797312E-001  2.902202618544E-001
  1.854938936184E+000  2.438224995616E-002  3.121548298511E-001 -2.884463626336E-001  2.829484850304E-001
  1.879506642368E+000  2.475438629994E-002  3.051530267049E-001 -2.815836097259E-001  2.757653032596E-001
  1.904450187236E+000  2.513395818467E-002  2.982143804695E-001 -2.747939266206E-001  2.686717290107E-001
  1.929777099847E+000  2.552115358717E-002  2.913401147991E-001 -2.680784014060E-001  2.616687413039E-001
  1.955495100083E+000  2.591616620741E-002  2.845314429366E-001 -2.614381037350E-001  2.547572850728E-001
  1.981612104475E+000  2.631919567292E-002  2.777895666978E-001 -2.548740838956E-001  2.479382705458E-001
  2.008136232230E+000  2.673044775156E-002  2.711156754289E-001 -2.483873718652E-001  2.412125726468E-001
  2.035075811486E+000  2.715013457311E-002  2.645109449365E-001 -2.419789763460E-001  2.345810304136E-001
  2.062439385788E+000  2.757847486001E-002  2.579765363921E-001 -2.356498837833E-001  2.280444464331E-001
  2.090235720801E+000  2.801569416771E-002  2.515135952097E-001 -2.294010573655E-001  2.216035862913E-001
  2.118473811262E+000  2.846202513514E-002  2.451232498980E-001 -2.232334360054E-001  2.152591780371E-001
  2.147162888201E+000  2.891770774564E-002  2.388066108884E-001 -2.171479333039E-001  2.090119116573E-001
  2.176312426413E+000  2.938298959899E-002  2.325647693375E-001 -2.111454364958E-001  2.028624385620E-001
  2.205932152222E+000  2.985812619504E-002  2.263987959076E-001 -2.052268053761E-001  1.968113710765E-001
  2.236032051522E+000  3.034338122938E-002  2.203097395237E-001 -1.993928712108E-001  1.908592819401E-001
  2.266622378129E+000  3.083902690182E-002  2.142986261101E-001 -1.936444356280E-001  1.850067038066E-001
  2.297713662445E+000  3.134534423818E-002  2.083664573074E-001 -1.879822694943E-001  1.792541287462E-001
  2.329316720450E+000  3.186262342603E-002  2.025142091701E-001 -1.824071117738E-001  1.736020077461E-001
  2.361442663038E+000  3.239116416519E-002  1.967428308487E-001 -1.769196683724E-001  1.680507502064E-001
  2.394102905709E+000  3.293127603351E-002  1.910532432561E-001 -1.715206109679E-001  1.626007234297E-001
  2.427309178642E+000  3.348327886897E-002  1.854463377222E-001 -1.662105758277E-001  1.572522521024E-001
  2.461073537146E+000  3.404750316862E-002  1.799229746371E-001 -1.609901626151E-001  1.520056177645E-001
  2.495408372530E+000  3.462429050548E-002  1.744839820864E-001 -1.558599331861E-001  1.468610582671E-001
  2.530326423398E+000  3.521399396401E-002  1.691301544818E-001 -1.508204103797E-001  1.418187672143E-001
  2.565840787378E+000  3.581697859546E-002  1.638622511882E-001 -1.458720768027E-001  1.368788933893E-001
  2.601964933334E+000  3.643362189376E-002  1.586809951522E-001 -1.410153736132E-001  1.320415401628E-001
  2.638712714049E+000  3.706431429322E-002  1.535870715339E-001 -1.362506993048E-001  1.273067648827E-001
  2.676098379430E+000  3.770945968912E-002  1.485811263467E-001 -1.315784084956E-001  1.226745782450E-001
  2.714136590232E+000  3.836947598236E-002  1.436637651073E-001 -1.269988107260E-001  1.181449436455E-001
  2.752842432351E+000  3.904479564947E-002  1.388355515023E-001 -1.225121692687E-001  1.137177765138E-001
  2.792231431696E+000  3.973586633921E-002  1.340970060728E-001 -1.181186999563E-001  1.093929436290E-001
  2.832319569669E+000  4.044315149734E-002  1.294486049231E-001 -1.138185700317E-001  1.051702624219E-001
  2.873123299289E+000  4.116713102086E-002  1.248907784582E-001 -1.096118970256E-001  1.010495002624E-001
  2.914659561979E+000  4.190830194354E-002  1.204239101534E-001 -1.054987476684E-001  9.703037373964E-002
  2.956945805065E+000  4.266717915414E-002  1.160483353620E-001 -1.014791368422E-001  9.311254793586E-002
  3.000000000000E+000  4.344429614932E-002  1.117643401663E-001 -9.755302657872E-002  8.929563570063E-002
  3.043840661365E+000  4.424020582308E-002  1.075721602759E-001 -9.372032511183E-002  8.557919693134E-002
  3.088486866678E+000  4.505548129460E-002  1.034719799791E-001 -8.998088599052E-002  8.196273786644E-002
  3.133958277047E+000  4.589071677685E-002  9.946393115378E-002 -8.633450726098E-002  7.844571039976E-002
  3.180275158719E+000  4.674652848797E-002  9.554809233990E-002 -8.278093072524E-002  7.502751142440E-002
  3.227458405560E+000  4.762355560797E-002  9.172448788252E-002 -7.931984128474E-002  7.170748221633E-002
  3.275529562509E+000  4.852246128332E-002  8.799308714775E-002 -7.595086637710E-002  6.848490786818E-002
  3.324510850077E+000  4.944393368200E-002  8.435380381785E-002 -7.267357551456E-002  6.535901678489E-002
  3.374425189910E+000  5.038868710203E-002  8.080649526993E-002 -6.948747993246E-002  6.232898025372E-002
  3.425296231502E+000  5.135746313639E-002  7.735096204296E-002 -6.639203235625E-002  5.939391210166E-002
  3.477148380094E+000  5.235103189784E-002  7.398694739738E-002 -6.338662689508E-002  5.655286845419E-002
  3.530006825834E+000  5.337019330676E-002  7.071413697112E-002 -6.047059907006E-002  5.380484760958E-002
  3.583897574256E+000  5.441577844603E-002  6.753215853585E-002 -5.764322598462E-002  5.114879004357E-002
  3.638847478148E+000  5.548865098670E-002  6.444058185634E-002 -5.490372664413E-002  4.858357855921E-002
  3.694884270887E+000  5.658970868864E-002  6.143891865570E-002 -5.225126243110E-002  4.610803859688E-002
  3.752036601308E+000  5.771988498079E-002  5.852662268847E-002 -4.968493774159E-002  4.372093871924E-002
  3.810334070199E+000  5.888015062562E-002  5.570308992286E-002 -4.720380078773E-002  4.142099128529E-002
  3.869807268505E+000  6.007151547295E-002  5.296765883321E-002 -4.480684456985E-002  3.920685332727E-002
  3.930487817331E+000  6.129503030858E-002  5.031961080239E-002 -4.249300802087E-002  3.707712764305E-002
  3.992408409843E+000  6.255178880352E-002  4.775817063372E-002 -4.026117732409E-002  3.503036411535E-002
  4.055602855172E+000  6.384292957002E-002  4.528250717084E-002 -3.811018740419E-002  3.306506126768E-002
  4.120106124432E+000  6.516963833101E-002  4.289173402344E-002 -3.603882358953E-002  3.117966806517E-002
  4.185954398964E+000  6.653315021009E-002  4.058491039589E-002 -3.404582344242E-002  2.937258596587E-002
  4.253185120935E+000  6.793475214960E-002  3.836104201513E-002 -3.212987875191E-002  2.764217122627E-002
  4.321837046422E+000  6.937578546490E-002  3.621908215331E-002 -3.028963768222E-002  2.598673746145E-002
  4.391950301120E+000  7.085764854355E-002  3.415793274045E-002 -2.852370706770E-002  2.440455845760E-002
  4.463566438835E+000  7.238179969882E-002  3.217644556120E-002 -2.683065484351E-002  2.289387123140E-002
  4.536728502895E+000  7.394976018725E-002  3.027342352993E-002 -2.520901259928E-002  2.145287932694E-002
  4.611481090679E+000  7.556311740127E-002  2.844762203753E-002 -2.365727824125E-002  2.007975633771E-002
  4.687870421430E+000  7.722352824817E-002  2.669775036344E-002 -2.217391874641E-002  1.877264963695E-002
  4.765944407533E+000  7.893272272784E-002  2.502247314609E-002 -2.075737299105E-002  1.752968429619E-002
  4.845752729492E+000  8.069250772248E-002  2.342041190526E-002 -1.940605463411E-002  1.634896716784E-002
  4.927346914797E+000  8.250477101257E-002  2.189014661006E-002 -1.811835503522E-002  1.522859110403E-002
  5.010780420931E+000  8.437148553436E-002  2.043021728685E-002 -1.689264618571E-002  1.416663928047E-002
  5.096108722763E+000  8.629471389541E-002  1.903912566204E-002 -1.572728363110E-002  1.316118959070E-002
  5.183389404586E+000  8.827661316581E-002  1.771533683597E-002 -1.462060936264E-002  1.221031907335E-002
  5.272682257105E+000  9.031943996425E-002  1.645728098487E-002 -1.357095465632E-002  1.131210833273E-002
  5.364049379651E+000  9.242555585946E-002  1.526335508981E-002 -1.257664283807E-002  1.046464591097E-002
  5.457555287978E+000  9.459743310926E-002  1.413192469298E-002 -1.163599195535E-002  9.666032569027E-003
  5.553267027968E+000  9.683766076100E-002  1.306132568336E-002 -1.074731733673E-002  8.914385433384E-003
  5.651254295630E+000  9.914895113938E-002  1.204986611628E-002 -9.908934023592E-003  8.207841965689E-003
  5.751589563796E+000  1.015341467494E-001  1.109582807318E-002 -9.119159060542E-003  7.544563713911E-003
  5.854348215936E+000  1.039962276248E-001  1.019746957010E-002 -8.376313634526E-003  6.922739805942E-003
  5.959608687557E+000  1.065383191537E-001  9.353026525875E-003 -7.678725056238E-003  6.340590149781E-003
  6.067452615683E+000  1.091637004188E-001  8.560714803014E-003 -7.024728581505E-003  5.796368308744E-003
  6.177964996951E+000  1.118758130872E-001  7.818732336076E-003 -6.412669074746E-003  5.288364025346E-003
  6.291234354880E+000  1.146782708938E-001  7.125261364398E-003 -5.840902521237E-003  4.814905373657E-003
  6.407352916949E+000  1.175748697626E-001  6.478470787120E-003 -5.307797399661E-003  4.374360526860E-003
  6.526416802128E+000  1.205695986129E-001  5.876518659470E-003 -4.811735931147E-003  3.965139134438E-003
  6.648526219580E+000  1.236666509049E-001  5.317554849554E-003 -4.351115225563E-003  3.585693311549E-003
  6.773785679311E+000  1.268704369821E-001  4.799723874475E-003 -3.924348350037E-003  3.234518251752E-003
  6.902304215570E+000  1.301855972713E-001  4.321167933452E-003 -3.529865348367E-003  2.910152482832E-003
  7.034195623922E+000  1.336170164087E-001  3.880030153483E-003 -3.166114242986E-003  2.611177794049E-003
  7.169578712934E+000  1.371698383673E-001  3.474458060030E-003 -2.831562053219E-003  2.336218871206E-003
  7.308577571516E+000  1.408494826628E-001  3.102607281099E-003 -2.524695864655E-003  2.083942683333E-003
  7.451321853057E+000  1.446616617293E-001  2.762645487913E-003 -2.244023984216E-003  1.853057671199E-003
  7.597947077547E+000  1.486123995567E-001  2.452756569108E-003 -1.988077214014E-003  1.642312792933E-003
  7.748594953021E+000  1.527080516973E-001  2.171145028187E-003 -1.755410274037E-003  1.450496485585E-003
  7.903413717736E+000  1.569553267535E-001  1.916040585749E-003 -1.544603399203E-003  1.276435603142E-003
  8.062558504629E+000  1.613613094717E-001  1.685702959096E-003 -1.354264130270E-003  1.118994391201E-003
  8.226191729726E+000  1.659334855793E-001  1.478426782309E-003 -1.183029310532E-003  9.770735560340E-004
  8.394483506327E+000  1.706797685137E-001  1.292546620060E-003 -1.029567291394E-003  8.496094810435E-004
  8.567612086926E+000  1.756085282071E-001  1.126442018604E-003 -8.925803398491E-004  7.355736366799E-004
  8.745764335025E+000  1.807286221064E-001  9.785425279365E-004 -7.708072299741E-004  6.339722208473E-004
  8.929136229160E+000  1.860494286260E-001  8.473326203997E-004 -6.630259890857E-004  5.438460558536E-004
  9.117933401693E+000  1.915808832504E-001  7.313564235673E-004 -5.680567575985E-004  4.642707554116E-004
  9.312371715124E+000  1.973335175235E-001  6.292221793893E-004 -4.847647103573E-004  3.943571614520E-004
  9.512677878945E+000  2.033185011886E-001  5.396063379201E-004 -4.120629768094E-004  3.332520360806E-004
  9.719090110332E+000  2.095476877688E-001  4.612571928166E-004 -3.489154883683E-004  2.801389794837E-004
  9.931858842267E+000  2.160336639044E-001  3.929979676267E-004 -2.943396742588E-004  2.342395305918E-004
  1.015124748302E+001  2.227898028021E-001  3.337292669884E-004 -2.474089225409E-004  1.948143945412E-004
  1.037753323129E+001  2.298303221843E-001  2.824308154420E-004 -2.072547213688E-004  1.611647300860E-004
  1.061100795175E+001  2.371703471699E-001  2.381624187085E-004 -1.730683972272E-004  1.326334217767E-004
  1.085197911611E+001  2.448259785618E-001  2.000640979394E-004 -1.441023721818E-004  1.086062564903E-004
  1.110077081537E+001  2.528143670735E-001  1.673553663436E-004 -1.196708711957E-004  8.851292225063E-005
  1.135772484956E+001  2.611537940784E-001  1.393336393172E-004 -9.915002324699E-005  7.182774953009E-005
  1.162320190175E+001  2.698637595360E-001  1.153717931087E-004 -8.197731609195E-005  5.807012150567E-005
  1.189758280382E+001  2.789650778206E-001  9.491491231779E-005 -6.765038358016E-005  4.680448999215E-005
  1.218126990242E+001  2.884799822596E-001  7.747629216524E-005 -5.572512580057E-005  3.763994768789E-005
  1.247468853413E+001  2.984322392826E-001  6.263278634417E-005 -4.581318514473E-005  3.022932442469E-005
  1.277828862002E+001  3.088472731875E-001  5.001961414148E-005 -3.757882460651E-005  2.426779456429E-005
  1.309254639077E+001  3.197523026463E-001  3.932476014959E-005 -3.073527714643E-005  1.949100359470E-005
  1.341796625462E+001  3.311764902095E-001  3.028311504737E-005 -2.504065552751E-005  1.567274326042E-005
  1.375508282195E+001  3.431511062169E-001  2.267051552378E-005 -2.029352947538E-005  1.262222503137E-005
  1.410446310162E+001  3.557097086969E-001  1.629784456067E-005 -1.632829021269E-005  1.018102017231E-005
  1.446670888596E+001  3.688883410292E-001  1.100534938793E-005 -1.301043041778E-005  8.219749975524E-006
  1.484245934302E+001  3.827257493700E-001  6.657323250652E-006 -1.023186976508E-005  6.634620861452E-006
  1.523239383723E+001  3.972636220891E-001  3.137278886374E-006 -7.906452045181E-006  5.343905259903E-006
  1.563723500136E+001  4.125468537596E-001  3.437169643865E-007 -5.965729445304E-006  4.284469979110E-006
  1.605775208607E+001  4.286238365683E-001 -1.813437181876E-006 -4.355133315734E-006  3.408449023138E-006
  1.649476461582E+001  4.455467823929E-001 -3.415688836344E-006 -3.030609491544E-006  2.680147786144E-006
  1.694914638379E+001  4.633720792263E-001 -4.538116941797E-006 -1.955771203753E-006  2.073250873096E-006
  1.742182982203E+001  4.821606861220E-001 -5.250835729521E-006 -1.099595337729E-006  1.568387461591E-006
  1.791381078784E+001  5.019785714107E-001 -5.619838236300E-006 -4.346600340119E-007  1.151087405030E-006
  1.842615381215E+001  5.228971995942E-001 -5.707312690875E-006  6.410478237883E-008  8.101396508229E-007
  1.895999786176E+001  5.449940730840E-001 -5.571543732137E-006  4.202056360760E-007  5.363435471471E-007
  1.951656267356E+001  5.683533358366E-001 -5.266523225725E-006  6.559827774877E-007  3.216247158643E-007
  2.009715572669E+001  5.930664469535E-001 -4.841399199735E-006  7.926994759319E-007  1.584716621375E-007
  2.070317992707E+001  6.192329335039E-001 -4.339885960379E-006  8.504123930857E-007  3.963814594196E-008
  2.133614208874E+001  6.469612332096E-001 -3.799744376129E-006  8.477114205623E-007 -4.194987234210E-008
  2.199766230782E+001  6.763696392388E-001 -3.252419980832E-006  8.014103424806E-007 -9.314506353013E-008
  2.268948433818E+001  7.075873612439E-001 -2.722899938383E-006  7.262572915063E-007 -1.204461437382E-007
  2.341348709294E+001  7.407557189842E-001 -2.229820507038E-006  6.347176353039E-007 -1.298331729968E-007
  2.417169741362E+001  7.760294874639E-001 -1.785827158059E-006  5.368634006986E-007 -1.266116531874E-007
  2.496630426925E+001  8.135784155747E-001 -1.398162630488E-006  4.403844842058E-007 -1.152943381616E-007
  2.579967457140E+001  8.535889438281E-001 -1.069436318744E-006  3.507195073378E-007 -9.953737136376E-008
  2.667437081864E+001  8.962661510291E-001 -7.985132980602E-007  2.712897862636E-007 -8.213599515619E-008
  2.759317081651E+001  9.418359647997E-001 -5.814540255228E-007  2.038096052254E-007 -6.507562600603E-008
  2.855908975674E+001  9.905476768748E-001 -4.124364531891E-007  1.486403843356E-007 -4.962723163322E-008
  2.957540498378E+001  1.042676811269E+000 -2.846001990024E-007  1.051554122027E-007 -3.647197629576E-008
  3.064568382919E+001  1.098528402000E+000 -1.907659962070E-007  7.208502700019E-008 -2.583893993197E-008
  3.177381495601E+001  1.158440747351E+000 -1.240007627354E-007  4.781849152732E-008 -1.764096119136E-008
  3.296404372807E+001  1.222789720048E+000 -7.801689756971E-008  3.064705373647E-008 -1.159666148277E-008
  3.422101220608E+001  1.291993727721E+000 -4.741147384960E-008  1.894146091975E-008 -7.330711906340E-009
  3.554980447538E+001  1.366519436102E+000 -2.776488829585E-008  1.126525738548E-008 -4.448640441547E-009
  3.695599813319E+001  1.446888389511E+000 -1.562791106587E-008  6.431572302013E-009 -2.586284453704E-009
  3.844572291106E+001  1.533684690030E+000 -8.430417049541E-009  3.515217987441E-009 -1.436905197875E-009
  4.002572758518E+001  1.627563929686E+000 -4.344631322422E-009  1.833624908109E-009 -7.607611061635E-010
  4.170345654134E+001  1.729263610453E+000 -2.131430672011E-009  9.096930737269E-010 -3.825811608409E-010
  4.348713762001E+001  1.839615336740E+000 -9.914941648143E-010  4.275925422855E-010 -1.820742023548E-010
  4.538588318162E+001  1.959559126947E+000 -4.354138362148E-010  1.896016583789E-010 -8.165962607203E-011
  4.740980671574E+001  2.090160267552E+000 -1.796309700787E-010  7.892853473818E-011 -3.435210092449E-011
  4.957015778746E+001  2.232629229408E+000 -6.923943229324E-011  3.068018489918E-011 -1.348281808516E-011
  5.187947869225E+001  2.388345286640E+000 -2.478360278001E-011  1.106832791573E-011 -4.907880482362E-012
  5.435178690397E+001  2.558884630889E+000 -8.181618778655E-012  3.680878600413E-012 -1.645773054195E-012
  5.700278828629E+001  2.746053966795E+000 -2.471935239040E-012  1.119807744212E-012 -5.045601083251E-013
  5.985012714155E+001  2.951930820846E+000 -6.776373404025E-013  3.089677880036E-013 -1.402174020774E-013
  6.291368055481E+001  3.178912111311E+000 -1.669075614547E-013  7.656512385177E-014 -3.498066620148E-014
  6.621590623276E+001  3.429772933797E+000 -3.653178188865E-014  1.685416720922E-014 -7.748545502789E-015
  6.978225524452E+001  3.707738044625E+000 -7.016687642482E-015  3.254646861041E-015 -1.505068175262E-015
  7.364166388185E+001  4.016569212832E+000 -1.165887036904E-015  5.435351499022E-016 -2.527302861465E-016
  7.782714245929E+001  4.360672516382E+000 -1.648767845167E-016  7.723311730255E-017 -3.609618191914E-017
  8.237648351994E+001  4.745230855210E+000 -1.947703562967E-017  9.164772729345E-018 -4.303972758783E-018
  8.733311794503E+001  5.176368549127E+000 -1.881087122962E-018  8.888982883807E-019 -4.193360793518E-019
  9.274715535088E+001  5.661357031559E+000 -1.448891075143E-019  6.874160808549E-020 -3.256668480765E-020
  9.867665554529E+001  6.208873552072E+000 -8.647726287021E-021  4.118408877145E-021 -1.958919489497E-021
  1.051891916055E+002  6.829328764649E+000 -3.867659791269E-022  1.848535970428E-022 -8.825620432820E-023
  1.123637836013E+002  7.535284543316E+000 -1.246346992817E-023  5.977017298787E-024 -2.863753908645E-024
  1.202933069206E+002  8.341990973528E+000 -2.763377505704E-025  1.329444613208E-025 -6.390942996285E-026
  1.290875131414E+002  9.268082166539E+000 -3.991772405811E-027  1.926208370146E-027 -9.288736061791E-028
  1.388768482001E+002  1.033648575811E+001 -3.520868522499E-029  1.703812349526E-029 -8.240506445443E-030
  1.498173177370E+002  1.157562284364E+001 -1.754658875307E-031  8.513924499474E-032 -4.129194764109E-032
  1.620967411853E+002  1.302100699722E+001 -4.499928970797E-034  2.188980866198E-034 -1.064411939085E-034
  1.759428668168E+002  1.471739812515E+001 -5.302148053064E-037  2.585380923440E-037 -1.260250947095E-037
  1.916340085825E+002  1.672173748087E+001 -2.498852076628E-040  1.221208020824E-040 -5.966543493168E-041
  2.095131417987E+002  1.910719757888E+001 -3.970736846848E-044  1.944640235916E-044 -9.521649255382E-045
  2.300068054477E+002  2.196884699990E+001 -1.720023120486E-048  8.440468831876E-049 -4.141151997369E-049
  2.536507797910E+002  2.543169216868E+001 -1.555047909342E-053  7.645175578833E-054 -3.758099775419E-054
  2.811254638474E+002  2.966227967912E+001 -2.090081833929E-059  1.029360983074E-059 -5.068993443270E-060
  3.133053780630E+002  3.488573552677E+001 -2.700032070112E-066  1.331941793049E-066 -6.569942738631E-067
  3.513296254502E+002  4.141128389041E+001 -1.899169543130E-074  9.383068346382E-075 -4.635479363820E-075
  3.967041014106E+002  4.967130404214E+001 -3.430858550802E-084  1.697474498248E-084 -8.398068435541E-085
  4.514529193349E+002  6.028257212519E+001 -5.796122251298E-096  2.871529027411E-096 -1.422559192176E-096
  5.183481233601E+002  7.414493328740E+001 -2.294927723342E-110  1.138353531258E-110 -5.646396836963E-111
  6.012676077950E+002  9.260523890243E+001 -3.071671013274E-128  1.525364959785E-128 -7.574650524218E-129
  7.057700503752E+002  1.177394213729E+002 -8.656259862987E-151  4.303083871136E-151 -2.139055139926E-151
  8.400513767914E+002  1.528577972397E+002 -8.564703402267E-180  4.261601548642E-180 -2.120450834481E-180
  1.016602135495E+003  2.034537342122E+002 -5.801578486017E-218  2.889209908188E-218 -1.438826842298E-218
  1.255220715580E+003  2.790860613466E+002 -1.360540599470E-269  6.780770733118E-270 -3.379436912181E-270
  1.588815776243E+003  3.973705897531E+002  0.000000000000E+000  0.000000000000E+000  0.000000000000E+000
  2.075392011604E+003  5.931596040112E+002  0.000000000000E+000  0.000000000000E+000  0.000000000000E+000
  2.825079847529E+003  9.419154890021E+002  0.000000000000E+000  0.000000000000E+000  0.000000000000E+000
  4.068408296184E+003  1.627629972033E+003  0.000000000000E+000  0.000000000000E+000  0.000000000000E+000
  6.357262947674E+003  3.178964796686E+003  0.000000000000E+000  0.000000000000E+000  0.000000000000E+000
  1.130231930164E+004  7.535323971013E+003  0.000000000000E+000  0.000000000000E+000  0.000000000000E+000
  2.543105175140E+004  2.543171841285E+004  0.000000000000E+000  0.000000000000E+000  0.000000000000E+000
  1.017262069958E+005  2.034537473226E+005  0.000000000000E+000  0.000000000000E+000  0.000000000000E+000
