# 1st line: number of mesh points
# rho and r_seitz are calculated from total density
# zeta and r_seitz only correct of rho > 1d-12

# abcissa weight rho drho ddrho zeta r_seitz
500
  9.830308526508E-006  1.966074589941E-005  3.934341969763E+003 -6.330770412898E+004  1.035850466973E+006 -3.069982465952E-007  9.135865902741E-002
  3.932200719717E-005  3.932303800261E-005  3.932475368427E+003 -6.327716263108E+004  1.035342438617E+006 -3.069634041872E-007  9.137311160538E-002
  8.847741541455E-005  5.898842277178E-005  3.929366204151E+003 -6.322629075127E+004  1.034496243969E+006 -3.069079247445E-007  9.139720532274E-002
  1.573003992804E-004  7.865844718600E-005  3.925017231228E+003 -6.315513436972E+004  1.033312661170E+006 -3.068357046555E-007  9.143094931521E-002
  2.457963722417E-004  9.833465899987E-005  3.919432300393E+003 -6.306375762896E+004  1.031792778062E+006 -3.067522103826E-007  9.147435638204E-002
  3.539722959954E-004  1.180186070023E-004  3.912616353572E+003 -6.295224284437E+004  1.029937990640E+006 -3.066644980877E-007  9.152744299524E-002
  4.818366816528E-004  1.377118412759E-004  3.904575417133E+003 -6.282069038938E+004  1.027750001064E+006 -3.065812288579E-007  9.159022931155E-002
  6.293995911626E-004  1.574159134560E-004  3.895316593665E+003 -6.266921855557E+004  1.025230815235E+006 -3.065126938081E-007  9.166273918696E-002
  7.966726389934E-004  1.771323769912E-004  3.884848052300E+003 -6.249796338793E+004  1.022382739942E+006 -3.064708422666E-007  9.174500019401E-002
  9.836689940782E-004  1.968627874036E-004  3.873179017586E+003 -6.230707849557E+004  1.019208379586E+006 -3.064693111341E-007  9.183704364179E-002
  1.190403382016E-003  2.166087025496E-004  3.860319756940E+003 -6.209673483823E+004  1.015710632485E+006 -3.065234661662E-007  9.193890459864E-002
  1.416892087541E-003  2.363716828821E-004  3.846281566698E+003 -6.186712048897E+004  1.011892686762E+006 -3.066504384994E-007  9.205062191762E-002
  1.663152957245E-003  2.561532917128E-004  3.831076756787E+003 -6.161844037340E+004  1.007758015837E+006 -3.068691744711E-007  9.217223826480E-002
  1.929205402573E-003  2.759550954757E-004  3.814718634042E+003 -6.135091598609E+004  1.003310373514E+006 -3.072004844258E-007  9.230380015027E-002
  2.215070403074E-003  2.957786639908E-004  3.797221484210E+003 -6.106478508443E+004  9.985537886896E+005 -3.076671019752E-007  9.244535796214E-002
  2.520770509919E-003  3.156255707300E-004  3.778600552654E+003 -6.076030136067E+004  9.934925596735E+005 -3.082937419988E-007  9.259696600330E-002
  2.846329849692E-003  3.354973930828E-004  3.758872023805E+003 -6.043773409266E+004  9.881312481515E+005 -3.091071693014E-007  9.275868253118E-002
  3.191774128432E-003  3.553957126240E-004  3.738052999392E+003 -6.009736777387E+004  9.824746727861E+005 -3.101362715293E-007  9.293056980047E-002
  3.557130635959E-003  3.753221153821E-004  3.716161475486E+003 -5.973950172340E+004  9.765279024741E+005 -3.114121368504E-007  9.311269410885E-002
  3.942428250463E-003  3.952781921092E-004  3.693216318403E+003 -5.936444967671E+004  9.702962492715E+005 -3.129681395650E-007  9.330512584582E-002
  4.347697443358E-003  4.152655385525E-004  3.669237239501E+003 -5.897253935764E+004  9.637852609984E+005 -3.148400293536E-007  9.350793954460E-002
  4.772970284417E-003  4.352857557265E-004  3.644244768921E+003 -5.856411203265E+004  9.570007135373E+005 -3.170660299389E-007  9.372121393729E-002
  5.218280447175E-003  4.553404501876E-004  3.618260228314E+003 -5.813952204798E+004  9.499486028386E+005 -3.196869442693E-007  9.394503201323E-002
  5.683663214611E-003  4.754312343099E-004  3.591305702600E+003 -5.769913635049E+004  9.426351366481E+005 -3.227462639330E-007  9.417948108066E-002
  6.169155485101E-003  4.955597265624E-004  3.563404010806E+003 -5.724333399318E+004  9.350667259705E+005 -3.262902906433E-007  9.442465283182E-002
  6.674795778653E-003  5.157275517886E-004  3.534578676042E+003 -5.677250562609E+004  9.272499762847E+005 -3.303682620359E-007  9.468064341147E-002
  7.200624243425E-003  5.359363414876E-004  3.504853894652E+003 -5.628705297353E+004  9.191916785266E+005 -3.350324887705E-007  9.494755348890E-002
  7.746682662519E-003  5.561877340970E-004  3.474254504605E+003 -5.578738829860E+004  9.108987998548E+005 -3.403384959297E-007  9.522548833364E-002
  8.313014461060E-003  5.764833752781E-004  3.442805953171E+003 -5.527393385584E+004  9.023784742165E+005 -3.463451808878E-007  9.551455789483E-002
  8.899664713569E-003  5.968249182030E-004  3.410534263943E+003 -5.474712133304E+004  8.936379927289E+005 -3.531149734458E-007  9.581487688435E-002
  9.506680151615E-003  6.172140238444E-004  3.377466003254E+003 -5.420739128306E+004  8.846847938950E+005 -3.607140092734E-007  9.612656486388E-002
  1.013410917176E-002  6.376523612666E-004  3.343628246057E+003 -5.365519254680E+004  8.755264536685E+005 -3.692123167063E-007  9.644974633593E-002
  1.078200184380E-002  6.581416079202E-004  3.309048541305E+003 -5.309098166813E+004  8.661706753871E+005 -3.786840080929E-007  9.678455083893E-002
  1.145040991929E-002  6.786834499385E-004  3.273754876909E+003 -5.251522230190E+004  8.566252795908E+005 -3.892074933555E-007  9.713111304657E-002
  1.213938684040E-002  6.992795824361E-004  3.237775644325E+003 -5.192838461600E+004  8.468981937431E+005 -4.008656937894E-007  9.748957287136E-002
  1.284898774901E-002  7.199317098113E-004  3.201139602821E+003 -5.133094468845E+004  8.369974418728E+005 -4.137462807418E-007  9.786007557274E-002
  1.357926949620E-002  7.406415460502E-004  3.163875843499E+003 -5.072338390056E+004  8.269311341536E+005 -4.279419219104E-007  9.824277186961E-002
  1.433029065191E-002  7.614108150341E-004  3.126013753105E+003 -5.010618832719E+004  8.167074564405E+005 -4.435505418322E-007  9.863781805764E-002
  1.510211151509E-002  7.822412508494E-004  3.087582977726E+003 -4.947984812511E+004  8.063346597792E+005 -4.606756052661E-007  9.904537613132E-002
  1.589479412397E-002  8.031345981016E-004  3.048613386383E+003 -4.884485692046E+004  7.958210499081E+005 -4.794264055104E-007  9.946561391102E-002
  1.670840226680E-002  8.240926122311E-004  3.009135034626E+003 -4.820171119628E+004  7.851749767681E+005 -4.999183861673E-007  9.989870517508E-002
  1.754300149280E-002  8.451170598329E-004  2.969178128155E+003 -4.755090968129E+004  7.744048240403E+005 -5.222734641277E-007  1.003448297972E-001
  1.839865912351E-002  8.662097189796E-004  2.928772986547E+003 -4.689295274065E+004  7.635189987268E+005 -5.466203896754E-007  1.008041738893E-001
  1.927544426443E-002  8.873723795480E-004  2.887950007125E+003 -4.622834176986E+004  7.525259207927E+005 -5.730951121324E-007  1.012769299498E-001
  2.017342781695E-002  9.086068435487E-004  2.846739629056E+003 -4.555757859276E+004  7.414340128863E+005 -6.018411809166E-007  1.017632970176E-001
  2.109268249069E-002  9.299149254598E-004  2.805172297697E+003 -4.488116486452E+004  7.302516901539E+005 -6.330101614003E-007  1.022634808323E-001
  2.203328281612E-002  9.512984525641E-004  2.763278429277E+003 -4.419960148059E+004  7.189873501648E+005 -6.667620799549E-007  1.027776940002E-001
  2.299530515754E-002  9.727592652906E-004  2.721088375950E+003 -4.351338799257E+004  7.076493629640E+005 -7.032658940986E-007  1.033061561667E-001
  2.397882772639E-002  9.942992175591E-004  2.678632391276E+003 -4.282302203179E+004  6.962460612673E+005 -7.426999958930E-007  1.038490941950E-001
  2.498393059493E-002  1.015920177130E-003  2.635940596187E+003 -4.212899874167E+004  6.847857308134E+005 -7.852527363756E-007  1.044067423519E-001
  2.601069571024E-002  1.037624025957E-003  2.593042945479E+003 -4.143181021951E+004  6.732766008895E+005 -8.311229910333E-007  1.049793425004E-001
  2.705920690860E-002  1.059412660547E-003  2.549969194894E+003 -4.073194496870E+004  6.617268350436E+005 -8.805207557166E-007  1.055671442985E-001
  2.812954993023E-002  1.081287992318E-003  2.506748868822E+003 -4.002988736208E+004  6.501445219972E+005 -9.336677769523E-007  1.061704054069E-001
  2.922181243436E-002  1.103251947969E-003  2.463411228681E+003 -3.932611711725E+004  6.385376667729E+005 -9.907982236944E-007  1.067893917032E-001
  3.033608401473E-002  1.125306469854E-003  2.419985242022E+003 -3.862110878458E+004  6.269141820490E+005 -1.052159401904E-006  1.074243775039E-001
  3.147245621542E-002  1.147453516351E-003  2.376499552391E+003 -3.791533124868E+004  6.152818797528E+005 -1.118012503812E-006  1.080756457950E-001
  3.263102254705E-002  1.169695062249E-003  2.332982449994E+003 -3.720924724393E+004  6.036484629065E+005 -1.188633418539E-006  1.087434884704E-001
  3.381187850339E-002  1.192033099133E-003  2.289461843214E+003 -3.650331288478E+004  5.920215177343E+005 -1.264313574507E-006  1.094282065794E-001
  3.501512157837E-002  1.214469635775E-003  2.245965230998E+003 -3.579797721154E+004  5.804085060433E+005 -1.345360851213E-006  1.101301105822E-001
  3.624085128345E-002  1.237006698530E-003  2.202519676170E+003 -3.509368175203E+004  5.688167578865E+005 -1.432100535465E-006  1.108495206152E-001
  3.748916916538E-002  1.259646331739E-003  2.159151779691E+003 -3.439086009983E+004  5.572534645186E+005 -1.524876343088E-006  1.115867667659E-001
  3.876017882444E-002  1.282390598136E-003  2.115887655896E+003 -3.368993750959E+004  5.457256716526E+005 -1.624051498961E-006  1.123421893560E-001
  4.005398593302E-002  1.305241579266E-003  2.072752908750E+003 -3.299133050982E+004  5.342402730248E+005 -1.730009895305E-006  1.131161392368E-001
  4.137069825459E-002  1.328201375897E-003  2.029772609137E+003 -3.229544653372E+004  5.228040042761E+005 -1.843157308714E-006  1.139089780922E-001
  4.271042566323E-002  1.351272108452E-003  1.986971273212E+003 -3.160268356836E+004  5.114234371561E+005 -1.963922704088E-006  1.147210787547E-001
  4.407328016341E-002  1.374455917436E-003  1.944372841846E+003 -3.091342982253E+004  5.001049740556E+005 -2.092759618124E-006  1.155528255305E-001
  4.545937591035E-002  1.397754963880E-003  1.902000661165E+003 -3.022806341378E+004  4.888548428730E+005 -2.230147628649E-006  1.164046145367E-001
  4.686882923075E-002  1.421171429779E-003  1.859877464226E+003 -2.954695207468E+004  4.776790922187E+005 -2.376593917828E-006  1.172768540496E-001
  4.830175864396E-002  1.444707518548E-003  1.818025353828E+003 -2.887045287876E+004  4.665835869619E+005 -2.532634937597E-006  1.181699648650E-001
  4.975828488365E-002  1.468365455478E-003  1.776465786478E+003 -2.819891198618E+004  4.555740041219E+005 -2.698838178693E-006  1.190843806704E-001
  5.123853091993E-002  1.492147488203E-003  1.735219557524E+003 -2.753266440940E+004  4.446558291077E+005 -2.875804054820E-006  1.200205484299E-001
  5.274262198188E-002  1.516055887169E-003  1.694306787460E+003 -2.687203379889E+004  4.338343523059E+005 -3.064167906590E-006  1.209789287820E-001
  5.427068558066E-002  1.540092946119E-003  1.653746909420E+003 -2.621733224904E+004  4.231146660190E+005 -3.264602135148E-006  1.219599964493E-001
  5.582285153302E-002  1.564260982573E-003  1.613558657848E+003 -2.556886012424E+004  4.125016617537E+005 -3.477818475801E-006  1.229642406634E-001
  5.739925198530E-002  1.588562338332E-003  1.573760058366E+003 -2.492690590517E+004  4.020000278593E+005 -3.704570415021E-006  1.239921656020E-001
  5.900002143803E-002  1.612999379973E-003  1.534368418823E+003 -2.429174605531E+004  3.916142475141E+005 -3.945655769729E-006  1.250442908404E-001
  6.062529677088E-002  1.637574499364E-003  1.495400321534E+003 -2.366364490747E+004  3.813485970594E+005 -4.201919428406E-006  1.261211518173E-001
  6.227521726827E-002  1.662290114181E-003  1.456871616699E+003 -2.304285457036E+004  3.712071446772E+005 -4.474256279990E-006  1.272233003151E-001
  6.394992464542E-002  1.687148668440E-003  1.418797417002E+003 -2.242961485499E+004  3.611937494091E+005 -4.763614325755E-006  1.283513049546E-001
  6.564956307496E-002  1.712152633027E-003  1.381192093361E+003 -2.182415322070E+004  3.513120605127E+005 -5.070998000735E-006  1.295057517048E-001
  6.737427921404E-002  1.737304506249E-003  1.344069271853E+003 -2.122668474066E+004  3.415655171513E+005 -5.397471715673E-006  1.306872444075E-001
  6.912422223211E-002  1.762606814387E-003  1.307441831768E+003 -2.063741208645E+004  3.319573484105E+005 -5.744163625987E-006  1.318964053179E-001
  7.089954383907E-002  1.788062112257E-003  1.271321904791E+003 -2.005652553165E+004  3.224905736382E+005 -6.112269657200E-006  1.331338756591E-001
  7.270039831418E-002  1.813672983787E-003  1.235720875298E+003 -1.948420297386E+004  3.131680031008E+005 -6.503057793904E-006  1.344003161934E-001
  7.452694253540E-002  1.839442042599E-003  1.200649381743E+003 -1.892060997502E+004  3.039922389474E+005 -6.917872652223E-006  1.356964078077E-001
  7.637933600943E-002  1.865371932600E-003  1.166117319112E+003 -1.836589981947E+004  2.949656764787E+005 -7.358140358784E-006  1.370228521150E-001
  7.825774090225E-002  1.891465328589E-003  1.132133842430E+003 -1.782021358948E+004  2.860905057078E+005 -7.825373753986E-006  1.383803720705E-001
  8.016232207035E-002  1.917724936867E-003  1.098707371285E+003 -1.728368025765E+004  2.773687132096E+005 -8.321177940617E-006  1.397697126025E-001
  8.209324709253E-002  1.944153495867E-003  1.065845595363E+003 -1.675641679591E+004  2.688020842463E+005 -8.847256206248E-006  1.411916412582E-001
  8.405068630235E-002  1.970753776782E-003  1.033555480939E+003 -1.623852830036E+004  2.603922051620E+005 -9.405416339783E-006  1.426469488624E-001
  8.603481282122E-002  1.997528584221E-003  1.001843278322E+003 -1.573010813177E+004  2.521404660366E+005 -9.997577368358E-006  1.441364501914E-001
  8.804580259214E-002  2.024480756857E-003  9.707145302114E+002 -1.523123807079E+004  2.440480635887E+005 -1.062577674557E-005  1.456609846573E-001
  9.008383441408E-002  2.051613168108E-003  9.401740809252E+002 -1.474198848774E+004  2.361160043173E+005 -1.129217802188E-005  1.472214170058E-001
  9.214908997710E-002  2.078928726810E-003  9.102260864901E+002 -1.426241852603E+004  2.283451078728E+005 -1.199907903235E-005  1.488186380235E-001
  9.424175389809E-002  2.106430377918E-003  8.808740255374E+002 -1.379257629884E+004  2.207360106444E+005 -1.274892061641E-005  1.504535652551E-001
  9.636201375725E-002  2.134121103210E-003  8.521207109832E+002 -1.333249909834E+004  2.132891695557E+005 -1.354429593933E-005  1.521271437271E-001
  9.851006013526E-002  2.162003922007E-003  8.239683024521E+002 -1.288221361686E+004  2.060048660542E+005 -1.438796042127E-005  1.538403466789E-001
  1.006860866512E-001  2.190081891910E-003  7.964183194097E+002 -1.244173617934E+004  1.988832102858E+005 -1.528284232869E-005  1.555941762957E-001
  1.028902900012E-001  2.218358109541E-003  7.694716549654E+002 -1.201107298645E+004  1.919241454406E+005 -1.623205407510E-005  1.573896644436E-001
  1.051228699979E-001  2.246835711311E-003  7.431285903096E+002 -1.159022036765E+004  1.851274522600E+005 -1.723890426468E-005  1.592278734025E-001
  1.073840296104E-001  2.275517874190E-003  7.173888097442E+002 -1.117916504358E+004  1.784927536912E+005 -1.830691052936E-005  1.611098965931E-001
  1.096739750056E-001  2.304407816497E-003  6.922514162697E+002 -1.077788439705E+004  1.720195196793E+005 -1.943981321451E-005  1.630368592956E-001
  1.119929155896E-001  2.333508798707E-003  6.677149476885E+002 -1.038634675200E+004  1.657070720830E+005 -2.064158994903E-005  1.650099193538E-001
  1.143410640503E-001  2.362824124271E-003  6.437773931850E+002 -1.000451165967E+004  1.595545897032E+005 -2.191647117399E-005  1.670302678615E-001
  1.167186364011E-001  2.392357140448E-003  6.204362103432E+002 -9.632330191436E+003  1.535611134117E+005 -2.326895666144E-005  1.690991298237E-001
  1.191258520249E-001  2.422111239159E-003  5.976883425606E+002 -9.269745237391E+003  1.477255513685E+005 -2.470383310030E-005  1.712177647867E-001
  1.215629337189E-001  2.452089857854E-003  5.755302368204E+002 -8.916691810240E+003  1.420466843149E+005 -2.622619279508E-005  1.733874674307E-001
  1.240301077413E-001  2.482296480400E-003  5.539578617802E+002 -8.573097353643E+003  1.365231709315E+005 -2.784145353724E-005  1.756095681150E-001
  1.265276038575E-001  2.512734637975E-003  5.329667261397E+002 -8.238882054427E+003  1.311535532492E+005 -2.955537970914E-005  1.778854333668E-001
  1.290556553882E-001  2.543407909995E-003  5.125518972455E+002 -7.913959157949E+003  1.259362621007E+005 -3.137410468694E-005  1.802164663043E-001
  1.316144992580E-001  2.574319925047E-003  4.927080198965E+002 -7.598235285976E+003  1.208696226022E+005 -3.330415459189E-005  1.826041069801E-001
  1.342043760450E-001  2.605474361847E-003  4.734293353090E+002 -7.291610756409E+003  1.159518596534E+005 -3.535247344611E-005  1.850498326335E-001
  1.368255300316E-001  2.636874950214E-003  4.547097002053E+002 -6.993979904219E+003  1.111811034450E+005 -3.752644979797E-005  1.875551578353E-001
  1.394782092560E-001  2.668525472060E-003  4.365426059871E+002 -6.705231402964E+003  1.065553949625E+005 -3.983394484941E-005  1.901216345094E-001
  1.421626655646E-001  2.700429762411E-003  4.189211979568E+002 -6.425248586266E+003  1.020726914772E+005 -4.228332214799E-005  1.927508518124E-001
  1.448791546661E-001  2.732591710434E-003  4.018382945511E+002 -6.153909768644E+003  9.773087201123E+004 -4.488347886473E-005  1.954444358499E-001
  1.476279361856E-001  2.765015260497E-003  3.852864065514E+002 -5.891088565120E+003  9.352774277070E+004 -4.764387869395E-005  1.982040492069E-001
  1.504092737207E-001  2.797704413242E-003  3.692577562362E+002 -5.636654209026E+003  8.946104253342E+004 -5.057458638025E-005  2.010313902670E-001
  1.532234348983E-001  2.830663226680E-003  3.537442964421E+002 -5.390471867457E+003  8.552844798458E+004 -5.368630387834E-005  2.039281922913E-001
  1.560706914324E-001  2.863895817319E-003  3.387377295006E+002 -5.152402953838E+003  8.172757899021E+004 -5.699040811911E-005  2.068962222266E-001
  1.589513191834E-001  2.897406361298E-003  3.242295260199E+002 -4.922305437084E+003  7.805600380021E+004 -6.049899033585E-005  2.099372792067E-001
  1.618655982178E-001  2.931199095559E-003  3.102109434804E+002 -4.700034146870E+003  7.451124417267E+004 -6.422489687873E-005  2.130531927108E-001
  1.648138128702E-001  2.965278319033E-003  2.966730446142E+002 -4.485441074523E+003  7.109078041177E+004 -6.818177140582E-005  2.162458203353E-001
  1.677962518056E-001  2.999648393860E-003  2.836067155425E+002 -4.278375669098E+003  6.779205631171E+004 -7.238409829459E-005  2.195170451341E-001
  1.708132080832E-001  3.034313746623E-003  2.710026836411E+002 -4.078685128197E+003  6.461248399983E+004 -7.684724708681E-005  2.228687724766E-001
  1.738649792215E-001  3.069278869616E-003  2.588515351112E+002 -3.886214683132E+003  6.154944867221E+004 -8.158751768991E-005  2.263029263692E-001
  1.769518672648E-001  3.104548322136E-003  2.471437322286E+002 -3.700807878050E+003  5.860031321573E+004 -8.662218602226E-005  2.298214451806E-001
  1.800741788507E-001  3.140126731803E-003  2.358696302504E+002 -3.522306842645E+003  5.576242271077E+004 -9.196954968837E-005  2.334262767067E-001
  1.832322252791E-001  3.176018795904E-003  2.250194939558E+002 -3.350552558149E+003  5.303310880933E+004 -9.764897318747E-005  2.371193725052E-001
  1.864263225826E-001  3.212229282769E-003  2.145835138020E+002 -3.185385116267E+003  5.040969398369E+004 -1.036809320551E-004  2.409026814265E-001
  1.896567915983E-001  3.248763033179E-003  2.045518216753E+002 -3.026643970781E+003  4.788949564122E+004 -1.100870552021E-004  2.447781422612E-001
  1.929239580409E-001  3.285624961791E-003  1.949145062202E+002 -2.874168181552E+003  4.546983010135E+004 -1.168901645999E-004  2.487476754183E-001
  1.962281525771E-001  3.322820058613E-003  1.856616277306E+002 -2.727796650704E+003  4.314801643122E+004 -1.241143112810E-004  2.528131735488E-001
  1.995697109023E-001  3.360353390492E-003  1.767832325880E+002 -2.587368350747E+003  4.092138013685E+004 -1.317848064655E-004  2.569764910174E-001
  2.029489738173E-001  3.398230102644E-003  1.682693672332E+002 -2.452722544476E+003  3.878725670722E+004 -1.399282464196E-004  2.612394321306E-001
  2.063662873085E-001  3.436455420218E-003  1.601100916604E+002 -2.323698996471E+003  3.674299500897E+004 -1.485725294314E-004  2.656037380196E-001
  2.098220026275E-001  3.475034649885E-003  1.522954924217E+002 -2.200138176056E+003  3.478596052999E+004 -1.577468630682E-004  2.700710720801E-001
  2.133164763746E-001  3.513973181471E-003  1.448156951349E+002 -2.081881451614E+003  3.291353847036E+004 -1.674817596031E-004  2.746430038706E-001
  2.168500705817E-001  3.553276489620E-003  1.376608764845E+002 -1.968771276146E+003  3.112313667981E+004 -1.778090172266E-004  2.793209913743E-001
  2.204231527988E-001  3.592950135496E-003  1.308212757111E+002 -1.860651364023E+003  2.941218844094E+004 -1.887616843814E-004  2.841063615339E-001
  2.240360961807E-001  3.632999768520E-003  1.242872055838E+002 -1.757366858873E+003  2.777815509815E+004 -2.003740042460E-004  2.890002889814E-001
  2.276892795770E-001  3.673431128145E-003  1.180490628512E+002 -1.658764492586E+003  2.621852853230E+004 -2.126813360789E-004  2.940037728943E-001
  2.313830876220E-001  3.714250045674E-003  1.120973381687E+002 -1.564692735417E+003  2.473083348167E+004 -2.257200498598E-004  2.991176119313E-001
  2.351179108282E-001  3.755462446115E-003  1.064226255019E+002 -1.475001937231E+003  2.331262971018E+004 -2.395273903726E-004  3.043423772234E-001
  2.388941456809E-001  3.797074350078E-003  1.010156310042E+002 -1.389544459903E+003  2.196151402400E+004 -2.541413066126E-004  3.096783834253E-001
  2.427121947345E-001  3.839091875711E-003  9.586718137063E+001 -1.308174800941E+003  2.067512213809E+004 -2.696002422604E-004  3.151256578734E-001
  2.465724667110E-001  3.881521240686E-003  9.096823167130E+001 -1.230749708406E+003  1.945113039462E+004 -2.859428827703E-004  3.206839079411E-001
  2.504753766009E-001  3.924368764227E-003  8.630987266541E+001 -1.157128287225E+003  1.828725733527E+004 -3.032078547098E-004  3.263524867374E-001
  2.544213457654E-001  3.967640869177E-003  8.188333760240E+001 -1.087172097000E+003  1.718126513002E+004 -3.214333730496E-004  3.321303573625E-001
  2.584108020414E-001  4.011344084122E-003  7.768000851457E+001 -1.020745241448E+003  1.613096086492E+004 -3.406568324432E-004  3.380160560091E-001
  2.624441798480E-001  4.055485045557E-003  7.369142200798E+001 -9.577144496064E+002  1.513419769203E+004 -3.609143390832E-004  3.440076542845E-001
  2.665219202956E-001  4.100070500102E-003  6.990927455876E+001 -8.979491489724E+002  1.418887584437E+004 -3.822401805057E-004  3.501027212271E-001
  2.706444712976E-001  4.145107306769E-003  6.632542732319E+001 -8.413215307283E+002  1.329294351966E+004 -4.046662317978E-004  3.562982855964E-001
  2.748122876832E-001  4.190602439283E-003  6.293191047054E+001 -7.877066072532E+002  1.244439763608E+004 -4.282212981958E-004  3.625907991313E-001
  2.790258313137E-001  4.236562988450E-003  5.972092704839E+001 -7.369822621056E+002  1.164128446403E+004 -4.529303958198E-004  3.689761015903E-001
  2.832855712010E-001  4.282996164587E-003  5.668485639114E+001 -6.890292926849E+002  1.088170013776E+004 -4.788139746226E-004  3.754493885132E-001
  2.875919836279E-001  4.329909300005E-003  5.381625708267E+001 -6.437314457881E+002  1.016379105088E+004 -5.058870902905E-004  3.820051827585E-001
  2.919455522717E-001  4.377309851548E-003  5.110786948514E+001 -6.009754462835E+002  9.485754140119E+003 -5.341585349221E-004  3.886373109877E-001
  2.963467683296E-001  4.425205403192E-003  4.855261784629E+001 -5.606510191357E+002  8.845837061382E+003 -5.636299397975E-004  3.953388863612E-001
  3.007961306479E-001  4.473603668706E-003  4.614361199801E+001 -5.226509050197E+002  8.242338262835E+003 -5.942948672751E-004  4.021022987830E-001
  3.052941458522E-001  4.522512494374E-003  4.387414865965E+001 -4.868708697703E+002  7.673606959249E+003 -6.261379127752E-004  4.089192140727E-001
  3.098413284823E-001  4.571939861783E-003  4.173771235977E+001 -4.532097079159E+002  7.138043012298E+003 -6.591338416804E-004  4.157805834390E-001
  3.144382011281E-001  4.621893890671E-003  3.972797599048E+001 -4.215692405536E+002  6.634096721363E+003 -6.932467896743E-004  4.226766645717E-001
  3.190852945695E-001  4.672382841850E-003  3.783880100868E+001 -3.918543078220E+002  6.160268529499E+003 -7.284295581316E-004  4.295970555555E-001
  3.237831479192E-001  4.723415120192E-003  3.606423729902E+001 -3.639727562326E+002  5.715108649204E+003 -7.646230385726E-004  4.365307426133E-001
  3.285323087679E-001  4.774999277691E-003  3.439852271333E+001 -3.378354211244E+002  5.297216612654E+003 -8.017558013411E-004  4.434661624314E-001
  3.333333333333E-001  4.827144016591E-003  3.283608230161E+001 -3.133561045023E+002  4.905240751049E+003 -8.397438834265E-004  4.503912794713E-001
  3.381867866117E-001  4.879858192602E-003  3.137152724969E+001 -2.904515485247E+002  4.537877607694E+003 -8.784908082910E-004  4.572936782622E-001
  3.430932425333E-001  4.933150818173E-003  2.999965353881E+001 -2.690414049029E+002  4.193871289395E+003 -9.178878665842E-004  4.641606701866E-001
  3.480532841203E-001  4.987031065868E-003  2.871544034221E+001 -2.490482004739E+002  3.872012760714E+003 -9.578146804295E-004  4.709794137381E-001
  3.530675036492E-001  5.041508271801E-003  2.751404817418E+001 -2.303972992054E+002  3.571139085556E+003 -9.981400657689E-004  4.777370466722E-001
  3.581365028158E-001  5.096591939172E-003  2.639081680637E+001 -2.130168608912E+002  3.290132620494E+003 -1.038723197066E-003  4.844208279011E-001
  3.632608929041E-001  5.152291741875E-003  2.534126296671E+001 -1.968377967891E+002  3.027920164159E+003 -1.079415066928E-003  4.910182864484E-001
  3.684412949588E-001  5.208617528209E-003  2.436107783563E+001 -1.817937224518E+002  2.783472066922E+003 -1.120060220483E-003  4.975173743018E-001
  3.736783399619E-001  5.265579324662E-003  2.344612435434E+001 -1.678209079950E+002  2.555801305010E+003 -1.160498731317E-003  5.039066196195E-001
  3.789726690123E-001  5.323187339805E-003  2.259243435970E+001 -1.548582260433E+002  2.343962523080E+003 -1.200568373228E-003  5.101752764948E-001
  3.843249335105E-001  5.381451968273E-003  2.179620555993E+001 -1.428470975885E+002  2.147051049153E+003 -1.240106931011E-003  5.163134673786E-001
  3.897357953460E-001  5.440383794842E-003  2.105379836512E+001 -1.317314359875E+002  1.964201885718E+003 -1.278954584580E-003  5.223123143320E-001
  3.952059270903E-001  5.499993598618E-003  2.036173258630E+001 -1.214575893236E+002  1.794588680640E+003 -1.316956294962E-003  5.281640555237E-001
  4.007360121927E-001  5.560292357317E-003  1.971668401632E+001 -1.119742813459E+002  1.637422681429E+003 -1.353964118367E-003  5.338621438086E-001
  4.063267451812E-001  5.621291251662E-003  1.911548090569E+001 -1.032325511944E+002  1.491951676242E+003 -1.389839376112E-003  5.394013247888E-001
  4.119788318683E-001  5.683001669888E-003  1.855510034592E+001 -9.518569211328E+001  1.357458924868E+003 -1.424454613551E-003  5.447776924557E-001
  4.176929895600E-001  5.745435212354E-003  1.803266457269E+001 -8.778918934470E+001  1.233262082817E+003 -1.457695290084E-003  5.499887212899E-001
  4.234699472710E-001  5.808603696282E-003  1.754543720066E+001 -8.100065738848E+001  1.118712121453E+003 -1.489461154053E-003  5.550332745114E-001
  4.293104459435E-001  5.872519160606E-003  1.709081940140E+001 -7.477977680611E+001  1.013192246984E+003 -1.519667270322E-003  5.599115889903E-001
  4.352152386716E-001  5.937193870949E-003  1.666634603538E+001 -6.908823073773E+001  9.161168209784E+002 -1.548244683311E-003  5.646252380822E-001
  4.411850909306E-001  6.002640324729E-003  1.626968174862E+001 -6.388964129341E+001  8.269302848916E+002 -1.575140713430E-003  5.691770743291E-001
  4.472207808110E-001  6.068871256391E-003  1.589861704415E+001 -5.914950597152E+001  7.451060909843E+002 -1.600318899239E-003  5.735711545095E-001
  4.533230992589E-001  6.135899642772E-003  1.555106433777E+001 -5.483513424847E+001  6.701456418160E+002 -1.623758610330E-003  5.778126499286E-001
  4.594928503202E-001  6.203738708611E-003  1.522505400749E+001 -5.091558447585E+001  6.015772403795E+002 -1.645454366381E-003  5.819077450915E-001
  4.657308513924E-001  6.272401932198E-003  1.491873044520E+001 -4.736160121257E+001  5.389550527779E+002 -1.665414905585E-003  5.858635280032E-001
  4.720379334802E-001  6.341903051163E-003  1.463034811889E+001 -4.414555311106E+001  4.818580852045E+002 -1.683662050575E-003  5.896878752990E-001
  4.784149414579E-001  6.412256068427E-003  1.435826765320E+001 -4.124137146879E+001  4.298891768407E+002 -1.700229422131E-003  5.933893352470E-001
  4.848627343381E-001  6.483475258298E-003  1.410095193553E+001 -3.862448954758E+001  3.826740101446E+002 -1.715161050555E-003  5.969770114001E-001
  4.913821855461E-001  6.555575172733E-003  1.385696225466E+001 -3.627178275570E+001  3.398601398657E+002 -1.728509932021E-003  6.004604493421E-001
  4.979741832006E-001  6.628570647764E-003  1.362495447812E+001 -3.416150977946E+001  3.011160419855E+002 -1.740336573013E-003  6.038495285869E-001
  5.046396304008E-001  6.702476810086E-003  1.340367527444E+001 -3.227325474340E+001  2.661301836528E+002 -1.750707560437E-003  6.071543612860E-001
  5.113794455212E-001  6.777309083830E-003  1.319195838547E+001 -3.058787047068E+001  2.346101150563E+002 -1.759694188883E-003  6.103851989926E-001
  5.181945625116E-001  6.853083197508E-003  1.298872095414E+001 -2.908742290784E+001  2.062815840518E+002 -1.767371169997E-003  6.135523483460E-001
  5.250859312060E-001  6.929815191146E-003  1.279295991200E+001 -2.775513677087E+001  1.808876742467E+002 -1.773815442585E-003  6.166660961804E-001
  5.320545176366E-001  7.007521423604E-003  1.260374843091E+001 -2.657534246303E+001  1.581879671279E+002 -1.779105096088E-003  6.197366442499E-001
  5.391013043575E-001  7.086218580100E-003  1.242023244256E+001 -2.553342430752E+001  1.379577287124E+002 -1.783318414635E-003  6.227740534932E-001
  5.462272907741E-001  7.165923679926E-003  1.224162722931E+001 -2.461577013247E+001  1.199871210956E+002 -1.786533044257E-003  6.257881975423E-001
  5.534334934816E-001  7.246654084380E-003  1.206721408932E+001 -2.380972223896E+001  1.040804391742E+002 -1.788825281907E-003  6.287887250080E-001
  5.607209466109E-001  7.328427504912E-003  1.189633707858E+001 -2.310352977732E+001  9.005537272724E+001 -1.790269481888E-003  6.317850299499E-001
  5.680907021827E-001  7.411262011483E-003  1.172839983224E+001 -2.248630255108E+001  7.774229395106E+001 -1.790937572896E-003  6.347862298534E-001
  5.755438304707E-001  7.495176041166E-003  1.156286246712E+001 -2.194796626295E+001  6.698357046132E+001 -1.790898677305E-003  6.378011503864E-001
  5.830814203728E-001  7.580188406970E-003  1.139923856704E+001 -2.147921921189E+001  5.763290369724E+001 -1.790218823195E-003  6.408383161897E-001
  5.907045797917E-001  7.666318306912E-003  1.123709225236E+001 -2.107149044587E+001  4.955469259224E+001 -1.788960739179E-003  6.439059469577E-001
  5.984144360243E-001  7.753585333338E-003  1.107603533475E+001 -2.071689937031E+001  4.262342230725E+001 -1.787183721911E-003  6.470119580939E-001
  6.062121361613E-001  7.842009482502E-003  1.091572455787E+001 -2.040821680807E+001  3.672307776200E+001 -1.784943566374E-003  6.501639652585E-001
  6.140988474955E-001  7.931611164409E-003  1.075585892463E+001 -2.013882750323E+001  3.174658164234E+001 -1.782292549555E-003  6.533692921767E-001
  6.220757579409E-001  8.022411212936E-003  1.059617711117E+001 -1.990269405692E+001  2.759525651057E+001 -1.779279458650E-003  6.566349811290E-001
  6.301440764614E-001  8.114430896230E-003  1.043645496758E+001 -1.969432228060E+001  2.417831059866E+001 -1.775949655774E-003  6.599678056014E-001
  6.383050335109E-001  8.207691927403E-003  1.027650310533E+001 -1.950872794888E+001  2.141234682220E+001 -1.772345171860E-003  6.633742846310E-001
  6.465598814833E-001  8.302216475524E-003  1.011616457084E+001 -1.934140493138E+001  1.922089451560E+001 -1.768504823313E-003  6.668606984410E-001
  6.549098951744E-001  8.398027176926E-003  9.955312604864E+000 -1.918829468064E+001  1.753396335615E+001 -1.764464345741E-003  6.704331050114E-001
  6.633563722545E-001  8.495147146827E-003  9.793848486672E+000 -1.904575705075E+001  1.628761891544E+001 -1.760256539873E-003  6.740973572840E-001
  6.719006337539E-001  8.593599991288E-003  9.631699462482E+000 -1.891054241964E+001  1.542357925257E+001 -1.755911425500E-003  6.778591207463E-001
  6.805440245593E-001  8.693409819506E-003  9.468816756882E+000 -1.877976508592E+001  1.488883194254E+001 -1.751456399917E-003  6.817238911841E-001
  6.892879139233E-001  8.794601256469E-003  9.305173666225E+000 -1.865087791002E+001  1.463527091636E+001 -1.746916397966E-003  6.856970124276E-001
  6.981336959871E-001  8.897199455961E-003  9.140763732713E+000 -1.852164816774E+001  1.461935247613E+001 -1.742314051297E-003  6.897836939538E-001
  7.070827903152E-001  9.001230113956E-003  8.975598997830E+000 -1.839013458352E+001  1.480176983831E+001 -1.737669844940E-003  6.939890282339E-001
  7.161366424455E-001  9.106719482390E-003  8.809708333686E+000 -1.825466550974E+001  1.514714555140E+001 -1.733002269687E-003  6.983180077452E-001
  7.252967244510E-001  9.213694383338E-003  8.643135850760E+000 -1.811381821766E+001  1.562374113061E+001 -1.728327969144E-003  7.027755415844E-001
  7.345645355186E-001  9.322182223606E-003  8.475939380468E+000 -1.796639926527E+001  1.620318325082E+001 -1.723661880590E-003  7.073664716435E-001
  7.439416025400E-001  9.432211009745E-003  8.308189030913E+000 -1.781142590669E+001  1.686020584053E+001 -1.719017369063E-003  7.120955883208E-001
  7.534294807203E-001  9.543809363512E-003  8.139965814154E+000 -1.764810850789E+001  1.757240742356E+001 -1.714406354268E-003  7.169676457574E-001
  7.630297542000E-001  9.657006537783E-003  7.971360343265E+000 -1.747583393323E+001  1.832002306106E+001 -1.709839430098E-003  7.219873765972E-001
  7.727440366954E-001  9.771832432940E-003  7.802471597445E+000 -1.729414986754E+001  1.908571025437E+001 -1.705325976693E-003  7.271595062816E-001
  7.825739721536E-001  9.888317613741E-003  7.633405753411E+000 -1.710275003869E+001  1.985434817923E+001 -1.700874265064E-003  7.324887668928E-001
  7.925212354258E-001  1.000649332670E-002  7.464275081292E+000 -1.690146030568E+001  2.061284963314E+001 -1.696491554400E-003  7.379799105704E-001
  8.025875329584E-001  1.012639151798E-002  7.295196903231E+000 -1.669022557817E+001  2.134998509042E+001 -1.692184182264E-003  7.436377225280E-001
  8.127746035011E-001  1.024804485184E-002  7.126292612917E+000 -1.646909753345E+001  2.205621827391E+001 -1.687957647893E-003  7.494670337001E-001
  8.230842188350E-001  1.037148672960E-002  6.957686754229E+000 -1.623822309758E+001  2.272355266720E+001 -1.683816688899E-003  7.554727330548E-001
  8.335181845190E-001  1.049675130923E-002  6.789506157240E+000 -1.599783365831E+001  2.334538840751E+001 -1.679765351651E-003  7.616597796065E-001
  8.440783406568E-001  1.062387352550E-002  6.621879129781E+000 -1.574823497780E+001  2.391638901649E+001 -1.675807055663E-003  7.680332141684E-001
  8.547665626839E-001  1.075288911077E-002  6.454934702819E+000 -1.548979777405E+001  2.443235744345E+001 -1.671944652317E-003  7.745981708817E-001
  8.655847621758E-001  1.088383461638E-002  6.288801927901E+000 -1.522294894096E+001  2.489012091405E+001 -1.668180478234E-003  7.813598885620E-001
  8.765348876780E-001  1.101674743475E-002  6.123609224944E+000 -1.494816337747E+001  2.528742409551E+001 -1.664516403604E-003  7.883237219027E-001
  8.876189255584E-001  1.115166582209E-002  5.959483778655E+000 -1.466595639730E+001  2.562283010863E+001 -1.660953875834E-003  7.954951525757E-001
  8.988389008829E-001  1.128862892191E-002  5.796550981915E+000 -1.437687669180E+001  2.589562893532E+001 -1.657493958758E-003  8.028798002697E-001
  9.101968783143E-001  1.142767678917E-002  5.634933924459E+000 -1.408149981902E+001  2.610575278967E+001 -1.654137367756E-003  8.104834337063E-001
  9.216949630368E-001  1.156885041525E-002  5.474752925215E+000 -1.378042219335E+001  2.625369803913E+001 -1.650884501043E-003  8.183119816758E-001
  9.333353017046E-001  1.171219175365E-002  5.316125106703E+000 -1.347425555079E+001  2.634045328122E+001 -1.647735467386E-003  8.263715441309E-001
  9.451200834176E-001  1.185774374655E-002  5.159164009893E+000 -1.316362186593E+001  2.636743319972E+001 -1.644690110537E-003  8.346684033810E-001
  9.570515407237E-001  1.200555035216E-002  5.003979247974E+000 -1.284914869754E+001  2.633641784224E+001 -1.641748030597E-003  8.432090354268E-001
  9.691319506484E-001  1.215565657299E-002  4.850676197491E+000 -1.253146494055E+001  2.624949697907E+001 -1.638908602553E-003  8.520001214760E-001
  9.813636357544E-001  1.230810848498E-002  4.699355725331E+000 -1.221119696327E+001  2.610901922048E+001 -1.636170992206E-003  8.610485596824E-001
  9.937489652293E-001  1.246295326757E-002  4.550113950081E+000 -1.188896510907E+001  2.591754558643E+001 -1.633534169696E-003  8.703614771476E-001
  1.006290356005E+000  1.262023923477E-002  4.403042036274E+000 -1.156538054318E+001  2.567780723911E+001 -1.630996920808E-003  8.799462422310E-001
  1.018990273907E+000  1.278001586715E-002  4.258226020087E+000 -1.124104242556E+001  2.539266710449E+001 -1.628557856259E-003  8.898104772066E-001
  1.031851234841E+000  1.294233384499E-002  4.115746665065E+000 -1.091653539173E+001  2.506508512416E+001 -1.626215419121E-003  8.999620713138E-001
  1.044875806003E+000  1.310724508236E-002  3.975679346455E+000 -1.059242732426E+001  2.469808689339E+001 -1.623967890556E-003  9.104091942446E-001
  1.058066607138E+000  1.327480276248E-002  3.838093962779E+000 -1.026926739826E+001  2.429473545518E+001 -1.621813394009E-003  9.211603101130E-001
  1.071426311823E+000  1.344506137405E-002  3.703054873265E+000 -9.947584384705E+000  2.385810603362E+001 -1.619749898017E-003  9.322241919541E-001
  1.084957648792E+000  1.361807674895E-002  3.570620859797E+000 -9.627885196478E+000  2.339126350202E+001 -1.617775217757E-003  9.436099368007E-001
  1.098663403298E+000  1.379390610110E-002  3.440845112044E+000 -9.310653662153E+000  2.289724239382E+001 -1.615887015481E-003  9.553269813863E-001
  1.112546418516E+000  1.397260806657E-002  3.313775234466E+000 -8.996349513487E+000  2.237902927532E+001 -1.614082799955E-003  9.673851185285E-001
  1.126609596985E+000  1.415424274514E-002  3.189453273883E+000 -8.685407572923E+000  2.183954730990E+001 -1.612359925032E-003  9.797945142427E-001
  1.140855902095E+000  1.433887174317E-002  3.067915766346E+000 -8.378237128024E+000  2.128164285387E+001 -1.610715587460E-003  9.925657256456E-001
  1.155288359613E+000  1.452655821788E-002  2.949193802040E+000 -8.075221480229E+000  2.070807393313E+001 -1.609146824058E-003  1.005709719703E+000
  1.169910059257E+000  1.471736692327E-002  2.833313106972E+000 -7.776717655773E+000  2.012150045909E+001 -1.607650508353E-003  1.019237892887E+000
  1.184724156317E+000  1.491136425740E-002  2.720294140221E+000 -7.483056267107E+000  1.952447605032E+001 -1.606223346775E-003  1.033162091796E+000
  1.199733873325E+000  1.510861831145E-002  2.610152205554E+000 -7.194541513526E+000  1.891944133455E+001 -1.604861874544E-003  1.047494634819E+000
  1.214942501771E+000  1.530919892035E-002  2.502897576201E+000 -6.911451310167E+000  1.830871861262E+001 -1.603562451296E-003  1.062248334901E+000
  1.230353403874E+000  1.551317771520E-002  2.398535631641E+000 -6.634037534901E+000  1.769450777307E+001 -1.602321256587E-003  1.077436523482E+000
  1.245970014403E+000  1.572062817747E-002  2.297067005246E+000 -6.362526383031E+000  1.707888335213E+001 -1.601134285348E-003  1.093073075701E+000
  1.261795842559E+000  1.593162569510E-002  2.198487741665E+000 -6.097118820082E+000  1.646379264024E+001 -1.599997343368E-003  1.109172436922E+000
  1.277834473907E+000  1.614624762054E-002  2.102789462857E+000 -5.837991123297E+000  1.585105474138E+001 -1.598906042912E-003  1.125749650689E+000
  1.294089572372E+000  1.636457333079E-002  2.009959541689E+000 -5.585295502831E+000  1.524236049704E+001 -1.597855798541E-003  1.142820388187E+000
  1.310564882294E+000  1.658668428962E-002  1.919981282078E+000 -5.339160793945E+000  1.463927319138E+001 -1.596841823215E-003  1.160400979300E+000
  1.327264230548E+000  1.681266411190E-002  1.832834104647E+000 -5.099693211868E+000  1.404322995874E+001 -1.595859124758E-003  1.178508445379E+000
  1.344191528724E+000  1.704259863026E-002  1.748493736926E+000 -4.866977161290E+000  1.345554381921E+001 -1.594902502756E-003  1.197160533809E+000
  1.361350775387E+000  1.727657596408E-002  1.666932407142E+000 -4.641076092820E+000  1.287740627176E+001 -1.593966545952E-003  1.216375754496E+000
  1.378746058390E+000  1.751468659100E-002  1.588119040691E+000 -4.422033399037E+000  1.230989037865E+001 -1.593045630202E-003  1.236173418389E+000
  1.396381557275E+000  1.775702342093E-002  1.512019458411E+000 -4.209873343123E+000  1.175395427834E+001 -1.592133917048E-003  1.256573678156E+000
  1.414261545744E+000  1.800368187279E-002  1.438596575820E+000 -4.004602013374E+000  1.121044506782E+001 -1.591225352973E-003  1.277597571149E+000
  1.432390394201E+000  1.825475995395E-002  1.367810602521E+000 -3.806208297240E+000  1.068010299867E+001 -1.590313669361E-003  1.299267064801E+000
  1.450772572390E+000  1.851035834267E-002  1.299619241005E+000 -3.614664868872E+000  1.016356593441E+001 -1.589392383231E-003  1.321605104594E+000
  1.469412652102E+000  1.877058047342E-002  1.233977884154E+000 -3.429929184488E+000  9.661374020027E+000 -1.588454798753E-003  1.344635664763E+000
  1.488315309978E+000  1.903553262542E-002  1.170839810756E+000 -3.251944480230E+000  9.173974517476E+000 -1.587494009586E-003  1.368383801893E+000
  1.507485330398E+000  1.930532401444E-002  1.110156378411E+000 -3.080640767517E+000  8.701726764283E+000 -1.586502902062E-003  1.392875711602E+000
  1.526927608467E+000  1.958006688797E-002  1.051877213236E+000 -2.915935821229E+000  8.244907215020E+000 -1.585474159199E-003  1.418138788480E+000
  1.546647153093E+000  1.985987662391E-002  9.959503958491E-001 -2.757736156452E+000  7.803714528543E+000 -1.584400265574E-003  1.444201689506E+000
  1.566649090169E+000  2.014487183303E-002  9.423226431145E-001 -2.605937989792E+000  7.378274666644E+000 -1.583273513025E-003  1.471094401142E+000
  1.586938665861E+000  2.043517446518E-002  8.909394852280E-001 -2.460428181689E+000  6.968645972543E+000 -1.582086007166E-003  1.498848310344E+000
  1.607521250000E+000  2.073090991960E-002  8.417454377244E-001 -2.321085156435E+000  6.574824200424E+000 -1.580829674686E-003  1.527496279738E+000
  1.628402339588E+000  2.103220715932E-002  7.946841680613E-001 -2.187779796989E+000  6.196747469838E+000 -1.579496271385E-003  1.557072727224E+000
  1.649587562420E+000  2.133919883002E-002  7.496986564654E-001 -2.060376312007E+000  5.834301121453E+000 -1.578077390884E-003  1.587613710286E+000
  1.671082680832E+000  2.165202138333E-002  7.067313507769E-001 -1.938733072810E+000  5.487322453168E+000 -1.576564473957E-003  1.619157015339E+000
  1.692893595565E+000  2.197081520497E-002  6.657243150675E-001 -1.822703418376E+000  5.155605318091E+000 -1.574948818379E-003  1.651742252410E+000
  1.715026349769E+000  2.229572474776E-002  6.266193718514E-001 -1.712136426729E+000  4.838904568302E+000 -1.573221589217E-003  1.685410955542E+000
  1.737487133138E+000  2.262689866987E-002  5.893582377461E-001 -1.606877651398E+000  4.536940330649E+000 -1.571373829435E-003  1.720206689291E+000
  1.760282286187E+000  2.296448997842E-002  5.538826524805E-001 -1.506769821933E+000  4.249402103068E+000 -1.569396470704E-003  1.756175161733E+000
  1.783418304674E+000  2.330865617868E-002  5.201345011832E-001 -1.411653507724E+000  3.975952662098E+000 -1.567280344264E-003  1.793364344449E+000
  1.806901844175E+000  2.365955942924E-002  4.880559299168E-001 -1.321367744641E+000  3.716231774270E+000 -1.565016191713E-003  1.831824599968E+000
  1.830739724818E+000  2.401736670327E-002  4.575894544596E-001 -1.235750624261E+000  3.469859706036E+000 -1.562594675516E-003  1.871608817219E+000
  1.854938936184E+000  2.438224995616E-002  4.286780623619E-001 -1.154639845685E+000  3.236440528727E+000 -1.560006389109E-003  1.912772555559E+000
  1.879506642368E+000  2.475438629994E-002  4.012653083341E-001 -1.077873230150E+000  3.015565216732E+000 -1.557241866362E-003  1.955374198051E+000
  1.904450187236E+000  2.513395818467E-002  3.752954030494E-001 -1.005289198865E+000  2.806814538694E+000 -1.554291590232E-003  1.999475114648E+000
  1.929777099847E+000  2.552115358717E-002  3.507132954628E-001 -9.367272146497E-001  2.609761742983E+000 -1.551146000370E-003  2.045139836103E+000
  1.955495100083E+000  2.591616620741E-002  3.274647487731E-001 -8.720281881441E-001  2.423975040046E+000 -1.547795499482E-003  2.092436239398E+000
  1.981612104475E+000  2.631919567292E-002  3.054964101680E-001 -8.110348494804E-001  2.249019885406E+000 -1.544230458201E-003  2.141435745660E+000
  2.008136232230E+000  2.673044775156E-002  2.847558745105E-001 -7.535920864439E-001  2.084461068205E+000 -1.540441218248E-003  2.192213531559E+000
  2.035075811486E+000  2.715013457311E-002  2.651917421351E-001 -6.995472502558E-001  1.929864611069E+000 -1.536418093619E-003  2.244848755325E+000
  2.062439385788E+000  2.757847486001E-002  2.467536709362E-001 -6.487504301956E-001  1.784799487906E+000 -1.532151369584E-003  2.299424798616E+000
  2.090235720801E+000  2.801569416771E-002  2.293924229359E-001 -6.010546983550E-001  1.648839166935E+000 -1.527631299248E-003  2.356029525620E+000
  2.118473811262E+000  2.846202513514E-002  2.130599055268E-001 -5.563163258713E-001  1.521562986766E+000 -1.522848097420E-003  2.414755560891E+000
  2.147162888201E+000  2.891770774564E-002  1.977092075914E-001 -5.143949720256E-001  1.402557373805E+000 -1.517791931582E-003  2.475700587616E+000
  2.176312426413E+000  2.938298959899E-002  1.832946306983E-001 -4.751538476161E-001  1.291416909576E+000 -1.512452909718E-003  2.538967668150E+000
  2.205932152222E+000  2.985812619504E-002  1.697717155820E-001 -4.384598540303E-001  1.187745256760E+000 -1.506821064790E-003  2.604665588902E+000
  2.236032051522E+000  3.034338122938E-002  1.570972641078E-001 -4.041836994344E-001  1.091155952851E+000 -1.500886335689E-003  2.672909231845E+000
  2.266622378129E+000  3.083902690182E-002  1.452293569273E-001 -3.721999934901E-001  1.001273080368E+000 -1.494638544448E-003  2.743819975185E+000
  2.297713662445E+000  3.134534423818E-002  1.341273670230E-001 -3.423873219816E-001  9.177318224735E-001 -1.488067369594E-003  2.817526126021E+000
  2.329316720450E+000  3.186262342603E-002  1.237519693412E-001 -3.146283027086E-001  8.401789127276E-001 -1.481162315512E-003  2.894163388114E+000
  2.361442663038E+000  3.239116416519E-002  1.140651467069E-001 -2.888096239596E-001  7.682729874891E-001 -1.473912677710E-003  2.973875368242E+000
  2.394102905709E+000  3.293127603351E-002  1.050301922100E-001 -2.648220668364E-001  7.016848492060E-001 -1.466307503948E-003  3.056814125013E+000
  2.427309178642E+000  3.348327886897E-002  9.661170824954E-002 -2.425605126501E-001  6.400976485383E-001 -1.458335551217E-003  3.143140764417E+000
  2.461073537146E+000  3.404750316862E-002  8.877560241627E-002 -2.219239365574E-001  5.832069928920E-001 -1.449985238575E-003  3.233026086899E+000
  2.495408372530E+000  3.462429050548E-002  8.148908039082E-002 -2.028153885491E-001  5.307209885674E-001 -1.441244595962E-003  3.326651291236E+000
  2.530326423398E+000  3.521399396401E-002  7.472063602887E-002 -1.851419628473E-001  4.823602233167E-001 -1.432101209080E-003  3.424208741122E+000
  2.565840787378E+000  3.581697859546E-002  6.844003880182E-002 -1.688147567091E-001  4.378576956880E-001 -1.422542160570E-003  3.525902800983E+000
  2.601964933334E+000  3.643362189376E-002  6.261831875694E-002 -1.537488195805E-001  3.969586971064E-001 -1.412553967718E-003  3.631950748278E+000
  2.638712714049E+000  3.706431429322E-002  5.722774915721E-002 -1.398630934874E-001  3.594206522133E-001 -1.402122517015E-003  3.742583770361E+000
  2.676098379430E+000  3.770945968912E-002  5.224182695855E-002 -1.270803454987E-001  3.250129225665E-001 -1.391232995960E-003  3.858048054822E+000
  2.714136590232E+000  3.836947598236E-002  4.763525127862E-002 -1.153270930456E-001  2.935165783878E-001 -1.379869822558E-003  3.978605983235E+000
  2.752842432351E+000  3.904479564947E-002  4.338390000969E-002 -1.045335228350E-001  2.647241426542E-001 -1.368016573048E-003  4.104537439326E+000
  2.792231431696E+000  3.973586633921E-002  3.946480472578E-002 -9.463340405015E-002  2.384393114440E-001 -1.355655908459E-003  4.236141243755E+000
  2.832319569669E+000  4.044315149734E-002  3.585612403270E-002 -8.556399649287E-002  2.144766540999E-001 -1.342769500686E-003  4.373736729055E+000
  2.873123299289E+000  4.116713102086E-002  3.253711550843E-002 -7.726595428302E-002  1.926612964355E-001 -1.329337958817E-003  4.517665469752E+000
  2.914659561979E+000  4.190830194354E-002  2.948810638025E-002 -6.968322570061E-002  1.728285899048E-001 -1.315340756577E-003  4.668293184314E+000
  2.956945805065E+000  4.266717915414E-002  2.669046308394E-002 -6.276294972452E-002  1.548237693782E-001 -1.300756161756E-003  4.826011827430E+000
  3.000000000000E+000  4.344429614932E-002  2.412655984965E-002 -5.645534979687E-002  1.385016019109E-001 -1.285561168636E-003  4.991241893134E+000
  3.043840661365E+000  4.424020582308E-002  2.177974645818E-002 -5.071362531824E-002  1.237260286645E-001 -1.269731434460E-003  5.164434951567E+000
  3.088486866678E+000  4.505548129460E-002  1.963431531011E-002 -4.549384135897E-002  1.103698019411E-001 -1.253241221062E-003  5.346076444723E+000
  3.133958277047E+000  4.589071677685E-002  1.767546794916E-002 -4.075481705289E-002  9.831411911070E-002 -1.236063342887E-003  5.536688769355E+000
  3.180275158719E+000  4.674652848797E-002  1.588928117936E-002 -3.645801312349E-002  8.744825505586E-002 -1.218169122650E-003  5.736834678416E+000
  3.227458405560E+000  4.762355560797E-002  1.426267291331E-002 -3.256741897688E-002  7.766919462518E-002 -1.199528356009E-003  5.947121036022E+000
  3.275529562509E+000  4.852246128332E-002  1.278336788645E-002 -2.904943978120E-002  6.888126646564E-002 -1.180109286661E-003  6.168202964965E+000
  3.324510850077E+000  4.944393368200E-002  1.143986336853E-002 -2.587278393764E-002  6.099577950399E-002 -1.159878593372E-003  6.400788430392E+000
  3.374425189910E+000  5.038868710203E-002  1.022139499968E-002 -2.300835133335E-002  5.393066325666E-002 -1.138801390521E-003  6.645643308470E+000
  3.425296231502E+000  5.135746313639E-002  9.117902873684E-003 -2.042912275111E-002  4.761011306807E-002 -1.116841243827E-003  6.903596994730E+000
  3.477148380094E+000  5.235103189784E-002  8.119997985233E-003 -1.811005079410E-002  4.196424130554E-002 -1.093960203024E-003  7.175548613493E+000
  3.530006825834E+000  5.337019330676E-002  7.218929152048E-003 -1.602795266604E-002  3.692873547200E-002 -1.070118853321E-003  7.462473897415E+000
  3.583897574256E+000  5.441577844603E-002  6.406550515188E-003 -1.416140512760E-002  3.244452413391E-002 -1.045276387619E-003  7.765432814841E+000
  3.638847478148E+000  5.548865098670E-002  5.675289713353E-003 -1.249064192815E-002  2.845745149899E-002 -1.019390701524E-003  8.085578032640E+000
  3.694884270887E+000  5.658970868864E-002  5.018116818298E-003 -1.099745398893E-002  2.491796141454E-002 -9.924185133692E-004  8.424164313491E+000
  3.752036601308E+000  5.771988498079E-002  4.428514109481E-003 -9.665092588232E-003  2.178079149112E-002 -9.643155114789E-004  8.782558959612E+000
  3.810334070199E+000  5.888015062562E-002  3.900446756442E-003 -8.478175771816E-003  1.900467798737E-002 -9.350365311363E-004  9.162253429763E+000
  3.869807268505E+000  6.007151547295E-002  3.428334467464E-003 -7.422598183360E-003  1.655207201816E-002 -9.045357637393E-004  9.564876273463E+000
  3.930487817331E+000  6.129503030858E-002  3.007024152931E-003 -6.485444479047E-003  1.438886757107E-002 -8.727670007733E-004  9.992207545892E+000
  3.992408409843E+000  6.255178880352E-002  2.631763641503E-003 -5.654906459277E-003  1.248414173398E-002 -8.396839153149E-004  1.044619488949E+001
  4.055602855172E+000  6.384292957002E-002  2.298176477052E-003 -4.920204018313E-003  1.080990745106E-002 -8.052403838266E-004  1.092897149413E+001
  4.120106124432E+000  6.516963833101E-002  2.002237814350E-003 -4.271509980393E-003  9.340879035307E-003 -7.693908510349E-004  1.144287617756E+001
  4.185954398964E+000  6.653315021009E-002  1.740251421917E-003 -3.699878858738E-003  8.054250574563E-003 -7.320907406244E-004  1.199047586213E+001
  4.253185120935E+000  6.793475214960E-002  1.508827791375E-003 -3.197179542586E-003  6.929487276171E-003 -6.932969144053E-004  1.257459076352E+001
  4.321837046422E+000  6.937578546490E-002  1.304863344308E-003 -2.756031887263E-003  5.948129703401E-003 -6.529681823616E-004  1.319832265317E+001
  4.391950301120E+000  7.085764854355E-002  1.125520719982E-003 -2.369747154037E-003  5.093610767536E-003 -6.110658656670E-004  1.386508660879E+001
  4.463566438835E+000  7.238179969882E-002  9.682101206335E-004 -2.032272220340E-003  4.351085253465E-003 -5.675544142369E-004  1.457864672971E+001
  4.536728502895E+000  7.394976018725E-002  8.305716852419E-004 -1.738137457502E-003  3.707271576050E-003 -5.224020796757E-004  1.534315636464E+001
  4.611481090679E+000  7.556311740127E-002  7.104588580075E-004 -1.482408152602E-003  3.150305390599E-003 -4.755816434802E-004  1.616320348364E+001
  4.687870421430E+000  7.722352824817E-002  6.059227140655E-004 -1.260639333767E-003  2.669604615056E-003 -4.270711990445E-004  1.704386192330E+001
  4.765944407533E+000  7.893272272784E-002  5.151972023011E-004 -1.068833844402E-003  2.255745364980E-003 -3.768549842816E-004  1.799074934879E+001
  4.845752729492E+000  8.069250772248E-002  4.366852634821E-004 -9.034035013946E-004  1.900348256019E-003 -3.249242594189E-004  1.901009291087E+001
  4.927346914797E+000  8.250477101257E-002  3.689457811970E-004 -7.611331654885E-004  1.595974492961E-003 -2.712782216371E-004  2.010880373498E+001
  5.010780420931E+000  8.437148553436E-002  3.106813232183E-004 -6.391475483950E-004  1.336031139749E-003 -2.159249445519E-004  2.129456156787E+001
  5.096108722763E+000  8.629471389541E-002  2.607266317775E-004 -5.348805808134E-004  1.114684951139E-003 -1.588823258929E-004  2.257591113124E+001
  5.183389404586E+000  8.827661316581E-002  2.180378227384E-004 -4.460471679483E-004  9.267841433996E-004 -1.001790209779E-004  2.396237200047E+001
  5.272682257105E+000  9.031943996425E-002  1.816822556360E-004 -3.706171640280E-004  7.677874880325E-004 -3.985533233026E-005  2.546456414877E+001
  5.364049379651E+000  9.242555585946E-002  1.508290388916E-004 -3.067914043368E-004  6.337001278649E-004  2.203598299605E-005  2.709435168717E+001
  5.457555287978E+000  9.459743310926E-002  1.247401370672E-004 -2.529796419172E-004  5.210155378963E-004  8.542903763968E-005  2.886500780484E+001
  5.553267027968E+000  9.683766076100E-002  1.027620496647E-004 -2.077802459321E-004  4.266630825648E-004  1.502443319997E-004  3.079140449373E+001
  5.651254295630E+000  9.914895113938E-002  8.431803357704E-005 -1.699615292443E-004  3.479606552208E-004  2.163885439128E-004  3.289023135416E+001
  5.751589563796E+000  1.015341467494E-001  6.890084376837E-005 -1.384445836386E-004  2.825719230464E-004  2.837546860120E-004  3.518024865880E+001
  5.854348215936E+000  1.039962276248E-001  5.606596899065E-005 -1.122875118992E-004  2.284677399953E-004  3.522227479196E-004  3.768258094735E+001
  5.959608687557E+000  1.065383191537E-001  4.542534129201E-005 -9.067095631330E-005  1.838913301902E-004  4.216609643505E-004  4.042105879076E+001
  6.067452615683E+000  1.091637004188E-001  3.664149967550E-005 -7.288483283915E-005  1.473268833830E-004  4.919278767220E-004  4.342261807777E+001
  6.177964996951E+000  1.118758130872E-001  2.942218951437E-005 -5.831618893020E-005  1.174712415402E-004  5.628753842452E-004  4.671776833262E+001
  6.291234354880E+000  1.146782708938E-001  2.351538021657E-005 -4.643811073117E-005  9.320839053116E-005  6.343530099878E-004  5.034114429384E+001
  6.407352916949E+000  1.175748697626E-001  1.870468417635E-005 -3.679961197144E-005  7.358650269323E-005  7.062136363870E-004  5.433215842410E+001
  6.526416802128E+000  1.205695986129E-001  1.480516028928E-005 -2.901644238766E-005  5.779730435547E-005  7.783209913290E-004  5.873577637632E+001
  6.648526219580E+000  1.236666509049E-001  1.165948528550E-005 -2.276275795705E-005  4.515756707603E-005  8.505591881109E-004  6.360344295743E+001
  6.773785679311E+000  1.268704369821E-001  9.134475911108E-006 -1.776359871657E-005  3.509254242997E-005  9.228446375144E-004  6.899419311656E+001
  6.902304215570E+000  1.301855972713E-001  7.117944620924E-006 -1.378812261315E-005  2.712117787784E-005  9.951406557591E-004  7.497599132138E+001
  7.034195623922E+000  1.336170164087E-001  5.515870998999E-006 -1.064354582963E-005  2.084296587606E-005  1.067475085997E-003  8.162735385076E+001
  7.169578712934E+000  1.371698383673E-001  4.249870658099E-006 -8.169741522993E-006  1.592629036913E-005  1.139961232373E-003  8.903932260542E+001
  7.308577571516E+000  1.408494826628E-001  3.254942940456E-006 -6.234450058291E-006  1.209814458644E-005  1.212822373593E-003  9.731787673411E+001
  7.451321853057E+000  1.446616617293E-001  2.477478398297E-006 -4.729054773599E-006  9.135102119152E-006  1.286420078714E-003  1.065868905485E+002
  7.597947077547E+000  1.486123995567E-001  1.873506813350E-006 -3.564878202870E-006  6.855430021960E-006  1.361286489495E-003  1.169917738748E+002
  7.748594953021E+000  1.527080516973E-001  1.407166449496E-006 -2.669954625532E-006  5.112238573256E-006  1.438160656143E-003  1.287039653381E+002
  7.903413717736E+000  1.569553267535E-001  1.049375341721E-006 -1.986235890250E-006  3.787567679434E-006  1.518028900331E-003  1.419264914016E+002
  8.062558504629E+000  1.613613094717E-001  7.766857174425E-007 -1.467188735699E-006  2.787314999504E-006  1.602168990551E-003  1.569008556257E+002
  8.226191729726E+000  1.659334855793E-001  5.703031239934E-007 -1.075743339057E-006  2.036915899179E-006  1.692197574888E-003  1.739155847804E+002
  8.394483506327E+000  1.706797685137E-001  4.152524911163E-007 -7.825545762499E-007  1.477690455389E-006  1.790119684802E-003  1.933168319708E+002
  8.567612086926E+000  1.756085282071E-001  2.996741754908E-007 -5.645394706152E-007  1.063777998405E-006  1.898377973625E-003  2.155215219274E+002
  8.745764335025E+000  1.807286221064E-001  2.142339955503E-007 -4.036565167176E-007  7.595851240718E-007  2.019897344019E-003  2.410336194618E+002
  8.929136229160E+000  1.860494286260E-001  1.516323446888E-007 -2.858949598202E-007  5.376787180279E-007  2.158117283903E-003  2.704642084409E+002
  9.117933401693E+000  1.915808832504E-001  1.061986418925E-007 -2.004446466747E-007  3.770612630658E-007  2.316999064858E-003  3.045561898637E+002
  9.312371715124E+000  1.973335175235E-001  7.355861138734E-008 -1.390196923201E-007  2.617714870107E-007  2.500987661422E-003  3.442145659347E+002
  9.512677878945E+000  2.033185011886E-001  5.036314693143E-008 -9.531188032079E-008  1.797591781887E-007  2.714899439611E-003  3.905435460208E+002
  9.719090110332E+000  2.095476877688E-001  3.406878215654E-008 -6.455237993196E-008  1.219886714808E-007  2.963699378590E-003  4.448922923933E+002
  9.931858842267E+000  2.160336639044E-001  2.276102765395E-008 -4.316297433544E-008  8.173101417018E-008  3.252134154502E-003  5.089125131289E+002
  1.015124748302E+001  2.227898028021E-001  1.501302261884E-008 -2.848050404606E-008  5.401008617556E-008  3.584217798795E-003  5.846344083349E+002
  1.037753323129E+001  2.298303221843E-001  9.773061602966E-009 -1.854059842382E-008  3.517291017301E-008  3.962656852787E-003  6.745749442499E+002
  1.061100795175E+001  2.371703471699E-001  6.275577382975E-009 -1.190896176269E-008  2.255898916818E-008  4.388497416257E-003  7.819083575692E+002
  1.085197911611E+001  2.448259785618E-001  3.971076175053E-009 -7.550471875574E-009  1.424770870445E-008  4.861622063323E-003  9.107608328724E+002
  1.110077081537E+001  2.528143670735E-001  2.471323803299E-009 -4.728119988106E-009  8.866606542261E-009  5.383239383036E-003  1.066752986758E+003
  1.135772484956E+001  2.611537940784E-001  1.506768777687E-009 -2.925361520983E-009  5.446625828746E-009  5.962209091454E-003  1.258031592195E+003
  1.162320190175E+001  2.698637595360E-001  8.937635588884E-010 -1.786757467247E-009  3.313323748236E-009  6.628206699844E-003  1.497267980326E+003
  1.189758280382E+001  2.789650778206E-001  5.096161681305E-010 -1.072873710591E-009  2.005415539165E-009  7.457779117638E-003  1.805618596109E+003
  1.218126990242E+001  2.884799822596E-001  2.738819871510E-010 -6.262866554064E-010  1.214016023968E-009  8.628945647074E-003  2.220850178713E+003
  1.247468853413E+001  2.984322392826E-001  1.346038439028E-010 -3.462400620887E-010  7.375317373381E-010  1.054536030329E-002  2.814197659300E+003
  1.277828862002E+001  3.088472731875E-001  5.844224434948E-011 -1.700364152243E-010  4.484002291080E-010  1.405190676217E-002  3.716477058882E+003
  1.309254639077E+001  3.197523026463E-001  2.382172046979E-011 -5.965503884734E-011  2.688195324400E-010  1.917224827613E-002  5.012442190306E+003
  1.341796625462E+001  3.311764902095E-001  1.636727825792E-011  7.603063313022E-012  1.533134899406E-010  1.484170017874E-002  5.680435021191E+003
  1.375508282195E+001  3.431511062169E-001  2.602816013863E-011  4.541072746289E-011  7.649031576673E-011  4.620527962757E-003  4.866603097621E+003
  1.410446310162E+001  3.557097086969E-001  4.539312269217E-011  6.243694749409E-011  2.472115729811E-011  1.057584191813E-003  4.043061972459E+003
  1.446670888596E+001  3.688883410292E-001  6.879771448779E-011  6.473633829613E-011 -9.265432813281E-012  2.809611293520E-006  3.519781853688E+003
  1.484245934302E+001  3.827257493700E-001  9.191238426467E-011  5.702198617466E-011 -2.967459668664E-011 -4.127849911782E-004  3.195820715402E+003
  1.523239383723E+001  3.972636220891E-001  1.115811450745E-010  4.322818393050E-011 -3.946253403955E-011 -6.557181309357E-004  2.995781585538E+003
  1.563723500136E+001  4.125468537596E-001  1.257529189851E-010  2.667068232479E-011 -4.118570515156E-011 -8.512139255747E-004  2.878730837066E+003
  1.605775208607E+001  4.286238365683E-001  1.334098151362E-010  1.002363857463E-011 -3.726917003584E-011 -1.036006648871E-003  2.822568501982E+003
  1.649476461582E+001  4.455467823929E-001  1.344467259918E-010 -4.744317270787E-012 -2.997654007637E-011 -1.221182354620E-003  2.815293480528E+003
  1.694914638379E+001  4.633720792263E-001  1.294936909147E-010 -1.639574296288E-011 -2.127272279525E-011 -1.409884701485E-003  2.850739598427E+003
  1.742182982203E+001  4.821606861220E-001  1.196964302922E-010 -2.438102710085E-011 -1.269444071249E-011 -1.602803188613E-003  2.926487580355E+003
  1.791381078784E+001  5.019785714107E-001  1.064823959101E-010 -2.872853120026E-011 -5.283950420165E-012 -1.799960596683E-003  3.042854223544E+003
  1.842615381215E+001  5.228971995942E-001  9.134171501230E-011 -2.988987213673E-011  4.010037965541E-013 -2.001288540606E-003  3.202462338359E+003
  1.895999786176E+001  5.449940730840E-001  7.564730764256E-011 -2.856918478126E-011  4.214142509411E-012 -2.206789949388E-003  3.410169190004E+003
  1.951656267356E+001  5.683533358366E-001  6.052926429396E-011 -2.556351981863E-011  6.309957262358E-012 -2.416561824630E-003  3.673262398344E+003
  2.009715572669E+001  5.930664469535E-001  4.680813641460E-011 -2.163434011037E-011  7.022595432092E-012 -2.630774953806E-003  4.001903708156E+003
  2.070317992707E+001  6.192329335039E-001  3.498242125361E-011 -1.742057409023E-011  6.756522916324E-012 -2.849644607062E-003  4.409849788920E+003
  2.133614208874E+001  6.469612332096E-001  2.525874925699E-011 -1.339448202479E-011  5.902900744311E-012 -3.073403308044E-003  4.915523812782E+003
  2.199766230782E+001  6.763696392388E-001  1.760978204906E-011 -9.854434900298E-012  4.786951524069E-012 -3.302278419586E-003  5.543564325433E+003
  2.268948433818E+001  7.075873612439E-001  1.184451507401E-011 -6.944453858815E-012  3.644510731771E-012 -3.536474631573E-003  6.327050826432E+003
  2.341348709294E+001  7.407557189842E-001  7.677891274132E-012 -4.689047630734E-012  2.621429626210E-012 -3.776160245280E-003  7.310713516621E+003
  2.417169741362E+001  7.760294874639E-001  4.790374896744E-012 -3.032944037795E-012  1.787606304158E-012 -4.021456421676E-003  8.555602209681E+003
  2.496630426925E+001  8.135784155747E-001  2.872384378246E-012 -1.877879738733E-012  1.157730462619E-012 -4.272428654410E-003  1.014595424688E+004
  2.579967457140E+001  8.535889438281E-001  1.652352895397E-012 -1.111755943439E-012  7.125366037898E-013 -4.529079751780E-003  1.219942841524E+004
  2.667437081864E+001  8.962661510291E-001  9.100960015824E-013 -6.284115749012E-013  4.166427557115E-013  0.000000000000E+000  0.000000000000E+000
  2.759317081651E+001  9.418359647997E-001  4.788753829609E-013 -3.385126212675E-013  2.312486862531E-013  0.000000000000E+000  0.000000000000E+000
  2.855908975674E+001  9.905476768748E-001  2.401144967443E-013 -1.734025410178E-013  1.216496506075E-013  0.000000000000E+000  0.000000000000E+000
  2.957540498378E+001  1.042676811269E+000  1.144086498167E-013 -8.425380388198E-014  6.053375747996E-014  0.000000000000E+000  0.000000000000E+000
  3.064568382919E+001  1.098528402000E+000  5.164066176649E-014 -3.871904258560E-014  2.842318040721E-014  0.000000000000E+000  0.000000000000E+000
  3.177381495601E+001  1.158440747351E+000  2.200478791628E-014 -1.677431913532E-014  1.255652490915E-014  0.000000000000E+000  0.000000000000E+000
  3.296404372807E+001  1.222789720048E+000  8.818059169938E-015 -6.825898016571E-015  5.201382341907E-015  0.000000000000E+000  0.000000000000E+000
  3.422101220608E+001  1.291993727721E+000  3.309168154538E-015 -2.598303422419E-015  2.012522545543E-015  0.000000000000E+000  0.000000000000E+000
  3.554980447538E+001  1.366519436102E+000  1.157490313903E-015 -9.209801193357E-016  7.241580160883E-016  0.000000000000E+000  0.000000000000E+000
  3.695599813319E+001  1.446888389511E+000  3.754160868832E-016 -3.024339489411E-016  2.411323470058E-016  0.000000000000E+000  0.000000000000E+000
  3.844572291106E+001  1.533684690030E+000  1.122552259212E-016 -9.148948455081E-017  7.389348200502E-017  0.000000000000E+000  0.000000000000E+000
  4.002572758518E+001  1.627563929686E+000  3.074880434792E-017 -2.533588882316E-017  2.071090087346E-017  0.000000000000E+000  0.000000000000E+000
  4.170345654134E+001  1.729263610453E+000  7.661321974327E-018 -6.377949600851E-018  5.272688744440E-018  0.000000000000E+000  0.000000000000E+000
  4.348713762001E+001  1.839615336740E+000  1.722730775229E-018 -1.448159695329E-018  1.209908181034E-018  0.000000000000E+000  0.000000000000E+000
  4.538588318162E+001  1.959559126947E+000  3.440639714468E-019 -2.915232863871E-019  2.456039784417E-019  0.000000000000E+000  0.000000000000E+000
  4.740980671574E+001  2.090160267552E+000  6.143351120861E-020 -5.748721267458E-020  4.954465749910E-020  0.000000000000E+000  0.000000000000E+000
  4.957015778746E+001  2.232629229408E+000  1.021874188704E-020 -7.701671852270E-021  4.174391966025E-021  0.000000000000E+000  0.000000000000E+000
  5.187947869225E+001  2.388345286640E+000  9.469476281612E-022 -7.919951292659E-022  1.862761710019E-021  0.000000000000E+000  0.000000000000E+000
  5.435178690397E+001  2.558884630889E+000  2.494495503426E-022 -2.051117840264E-022 -1.517963900704E-023  0.000000000000E+000  0.000000000000E+000
  5.700278828629E+001  2.746053966795E+000  1.097007669088E-024 -2.886258927945E-023  2.576500486141E-023  0.000000000000E+000  0.000000000000E+000
  5.985012714155E+001  2.951930820846E+000  2.506500425534E-024  0.000000000000E+000  0.000000000000E+000  0.000000000000E+000  0.000000000000E+000
  6.291368055481E+001  3.178912111311E+000  0.000000000000E+000  0.000000000000E+000  0.000000000000E+000  0.000000000000E+000  0.000000000000E+000
  6.621590623276E+001  3.429772933797E+000  0.000000000000E+000  0.000000000000E+000  0.000000000000E+000  0.000000000000E+000  0.000000000000E+000
  6.978225524452E+001  3.707738044625E+000  0.000000000000E+000  0.000000000000E+000  0.000000000000E+000  0.000000000000E+000  0.000000000000E+000
  7.364166388185E+001  4.016569212832E+000  0.000000000000E+000  0.000000000000E+000  0.000000000000E+000  0.000000000000E+000  0.000000000000E+000
  7.782714245929E+001  4.360672516382E+000  0.000000000000E+000  0.000000000000E+000  0.000000000000E+000  0.000000000000E+000  0.000000000000E+000
  8.237648351994E+001  4.745230855210E+000  0.000000000000E+000  0.000000000000E+000  0.000000000000E+000  0.000000000000E+000  0.000000000000E+000
  8.733311794503E+001  5.176368549127E+000  0.000000000000E+000  0.000000000000E+000  0.000000000000E+000  0.000000000000E+000  0.000000000000E+000
  9.274715535088E+001  5.661357031559E+000  0.000000000000E+000  0.000000000000E+000  0.000000000000E+000  0.000000000000E+000  0.000000000000E+000
  9.867665554529E+001  6.208873552072E+000  0.000000000000E+000  0.000000000000E+000  0.000000000000E+000  0.000000000000E+000  0.000000000000E+000
  1.051891916055E+002  6.829328764649E+000  0.000000000000E+000  0.000000000000E+000  0.000000000000E+000  0.000000000000E+000  0.000000000000E+000
  1.123637836013E+002  7.535284543316E+000  0.000000000000E+000  0.000000000000E+000  0.000000000000E+000  0.000000000000E+000  0.000000000000E+000
  1.202933069206E+002  8.341990973528E+000  0.000000000000E+000  0.000000000000E+000  0.000000000000E+000  0.000000000000E+000  0.000000000000E+000
  1.290875131414E+002  9.268082166539E+000  0.000000000000E+000  0.000000000000E+000  0.000000000000E+000  0.000000000000E+000  0.000000000000E+000
  1.388768482001E+002  1.033648575811E+001  0.000000000000E+000  0.000000000000E+000  0.000000000000E+000  0.000000000000E+000  0.000000000000E+000
  1.498173177370E+002  1.157562284364E+001  0.000000000000E+000  0.000000000000E+000  0.000000000000E+000  0.000000000000E+000  0.000000000000E+000
  1.620967411853E+002  1.302100699722E+001  0.000000000000E+000  0.000000000000E+000  0.000000000000E+000  0.000000000000E+000  0.000000000000E+000
  1.759428668168E+002  1.471739812515E+001  0.000000000000E+000  0.000000000000E+000  0.000000000000E+000  0.000000000000E+000  0.000000000000E+000
  1.916340085825E+002  1.672173748087E+001  0.000000000000E+000  0.000000000000E+000  0.000000000000E+000  0.000000000000E+000  0.000000000000E+000
  2.095131417987E+002  1.910719757888E+001  0.000000000000E+000  0.000000000000E+000  0.000000000000E+000  0.000000000000E+000  0.000000000000E+000
  2.300068054477E+002  2.196884699990E+001  0.000000000000E+000  0.000000000000E+000  0.000000000000E+000  0.000000000000E+000  0.000000000000E+000
  2.536507797910E+002  2.543169216868E+001  0.000000000000E+000  0.000000000000E+000  0.000000000000E+000  0.000000000000E+000  0.000000000000E+000
  2.811254638474E+002  2.966227967912E+001  0.000000000000E+000  0.000000000000E+000  0.000000000000E+000  0.000000000000E+000  0.000000000000E+000
  3.133053780630E+002  3.488573552677E+001  0.000000000000E+000  0.000000000000E+000  0.000000000000E+000  0.000000000000E+000  0.000000000000E+000
  3.513296254502E+002  4.141128389041E+001  0.000000000000E+000  0.000000000000E+000  0.000000000000E+000  0.000000000000E+000  0.000000000000E+000
  3.967041014106E+002  4.967130404214E+001  0.000000000000E+000  0.000000000000E+000  0.000000000000E+000  0.000000000000E+000  0.000000000000E+000
  4.514529193349E+002  6.028257212519E+001  0.000000000000E+000  0.000000000000E+000  0.000000000000E+000  0.000000000000E+000  0.000000000000E+000
  5.183481233601E+002  7.414493328740E+001  0.000000000000E+000  0.000000000000E+000  0.000000000000E+000  0.000000000000E+000  0.000000000000E+000
  6.012676077950E+002  9.260523890243E+001  0.000000000000E+000  0.000000000000E+000  0.000000000000E+000  0.000000000000E+000  0.000000000000E+000
  7.057700503752E+002  1.177394213729E+002  0.000000000000E+000  0.000000000000E+000  0.000000000000E+000  0.000000000000E+000  0.000000000000E+000
  8.400513767914E+002  1.528577972397E+002  0.000000000000E+000  0.000000000000E+000  0.000000000000E+000  0.000000000000E+000  0.000000000000E+000
  1.016602135495E+003  2.034537342122E+002  0.000000000000E+000  0.000000000000E+000  0.000000000000E+000  0.000000000000E+000  0.000000000000E+000
  1.255220715580E+003  2.790860613466E+002  0.000000000000E+000  0.000000000000E+000  0.000000000000E+000  0.000000000000E+000  0.000000000000E+000
  1.588815776243E+003  3.973705897531E+002  0.000000000000E+000  0.000000000000E+000  0.000000000000E+000  0.000000000000E+000  0.000000000000E+000
  2.075392011604E+003  5.931596040112E+002  0.000000000000E+000  0.000000000000E+000  0.000000000000E+000  0.000000000000E+000  0.000000000000E+000
  2.825079847529E+003  9.419154890021E+002  0.000000000000E+000  0.000000000000E+000  0.000000000000E+000  0.000000000000E+000  0.000000000000E+000
  4.068408296184E+003  1.627629972033E+003  0.000000000000E+000  0.000000000000E+000  0.000000000000E+000  0.000000000000E+000  0.000000000000E+000
  6.357262947674E+003  3.178964796686E+003  0.000000000000E+000  0.000000000000E+000  0.000000000000E+000  0.000000000000E+000  0.000000000000E+000
  1.130231930164E+004  7.535323971013E+003  0.000000000000E+000  0.000000000000E+000  0.000000000000E+000  0.000000000000E+000  0.000000000000E+000
  2.543105175140E+004  2.543171841285E+004  0.000000000000E+000  0.000000000000E+000  0.000000000000E+000  0.000000000000E+000  0.000000000000E+000
  1.017262069958E+005  2.034537473226E+005  0.000000000000E+000  0.000000000000E+000  0.000000000000E+000  0.000000000000E+000  0.000000000000E+000
