# 1st line: number of mesh points
# abcissa weight wavefunction wavefunction_1st wavefunction_2nd
500
# Principal QN=   2 , l=   0 , Occupation=   2.0000
  9.830308526508E-006  1.966074589941E-005 -1.010782370089E+001  8.154651757714E+001 -5.658307746438E+002
  3.932200719717E-005  3.932303800261E-005 -1.010541900162E+001  8.152983205328E+001 -5.657096030414E+002
  8.847741541455E-005  5.898842277178E-005 -1.010141205281E+001  8.150202932940E+001 -5.655077019584E+002
  1.573003992804E-004  7.865844718600E-005 -1.009580417903E+001  8.146311912590E+001 -5.652251487466E+002
  2.457963722417E-004  9.833465899987E-005 -1.008859723386E+001  8.141311504459E+001 -5.648620516396E+002
  3.539722959954E-004  1.180186070023E-004 -1.007979359909E+001  8.135203456186E+001 -5.644185496931E+002
  4.818366816528E-004  1.377118412759E-004 -1.006939618366E+001  8.127989901999E+001 -5.638948127096E+002
  6.293995911626E-004  1.574159134560E-004 -1.005740842244E+001  8.119673361649E+001 -5.632910411454E+002
  7.966726389934E-004  1.771323769912E-004 -1.004383427466E+001  8.110256739155E+001 -5.626074660009E+002
  9.836689940782E-004  1.968627874036E-004 -1.002867822225E+001  8.099743321355E+001 -5.618443486947E+002
  1.190403382016E-003  2.166087025496E-004 -1.001194526783E+001  8.088136776268E+001 -5.610019809208E+002
  1.416892087541E-003  2.363716828821E-004 -9.993640932559E+000  8.075441151266E+001 -5.600806844892E+002
  1.663152957245E-003  2.561532917128E-004 -9.973771253720E+000  8.061660871057E+001 -5.590808111504E+002
  1.929205402573E-003  2.759550954757E-004 -9.952342782075E+000  8.046800735479E+001 -5.580027424032E+002
  2.215070403074E-003  2.957786639908E-004 -9.929362579017E+000  8.030865917110E+001 -5.568468892865E+002
  2.520770509919E-003  3.156255707300E-004 -9.904838213491E+000  8.013861958691E+001 -5.556136921551E+002
  2.846329849692E-003  3.354973930828E-004 -9.878777758689E+000  7.995794770365E+001 -5.543036204390E+002
  3.191774128432E-003  3.553957126240E-004 -9.851189788532E+000  7.976670626735E+001 -5.529171723878E+002
  3.557130635959E-003  3.753221153821E-004 -9.822083373936E+000  7.956496163743E+001 -5.514548747985E+002
  3.942428250463E-003  3.952781921092E-004 -9.791468078858E+000  7.935278375361E+001 -5.499172827282E+002
  4.347697443358E-003  4.152655385525E-004 -9.759353956127E+000  7.913024610120E+001 -5.483049791915E+002
  4.772970284417E-003  4.352857557265E-004 -9.725751543072E+000  7.889742567449E+001 -5.466185748428E+002
  5.218280447175E-003  4.553404501876E-004 -9.690671856933E+000  7.865440293849E+001 -5.448587076429E+002
  5.683663214611E-003  4.754312343099E-004 -9.654126390063E+000  7.840126178896E+001 -5.430260425121E+002
  6.169155485101E-003  4.955597265624E-004 -9.616127104935E+000  7.813808951068E+001 -5.411212709671E+002
  6.674795778653E-003  5.157275517886E-004 -9.576686428934E+000  7.786497673414E+001 -5.391451107451E+002
  7.200624243425E-003  5.359363414876E-004 -9.535817248958E+000  7.758201739054E+001 -5.370983054126E+002
  7.746682662519E-003  5.561877340970E-004 -9.493532905819E+000  7.728930866518E+001 -5.349816239607E+002
  8.313014461060E-003  5.764833752781E-004 -9.449847188450E+000  7.698695094923E+001 -5.327958603866E+002
  8.899664713569E-003  5.968249182030E-004 -9.404774327914E+000  7.667504779003E+001 -5.305418332620E+002
  9.506680151615E-003  6.172140238444E-004 -9.358328991236E+000  7.635370583970E+001 -5.282203852877E+002
  1.013410917176E-002  6.376523612666E-004 -9.310526275039E+000  7.602303480241E+001 -5.258323828358E+002
  1.078200184380E-002  6.581416079202E-004 -9.261381699000E+000  7.568314737999E+001 -5.233787154789E+002
  1.145040991929E-002  6.786834499385E-004 -9.210911199129E+000  7.533415921629E+001 -5.208602955072E+002
  1.213938684040E-002  6.992795824361E-004 -9.159131120868E+000  7.497618883995E+001 -5.182780574333E+002
  1.284898774901E-002  7.199317098113E-004 -9.106058212023E+000  7.460935760585E+001 -5.156329574851E+002
  1.357926949620E-002  7.406415460502E-004 -9.051709615516E+000  7.423378963524E+001 -5.129259730877E+002
  1.433029065191E-002  7.614108150341E-004 -8.996102861987E+000  7.384961175452E+001 -5.101581023336E+002
  1.510211151509E-002  7.822412508494E-004 -8.939255862215E+000  7.345695343270E+001 -5.073303634424E+002
  1.589479412397E-002  8.031345981016E-004 -8.881186899399E+000  7.305594671765E+001 -5.044437942096E+002
  1.670840226680E-002  8.240926122311E-004 -8.821914621271E+000  7.264672617118E+001 -5.014994514457E+002
  1.754300149280E-002  8.451170598329E-004 -8.761458032067E+000  7.222942880282E+001 -4.984984104049E+002
  1.839865912351E-002  8.662097189796E-004 -8.699836484344E+000  7.180419400260E+001 -4.954417642047E+002
  1.927544426443E-002  8.873723795480E-004 -8.637069670662E+000  7.137116347261E+001 -4.923306232363E+002
  2.017342781695E-002  9.086068435487E-004 -8.573177615123E+000  7.093048115761E+001 -4.891661145659E+002
  2.109268249069E-002  9.299149254598E-004 -8.508180664776E+000  7.048229317451E+001 -4.859493813280E+002
  2.203328281612E-002  9.512984525641E-004 -8.442099480897E+000  7.002674774097E+001 -4.826815821103E+002
  2.299530515754E-002  9.727592652906E-004 -8.374955030134E+000  6.956399510298E+001 -4.793638903312E+002
  2.397882772639E-002  9.942992175591E-004 -8.306768575544E+000  6.909418746158E+001 -4.759974936096E+002
  2.498393059493E-002  1.015920177130E-003 -8.237561667501E+000  6.861747889874E+001 -4.725835931287E+002
  2.601069571024E-002  1.037624025957E-003 -8.167356134502E+000  6.813402530239E+001 -4.691234029921E+002
  2.705920690860E-002  1.059412660547E-003 -8.096174073859E+000  6.764398429072E+001 -4.656181495748E+002
  2.812954993023E-002  1.081287992318E-003 -8.024037842295E+000  6.714751513572E+001 -4.620690708682E+002
  2.922181243436E-002  1.103251947969E-003 -7.950970046435E+000  6.664477868608E+001 -4.584774158194E+002
  3.033608401473E-002  1.125306469854E-003 -7.876993533209E+000  6.613593728940E+001 -4.548444436665E+002
  3.147245621542E-002  1.147453516351E-003 -7.802131380171E+000  6.562115471391E+001 -4.511714232687E+002
  3.263102254705E-002  1.169695062249E-003 -7.726406885723E+000  6.510059606953E+001 -4.474596324330E+002
  3.381187850339E-002  1.192033099133E-003 -7.649843559275E+000  6.457442772852E+001 -4.437103572368E+002
  3.501512157837E-002  1.214469635775E-003 -7.572465111319E+000  6.404281724569E+001 -4.399248913479E+002
  3.624085128345E-002  1.237006698530E-003 -7.494295443450E+000  6.350593327809E+001 -4.361045353413E+002
  3.748916916538E-002  1.259646331739E-003 -7.415358638310E+000  6.296394550454E+001 -4.322505960142E+002
  3.876017882444E-002  1.282390598136E-003 -7.335678949481E+000  6.241702454469E+001 -4.283643856989E+002
  4.005398593302E-002  1.305241579266E-003 -7.255280791330E+000  6.186534187790E+001 -4.244472215743E+002
  4.137069825459E-002  1.328201375897E-003 -7.174188728798E+000  6.130906976192E+001 -4.205004249770E+002
  4.271042566323E-002  1.351272108452E-003 -7.092427467155E+000  6.074838115140E+001 -4.165253207111E+002
  4.407328016341E-002  1.374455917436E-003 -7.010021841712E+000  6.018344961627E+001 -4.125232363590E+002
  4.545937591035E-002  1.397754963880E-003 -6.926996807509E+000  5.961444926011E+001 -4.084955015915E+002
  4.686882923075E-002  1.421171429779E-003 -6.843377428971E+000  5.904155463847E+001 -4.044434474801E+002
  4.830175864396E-002  1.444707518548E-003 -6.759188869548E+000  5.846494067728E+001 -4.003684058095E+002
  4.975828488365E-002  1.468365455478E-003 -6.674456381337E+000  5.788478259126E+001 -3.962717083929E+002
  5.123853091993E-002  1.492147488203E-003 -6.589205294696E+000  5.730125580261E+001 -3.921546863885E+002
  5.274262198188E-002  1.516055887169E-003 -6.503461007852E+000  5.671453585978E+001 -3.880186696202E+002
  5.427068558066E-002  1.540092946119E-003 -6.417248976517E+000  5.612479835652E+001 -3.838649858997E+002
  5.582285153302E-002  1.564260982573E-003 -6.330594703498E+000  5.553221885122E+001 -3.796949603544E+002
  5.739925198530E-002  1.588562338332E-003 -6.243523728332E+000  5.493697278662E+001 -3.755099147570E+002
  5.900002143803E-002  1.612999379973E-003 -6.156061616929E+000  5.433923540987E+001 -3.713111668621E+002
  6.062529677088E-002  1.637574499364E-003 -6.068233951244E+000  5.373918169304E+001 -3.671000297459E+002
  6.227521726827E-002  1.662290114181E-003 -5.980066318976E+000  5.313698625415E+001 -3.628778111523E+002
  6.394992464542E-002  1.687148668440E-003 -5.891584303294E+000  5.253282327871E+001 -3.586458128452E+002
  6.564956307496E-002  1.712152633027E-003 -5.802813472613E+000  5.192686644189E+001 -3.544053299661E+002
  6.737427921404E-002  1.737304506249E-003 -5.713779370406E+000  5.131928883124E+001 -3.501576503997E+002
  6.912422223211E-002  1.762606814387E-003 -5.624507505067E+000  5.071026287021E+001 -3.459040541460E+002
  7.089954383907E-002  1.788062112257E-003 -5.535023339831E+000  5.009996024231E+001 -3.416458127004E+002
  7.270039831418E-002  1.813672983787E-003 -5.445352282754E+000  4.948855181613E+001 -3.373841884419E+002
  7.452694253540E-002  1.839442042599E-003 -5.355519676752E+000  4.887620757110E+001 -3.331204340296E+002
  7.637933600943E-002  1.865371932600E-003 -5.265550789719E+000  4.826309652424E+001 -3.288557918088E+002
  7.825774090225E-002  1.891465328589E-003 -5.175470804717E+000  4.764938665768E+001 -3.245914932255E+002
  8.016232207035E-002  1.917724936867E-003 -5.085304810240E+000  4.703524484729E+001 -3.203287582519E+002
  8.209324709253E-002  1.944153495867E-003 -4.995077790575E+000  4.642083679226E+001 -3.160687948210E+002
  8.405068630235E-002  1.970753776782E-003 -4.904814616242E+000  4.580632694568E+001 -3.118127982726E+002
  8.603481282122E-002  1.997528584221E-003 -4.814540034539E+000  4.519187844635E+001 -3.075619508098E+002
  8.804580259214E-002  2.024480756857E-003 -4.724278660177E+000  4.457765305159E+001 -3.033174209672E+002
  9.008383441408E-002  2.051613168108E-003 -4.634054966027E+000  4.396381107131E+001 -2.990803630906E+002
  9.214908997710E-002  2.078928726810E-003 -4.543893273972E+000  4.335051130330E+001 -2.948519168289E+002
  9.424175389809E-002  2.106430377918E-003 -4.453817745875E+000  4.273791096975E+001 -2.906332066384E+002
  9.636201375725E-002  2.134121103210E-003 -4.363852374664E+000  4.212616565510E+001 -2.864253413003E+002
  9.851006013526E-002  2.162003922007E-003 -4.274020975539E+000  4.151542924522E+001 -2.822294134510E+002
  1.006860866512E-001  2.190081891910E-003 -4.184347177305E+000  4.090585386795E+001 -2.780464991255E+002
  1.028902900012E-001  2.218358109541E-003 -4.094854413840E+000  4.029758983508E+001 -2.738776573158E+002
  1.051228699979E-001  2.246835711311E-003 -4.005565915691E+000  3.969078558574E+001 -2.697239295419E+002
  1.073840296104E-001  2.275517874190E-003 -3.916504701816E+000  3.908558763132E+001 -2.655863394387E+002
  1.096739750056E-001  2.304407816497E-003 -3.827693571464E+000  3.848214050187E+001 -2.614658923561E+002
  1.119929155896E-001  2.333508798707E-003 -3.739155096202E+000  3.788058669402E+001 -2.573635749755E+002
  1.143410640503E-001  2.362824124271E-003 -3.650911612094E+000  3.728106662053E+001 -2.532803549407E+002
  1.167186364011E-001  2.392357140448E-003 -3.562985212035E+000  3.668371856140E+001 -2.492171805039E+002
  1.191258520249E-001  2.422111239159E-003 -3.475397738233E+000  3.608867861664E+001 -2.451749801889E+002
  1.215629337189E-001  2.452089857854E-003 -3.388170774862E+000  3.549608066067E+001 -2.411546624682E+002
  1.240301077413E-001  2.482296480400E-003 -3.301325640875E+000  3.490605629839E+001 -2.371571154580E+002
  1.265276038575E-001  2.512734637975E-003 -3.214883382978E+000  3.431873482301E+001 -2.331832066288E+002
  1.290556553882E-001  2.543407909995E-003 -3.128864768779E+000  3.373424317552E+001 -2.292337825321E+002
  1.316144992580E-001  2.574319925047E-003 -3.043290280107E+000  3.315270590599E+001 -2.253096685445E+002
  1.342043760450E-001  2.605474361847E-003 -2.958180106507E+000  3.257424513659E+001 -2.214116686284E+002
  1.368255300316E-001  2.636874950214E-003 -2.873554138906E+000  3.199898052637E+001 -2.175405651093E+002
  1.394782092560E-001  2.668525472060E-003 -2.789431963465E+000  3.142702923789E+001 -2.136971184706E+002
  1.421626655646E-001  2.700429762411E-003 -2.705832855608E+000  3.085850590558E+001 -2.098820671655E+002
  1.448791546661E-001  2.732591710434E-003 -2.622775774237E+000  3.029352260604E+001 -2.060961274459E+002
  1.476279361856E-001  2.765015260497E-003 -2.540279356125E+000  2.973218883005E+001 -2.023399932088E+002
  1.504092737207E-001  2.797704413242E-003 -2.458361910510E+000  2.917461145647E+001 -1.986143358600E+002
  1.532234348983E-001  2.830663226680E-003 -2.377041413857E+000  2.862089472802E+001 -1.949198041958E+002
  1.560706914324E-001  2.863895817319E-003 -2.296335504829E+000  2.807114022887E+001 -1.912570243009E+002
  1.589513191834E-001  2.897406361298E-003 -2.216261479435E+000  2.752544686407E+001 -1.876265994649E+002
  1.618655982178E-001  2.931199095559E-003 -2.136836286375E+000  2.698391084091E+001 -1.840291101156E+002
  1.648138128702E-001  2.965278319033E-003 -2.058076522580E+000  2.644662565204E+001 -1.804651137700E+002
  1.677962518056E-001  2.999648393860E-003 -1.979998428935E+000  2.591368206055E+001 -1.769351450022E+002
  1.708132080832E-001  3.034313746623E-003 -1.902617886211E+000  2.538516808681E+001 -1.734397154293E+002
  1.738649792215E-001  3.069278869616E-003 -1.825950411177E+000  2.486116899721E+001 -1.699793137136E+002
  1.769518672648E-001  3.104548322136E-003 -1.750011152913E+000  2.434176729471E+001 -1.665544055825E+002
  1.800741788507E-001  3.140126731803E-003 -1.674814889318E+000  2.382704271125E+001 -1.631654338651E+002
  1.832322252791E-001  3.176018795904E-003 -1.600376023806E+000  2.331707220198E+001 -1.598128185456E+002
  1.864263225826E-001  3.212229282769E-003 -1.526708582207E+000  2.281192994123E+001 -1.564969568336E+002
  1.896567915983E-001  3.248763033179E-003 -1.453826209846E+000  2.231168732036E+001 -1.532182232503E+002
  1.929239580409E-001  3.285624961791E-003 -1.381742168831E+000  2.181641294732E+001 -1.499769697318E+002
  1.962281525771E-001  3.322820058613E-003 -1.310469335521E+000  2.132617264801E+001 -1.467735257475E+002
  1.995697109023E-001  3.360353390492E-003 -1.240020198191E+000  2.084102946937E+001 -1.436081984353E+002
  2.029489738173E-001  3.398230102644E-003 -1.170406854885E+000  2.036104368413E+001 -1.404812727519E+002
  2.063662873085E-001  3.436455420218E-003 -1.101641011458E+000  1.988627279735E+001 -1.373930116380E+002
  2.098220026275E-001  3.475034649885E-003 -1.033733979808E+000  1.941677155455E+001 -1.343436561994E+002
  2.133164763746E-001  3.513973181471E-003 -9.666966762915E-001  1.895259195150E+001 -1.313334259027E+002
  2.168500705817E-001  3.553276489620E-003 -9.005396203210E-001  1.849378324565E+001 -1.283625187845E+002
  2.204231527988E-001  3.592950135496E-003 -8.352729331519E-001  1.804039196909E+001 -1.254311116758E+002
  2.240360961807E-001  3.632999768520E-003 -7.709063368439E-001  1.759246194312E+001 -1.225393604398E+002
  2.276892795770E-001  3.673431128145E-003 -7.074491534040E-001  1.715003429430E+001 -1.196874002229E+002
  2.313830876220E-001  3.714250045674E-003 -6.449103041053E-001  1.671314747197E+001 -1.168753457188E+002
  2.351179108282E-001  3.755462446115E-003 -5.832983089798E-001  1.628183726729E+001 -1.141032914454E+002
  2.388941456809E-001  3.797074350078E-003 -5.226212864836E-001  1.585613683358E+001 -1.113713120336E+002
  2.427121947345E-001  3.839091875711E-003 -4.628869533313E-001  1.543607670813E+001 -1.086794625284E+002
  2.465724667110E-001  3.881521240686E-003 -4.041026244964E-001  1.502168483531E+001 -1.060277787007E+002
  2.504753766009E-001  3.924368764227E-003 -3.462752133771E-001  1.461298659091E+001 -1.034162773708E+002
  2.544213457654E-001  3.967640869177E-003 -2.894112321223E-001  1.421000480785E+001 -1.008449567413E+002
  2.584108020414E-001  4.011344084122E-003 -2.335167921166E-001  1.381275980298E+001 -9.831379674159E+001
  2.624441798480E-001  4.055485045557E-003 -1.785976046207E-001  1.342126940509E+001 -9.582275937990E+001
  2.665219202956E-001  4.100070500102E-003 -1.246589815645E-001  1.303554898405E+001 -9.337178910609E+001
  2.706444712976E-001  4.145107306769E-003 -7.170583648953E-002  1.265561148098E+001 -9.096081318195E+001
  2.748122876832E-001  4.190602439283E-003 -1.974268563746E-002  1.228146743948E+001 -8.858974205994E+001
  2.790258313137E-001  4.236562988450E-003  3.122635081738E-002  1.191312503778E+001 -8.625846976929E+001
  2.832855712010E-001  4.282996164587E-003  8.119754739601E-002  1.155059012188E+001 -8.396687430911E+001
  2.875919836279E-001  4.329909300005E-003  1.301675718058E-001  1.119386623953E+001 -8.171481804801E+001
  2.919455522717E-001  4.377309851548E-003  1.781334832978E-001  1.084295467505E+001 -7.950214812953E+001
  2.963467683296E-001  4.425205403192E-003  2.250927308935E-001  1.049785448486E+001 -7.732869688306E+001
  3.007961306479E-001  4.473603668706E-003  2.710431514852E-001  1.015856253390E+001 -7.519428223948E+001
  3.052941458522E-001  4.522512494374E-003  3.159829678110E-001  9.825073532518E+000 -7.309870815120E+001
  3.098413284823E-001  4.571939861783E-003  3.599107863109E-001  9.497380074151E+000 -7.104176501585E+001
  3.144382011281E-001  4.621893890671E-003  4.028255948636E-001  9.175472673494E+000 -6.902323010323E+001
  3.190852945695E-001  4.672382841850E-003  4.447267604105E-001  8.859339805219E+000 -6.704286798479E+001
  3.237831479192E-001  4.723415120192E-003  4.856140264673E-001  8.548967943170E+000 -6.510043096535E+001
  3.285323087679E-001  4.774999277691E-003  5.254875105278E-001  8.244341599975E+000 -6.319565951623E+001
  3.333333333333E-001  4.827144016591E-003  5.643477013632E-001  7.945443367036E+000 -6.132828270942E+001
  3.381867866117E-001  4.879858192602E-003  6.021954562179E-001  7.652253954848E+000 -5.949801865226E+001
  3.430932425333E-001  4.933150818173E-003  6.390319979067E-001  7.364752233590E+000 -5.770457492193E+001
  3.480532841203E-001  4.987031065868E-003  6.748589118157E-001  7.082915273945E+000 -5.594764899940E+001
  3.530675036492E-001  5.041508271801E-003  7.096781428081E-001  6.806718388104E+000 -5.422692870226E+001
  3.581365028158E-001  5.096591939172E-003  7.434919920403E-001  6.536135170906E+000 -5.254209261579E+001
  3.632608929041E-001  5.152291741875E-003  7.763031136872E-001  6.271137541062E+000 -5.089281052200E+001
  3.684412949588E-001  5.208617528209E-003  8.081145115830E-001  6.011695782432E+000 -4.927874382588E+001
  3.736783399619E-001  5.265579324662E-003  8.389295357756E-001  5.757778585300E+000 -4.769954597858E+001
  3.789726690123E-001  5.323187339805E-003  8.687518790008E-001  5.509353087607E+000 -4.615486289696E+001
  3.843249335105E-001  5.381451968273E-003  8.975855730747E-001  5.266384916108E+000 -4.464433337896E+001
  3.897357953460E-001  5.440383794842E-003  9.254349852083E-001  5.028838227408E+000 -4.316758951451E+001
  3.952059270903E-001  5.499993598618E-003  9.523048142454E-001  4.796675748833E+000 -4.172425709144E+001
  4.007360121927E-001  5.560292357317E-003  9.782000868249E-001  4.569858819121E+000 -4.031395599593E+001
  4.063267451812E-001  5.621291251662E-003  1.003126153469E+000  4.348347428870E+000 -3.893630060720E+001
  4.119788318683E-001  5.683001669888E-003  1.027088684601E+000  4.132100260730E+000 -3.759090018596E+001
  4.176929895600E-001  5.745435212354E-003  1.050093666485E+000  3.921074729307E+000 -3.627735925631E+001
  4.234699472710E-001  5.808603696282E-003  1.072147397104E+000  3.715227020733E+000 -3.499527798068E+001
  4.293104459435E-001  5.872519160606E-003  1.093256481958E+000  3.514512131899E+000 -3.374425252750E+001
  4.352152386716E-001  5.937193870949E-003  1.113427829802E+000  3.318883909304E+000 -3.252387543130E+001
  4.411850909306E-001  6.002640324729E-003  1.132668648305E+000  3.128295087507E+000 -3.133373594495E+001
  4.472207808110E-001  6.068871256391E-003  1.150986439649E+000  2.942697327164E+000 -3.017342038365E+001
  4.533230992589E-001  6.135899642772E-003  1.168388996048E+000  2.762041252619E+000 -2.904251246066E+001
  4.594928503202E-001  6.203738708611E-003  1.184884395211E+000  2.586276489042E+000 -2.794059361421E+001
  4.657308513924E-001  6.272401932198E-003  1.200480995722E+000  2.415351699098E+000 -2.686724332569E+001
  4.720379334802E-001  6.341903051163E-003  1.215187432357E+000  2.249214619121E+000 -2.582203942877E+001
  4.784149414579E-001  6.412256068427E-003  1.229012611330E+000  2.087812094811E+000 -2.480455840925E+001
  4.848627343381E-001  6.483475258298E-003  1.241965705461E+000  1.931090116408E+000 -2.381437569562E+001
  4.913821855461E-001  6.555575172733E-003  1.254056149278E+000  1.778993853371E+000 -2.285106594019E+001
  4.979741832006E-001  6.628570647764E-003  1.265293634042E+000  1.631467688535E+000 -2.191420329053E+001
  5.046396304008E-001  6.702476810086E-003  1.275688102695E+000  1.488455251755E+000 -2.100336165141E+001
  5.113794455212E-001  6.777309083830E-003  1.285249744730E+000  1.349899453034E+000 -2.011811493701E+001
  5.181945625116E-001  6.853083197508E-003  1.293988990991E+000  1.215742515141E+000 -1.925803731339E+001
  5.250859312060E-001  6.929815191146E-003  1.301916508380E+000  1.085926005709E+000 -1.842270343131E+001
  5.320545176366E-001  7.007521423604E-003  1.309043194491E+000  9.603908688489E-001 -1.761168864932E+001
  5.391013043575E-001  7.086218580100E-003  1.315380172157E+000  8.390774562496E-001 -1.682456924728E+001
  5.462272907741E-001  7.165923679926E-003  1.320938783914E+000  7.219255578091E-001 -1.606092263019E+001
  5.534334934816E-001  7.246654084380E-003  1.325730586370E+000  6.088744317865E-001 -1.532032752267E+001
  5.607209466109E-001  7.328427504912E-003  1.329767344494E+000  4.998628344983E-001 -1.460236415396E+001
  5.680907021827E-001  7.411262011483E-003  1.333061025805E+000  3.948290495725E-001 -1.390661443376E+001
  5.755438304707E-001  7.495176041166E-003  1.335623794467E+000  2.937109167773E-001 -1.323266211889E+001
  5.830814203728E-001  7.580188406970E-003  1.337468005298E+000  1.964458604439E-001 -1.258009297117E+001
  5.907045797917E-001  7.666318306912E-003  1.338606197667E+000  1.029709175019E-001 -1.194849490638E+001
  5.984144360243E-001  7.753585333338E-003  1.339051089299E+000  1.322276515068E-002 -1.133745813492E+001
  6.062121361613E-001  7.842009482502E-003  1.338815569976E+000 -7.286225181291E-002 -1.074657529396E+001
  6.140988474955E-001  7.931611164409E-003  1.337912695133E+000 -1.553480939858E-001 -1.017544157172E+001
  6.220757579409E-001  8.022411212936E-003  1.336355679348E+000 -2.342990006452E-001 -9.623654823832E+000
  6.301440764614E-001  8.114430896230E-003  1.334157889727E+000 -3.097794633054E-001 -9.090815682249E+000
  6.383050335109E-001  8.207691927403E-003  1.331332839174E+000 -3.818541995188E-001 -8.576527656852E+000
  6.465598814833E-001  8.302216475524E-003  1.327894179557E+000 -4.505881268957E-001 -8.080397230160E+000
  6.549098951744E-001  8.398027176926E-003  1.323855694760E+000 -5.160463373159E-001 -7.602033945378E+000
  6.633563722545E-001  8.495147146827E-003  1.319231293617E+000 -5.782940713066E-001 -7.141050488123E+000
  6.719006337539E-001  8.593599991288E-003  1.314035002743E+000 -6.373966925591E-001 -6.697062762143E+000
  6.805440245593E-001  8.693409819506E-003  1.308280959240E+000 -6.934196625588E-001 -6.269689959372E+000
  6.892879139233E-001  8.794601256469E-003  1.301983403299E+000 -7.464285153023E-001 -5.858554624642E+000
  6.981336959871E-001  8.897199455961E-003  1.295156670678E+000 -7.964888320762E-001 -5.463282715397E+000
  7.070827903152E-001  9.001230113956E-003  1.287815185077E+000 -8.436662162737E-001 -5.083503656757E+000
  7.161366424455E-001  9.106719482390E-003  1.279973450390E+000 -8.880262682238E-001 -4.718850392257E+000
  7.252967244510E-001  9.213694383338E-003  1.271646042851E+000 -9.296345600118E-001 -4.368959430630E+000
  7.345645355186E-001  9.322182223606E-003  1.262847603070E+000 -9.685566102682E-001 -4.033470888947E+000
  7.439416025400E-001  9.432211009745E-003  1.253592827961E+000 -1.004857858907E+000 -3.712028532472E+000
  7.534294807203E-001  9.543809363512E-003  1.243896462558E+000 -1.038603641795E+000 -3.404279811556E+000
  7.630297542000E-001  9.657006537783E-003  1.233773291735E+000 -1.069859165331E+000 -3.109875895906E+000
  7.727440366954E-001  9.771832432940E-003  1.223238131825E+000 -1.098689480925E+000 -2.828471706534E+000
  7.825739721536E-001  9.888317613741E-003  1.212305822141E+000 -1.125159459366E+000 -2.559725945713E+000
  7.925212354258E-001  1.000649332670E-002  1.200991216404E+000 -1.149333765053E+000 -2.303301125243E+000
  8.025875329584E-001  1.012639151798E-002  1.189309174086E+000 -1.171276830102E+000 -2.058863593300E+000
  8.127746035011E-001  1.024804485184E-002  1.177274551673E+000 -1.191052828304E+000 -1.826083560169E+000
  8.230842188350E-001  1.037148672960E-002  1.164902193849E+000 -1.208725648937E+000 -1.604635123111E+000
  8.335181845190E-001  1.049675130923E-002  1.152206924609E+000 -1.224358870435E+000 -1.394196290627E+000
  8.440783406568E-001  1.062387352550E-002  1.139203538312E+000 -1.238015733906E+000 -1.194449006341E+000
  8.547665626839E-001  1.075288911077E-002  1.125906790680E+000 -1.249759116511E+000 -1.005079172739E+000
  8.655847621758E-001  1.088383461638E-002  1.112331389743E+000 -1.259651504707E+000 -8.257766749433E-001
  8.765348876780E-001  1.101674743475E-002  1.098491986753E+000 -1.267754967360E+000 -6.562354047342E-001
  8.876189255584E-001  1.115166582209E-002  1.084403167061E+000 -1.274131128754E+000 -4.961532849547E-001
  8.988389008829E-001  1.128862892191E-002  1.070079440979E+000 -1.278841141495E+000 -3.452322944668E-001
  9.101968783143E-001  1.142767678917E-002  1.055535234628E+000 -1.281945659338E+000 -2.031784937722E-001
  9.216949630368E-001  1.156885041525E-002  1.040784880789E+000 -1.283504809964E+000 -6.970205140805E-002
  9.333353017046E-001  1.171219175365E-002  1.025842609762E+000 -1.283578167716E+000  5.548272880029E-002
  9.451200834176E-001  1.185774374655E-002  1.010722540253E+000 -1.282224726336E+000  1.726573795649E-001
  9.570515407237E-001  1.200555035216E-002  9.954386702937E-001 -1.279502871733E+000  2.820992409977E-001
  9.691319506484E-001  1.215565657299E-002  9.800048682054E-001 -1.275470354804E+000  3.840814304895E-001
  9.813636357544E-001  1.230810848498E-002  9.644348636314E-001 -1.270184264359E+000  4.788728116039E-001
  9.937489652293E-001  1.246295326757E-002  9.487422386368E-001 -1.263701000179E+000  5.667379620105E-001
  1.006290356005E+000  1.262023923477E-002  9.329404188995E-001 -1.256076246259E+000  6.479371404966E-001
  1.018990273907E+000  1.278001586715E-002  9.170426650019E-001 -1.247364944267E+000  7.227262531224E-001
  1.031851234841E+000  1.294233384499E-002  9.010620638397E-001 -1.237621267283E+000  7.913568186007E-001
  1.044875806003E+000  1.310724508236E-002  8.850115201602E-001 -1.226898593849E+000  8.540759330036E-001
  1.058066607138E+000  1.327480276248E-002  8.689037482480E-001 -1.215249482401E+000  9.111262339170E-001
  1.071426311823E+000  1.344506137405E-002  8.527512637700E-001 -1.202725646122E+000  9.627458641809E-001
  1.084957648792E+000  1.361807674895E-002  8.365663757968E-001 -1.189377928273E+000  1.009168435372E+000
  1.098663403298E+000  1.379390610110E-002  8.203611790146E-001 -1.175256278066E+000  1.050622991198E+000
  1.112546418516E+000  1.397260806657E-002  8.041475461433E-001 -1.160409727133E+000  1.087333970996E+000
  1.126609596985E+000  1.415424274514E-002  7.879371205761E-001 -1.144886366644E+000  1.119521173527E+000
  1.140855902095E+000  1.433887174317E-002  7.717413092543E-001 -1.128733325150E+000  1.147399721287E+000
  1.155288359613E+000  1.452655821788E-002  7.555712757942E-001 -1.111996747188E+000  1.171180025557E+000
  1.169910059257E+000  1.471736692327E-002  7.394379338783E-001 -1.094721772735E+000  1.191067752428E+000
  1.184724156317E+000  1.491136425740E-002  7.233519409275E-001 -1.076952517548E+000  1.207263790042E+000
  1.199733873325E+000  1.510861831145E-002  7.073236920663E-001 -1.058732054469E+000  1.219964217301E+000
  1.214942501771E+000  1.530919892035E-002  6.913633143954E-001 -1.040102395739E+000  1.229360274301E+000
  1.230353403874E+000  1.551317771520E-002  6.754806615846E-001 -1.021104476392E+000  1.235638334748E+000
  1.245970014403E+000  1.572062817747E-002  6.596853087985E-001 -1.001778138784E+000  1.238979880630E+000
  1.261795842559E+000  1.593162569510E-002  6.439865479667E-001 -9.821621183017E-001  1.239561479388E+000
  1.277834473907E+000  1.614624762054E-002  6.283933834089E-001 -9.622940303248E-001  1.237554763870E+000
  1.294089572372E+000  1.636457333079E-002  6.129145278268E-001 -9.422103584728E-001  1.233126415314E+000
  1.310564882294E+000  1.658668428962E-002  5.975583986708E-001 -9.219464442011E-001  1.226438149622E+000
  1.327264230548E+000  1.681266411190E-002  5.823331148906E-001 -9.015364777829E-001  1.217646707172E+000
  1.344191528724E+000  1.704259863026E-002  5.672464940777E-001 -8.810134907251E-001  1.206903846416E+000
  1.361350775387E+000  1.727657596408E-002  5.523060500058E-001 -8.604093496538E-001  1.194356341483E+000
  1.378746058390E+000  1.751468659100E-002  5.375189905745E-001 -8.397547517077E-001  1.180145984027E+000
  1.396381557275E+000  1.775702342093E-002  5.228922161617E-001 -8.190792214679E-001  1.164409589513E+000
  1.414261545744E+000  1.800368187279E-002  5.084323183865E-001 -7.984111094532E-001  1.147279008148E+000
  1.432390394201E+000  1.825475995395E-002  4.941455792854E-001 -7.777775922005E-001  1.128881140625E+000
  1.450772572390E+000  1.851035834267E-002  4.800379709026E-001 -7.572046739482E-001  1.109337958850E+000
  1.469412652102E+000  1.877058047342E-002  4.661151552928E-001 -7.367171899347E-001  1.088766531796E+000
  1.488315309978E+000  1.903553262542E-002  4.523824849358E-001 -7.163388113162E-001  1.067279056596E+000
  1.507485330398E+000  1.930532401444E-002  4.388450035582E-001 -6.960920517058E-001  1.044982894988E+000
  1.526927608467E+000  1.958006688797E-002  4.255074473592E-001 -6.759982753273E-001  1.021980615191E+000
  1.546647153093E+000  1.985987662391E-002  4.123742466328E-001 -6.560777067722E-001  9.983700392598E-001
  1.566649090169E+000  2.014487183303E-002  3.994495277796E-001 -6.363494423424E-001  9.742442959583E-001
  1.586938665861E+000  2.043517446518E-002  3.867371156997E-001 -6.168314629540E-001  9.496918791525E-001
  1.607521250000E+000  2.073090991960E-002  3.742405365562E-001 -5.975406485722E-001  9.247967117072E-001
  1.628402339588E+000  2.103220715932E-002  3.619630208982E-001 -5.784927941400E-001  8.996382148389E-001
  1.649587562420E+000  2.133919883002E-002  3.499075071297E-001 -5.597026269591E-001  8.742913828514E-001
  1.671082680832E+000  2.165202138333E-002  3.380766453116E-001 -5.411838254720E-001  8.488268631552E-001
  1.692893595565E+000  2.197081520497E-002  3.264728012809E-001 -5.229490393912E-001  8.233110414430E-001
  1.715026349769E+000  2.229572474776E-002  3.150980610715E-001 -5.050099111136E-001  7.978061318667E-001
  1.737487133138E+000  2.262689866987E-002  3.039542356186E-001 -4.873770983537E-001  7.723702720354E-001
  1.760282286187E+000  2.296448997842E-002  2.930428657296E-001 -4.700602979218E-001  7.470576226254E-001
  1.783418304674E+000  2.330865617868E-002  2.823652273015E-001 -4.530682705709E-001  7.219184713703E-001
  1.806901844175E+000  2.365955942924E-002  2.719223367664E-001 -4.364088668282E-001  6.969993411704E-001
  1.830739724818E+000  2.401736670327E-002  2.617149567436E-001 -4.200890537245E-001  6.723431020409E-001
  1.854938936184E+000  2.438224995616E-002  2.517436018787E-001 -4.041149423302E-001  6.479890865918E-001
  1.879506642368E+000  2.475438629994E-002  2.420085448483E-001 -3.884918160026E-001  6.239732087130E-001
  1.904450187236E+000  2.513395818467E-002  2.325098225091E-001 -3.732241592466E-001  6.003280851179E-001
  1.929777099847E+000  2.552115358717E-002  2.232472421707E-001 -3.583156870876E-001  5.770831593795E-001
  1.955495100083E+000  2.591616620741E-002  2.142203879706E-001 -3.437693748548E-001  5.542648280795E-001
  1.981612104475E+000  2.631919567292E-002  2.054286273310E-001 -3.295874882697E-001  5.318965686729E-001
  2.008136232230E+000  2.673044775156E-002  1.968711174779E-001 -3.157716137368E-001  5.099990686628E-001
  2.035075811486E+000  2.715013457311E-002  1.885468120017E-001 -3.023226887294E-001  4.885903556679E-001
  2.062439385788E+000  2.757847486001E-002  1.804544674412E-001 -2.892410321697E-001  4.676859279607E-001
  2.090235720801E+000  2.801569416771E-002  1.725926498743E-001 -2.765263746971E-001  4.472988850483E-001
  2.118473811262E+000  2.846202513514E-002  1.649597414970E-001 -2.641778887284E-001  4.274400578689E-001
  2.147162888201E+000  2.891770774564E-002  1.575539471766E-001 -2.521942182088E-001  4.081181381761E-001
  2.176312426413E+000  2.938298959899E-002  1.503733009653E-001 -2.405735079629E-001  3.893398066920E-001
  2.205932152222E+000  2.985812619504E-002  1.434156725613E-001 -2.293134325552E-001  3.711098596129E-001
  2.236032051522E+000  3.034338122938E-002  1.366787737074E-001 -2.184112245763E-001  3.534313330673E-001
  2.266622378129E+000  3.083902690182E-002  1.301601645182E-001 -2.078637022764E-001  3.363056251366E-001
  2.297713662445E+000  3.134534423818E-002  1.238572597292E-001 -1.976672964758E-001  3.197326150674E-001
  2.329316720450E+000  3.186262342603E-002  1.177673348621E-001 -1.878180766848E-001  3.037107793246E-001
  2.361442663038E+000  3.239116416519E-002  1.118875323051E-001 -1.783117763802E-001  2.882373041557E-001
  2.394102905709E+000  3.293127603351E-002  1.062148673053E-001 -1.691438173854E-001  2.733081943652E-001
  2.427309178642E+000  3.348327886897E-002  1.007462338766E-001 -1.603093333170E-001  2.589183780230E-001
  2.461073537146E+000  3.404750316862E-002  9.547841062403E-002 -1.518031920657E-001  2.450618068634E-001
  2.495408372530E+000  3.462429050548E-002  9.040806649212E-002 -1.436200172883E-001  2.317315521631E-001
  2.530326423398E+000  3.521399396401E-002  8.553176644207E-002 -1.357542088999E-001  2.189198959206E-001
  2.565840787378E+000  3.581697859546E-002  8.084597706816E-002 -1.281999625612E-001  2.066184171961E-001
  2.601964933334E+000  3.643362189376E-002  7.634707216303E-002 -1.209512881687E-001  1.948180735072E-001
  2.638712714049E+000  3.706431429322E-002  7.203133824384E-002 -1.140020273608E-001  1.835092772144E-001
  2.676098379430E+000  3.770945968912E-002  6.789498005229E-002 -1.073458700660E-001  1.726819668675E-001
  2.714136590232E+000  3.836947598236E-002  6.393412604258E-002 -1.009763701243E-001  1.623256735239E-001
  2.752842432351E+000  3.904479564947E-002  6.014483387193E-002 -9.488696002330E-002  1.524295820844E-001
  2.792231431696E+000  3.973586633921E-002  5.652309590887E-002 -8.907096479607E-002  1.429825877343E-001
  2.832319569669E+000  4.044315149734E-002  5.306484477434E-002 -8.352161513697E-002  1.339733476074E-001
  2.873123299289E+000  4.116713102086E-002  4.976595893084E-002 -7.823205979415E-002  1.253903278275E-001
  2.914659561979E+000  4.190830194354E-002  4.662226833373E-002 -7.319537730522E-002  1.172218461152E-001
  2.956945805065E+000  4.266717915414E-002  4.362956015833E-002 -6.840458714468E-002  1.094561101714E-001
  3.000000000000E+000  4.344429614932E-002  4.078358461478E-002 -6.385266035532E-002  1.020812520822E-001
  3.043840661365E+000  4.424020582308E-002  3.808006086118E-002 -5.953252973665E-002  9.508535900618E-002
  3.088486866678E+000  4.505548129460E-002  3.551468302327E-002 -5.543709966433E-002  8.845650042851E-002
  3.133958277047E+000  4.589071677685E-002  3.308312632674E-002 -5.155925561319E-002  8.218275227937E-002
  3.180275158719E+000  4.674652848797E-002  3.078105334524E-002 -4.789187345445E-002  7.625221822592E-002
  3.227458405560E+000  4.762355560797E-002  2.860412036439E-002 -4.442782859412E-002  7.065304845349E-002
  3.275529562509E+000  4.852246128332E-002  2.654798385856E-002 -4.116000501480E-002  6.537345625381E-002
  3.324510850077E+000  4.944393368200E-002  2.460830707375E-002 -3.808130427728E-002  6.040173273595E-002
  3.374425189910E+000  5.038868710203E-002  2.278076670618E-002 -3.518465453120E-002  5.572625996860E-002
  3.425296231502E+000  5.135746313639E-002  2.106105966222E-002 -3.246301957589E-002  5.133552285143E-002
  3.477148380094E+000  5.235103189784E-002  1.944490988139E-002 -2.990940800355E-002  4.721811999764E-002
  3.530006825834E+000  5.337019330676E-002  1.792807520033E-002 -2.751688244721E-002  4.336277389065E-002
  3.583897574256E+000  5.441577844603E-002  1.650635423154E-002 -2.527856894534E-002  3.975834055501E-002
  3.638847478148E+000  5.548865098670E-002  1.517559322713E-002 -2.318766642440E-002  3.639381895508E-002
  3.694884270887E+000  5.658970868864E-002  1.393169289414E-002 -2.123745628921E-002  3.325836030679E-002
  3.752036601308E+000  5.771988498079E-002  1.277061512492E-002 -1.942131210009E-002  3.034127745573E-002
  3.810334070199E+000  5.888015062562E-002  1.168838960297E-002 -1.773270930480E-002  2.763205444278E-002
  3.869807268505E+000  6.007151547295E-002  1.068112024250E-002 -1.616523498248E-002  2.512035634407E-002
  3.930487817331E+000  6.129503030858E-002  9.744991417808E-003 -1.471259754712E-002  2.279603943782E-002
  3.992408409843E+000  6.255178880352E-002  8.876273937536E-003 -1.336863634867E-002  2.064916171663E-002
  4.055602855172E+000  6.384292957002E-002  8.071330718025E-003 -1.212733110211E-002  1.866999373038E-002
  4.120106124432E+000  6.516963833101E-002  7.326622110209E-003 -1.098281106754E-002  1.684902971350E-002
  4.185954398964E+000  6.653315021009E-002  6.638710835273E-003 -9.929363899490E-003  1.517699892051E-002
  4.253185120935E+000  6.793475214960E-002  6.004266485937E-003 -8.961444079137E-003  1.364487706761E-002
  4.321837046422E+000  6.937578546490E-002  5.420069552674E-003 -8.073680841651E-003  1.224389775431E-002
  4.391950301120E+000  7.085764854355E-002  4.883014937424E-003 -7.260885510101E-003  1.096556371977E-002
  4.463566438835E+000  7.238179969882E-002  4.390114921427E-003 -6.518058149277E-003  9.801657773432E-003
  4.536728502895E+000  7.394976018725E-002  3.938501558632E-003 -5.840393456155E-003  8.744253228405E-003
  4.611481090679E+000  7.556311740127E-002  3.525428471696E-003 -5.223285809285E-003  7.785723660602E-003
  4.687870421430E+000  7.722352824817E-002  3.148272033813E-003 -4.662333406671E-003  6.918751815157E-003
  4.765944407533E+000  7.893272272784E-002  2.804531926441E-003 -4.153341430849E-003  6.136337485775E-003
  4.845752729492E+000  8.069250772248E-002  2.491831070251E-003 -3.692324190647E-003  5.431804201142E-003
  4.927346914797E+000  8.250477101257E-002  2.207914934321E-003 -3.275506201349E-003  4.798804565816E-003
  5.010780420931E+000  8.437148553436E-002  1.950650236475E-003 -2.899322178470E-003  4.231324120395E-003
  5.096108722763E+000  8.629471389541E-002  1.718023055668E-003 -2.560415934903E-003  3.723683607110E-003
  5.183389404586E+000  8.827661316581E-002  1.508136385249E-003 -2.255638186410E-003  3.270539551497E-003
  5.272682257105E+000  9.031943996425E-002  1.319207163650E-003 -1.982043286096E-003  2.866883098143E-003
  5.364049379651E+000  9.242555585946E-002  1.149562826383E-003 -1.736884924296E-003  2.508037067766E-003
  5.457555287978E+000  9.459743310926E-002  9.976374299606E-004 -1.517610845759E-003  2.189651233558E-003
  5.553267027968E+000  9.683766076100E-002  8.619674044488E-004 -1.321856650997E-003  1.907695845875E-003
  5.651254295630E+000  9.914895113938E-002  7.411869964758E-004 -1.147438762591E-003  1.658453465378E-003
  5.751589563796E+000  1.015341467494E-001  6.340234686786E-004 -9.923466499926E-004  1.438509194708E-003
  5.854348215936E+000  1.039962276248E-001  5.392921245224E-004 -8.547344174618E-004  1.244739427098E-003
  5.959608687557E+000  1.065383191537E-001  4.558912291122E-004 -7.329118690502E-004  1.074299256206E-003
  6.067452615683E+000  1.091637004188E-001  3.827968969337E-004 -6.253351716437E-004  9.246087142822E-004
  6.177964996951E+000  1.118758130872E-001  3.190580163393E-004 -5.305972418917E-004  7.933380250371E-004
  6.291234354880E+000  1.146782708938E-001  2.637912780147E-004 -4.474179851359E-004  6.783920726761E-004
  6.407352916949E+000  1.175748697626E-001  2.161763706137E-004 -3.746345141613E-004  5.778942993123E-004
  6.526416802128E+000  1.205695986129E-001  1.754514012864E-004 -3.111914726524E-004  4.901702489309E-004
  6.648526219580E+000  1.236666509049E-001  1.409085920149E-004 -2.561315826849E-004  4.137309772587E-004
  6.773785679311E+000  1.268704369821E-001  1.118902946402E-004 -2.085865274958E-004  3.472565432069E-004
  6.902304215570E+000  1.301855972713E-001  8.778535836765E-005 -1.677682703160E-004  2.895797891557E-004
  7.034195623922E+000  1.336170164087E-001  6.802587357091E-005 -1.329608974310E-004  2.396706044562E-004
  7.169578712934E+000  1.371698383673E-001  5.208430511939E-005 -1.035130591515E-004  1.966208495079E-004
  7.308577571516E+000  1.408494826628E-001  3.947101748322E-005 -7.883106636257E-005  1.596300970858E-004
  7.451321853057E+000  1.446616617293E-001  2.973218282794E-005 -5.837268318033E-005  1.279923238107E-004
  7.597947077547E+000  1.486123995567E-001  2.244805250388E-005 -4.164163841533E-005  1.010836584205E-004
  7.748594953021E+000  1.527080516973E-001  1.723156209150E-005 -2.818286050002E-005  7.835126553916E-005
  7.903413717736E+000  1.569553267535E-001  1.372723081119E-005 -1.757842278087E-005  5.930341470908E-005
  8.062558504629E+000  1.613613094717E-001  1.161030796540E-005 -9.444169109204E-006  4.350075536057E-005
  8.226191729726E+000  1.659334855793E-001  1.058611245349E-005 -3.426973988241E-006  3.054878994388E-005
  8.394483506327E+000  1.706797685137E-001  1.038950655633E-005  7.974223759329E-007  2.009151043857E-005
  8.567612086926E+000  1.756085282071E-001  1.078444235399E-005  3.526075479896E-006  1.180613863846E-005
  8.745764335025E+000  1.807286221064E-001  1.156351848590E-005  5.030074871666E-006  5.398888681978E-006
  8.929136229160E+000  1.860494286260E-001  1.254748659188E-005  5.555446170407E-006  6.016518640847E-007
  9.117933401693E+000  1.915808832504E-001  1.358465070753E-005  5.323806624889E-006 -2.830510674493E-006
  9.312371715124E+000  1.973335175235E-001  1.455010906998E-005  4.532864006673E-006 -5.121191863246E-006
  9.512677878945E+000  2.033185011886E-001  1.534479606645E-005  3.356845352837E-006 -6.473909201469E-006
  9.719090110332E+000  2.095476877688E-001  1.589429218622E-005  1.946935706273E-006 -7.072952672469E-006
  9.931858842267E+000  2.160336639044E-001  1.614738148264E-005  4.317977963545E-007 -7.083937222275E-006
  1.015124748302E+001  2.227898028021E-001  1.607434879866E-005 -1.081768073774E-006 -6.654179017383E-006
  1.037753323129E+001  2.298303221843E-001  1.566502237070E-005 -2.507978336153E-006 -5.913002952143E-006
  1.061100795175E+001  2.371703471699E-001  1.492658085847E-005 -3.781004153153E-006 -4.972073921470E-006
  1.085197911611E+001  2.448259785618E-001  1.388115677689E-005 -4.853678444073E-006 -3.925826937407E-006
  1.110077081537E+001  2.528143670735E-001  1.256328014541E-005 -5.695973214273E-006 -2.852052079301E-006
  1.135772484956E+001  2.611537940784E-001  1.101721635497E-005 -6.293263739593E-006 -1.812670423337E-006
  1.162320190175E+001  2.698637595360E-001  9.294260264270E-006 -6.644410100087E-006 -8.547174181752E-007
  1.189758280382E+001  2.789650778206E-001  7.450053936707E-006 -6.759698515770E-006 -1.153155823953E-008
  1.218126990242E+001  2.884799822596E-001  5.541997882691E-006 -6.658694361191E-006  6.958705147172E-007
  1.247468853413E+001  2.984322392826E-001  3.626824974232E-006 -6.368065195828E-006  1.257265460354E-006
  1.277828862002E+001  3.088472731875E-001  1.758402294595E-006 -5.919435364337E-006  1.671585150783E-006
  1.309254639077E+001  3.197523026463E-001 -1.418082154427E-008 -5.347333585065E-006  1.945220334878E-006
  1.341796625462E+001  3.311764902095E-001 -1.648190146212E-006 -4.687291527286E-006  2.090320999674E-006
  1.375508282195E+001  3.431511062169E-001 -3.108453162703E-006 -3.974144926752E-006  2.123148343493E-006
  1.410446310162E+001  3.557097086969E-001 -4.368172878657E-006 -3.240579721522E-006  2.062529818537E-006
  1.446670888596E+001  3.688883410292E-001 -5.409342104178E-006 -2.515954564799E-006  1.928462260744E-006
  1.484245934302E+001  3.827257493700E-001 -6.222767173671E-006 -1.825418557433E-006  1.740899304087E-006
  1.523239383723E+001  3.972636220891E-001 -6.807725448103E-006 -1.189329876629E-006  1.518748790476E-006
  1.563723500136E+001  4.125468537596E-001 -7.171295141845E-006 -6.229679174934E-007  1.279094512127E-006
  1.605775208607E+001  4.286238365683E-001 -7.327408339161E-006 -1.365193426250E-007  1.036645143671E-006
  1.649476461582E+001  4.455467823929E-001 -7.295687856967E-006  2.646922879837E-007  8.034023717927E-007
  1.694914638379E+001  4.633720792263E-001 -7.100135362157E-006  5.797723104462E-007  5.885306495304E-007
  1.742182982203E+001  4.821606861220E-001 -6.767741515327E-006  8.116614015172E-007  3.984031947704E-007
  1.791381078784E+001  5.019785714107E-001 -6.327088724979E-006  9.664314317908E-007  2.367931610776E-007
  1.842615381215E+001  5.228971995942E-001 -5.807013390195E-006  1.052520251431E-006  1.051755051902E-007
  1.895999786176E+001  5.449940730840E-001 -5.235387515157E-006  1.079953033396E-006  3.103961321618E-009
  1.951656267356E+001  5.683533358366E-001 -4.638069712875E-006  1.059593488180E-006 -7.137144303985E-008
  2.009715572669E+001  5.930664469535E-001 -4.038063461840E-006  1.002461925704E-006 -1.212780097680E-007
  2.070317992707E+001  6.192329335039E-001 -3.454906759693E-006  9.191492612446E-007 -1.503124368557E-007
  2.133614208874E+001  6.469612332096E-001 -2.904302853760E-006  8.193471992359E-007 -1.624732022990E-007
  2.199766230782E+001  6.763696392388E-001 -2.397987395899E-006  7.115055717601E-007 -1.617491008998E-007
  2.268948433818E+001  7.075873612439E-001 -1.943814048462E-006  6.026187470226E-007 -1.518735737375E-007
  2.341348709294E+001  7.407557189842E-001 -1.546029086723E-006  4.981347112659E-007 -1.361485260613E-007
  2.417169741362E+001  7.760294874639E-001 -1.205696617378E-006  4.019733524677E-007 -1.173359923036E-007
  2.496630426925E+001  8.135784155747E-001 -9.212302098449E-007  3.166350254293E-007 -9.761155997574E-008
  2.579967457140E+001  8.535889438281E-001 -6.889843432301E-007  2.433769218952E-007 -7.857010765811E-008
  2.667437081864E+001  8.962661510291E-001 -5.038601706136E-007  1.824332285088E-007 -6.127225651834E-008
  2.759317081651E+001  9.418359647997E-001 -3.598844726751E-007  1.332554954238E-007 -4.631899725517E-008
  2.855908975674E+001  9.905476768748E-001 -2.507278115705E-007  9.475186673923E-008 -3.394216114061E-008
  2.957540498378E+001  1.042676811269E+000 -1.701370511351E-007  6.550750223115E-008 -2.409959672696E-008
  3.064568382919E+001  1.098528402000E+000 -1.122676448692E-007  4.397319202129E-008 -1.656586409542E-008
  3.177381495601E+001  1.158440747351E+000 -7.191138323151E-008  2.861430187375E-008 -1.101168807170E-008
  3.296404372807E+001  1.222789720048E+000 -4.462463644336E-008  1.801723923950E-008 -7.068020565513E-009
  3.422101220608E+001  1.291993727721E+000 -2.676967458119E-008  1.095509678787E-008 -4.373060152895E-009
  3.554980447538E+001  1.366519436102E+000 -1.548679413203E-008  6.417614538920E-009 -2.602716851436E-009
  3.695599813319E+001  1.446888389511E+000 -8.617461109222E-009  3.612861010769E-009 -1.486614985155E-009
  3.844572291106E+001  1.533684690030E+000 -4.598585175047E-009  1.949004652090E-009 -8.127093690939E-010
  4.002572758518E+001  1.627563929686E+000 -2.345785097711E-009  1.004342884979E-009 -4.239558832005E-010
  4.170345654134E+001  1.729263610453E+000 -1.139754493569E-009  4.926362338198E-010 -2.103164342481E-010
  4.348713762001E+001  1.839615336740E+000 -5.253670603820E-010  2.291076852550E-010 -9.883937766796E-011
  4.538588318162E+001  1.959559126947E+000 -2.287282776252E-010  1.005820761895E-010 -4.381541731060E-011
  4.740980671574E+001  2.090160267552E+000 -9.359274214254E-011  4.148089980081E-011 -1.823371813838E-011
  4.957015778746E+001  2.232629229408E+000 -3.579672962121E-011  1.598280750819E-011 -7.084896341849E-012
  5.187947869225E+001  2.388345286640E+000 -1.271912022102E-011  5.718528359347E-012 -2.554907180131E-012
  5.435178690397E+001  2.558884630889E+000 -4.169633011675E-012  1.886991863314E-012 -8.492777526035E-013
  5.700278828629E+001  2.746053966795E+000 -1.251454351146E-012  5.698650776728E-013 -2.582485822112E-013
  5.985012714155E+001  2.951930820846E+000 -3.409093806829E-013  1.561463372218E-013 -7.121932766216E-014
  6.291368055481E+001  3.178912111311E+000 -8.346750387268E-014  3.844210342888E-014 -1.764014539003E-014
  6.621590623276E+001  3.429772933797E+000 -1.816521493316E-014  8.410025123473E-015 -3.881175005996E-015
  6.978225524452E+001  3.707738044625E+000 -3.470176510233E-015  1.614558560446E-015 -7.491079312028E-016
  7.364166388185E+001  4.016569212832E+000 -5.736415904717E-016  2.681478578794E-016 -1.250414176316E-016
  7.782714245929E+001  4.360672516382E+000 -8.072674292454E-017  3.790316213820E-017 -1.775896917927E-017
  8.237648351994E+001  4.745230855210E+000 -9.492007092653E-018  4.475478716435E-018 -2.106332354375E-018
  8.733311794503E+001  5.176368549127E+000 -9.126826337982E-019  4.320455231638E-019 -2.041982730458E-019
  9.274715535088E+001  5.661357031559E+000 -7.000289130741E-020  3.326320434942E-020 -1.578406432915E-020
  9.867665554529E+001  6.208873552072E+000 -4.161413252109E-021  1.984459575099E-021 -9.452193598388E-022
  1.051891916055E+002  6.829328764649E+000 -1.854091207481E-022  8.871665433807E-023 -4.240726395631E-023
  1.123637836013E+002  7.535284543316E+000 -5.953155141857E-024  2.857704552351E-024 -1.370602658928E-024
  1.202933069206E+002  8.341990973528E+000 -1.315381831481E-025  6.333520633040E-026 -3.047317892145E-026
  1.290875131414E+002  9.268082166539E+000 -1.893893382691E-027  9.145400151089E-028 -4.413439372699E-028
  1.388768482001E+002  1.033648575811E+001 -1.665288279696E-029  8.063512040245E-030 -3.902367078309E-030
  1.498173177370E+002  1.157562284364E+001 -8.274678041667E-032  4.017078085919E-032 -1.949282511474E-032
  1.620967411853E+002  1.302100699722E+001 -2.116163302499E-034  1.029845658597E-034 -5.009932137972E-035
  1.759428668168E+002  1.471739812515E+001 -2.486820196631E-037  1.213034316561E-037 -5.915147865403E-038
  1.916340085825E+002  1.672173748087E+001 -1.169078710569E-040  5.715081748247E-041 -2.793111245951E-041
  2.095131417987E+002  1.910719757888E+001 -1.853294944337E-044  9.078615500349E-045 -4.446330269234E-045
  2.300068054477E+002  2.196884699990E+001 -8.010056374077E-049  3.931474020468E-049 -1.929297644481E-049
  2.536507797910E+002  2.543169216868E+001 -7.226512093453E-054  3.553395263818E-054 -1.747015170873E-054
  2.811254638474E+002  2.966227967912E+001 -9.693621775826E-060  4.774717488257E-060 -2.351580132670E-060
  3.133053780630E+002  3.488573552677E+001 -1.249919722586E-066  6.166574538196E-067 -3.042050970852E-067
  3.513296254502E+002  4.141128389041E+001 -8.776442633474E-075  4.336461551956E-075 -2.142503522911E-075
  3.967041014106E+002  4.967130404214E+001 -1.582883740426E-084  7.832083297704E-085 -3.875088085611E-085
  4.514529193349E+002  6.028257212519E+001 -2.670076986076E-096  1.322880922440E-096 -6.553893543196E-097
  5.183481233601E+002  7.414493328740E+001 -1.055705525434E-110  5.236811695030E-111 -2.597630301323E-111
  6.012676077950E+002  9.260523890243E+001 -1.411180218099E-128  7.007988100498E-129 -3.480118893477E-129
  7.057700503752E+002  1.177394213729E+002 -3.972076313523E-151  1.974584019739E-151 -9.815814563223E-152
  8.400513767914E+002  1.528577972397E+002 -3.925760530878E-180  1.953395954559E-180 -9.719672785014E-181
  1.016602135495E+003  2.034537342122E+002 -2.656597192735E-218  1.323008644572E-218 -6.588646132020E-219
  1.255220715580E+003  2.790860613466E+002 -6.224468688338E-270  3.102219207314E-270 -1.546110092383E-270
  1.588815776243E+003  3.973705897531E+002  0.000000000000E+000  0.000000000000E+000  0.000000000000E+000
  2.075392011604E+003  5.931596040112E+002  0.000000000000E+000  0.000000000000E+000  0.000000000000E+000
  2.825079847529E+003  9.419154890021E+002  0.000000000000E+000  0.000000000000E+000  0.000000000000E+000
  4.068408296184E+003  1.627629972033E+003  0.000000000000E+000  0.000000000000E+000  0.000000000000E+000
  6.357262947674E+003  3.178964796686E+003  0.000000000000E+000  0.000000000000E+000  0.000000000000E+000
  1.130231930164E+004  7.535323971013E+003  0.000000000000E+000  0.000000000000E+000  0.000000000000E+000
  2.543105175140E+004  2.543171841285E+004  0.000000000000E+000  0.000000000000E+000  0.000000000000E+000
  1.017262069958E+005  2.034537473226E+005  0.000000000000E+000  0.000000000000E+000  0.000000000000E+000
