# 1st line: number of mesh points
# abcissa weight wavefunction wavefunction_1st wavefunction_2nd
500
# Principal QN=   1 , l=   1 , Occupation=   3.9900
  9.830308526508E-006  1.966074589941E-005  1.475430910211E-004  1.500843419778E+001 -1.149117024855E+002
  3.932200719717E-005  3.932303800261E-005  5.901173401317E-004  1.500504556664E+001 -1.148906692298E+002
  8.847741541455E-005  5.898842277178E-005  1.327557691868E-003  1.499939893040E+001 -1.148556177358E+002
  1.573003992804E-004  7.865844718600E-005  2.359589108451E-003  1.499149591252E+001 -1.148065539063E+002
  2.457963722417E-004  9.833465899987E-005  3.685826651800E-003  1.498133878563E+001 -1.147434860150E+002
  3.539722959954E-004  1.180186070023E-004  5.305775598430E-003  1.496893047144E+001 -1.146664247158E+002
  4.818366816528E-004  1.377118412759E-004  7.218831587267E-003  1.495427454050E+001 -1.145753830553E+002
  6.293995911626E-004  1.574159134560E-004  9.424280800486E-003  1.493737521196E+001 -1.144703764873E+002
  7.966726389934E-004  1.771323769912E-004  1.192130017744E-002  1.491823735323E+001 -1.143514228907E+002
  9.836689940782E-004  1.968627874036E-004  1.470895766184E-002  1.489686647965E+001 -1.142185425893E+002
  1.190403382016E-003  2.166087025496E-004  1.778621248224E-002  1.487326875404E+001 -1.140717583745E+002
  1.416892087541E-003  2.363716828821E-004  2.115191546606E-002  1.484745098621E+001 -1.139110955306E+002
  1.663152957245E-003  2.561532917128E-004  2.480480938723E-002  1.481942063244E+001 -1.137365818615E+002
  1.929205402573E-003  2.759550954757E-004  2.874352934767E-002  1.478918579481E+001 -1.135482477213E+002
  2.215070403074E-003  2.957786639908E-004  3.296660319281E-002  1.475675522054E+001 -1.133461260458E+002
  2.520770509919E-003  3.156255707300E-004  3.747245196129E-002  1.472213830118E+001 -1.131302523866E+002
  2.846329849692E-003  3.354973930828E-004  4.225939036911E-002  1.468534507175E+001 -1.129006649475E+002
  3.191774128432E-003  3.553957126240E-004  4.732562732843E-002  1.464638620981E+001 -1.126574046225E+002
  3.557130635959E-003  3.753221153821E-004  5.266926650126E-002  1.460527303435E+001 -1.124005150358E+002
  3.942428250463E-003  3.952781921092E-004  5.828830688832E-002  1.456201750469E+001 -1.121300425837E+002
  4.347697443358E-003  4.152655385525E-004  6.418064345317E-002  1.451663221914E+001 -1.118460364776E+002
  4.772970284417E-003  4.352857557265E-004  7.034406778216E-002  1.446913041365E+001 -1.115485487890E+002
  5.218280447175E-003  4.553404501876E-004  7.677626878015E-002  1.441952596029E+001 -1.112376344958E+002
  5.683663214611E-003  4.754312343099E-004  8.347483340247E-002  1.436783336559E+001 -1.109133515298E+002
  6.169155485101E-003  4.955597265624E-004  9.043724742337E-002  1.431406776870E+001 -1.105757608250E+002
  6.674795778653E-003  5.157275517886E-004  9.766089624112E-002  1.425824493953E+001 -1.102249263672E+002
  7.200624243425E-003  5.359363414876E-004  1.051430657202E-001  1.420038127657E+001 -1.098609152446E+002
  7.746682662519E-003  5.561877340970E-004  1.128809430707E-001  1.414049380465E+001 -1.094837976981E+002
  8.313014461060E-003  5.764833752781E-004  1.208716177656E-001  1.407860017247E+001 -1.090936471738E+002
  8.899664713569E-003  5.968249182030E-004  1.291120824950E-001  1.401471865001E+001 -1.086905403737E+002
  9.506680151615E-003  6.172140238444E-004  1.375992341600E-001  1.394886812564E+001 -1.082745573086E+002
  1.013410917176E-002  6.376523612666E-004  1.463298749031E-001  1.388106810312E+001 -1.078457813495E+002
  1.078200184380E-002  6.581416079202E-004  1.553007131787E-001  1.381133869836E+001 -1.074042992800E+002
  1.145040991929E-002  6.786834499385E-004  1.645083648619E-001  1.373970063594E+001 -1.069502013472E+002
  1.213938684040E-002  6.992795824361E-004  1.739493543961E-001  1.366617524541E+001 -1.064835813134E+002
  1.284898774901E-002  7.199317098113E-004  1.836201159805E-001  1.359078445734E+001 -1.060045365058E+002
  1.357926949620E-002  7.406415460502E-004  1.935169947964E-001  1.351355079916E+001 -1.055131678667E+002
  1.433029065191E-002  7.614108150341E-004  2.036362482744E-001  1.343449739066E+001 -1.050095800012E+002
  1.510211151509E-002  7.822412508494E-004  2.139740473996E-001  1.335364793931E+001 -1.044938812249E+002
  1.589479412397E-002  8.031345981016E-004  2.245264780591E-001  1.327102673525E+001 -1.039661836097E+002
  1.670840226680E-002  8.240926122311E-004  2.352895424273E-001  1.318665864598E+001 -1.034266030280E+002
  1.754300149280E-002  8.451170598329E-004  2.462591603936E-001  1.310056911081E+001 -1.028752591949E+002
  1.839865912351E-002  8.662097189796E-004  2.574311710287E-001  1.301278413493E+001 -1.023122757091E+002
  1.927544426443E-002  8.873723795480E-004  2.688013340924E-001  1.292333028323E+001 -1.017377800911E+002
  2.017342781695E-002  9.086068435487E-004  2.803653315814E-001  1.283223467378E+001 -1.011519038194E+002
  2.109268249069E-002  9.299149254598E-004  2.921187693172E-001  1.273952497093E+001 -1.005547823638E+002
  2.203328281612E-002  9.512984525641E-004  3.040571785751E-001  1.264522937815E+001 -9.994655521632E+001
  2.299530515754E-002  9.727592652906E-004  3.161760177526E-001  1.254937663045E+001 -9.932736591959E+001
  2.397882772639E-002  9.942992175591E-004  3.284706740787E-001  1.245199598651E+001 -9.869736209140E+001
  2.498393059493E-002  1.015920177130E-003  3.409364653629E-001  1.235311722038E+001 -9.805669544664E+001
  2.601069571024E-002  1.037624025957E-003  3.535686417840E-001  1.225277061287E+001 -9.740552181570E+001
  2.705920690860E-002  1.059412660547E-003  3.663623877184E-001  1.215098694253E+001 -9.674400115930E+001
  2.812954993023E-002  1.081287992318E-003  3.793128236085E-001  1.204779747628E+001 -9.607229757958E+001
  2.922181243436E-002  1.103251947969E-003  3.924150078686E-001  1.194323395959E+001 -9.539057932740E+001
  3.033608401473E-002  1.125306469854E-003  4.056639388313E-001  1.183732860635E+001 -9.469901880553E+001
  3.147245621542E-002  1.147453516351E-003  4.190545567308E-001  1.173011408829E+001 -9.399779256768E+001
  3.263102254705E-002  1.169695062249E-003  4.325817457246E-001  1.162162352401E+001 -9.328708131325E+001
  3.381187850339E-002  1.192033099133E-003  4.462403359521E-001  1.151189046764E+001 -9.256706987752E+001
  3.501512157837E-002  1.214469635775E-003  4.600251056307E-001  1.140094889701E+001 -9.183794721728E+001
  3.624085128345E-002  1.237006698530E-003  4.739307831870E-001  1.128883320150E+001 -9.109990639175E+001
  3.748916916538E-002  1.259646331739E-003  4.879520494247E-001  1.117557816944E+001 -9.035314453856E+001
  3.876017882444E-002  1.282390598136E-003  5.020835397257E-001  1.106121897509E+001 -8.959786284486E+001
  4.005398593302E-002  1.305241579266E-003  5.163198462871E-001  1.094579116523E+001 -8.883426651319E+001
  4.137069825459E-002  1.328201375897E-003  5.306555203893E-001  1.082933064531E+001 -8.806256472234E+001
  4.271042566323E-002  1.351272108452E-003  5.450850746985E-001  1.071187366522E+001 -8.728297058275E+001
  4.407328016341E-002  1.374455917436E-003  5.596029855985E-001  1.059345680462E+001 -8.649570108664E+001
  4.545937591035E-002  1.397754963880E-003  5.742036955544E-001  1.047411695788E+001 -8.570097705270E+001
  4.686882923075E-002  1.421171429779E-003  5.888816155050E-001  1.035389131862E+001 -8.489902306512E+001
  4.830175864396E-002  1.444707518548E-003  6.036311272830E-001  1.023281736383E+001 -8.409006740723E+001
  4.975828488365E-002  1.468365455478E-003  6.184465860628E-001  1.011093283762E+001 -8.327434198933E+001
  5.123853091993E-002  1.492147488203E-003  6.333223228338E-001  9.988275734526E+000 -8.245208227095E+001
  5.274262198188E-002  1.516055887169E-003  6.482526468978E-001  9.864884282530E+000 -8.162352717732E+001
  5.427068558066E-002  1.540092946119E-003  6.632318483902E-001  9.740796925597E+000 -8.078891901019E+001
  5.582285153302E-002  1.564260982573E-003  6.782542008225E-001  9.616052305905E+000 -7.994850335279E+001
  5.739925198530E-002  1.588562338332E-003  6.933139636445E-001  9.490689245698E+000 -7.910252896912E+001
  5.900002143803E-002  1.612999379973E-003  7.084053848261E-001  9.364746728790E+000 -7.825124769748E+001
  6.062529677088E-002  1.637574499364E-003  7.235227034555E-001  9.238263881726E+000 -7.739491433824E+001
  6.227521726827E-002  1.662290114181E-003  7.386601523528E-001  9.111279954615E+000 -7.653378653595E+001
  6.394992464542E-002  1.687148668440E-003  7.538119606978E-001  8.983834301649E+000 -7.566812465577E+001
  6.564956307496E-002  1.712152633027E-003  7.689723566692E-001  8.855966361316E+000 -7.479819165430E+001
  6.737427921404E-002  1.737304506249E-003  7.841355700941E-001  8.727715636322E+000 -7.392425294488E+001
  6.912422223211E-002  1.762606814387E-003  7.992958351060E-001  8.599121673241E+000 -7.304657625745E+001
  7.089954383907E-002  1.788062112257E-003  8.144473928084E-001  8.470224041906E+000 -7.216543149293E+001
  7.270039831418E-002  1.813672983787E-003  8.295844939436E-001  8.341062314552E+000 -7.128109057246E+001
  7.452694253540E-002  1.839442042599E-003  8.447014015629E-001  8.211676044740E+000 -7.039382728136E+001
  7.637933600943E-002  1.865371932600E-003  8.597923936983E-001  8.082104746069E+000 -6.950391710811E+001
  7.825774090225E-002  1.891465328589E-003  8.748517660308E-001  7.952387870705E+000 -6.861163707840E+001
  8.016232207035E-002  1.917724936867E-003  8.898738345558E-001  7.822564787734E+000 -6.771726558437E+001
  8.209324709253E-002  1.944153495867E-003  9.048529382420E-001  7.692674761377E+000 -6.682108220931E+001
  8.405068630235E-002  1.970753776782E-003  9.197834416813E-001  7.562756929066E+000 -6.592336754789E+001
  8.603481282122E-002  1.997528584221E-003  9.346597377291E-001  7.432850279430E+000 -6.502440302210E+001
  8.804580259214E-002  2.024480756857E-003  9.494762501304E-001  7.302993630189E+000 -6.412447069320E+001
  9.008383441408E-002  2.051613168108E-003  9.642274361316E-001  7.173225605993E+000 -6.322385306975E+001
  9.214908997710E-002  2.078928726810E-003  9.789077890734E-001  7.043584616228E+000 -6.232283291197E+001
  9.424175389809E-002  2.106430377918E-003  9.935118409654E-001  6.914108832815E+000 -6.142169303280E+001
  9.636201375725E-002  2.134121103210E-003  1.008034165037E+000  6.784836168024E+000 -6.052071609562E+001
  9.851006013526E-002  2.162003922007E-003  1.022469378262E+000  6.655804252329E+000 -5.962018440918E+001
  1.006860866512E-001  2.190081891910E-003  1.036812143861E+000  6.527050412333E+000 -5.872037971977E+001
  1.028902900012E-001  2.218358109541E-003  1.051057173768E+000  6.398611648797E+000 -5.782158300101E+001
  1.051228699979E-001  2.246835711311E-003  1.065199231072E+000  6.270524614781E+000 -5.692407424150E+001
  1.073840296104E-001  2.275517874190E-003  1.079233132413E+000  6.142825593947E+000 -5.602813223069E+001
  1.096739750056E-001  2.304407816497E-003  1.093153750355E+000  6.015550479040E+000 -5.513403434311E+001
  1.119929155896E-001  2.333508798707E-003  1.106956015710E+000  5.888734750575E+000 -5.424205632147E+001
  1.143410640503E-001  2.362824124271E-003  1.120634919826E+000  5.762413455767E+000 -5.335247205875E+001
  1.167186364011E-001  2.392357140448E-003  1.134185516823E+000  5.636621187727E+000 -5.246555337975E+001
  1.191258520249E-001  2.422111239159E-003  1.147602925794E+000  5.511392064958E+000 -5.158156982237E+001
  1.215629337189E-001  2.452089857854E-003  1.160882332952E+000  5.386759711171E+000 -5.070078841890E+001
  1.240301077413E-001  2.482296480400E-003  1.174018993720E+000  5.262757235464E+000 -4.982347347779E+001
  1.265276038575E-001  2.512734637975E-003  1.187008234782E+000  5.139417212885E+000 -4.894988636615E+001
  1.290556553882E-001  2.543407909995E-003  1.199845456065E+000  5.016771665410E+000 -4.808028529333E+001
  1.316144992580E-001  2.574319925047E-003  1.212526132675E+000  4.894852043366E+000 -4.721492509603E+001
  1.342043760450E-001  2.605474361847E-003  1.225045816765E+000  4.773689207331E+000 -4.635405702519E+001
  1.368255300316E-001  2.636874950214E-003  1.237400139348E+000  4.653313410532E+000 -4.549792853513E+001
  1.394782092560E-001  2.668525472060E-003  1.249584812046E+000  4.533754281781E+000 -4.464678307515E+001
  1.421626655646E-001  2.700429762411E-003  1.261595628768E+000  4.415040808967E+000 -4.380085988420E+001
  1.448791546661E-001  2.732591710434E-003  1.273428467332E+000  4.297201323138E+000 -4.296039378876E+001
  1.476279361856E-001  2.765015260497E-003  1.285079291012E+000  4.180263483202E+000 -4.212561500441E+001
  1.504092737207E-001  2.797704413242E-003  1.296544150015E+000  4.064254261260E+000 -4.129674894145E+001
  1.532234348983E-001  2.830663226680E-003  1.307819182888E+000  3.949199928619E+000 -4.047401601493E+001
  1.560706914324E-001  2.863895817319E-003  1.318900617856E+000  3.835126042494E+000 -3.965763145946E+001
  1.589513191834E-001  2.897406361298E-003  1.329784774083E+000  3.722057433421E+000 -3.884780514918E+001
  1.618655982178E-001  2.931199095559E-003  1.340468062856E+000  3.610018193426E+000 -3.804474142315E+001
  1.648138128702E-001  2.965278319033E-003  1.350946988696E+000  3.499031664946E+000 -3.724863891670E+001
  1.677962518056E-001  2.999648393860E-003  1.361218150397E+000  3.389120430537E+000 -3.645969039891E+001
  1.708132080832E-001  3.034313746623E-003  1.371278241976E+000  3.280306303399E+000 -3.567808261667E+001
  1.738649792215E-001  3.069278869616E-003  1.381124053558E+000  3.172610318710E+000 -3.490399614559E+001
  1.769518672648E-001  3.104548322136E-003  1.390752472171E+000  3.066052725815E+000 -3.413760524814E+001
  1.800741788507E-001  3.140126731803E-003  1.400160482473E+000  2.960652981271E+000 -3.337907773932E+001
  1.832322252791E-001  3.176018795904E-003  1.409345167391E+000  2.856429742767E+000 -3.262857486012E+001
  1.864263225826E-001  3.212229282769E-003  1.418303708688E+000  2.753400863933E+000 -3.188625115912E+001
  1.896567915983E-001  3.248763033179E-003  1.427033387446E+000  2.651583390052E+000 -3.115225438255E+001
  1.929239580409E-001  3.285624961791E-003  1.435531584475E+000  2.550993554677E+000 -3.042672537294E+001
  1.962281525771E-001  3.322820058613E-003  1.443795780640E+000  2.451646777178E+000 -2.970979797678E+001
  1.995697109023E-001  3.360353390492E-003  1.451823557113E+000  2.353557661209E+000 -2.900159896131E+001
  2.029489738173E-001  3.398230102644E-003  1.459612595551E+000  2.256739994110E+000 -2.830224794074E+001
  2.063662873085E-001  3.436455420218E-003  1.467160678191E+000  2.161206747250E+000 -2.761185731206E+001
  2.098220026275E-001  3.475034649885E-003  1.474465687880E+000  2.066970077297E+000 -2.693053220067E+001
  2.133164763746E-001  3.513973181471E-003  1.481525608021E+000  1.974041328442E+000 -2.625837041601E+001
  2.168500705817E-001  3.553276489620E-003  1.488338522459E+000  1.882431035543E+000 -2.559546241726E+001
  2.204231527988E-001  3.592950135496E-003  1.494902615287E+000  1.792148928211E+000 -2.494189128936E+001
  2.240360961807E-001  3.632999768520E-003  1.501216170591E+000  1.703203935812E+000 -2.429773272941E+001
  2.276892795770E-001  3.673431128145E-003  1.507277572121E+000  1.615604193397E+000 -2.366305504352E+001
  2.313830876220E-001  3.714250045674E-003  1.513085302907E+000  1.529357048526E+000 -2.303791915423E+001
  2.351179108282E-001  3.755462446115E-003  1.518637944803E+000  1.444469068990E+000 -2.242237861851E+001
  2.388941456809E-001  3.797074350078E-003  1.523934177981E+000  1.360946051416E+000 -2.181647965641E+001
  2.427121947345E-001  3.839091875711E-003  1.528972780361E+000  1.278793030724E+000 -2.122026119026E+001
  2.465724667110E-001  3.881521240686E-003  1.533752626989E+000  1.198014290436E+000 -2.063375489459E+001
  2.504753766009E-001  3.924368764227E-003  1.538272689362E+000  1.118613373796E+000 -2.005698525648E+001
  2.544213457654E-001  3.967640869177E-003  1.542532034712E+000  1.040593095695E+000 -1.948996964650E+001
  2.584108020414E-001  4.011344084122E-003  1.546529825230E+000  9.639555553660E-001 -1.893271839994E+001
  2.624441798480E-001  4.055485045557E-003  1.550265317265E+000  8.887021498210E-001 -1.838523490839E+001
  2.665219202956E-001  4.100070500102E-003  1.553737860469E+000  8.148335880043E-001 -1.784751572138E+001
  2.706444712976E-001  4.145107306769E-003  1.556946896916E+000  7.423499056289E-001 -1.731955065796E+001
  2.748122876832E-001  4.190602439283E-003  1.559891960189E+000  6.712504806608E-001 -1.680132292807E+001
  2.790258313137E-001  4.236562988450E-003  1.562572674432E+000  6.015340494180E-001 -1.629280926339E+001
  2.832855712010E-001  4.282996164587E-003  1.564988753383E+000  5.331987232442E-001 -1.579398005744E+001
  2.875919836279E-001  4.329909300005E-003  1.567139999388E+000  4.662420057203E-001 -1.530479951472E+001
  2.919455522717E-001  4.377309851548E-003  1.569026302390E+000  4.006608103712E-001 -1.482522580850E+001
  2.963467683296E-001  4.425205403192E-003  1.570647638915E+000  3.364514788253E-001 -1.435521124698E+001
  3.007961306479E-001  4.473603668706E-003  1.572004071042E+000  2.736097993842E-001 -1.389470244747E+001
  3.052941458522E-001  4.522512494374E-003  1.573095745369E+000  2.121310259546E-001 -1.344364051818E+001
  3.098413284823E-001  4.571939861783E-003  1.573922891978E+000  1.520098972974E-001 -1.300196124730E+001
  3.144382011281E-001  4.621893890671E-003  1.574485823404E+000  9.324065654588E-002 -1.256959529885E+001
  3.190852945695E-001  4.672382841850E-003  1.574784933609E+000  3.581707094250E-002 -1.214646841492E+001
  3.237831479192E-001  4.723415120192E-003  1.574820696964E+000 -2.026754825431E-002 -1.173250162384E+001
  3.285323087679E-001  4.774999277691E-003  1.574593667250E+000 -7.502032574492E-002 -1.132761145380E+001
  3.333333333333E-001  4.827144016591E-003  1.574104476670E+000 -1.284488020961E-001 -1.093171015132E+001
  3.381867866117E-001  4.879858192602E-003  1.573353834887E+000 -1.805609136334E-001 -1.054470590425E+001
  3.430932425333E-001  4.933150818173E-003  1.572342528085E+000 -2.313649723710E-001 -1.016650306859E+001
  3.480532841203E-001  4.987031065868E-003  1.571071418058E+000 -2.808696460305E-001 -9.797002398599E+000
  3.530675036492E-001  5.041508271801E-003  1.569541441328E+000 -3.290839382025E-001 -9.436101279795E+000
  3.581365028158E-001  5.096591939172E-003  1.567753608298E+000 -3.760171687018E-001 -9.083693964037E+000
  3.632608929041E-001  5.152291741875E-003  1.565709002445E+000 -4.216789541696E-001 -8.739671806283E+000
  3.684412949588E-001  5.208617528209E-003  1.563408779547E+000 -4.660791889721E-001 -8.403923502343E+000
  3.736783399619E-001  5.265579324662E-003  1.560854166954E+000 -5.092280264484E-001 -8.076335327073E+000
  3.789726690123E-001  5.323187339805E-003  1.558046462907E+000 -5.511358605551E-001 -7.756791372365E+000
  3.843249335105E-001  5.381451968273E-003  1.554987035894E+000 -5.918133079580E-001 -7.445173784368E+000
  3.897357953460E-001  5.440383794842E-003  1.551677324061E+000 -6.312711906160E-001 -7.141362999294E+000
  3.952059270903E-001  5.499993598618E-003  1.548118834672E+000 -6.695205189055E-001 -6.845237977233E+000
  4.007360121927E-001  5.560292357317E-003  1.544313143612E+000 -7.065724753264E-001 -6.556676433351E+000
  4.063267451812E-001  5.621291251662E-003  1.540261894948E+000 -7.424383988332E-001 -6.275555065884E+000
  4.119788318683E-001  5.683001669888E-003  1.535966800542E+000 -7.771297698314E-001 -6.001749780332E+000
  4.176929895600E-001  5.745435212354E-003  1.531429639705E+000 -8.106581958755E-001 -5.735135909272E+000
  4.234699472710E-001  5.808603696282E-003  1.526652258916E+000 -8.430353981041E-001 -5.475588427218E+000
  4.293104459435E-001  5.872519160606E-003  1.521636571583E+000 -8.742731984448E-001 -5.222982159977E+000
  4.352152386716E-001  5.937193870949E-003  1.516384557856E+000 -9.043835076179E-001 -4.977191987949E+000
  4.411850909306E-001  6.002640324729E-003  1.510898264488E+000 -9.333783139656E-001 -4.738093042859E+000
  4.472207808110E-001  6.068871256391E-003  1.505179804746E+000 -9.612696731298E-001 -4.505560897420E+000
  4.533230992589E-001  6.135899642772E-003  1.499231358364E+000 -9.880696985975E-001 -4.279471747431E+000
  4.594928503202E-001  6.203738708611E-003  1.493055171536E+000 -1.013790553132E+000 -4.059702585880E+000
  4.657308513924E-001  6.272401932198E-003  1.486653556957E+000 -1.038444441102E+000 -3.846131368601E+000
  4.720379334802E-001  6.341903051163E-003  1.480028893891E+000 -1.062043601714E+000 -3.638637171099E+000
  4.784149414579E-001  6.412256068427E-003  1.473183628279E+000 -1.084600303161E+000 -3.437100336170E+000
  4.848627343381E-001  6.483475258298E-003  1.466120272874E+000 -1.106126837677E+000 -3.241402611980E+000
  4.913821855461E-001  6.555575172733E-003  1.458841407397E+000 -1.126635517509E+000 -3.051427280293E+000
  4.979741832006E-001  6.628570647764E-003  1.451349678721E+000 -1.146138671787E+000 -2.867059274603E+000
  5.046396304008E-001  6.702476810086E-003  1.443647801065E+000 -1.164648644282E+000 -2.688185287909E+000
  5.113794455212E-001  6.777309083830E-003  1.435738556196E+000 -1.182177792046E+000 -2.514693869973E+000
  5.181945625116E-001  6.853083197508E-003  1.427624793644E+000 -1.198738484908E+000 -2.346475513893E+000
  5.250859312060E-001  6.929815191146E-003  1.419309430905E+000 -1.214343105794E+000 -2.183422731885E+000
  5.320545176366E-001  7.007521423604E-003  1.410795453642E+000 -1.229004051863E+000 -2.025430120209E+000
  5.391013043575E-001  7.086218580100E-003  1.402085915874E+000 -1.242733736405E+000 -1.872394413217E+000
  5.462272907741E-001  7.165923679926E-003  1.393183940136E+000 -1.255544591484E+000 -1.724214526541E+000
  5.534334934816E-001  7.246654084380E-003  1.384092717620E+000 -1.267449071267E+000 -1.580791589472E+000
  5.607209466109E-001  7.328427504912E-003  1.374815508275E+000 -1.278459656017E+000 -1.442028966665E+000
  5.680907021827E-001  7.411262011483E-003  1.365355640867E+000 -1.288588856678E+000 -1.307832269295E+000
  5.755438304707E-001  7.495176041166E-003  1.355716512991E+000 -1.297849220024E+000 -1.178109355871E+000
  5.830814203728E-001  7.580188406970E-003  1.345901591022E+000 -1.306253334302E+000 -1.052770322958E+000
  5.907045797917E-001  7.666318306912E-003  1.335914410006E+000 -1.313813835314E+000 -9.317274860602E-001
  5.984144360243E-001  7.753585333338E-003  1.325758573476E+000 -1.320543412883E+000 -8.148953510315E-001
  6.062121361613E-001  7.842009482502E-003  1.315437753188E+000 -1.326454817638E+000 -7.021905763399E-001
  6.140988474955E-001  7.931611164409E-003  1.304955688776E+000 -1.331560868045E+000 -5.935319266178E-001
  6.220757579409E-001  8.022411212936E-003  1.294316187303E+000 -1.335874457631E+000 -4.888402179331E-001
  6.301440764614E-001  8.114430896230E-003  1.283523122724E+000 -1.339408562312E+000 -3.880382552618E-001
  6.383050335109E-001  8.207691927403E-003  1.272580435224E+000 -1.342176247774E+000 -2.910507626811E-001
  6.465598814833E-001  8.302216475524E-003  1.261492130461E+000 -1.344190676820E+000 -1.978043068287E-001
  6.549098951744E-001  8.398027176926E-003  1.250262278669E+000 -1.345465116623E+000 -1.082272142078E-001
  6.633563722545E-001  8.495147146827E-003  1.238895013648E+000 -1.346012945796E+000 -2.224948294340E-002
  6.719006337539E-001  8.593599991288E-003  1.227394531614E+000 -1.345847661222E+000  6.019731037941E-002
  6.805440245593E-001  8.693409819506E-003  1.215765089914E+000 -1.344982884560E+000  1.391801081437E-001
  6.892879139233E-001  8.794601256469E-003  1.204011005597E+000 -1.343432368367E+000  2.147644727241E-001
  6.981336959871E-001  8.897199455961E-003  1.192136653837E+000 -1.341210001749E+000  2.870146904204E-001
  7.070827903152E-001  9.001230113956E-003  1.180146466210E+000 -1.338329815486E+000  3.559938776033E-001
  7.161366424455E-001  9.106719482390E-003  1.168044928816E+000 -1.334805986565E+000  4.217640883673E-001
  7.252967244510E-001  9.213694383338E-003  1.155836580240E+000 -1.330652842043E+000  4.843864229818E-001
  7.345645355186E-001  9.322182223606E-003  1.143526009362E+000 -1.325884862194E+000  5.439211364284E-001
  7.439416025400E-001  9.432211009745E-003  1.131117853008E+000 -1.320516682877E+000  6.004277463210E-001
  7.534294807203E-001  9.543809363512E-003  1.118616793437E+000 -1.314563097069E+000  6.539651395060E-001
  7.630297542000E-001  9.657006537783E-003  1.106027555679E+000 -1.308039055514E+000  7.045916766583E-001
  7.727440366954E-001  9.771832432940E-003  1.093354904704E+000 -1.300959666449E+000  7.523652941990E-001
  7.825739721536E-001  9.888317613741E-003  1.080603642452E+000 -1.293340194360E+000  7.973436028823E-001
  7.925212354258E-001  1.000649332670E-002  1.067778604696E+000 -1.285196057734E+000  8.395839824231E-001
  8.025875329584E-001  1.012639151798E-002  1.054884657768E+000 -1.276542825787E+000  8.791436715628E-001
  8.127746035011E-001  1.024804485184E-002  1.041926695138E+000 -1.267396214129E+000  9.160798530014E-001
  8.230842188350E-001  1.037148672960E-002  1.028909633855E+000 -1.257772079367E+000  9.504497326605E-001
  8.335181845190E-001  1.049675130923E-002  1.015838410863E+000 -1.247686412622E+000  9.823106127789E-001
  8.440783406568E-001  1.062387352550E-002  1.002717979183E+000 -1.237155331964E+000  1.011719958382E+000
  8.547665626839E-001  1.075288911077E-002  9.895533039906E-001 -1.226195073764E+000  1.038735456714E+000
  8.655847621758E-001  1.088383461638E-002  9.763493585783E-001 -1.214821982973E+000  1.063415069267E+000
  8.765348876780E-001  1.101674743475E-002  9.631111202280E-001 -1.203052502354E+000  1.085817076094E+000
  8.876189255584E-001  1.115166582209E-002  9.498435659923E-001 -1.190903160674E+000  1.106000112133E+000
  8.988389008829E-001  1.128862892191E-002  9.365516684027E-001 -1.178390559900E+000  1.124023195347E+000
  9.101968783143E-001  1.142767678917E-002  9.232403911137E-001 -1.165531361440E+000  1.139945746518E+000
  9.216949630368E-001  1.156885041525E-002  9.099146844968E-001 -1.152342271457E+000  1.153827600589E+000
  9.333353017046E-001  1.171219175365E-002  8.965794811961E-001 -1.138840025324E+000  1.165729009542E+000
  9.451200834176E-001  1.185774374655E-002  8.832396916587E-001 -1.125041371271E+000  1.175710636801E+000
  9.570515407237E-001  1.200555035216E-002  8.699001996563E-001 -1.110963053288E+000  1.183833543256E+000
  9.691319506484E-001  1.215565657299E-002  8.565658578088E-001 -1.096621793353E+000  1.190159165041E+000
  9.813636357544E-001  1.230810848498E-002  8.432414831270E-001 -1.082034273063E+000  1.194749283257E+000
  9.937489652293E-001  1.246295326757E-002  8.299318525881E-001 -1.067217114752E+000  1.197665985890E+000
  1.006290356005E+000  1.262023923477E-002  8.166416987587E-001 -1.052186862168E+000  1.198971622228E+000
  1.018990273907E+000  1.278001586715E-002  8.033757054810E-001 -1.036959960811E+000  1.198728750142E+000
  1.031851234841E+000  1.294233384499E-002  7.901385036352E-001 -1.021552738024E+000  1.197000076624E+000
  1.044875806003E+000  1.310724508236E-002  7.769346669952E-001 -1.005981382924E+000  1.193848392051E+000
  1.058066607138E+000  1.327480276248E-002  7.637687081889E-001 -9.902619262783E-001  1.189336498662E+000
  1.071426311823E+000  1.344506137405E-002  7.506450747800E-001 -9.744102204217E-001  1.183527133803E+000
  1.084957648792E+000  1.361807674895E-002  7.375681454820E-001 -9.584419193239E-001  1.176482888498E+000
  1.098663403298E+000  1.379390610110E-002  7.245422265196E-001 -9.423724588955E-001  1.168266121970E+000
  1.112546418516E+000  1.397260806657E-002  7.115715481480E-001 -9.262170376440E-001  1.158938872747E+000
  1.126609596985E+000  1.415424274514E-002  6.986602613423E-001 -9.099905977737E-001  1.148562767003E+000
  1.140855902095E+000  1.433887174317E-002  6.858124346675E-001 -8.937078068303E-001  1.137198924828E+000
  1.155288359613E+000  1.452655821788E-002  6.730320513388E-001 -8.773830399839E-001  1.124907865101E+000
  1.169910059257E+000  1.471736692327E-002  6.603230064805E-001 -8.610303630428E-001  1.111749409685E+000
  1.184724156317E+000  1.491136425740E-002  6.476891045914E-001 -8.446635162857E-001  1.097782587626E+000
  1.199733873325E+000  1.510861831145E-002  6.351340572227E-001 -8.282958991964E-001  1.083065540066E+000
  1.214942501771E+000  1.530919892035E-002  6.226614808738E-001 -8.119405561776E-001  1.067655426547E+000
  1.230353403874E+000  1.551317771520E-002  6.102748951100E-001 -7.956101633155E-001  1.051608333399E+000
  1.245970014403E+000  1.572062817747E-002  5.979777209041E-001 -7.793170162622E-001  1.034979184845E+000
  1.261795842559E+000  1.593162569510E-002  5.857732792032E-001 -7.630730192902E-001  1.017821657458E+000
  1.277834473907E+000  1.614624762054E-002  5.736647897213E-001 -7.468896755732E-001  1.000188098585E+000
  1.294089572372E+000  1.636457333079E-002  5.616553699546E-001 -7.307780787319E-001  9.821294492705E-001
  1.310564882294E+000  1.658668428962E-002  5.497480344183E-001 -7.147489056800E-001  9.636951722347E-001
  1.327264230548E+000  1.681266411190E-002  5.379456940981E-001 -6.988124107944E-001  9.449331853639E-001
  1.344191528724E+000  1.704259863026E-002  5.262511561140E-001 -6.829784214257E-001  9.258898011571E-001
  1.361350775387E+000  1.727657596408E-002  5.146671235855E-001 -6.672563347542E-001  9.066096725054E-001
  1.378746058390E+000  1.751468659100E-002  5.031961956932E-001 -6.516551159890E-001  8.871357451320E-001
  1.396381557275E+000  1.775702342093E-002  4.918408679253E-001 -6.361832978980E-001  8.675092169639E-001
  1.414261545744E+000  1.800368187279E-002  4.806035324986E-001 -6.208489816462E-001  8.477695046469E-001
  1.432390394201E+000  1.825475995395E-002  4.694864789429E-001 -6.056598389118E-001  8.279542173543E-001
  1.450772572390E+000  1.851035834267E-002  4.584918948357E-001 -5.906231152405E-001  8.080991379834E-001
  1.469412652102E+000  1.877058047342E-002  4.476218666734E-001 -5.757456345896E-001  7.882382117669E-001
  1.488315309978E+000  1.903553262542E-002  4.368783808653E-001 -5.610338050052E-001  7.684035422695E-001
  1.507485330398E+000  1.930532401444E-002  4.262633248355E-001 -5.464936253684E-001  7.486253946797E-001
  1.526927608467E+000  1.958006688797E-002  4.157784882167E-001 -5.321306931399E-001  7.289322062453E-001
  1.546647153093E+000  1.985987662391E-002  4.054255641214E-001 -5.179502130245E-001  7.093506036491E-001
  1.566649090169E+000  2.014487183303E-002  3.952061504740E-001 -5.039570064732E-001  6.899054270621E-001
  1.586938665861E+000  2.043517446518E-002  3.851217513881E-001 -4.901555219336E-001  6.706197605663E-001
  1.607521250000E+000  2.073090991960E-002  3.751737785740E-001 -4.765498457569E-001  6.515149685861E-001
  1.628402339588E+000  2.103220715932E-002  3.653635527608E-001 -4.631437136659E-001  6.326107379284E-001
  1.649587562420E+000  2.133919883002E-002  3.556923051180E-001 -4.499405226855E-001  6.139251249891E-001
  1.671082680832E+000  2.165202138333E-002  3.461611786634E-001 -4.369433434368E-001  5.954746076531E-001
  1.692893595565E+000  2.197081520497E-002  3.367712296429E-001 -4.241549326953E-001  5.772741413815E-001
  1.715026349769E+000  2.229572474776E-002  3.275234288717E-001 -4.115777461130E-001  5.593372189595E-001
  1.737487133138E+000  2.262689866987E-002  3.184186630229E-001 -3.992139510075E-001  5.416759333590E-001
  1.760282286187E+000  2.296448997842E-002  3.094577358573E-001 -3.870654391233E-001  5.243010431566E-001
  1.783418304674E+000  2.330865617868E-002  3.006413693818E-001 -3.751338392720E-001  5.072220399419E-001
  1.806901844175E+000  2.365955942924E-002  2.919702049327E-001 -3.634205297657E-001  4.904472171506E-001
  1.830739724818E+000  2.401736670327E-002  2.834448041765E-001 -3.519266505604E-001  4.739837397600E-001
  1.854938936184E+000  2.438224995616E-002  2.750656500248E-001 -3.406531150332E-001  4.578377142963E-001
  1.879506642368E+000  2.475438629994E-002  2.668331474620E-001 -3.296006213246E-001  4.420142586188E-001
  1.904450187236E+000  2.513395818467E-002  2.587476242834E-001 -3.187696631837E-001  4.265175709669E-001
  1.929777099847E+000  2.552115358717E-002  2.508093317486E-001 -3.081605402618E-001  4.113509977820E-001
  1.955495100083E+000  2.591616620741E-002  2.430184451493E-001 -2.977733678106E-001  3.965170998472E-001
  1.981612104475E+000  2.631919567292E-002  2.353750643001E-001 -2.876080857475E-001  3.820177163224E-001
  2.008136232230E+000  2.673044775156E-002  2.278792139572E-001 -2.776644670621E-001  3.678540262910E-001
  2.035075811486E+000  2.715013457311E-002  2.205308441739E-001 -2.679421255458E-001  3.540266074768E-001
  2.062439385788E+000  2.757847486001E-002  2.133298306023E-001 -2.584405228377E-001  3.405354918328E-001
  2.090235720801E+000  2.801569416771E-002  2.062759747545E-001 -2.491589747881E-001  3.273802177524E-001
  2.118473811262E+000  2.846202513514E-002  1.993690042334E-001 -2.400966571509E-001  3.145598787008E-001
  2.147162888201E+000  2.891770774564E-002  1.926085729491E-001 -2.312526106267E-001  3.020731681134E-001
  2.176312426413E+000  2.938298959899E-002  1.859942613350E-001 -2.226257452847E-001  2.899184204586E-001
  2.205932152222E+000  2.985812619504E-002  1.795255765795E-001 -2.142148444019E-001  2.780936484127E-001
  2.236032051522E+000  3.034338122938E-002  1.732019528885E-001 -2.060185677657E-001  2.665965761413E-001
  2.266622378129E+000  3.083902690182E-002  1.670227517970E-001 -1.980354544922E-001  2.554246687321E-001
  2.297713662445E+000  3.134534423818E-002  1.609872625447E-001 -1.902639254179E-001  2.445751578671E-001
  2.329316720450E+000  3.186262342603E-002  1.550947025329E-001 -1.827022851320E-001  2.340450638666E-001
  2.361442663038E+000  3.239116416519E-002  1.493442178782E-001 -1.753487237150E-001  2.238312142775E-001
  2.394102905709E+000  3.293127603351E-002  1.437348840784E-001 -1.682013182572E-001  2.139302592157E-001
  2.427309178642E+000  3.348327886897E-002  1.382657068041E-001 -1.612580342308E-001  2.043386837034E-001
  2.461073537146E+000  3.404750316862E-002  1.329356228302E-001 -1.545167267915E-001  1.950528172723E-001
  2.495408372530E+000  3.462429050548E-002  1.277435011170E-001 -1.479751420829E-001  1.860688411280E-001
  2.530326423398E+000  3.521399396401E-002  1.226881440514E-001 -1.416309186202E-001  1.773827931890E-001
  2.565840787378E+000  3.581697859546E-002  1.177682888559E-001 -1.354815888221E-001  1.689905713276E-001
  2.601964933334E+000  3.643362189376E-002  1.129826091701E-001 -1.295245807595E-001  1.608879351500E-001
  2.638712714049E+000  3.706431429322E-002  1.083297168077E-001 -1.237572201839E-001  1.530705066565E-001
  2.676098379430E+000  3.770945968912E-002  1.038081636903E-001 -1.181767328916E-001  1.455337701195E-001
  2.714136590232E+000  3.836947598236E-002  9.941644395404E-002 -1.127802474744E-001  1.382730715117E-001
  2.752842432351E+000  3.904479564947E-002  9.515299622611E-002 -1.075647984977E-001  1.312836178047E-001
  2.792231431696E+000  3.973586633921E-002  9.101620606148E-002 -1.025273301403E-001  1.245604764406E-001
  2.832319569669E+000  4.044315149734E-002  8.700440853055E-002 -9.766470031947E-002  1.180985752590E-001
  2.873123299289E+000  4.116713102086E-002  8.311589094412E-002 -9.297368531502E-002  1.118927031354E-001
  2.914659561979E+000  4.190830194354E-002  7.934889569971E-002 -8.845098489646E-002  1.059375115588E-001
  2.956945805065E+000  4.266717915414E-002  7.570162323126E-002 -8.409322794626E-002  1.002275173414E-001
  3.000000000000E+000  4.344429614932E-002  7.217223504171E-002 -7.989697856182E-002  9.475710662184E-002
  3.043840661365E+000  4.424020582308E-002  6.875885679595E-002 -7.585874260821E-002  8.952054028226E-002
  3.088486866678E+000  4.505548129460E-002  6.545958145032E-002 -7.197497468378E-002  8.451196086203E-002
  3.133958277047E+000  4.589071677685E-002  6.227247239325E-002 -6.824208545095E-002  7.972540101203E-002
  3.180275158719E+000  4.674652848797E-002  5.919556657091E-002 -6.465644927571E-002  7.515479349202E-002
  3.227458405560E+000  4.762355560797E-002  5.622687757123E-002 -6.121441211122E-002  7.079398267497E-002
  3.275529562509E+000  4.852246128332E-002  5.336439863980E-002 -5.791229955408E-002  6.663673748429E-002
  3.324510850077E+000  4.944393368200E-002  5.060610560155E-002 -5.474642499610E-002  6.267676565351E-002
  3.374425189910E+000  5.038868710203E-002  4.794995966313E-002 -5.171309778977E-002  5.890772916488E-002
  3.425296231502E+000  5.135746313639E-002  4.539391007271E-002 -4.880863134326E-002  5.532326069324E-002
  3.477148380094E+000  5.235103189784E-002  4.293589661552E-002 -4.602935105908E-002  5.191698085523E-002
  3.530006825834E+000  5.337019330676E-002  4.057385192653E-002 -4.337160203113E-002  4.868251604255E-002
  3.583897574256E+000  5.441577844603E-002  3.830570360426E-002 -4.083175641686E-002  4.561351660098E-002
  3.638847478148E+000  5.548865098670E-002  3.612937611335E-002 -3.840622040530E-002  4.270367510530E-002
  3.694884270887E+000  5.658970868864E-002  3.404279246742E-002 -3.609144070684E-002  3.994674447457E-002
  3.752036601308E+000  5.771988498079E-002  3.204387568772E-002 -3.388391049803E-002  3.733655567147E-002
  3.810334070199E+000  5.888015062562E-002  3.013055003758E-002 -3.178017476322E-002  3.486703473493E-002
  3.869807268505E+000  6.007151547295E-002  2.830074203725E-002 -2.977683498461E-002  3.253221890637E-002
  3.930487817331E+000  6.129503030858E-002  2.655238126832E-002 -2.787055314367E-002  3.032627162580E-002
  3.992408409843E+000  6.255178880352E-002  2.488340098153E-002 -2.605805500877E-002  2.824349619549E-002
  4.055602855172E+000  6.384292957002E-002  2.329173852623E-002 -2.433613269686E-002  2.627834793497E-002
  4.120106124432E+000  6.516963833101E-002  2.177533562417E-002 -2.270164650993E-002  2.442544468035E-002
  4.185954398964E+000  6.653315021009E-002  2.033213851399E-002 -2.115152606086E-002  2.267957551462E-002
  4.253185120935E+000  6.793475214960E-002  1.896009799634E-002 -1.968277071593E-002  2.103570765045E-002
  4.321837046422E+000  6.937578546490E-002  1.765716941259E-002 -1.829244939462E-002  1.948899142461E-002
  4.391950301120E+000  7.085764854355E-002  1.642131259224E-002 -1.697769977864E-002  1.803476340062E-002
  4.463566438835E+000  7.238179969882E-002  1.525049180559E-002 -1.573572699364E-002  1.666854761385E-002
  4.536728502895E+000  7.394976018725E-002  1.414267575931E-002 -1.456380183608E-002  1.538605502966E-002
  4.611481090679E+000  7.556311740127E-002  1.309583767211E-002 -1.345925862591E-002  1.418318131947E-002
  4.687870421430E+000  7.722352824817E-002  1.210795546697E-002 -1.241949277159E-002  1.305600309083E-002
  4.765944407533E+000  7.893272272784E-002  1.117701211439E-002 -1.144195813803E-002  1.200077273502E-002
  4.845752729492E+000  8.069250772248E-002  1.030099615841E-002 -1.052416430991E-002  1.101391207893E-002
  4.927346914797E+000  8.250477101257E-002  9.477902453549E-003 -9.663673842388E-003  1.009200504562E-002
  5.010780420931E+000  8.437148553436E-002  8.705733136302E-003 -8.858099588535E-003  9.231789540706E-003
  5.096108722763E+000  8.629471389541E-002  7.982498849781E-003 -8.105102188165E-003  8.430148788335E-003
  5.183389404586E+000  8.827661316581E-002  7.306220234220E-003 -7.402387795582E-003  7.684102341336E-003
  5.272682257105E+000  9.031943996425E-002  6.674929689826E-003 -6.747706115077E-003  6.990796985354E-003
  5.364049379651E+000  9.242555585946E-002  6.086673411792E-003 -6.138848802403E-003  6.347497746179E-003
  5.457555287978E+000  9.459743310926E-002  5.539513690404E-003 -5.573648278522E-003  5.751579193979E-003
  5.553267027968E+000  9.683766076100E-002  5.031531462259E-003 -5.049976988868E-003  5.200517217958E-003
  5.651254295630E+000  9.914895113938E-002  4.560829091828E-003 -4.565747127623E-003  4.691881420906E-003
  5.751589563796E+000  1.015341467494E-001  4.125533356058E-003 -4.118910832353E-003  4.223328256082E-003
  5.854348215936E+000  1.039962276248E-001  3.723798598716E-003 -3.707460840302E-003  3.792594999553E-003
  5.959608687557E+000  1.065383191537E-001  3.353810015724E-003 -3.329431584006E-003  3.397494620676E-003
  6.067452615683E+000  1.091637004188E-001  3.013787028123E-003 -2.982900691052E-003  3.035911582675E-003
  6.177964996951E+000  1.118758130872E-001  2.701986695601E-003 -2.665990841205E-003  2.705798575216E-003
  6.291234354880E+000  1.146782708938E-001  2.416707120777E-003 -2.376871923950E-003  2.405174152448E-003
  6.407352916949E+000  1.175748697626E-001  2.156290792891E-003 -2.113763431114E-003  2.132121223916E-003
  6.526416802128E+000  1.205695986129E-001  1.919127819077E-003 -1.874937012846E-003  1.884786322843E-003
  6.648526219580E+000  1.236666509049E-001  1.703658992179E-003 -1.658719120917E-003  1.661379557027E-003
  6.773785679311E+000  1.268704369821E-001  1.508378646006E-003 -1.463493661256E-003  1.460175132497E-003
  6.902304215570E+000  1.301855972713E-001  1.331837251985E-003 -1.287704577781E-003  1.279512329332E-003
  7.034195623922E+000  1.336170164087E-001  1.172643715356E-003 -1.129858291872E-003  1.117796802838E-003
  7.169578712934E+000  1.371698383673E-001  1.029467334156E-003 -9.885259262441E-004  9.735020814868E-004
  7.308577571516E+000  1.408494826628E-001  9.010393902296E-004 -8.623452481708E-004  8.451711354628E-004
  7.451321853057E+000  1.446616617293E-001  7.861543481944E-004 -7.500222748780E-004  7.314178960439E-004
  7.597947077547E+000  1.486123995567E-001  6.836706454805E-004 -6.503324931667E-004  6.309286158006E-004
  7.748594953021E+000  1.527080516973E-001  5.925110641461E-004 -5.621216555721E-004  5.424629723022E-004
  7.903413717736E+000  1.569553267535E-001  5.116626828913E-004 -4.843061263683E-004  4.648548329709E-004
  8.062558504629E+000  1.613613094717E-001  4.401764153875E-004 -4.158727620872E-004  3.970126153060E-004
  8.226191729726E+000  1.659334855793E-001  3.771661485076E-004 -3.558783226297E-004  3.379191942501E-004
  8.394483506327E+000  1.706797685137E-001  3.218075011023E-004 -3.034484201600E-004  2.866313263191E-004
  8.567612086926E+000  1.756085282071E-001  2.733362304408E-004 -2.577760234978E-004  2.422785776752E-004
  8.745764335025E+000  1.807286221064E-001  2.310463191699E-004 -2.181195453730E-004  2.040617600142E-004
  8.929136229160E+000  1.860494286260E-001  1.942877805041E-004 -1.838005484537E-004  1.712508934962E-004
  9.117933401693E+000  1.915808832504E-001  1.624642232284E-004 -1.542011132979E-004  1.431827295574E-004
  9.312371715124E+000  1.973335175235E-001  1.350302208995E-004 -1.287609171718E-004  1.192578780097E-004
  9.512677878945E+000  2.033185011886E-001  1.114885313017E-004 -1.069740769183E-004  9.893759212702E-005
  9.719090110332E+000  2.095476877688E-001  9.138721274487E-005 -8.838581170515E-005  8.174027233464E-005
  9.931858842267E+000  2.160336639044E-001  7.431668317729E-005 -7.258898252618E-005  6.723775360938E-005
  1.015124748302E+001  2.227898028021E-001  5.990676637437E-005 -5.922056483152E-005  5.505144382579E-005
  1.037753323129E+001  2.298303221843E-001  4.782376672803E-005 -4.795810869914E-005  4.484838017058E-005
  1.061100795175E+001  2.371703471699E-001  3.776761049260E-005 -3.851623767824E-005  3.633726858088E-005
  1.085197911611E+001  2.448259785618E-001  2.946908687632E-005 -3.064323298785E-005  2.926456718710E-005
  1.110077081537E+001  2.528143670735E-001  2.268721724692E-005 -2.411774434183E-005  2.341066923907E-005
  1.135772484956E+001  2.611537940784E-001  1.720677511401E-005 -1.874566250485E-005  1.858623427556E-005
  1.162320190175E+001  2.698637595360E-001  1.283597364207E-005 -1.435718199188E-005  1.462870868897E-005
  1.189758280382E+001  2.789650778206E-001  9.404331424245E-006 -1.080407533888E-005  1.139906866660E-005
  1.218126990242E+001  2.884799822596E-001  6.760721302852E-006 -7.957193327049E-006  8.778810080213E-006
  1.247468853413E+001  2.984322392826E-001  4.771601346140E-006 -5.704198659259E-006  6.667201546929E-006
  1.277828862002E+001  3.088472731875E-001  3.319421863237E-006 -3.947534072674E-006  4.978808872103E-006
  1.309254639077E+001  3.197523026463E-001  2.301197726609E-006 -2.602619910468E-006  3.641291646220E-006
  1.341796625462E+001  3.311764902095E-001  1.627231418344E-006 -1.596270926098E-006  2.593466100088E-006
  1.375508282195E+001  3.431511062169E-001  1.219969243372E-006 -8.653176825749E-007  1.783622577077E-006
  1.410446310162E+001  3.557097086969E-001  1.012971148164E-006 -3.554144292741E-007  1.168081262254E-006
  1.446670888596E+001  3.688883410292E-001  9.499736020589E-007 -2.001284733249E-008  7.099661740065E-007
  1.484245934302E+001  3.827257493700E-001  9.840250563025E-007  1.805204276706E-007  3.781748875337E-007
  1.523239383723E+001  3.972636220891E-001  1.076674568394E-006  2.796650852181E-007  1.465199944640E-007
  1.563723500136E+001  4.125468537596E-001  1.197196198845E-006  3.054093447065E-007 -6.982153931733E-009
  1.605775208607E+001  4.286238365683E-001  1.321834643368E-006  2.808338904049E-007 -1.006994136843E-007
  1.649476461582E+001  4.455467823929E-001  1.433061102800E-006  2.246362731997E-007 -1.498712614875E-007
  1.694914638379E+001  4.633720792263E-001  1.518832423580E-006  1.516118372170E-007 -1.670164697387E-007
  1.742182982203E+001  4.821606861220E-001  1.571850837160E-006  7.310410213946E-008 -1.622794219488E-007
  1.791381078784E+001  5.019785714107E-001  1.588825934738E-006 -2.565864418387E-009 -1.437306506038E-007
  1.842615381215E+001  5.228971995942E-001  1.569744566797E-006 -6.968502476909E-008 -1.176341812015E-007
  1.895999786176E+001  5.449940730840E-001  1.517157885723E-006 -1.247461973719E-007 -8.869122237237E-008
  1.951656267356E+001  5.683533358366E-001  1.435497500875E-006 -1.660584804690E-007 -6.026680221858E-008
  2.009715572669E+001  5.930664469535E-001  1.330434469314E-006 -1.933731912753E-007 -3.460325281315E-008
  2.070317992707E+001  6.192329335039E-001  1.208295436888E-006 -2.075301775686E-007 -1.302210826234E-008
  2.133614208874E+001  6.469612332096E-001  1.075549581991E-006 -2.101305562754E-007  3.885896364455E-009
  2.199766230782E+001  6.763696392388E-001  9.383780968586E-007 -2.032423286274E-007  1.608438989142E-008
  2.268948433818E+001  7.075873612439E-001  8.023348693472E-007 -1.891449095104E-007  2.393095067636E-008
  2.341348709294E+001  7.407557189842E-001  6.721030079670E-007 -1.701174486027E-007  2.803540732647E-008
  2.417169741362E+001  7.760294874639E-001  5.513471900989E-007 -1.482740352135E-007  2.913927520281E-008
  2.496630426925E+001  8.135784155747E-001  4.426568948220E-007 -1.254466477310E-007  2.801804730408E-008
  2.579967457140E+001  8.535889438281E-001  3.475708462292E-007 -1.031142581005E-007  2.540704286097E-008
  2.667437081864E+001  8.962661510291E-001  2.666688897445E-007 -8.237408399996E-008  2.195032813003E-008
  2.759317081651E+001  9.418359647997E-001  1.997144641448E-007 -6.394885015325E-008  1.817101266820E-008
  2.855908975674E+001  9.905476768748E-001  1.458291380741E-007 -4.822230281420E-008  1.446013856295E-008
  2.957540498378E+001  1.042676811269E+000  1.036805383416E-007 -3.529429043712E-008  1.108054779790E-008
  3.064568382919E+001  1.098528402000E+000  7.166642446869E-008 -2.504657270476E-008  8.181627389331E-009
  3.177381495601E+001  1.158440747351E+000  4.808049124130E-008 -1.721114871738E-008  5.820739644343E-009
  3.296404372807E+001  1.222789720048E+000  3.124936633414E-008 -1.143420469804E-008  3.987439433635E-009
  3.422101220608E+001  1.291993727721E+000  1.963473702760E-008 -7.330586792436E-009  2.627203514790E-009
  3.554980447538E+001  1.366519436102E+000  1.189904235995E-008 -4.525759254845E-009  1.662247840186E-009
  3.695599813319E+001  1.446888389511E+000  6.937169572468E-009 -2.684242725766E-009  1.007960362744E-009
  3.844572291106E+001  1.533684690030E+000  3.879656246827E-009 -1.525291020199E-009  5.843969911834E-010
  4.002572758518E+001  1.627563929686E+000  2.074747338461E-009 -8.278674446144E-010  3.230620681327E-010
  4.170345654134E+001  1.729263610453E+000  1.057221051195E-009 -4.277223688770E-010  1.697429409874E-010
  4.348713762001E+001  1.839615336740E+000  5.113182924413E-010 -2.095532084743E-010  8.445877641862E-011
  4.538588318162E+001  1.959559126947E+000  2.336928955263E-010 -9.693886167735E-011  3.963266239338E-011
  4.740980671574E+001  2.090160267552E+000  1.004418448557E-010 -4.213964413882E-011  1.745792112006E-011
  4.957015778746E+001  2.232629229408E+000  4.037746596492E-011 -1.712147780781E-011  7.180908158972E-012
  5.187947869225E+001  2.388345286640E+000  1.508965341141E-011 -6.463001383071E-012  2.741830259896E-012
  5.435178690397E+001  2.558884630889E+000  5.206876136157E-012 -2.251300931814E-012  9.653294917922E-013
  5.700278828629E+001  2.746053966795E+000  1.646305950052E-012 -7.181844417667E-013  3.110371079465E-013
  5.985012714155E+001  2.951930820846E+000  4.728665404155E-013 -2.080262694700E-013  9.093980176234E-014
  6.291368055481E+001  3.178912111311E+000  1.221910343895E-013 -5.418429956412E-014  2.389559600206E-014
  6.621590623276E+001  3.429772933797E+000  2.809535248883E-014 -1.255270378444E-014  5.581615554178E-015
  6.978225524452E+001  3.707738044625E+000  5.676758834276E-015 -2.554456069149E-015  1.144688212371E-015
  7.364166388185E+001  4.016569212832E+000  9.937161894575E-016 -4.501872986568E-016  2.032133293158E-016
  7.782714245929E+001  4.360672516382E+000  1.482747151706E-016 -6.760496733954E-017  3.072742320865E-017
  8.237648351994E+001  4.745230855210E+000  1.851102004789E-017 -8.491401524022E-018  3.884603448844E-018
  8.733311794503E+001  5.176368549127E+000  1.892569498485E-018 -8.731795158514E-019  4.019141312868E-019
  9.274715535088E+001  5.661357031559E+000  1.545932550763E-019 -7.171625523567E-020  3.320188003987E-020
  9.867665554529E+001  6.208873552072E+000  9.803699410650E-021 -4.571639188665E-021  2.128112092321E-021
  1.051891916055E+002  6.829328764649E+000  4.668102227833E-022 -2.187575268519E-022  1.023607621303E-022
  1.123637836013E+002  7.535284543316E+000  1.604945883101E-023 -7.556405023805E-024  3.553134807261E-024
  1.202933069206E+002  8.341990973528E+000  3.805191330721E-025 -1.799534801996E-025  8.500950175263E-026
  1.290875131414E+002  9.268082166539E+000  5.892087763273E-027 -2.798229889006E-027  1.327676815958E-027
  1.388768482001E+002  1.033648575811E+001  5.585305482633E-029 -2.663161204727E-029  1.268834014490E-029
  1.498173177370E+002  1.157562284364E+001  2.999803847443E-031 -1.435785825114E-031  6.867475645822E-032
  1.620967411853E+002  1.302100699722E+001  8.315932026363E-034 -3.994548120729E-034  1.917704251221E-034
  1.759428668168E+002  1.471739812515E+001  1.062596919438E-036 -5.121559842011E-037  2.467364926564E-037
  1.916340085825E+002  1.672173748087E+001  5.449952371816E-040 -2.635260555005E-040  1.273756468393E-040
  2.095131417987E+002  1.910719757888E+001  9.460548251228E-044 -4.588464563062E-044  2.224743918355E-044
  2.300068054477E+002  2.196884699990E+001  4.495546063109E-048 -2.186650995861E-048  1.063318272030E-048
  2.536507797910E+002  2.543169216868E+001  4.478985182211E-053 -2.184493483177E-053  1.065197274946E-053
  2.811254638474E+002  2.966227967912E+001  6.667658900508E-059 -3.260235873733E-059  1.593862524161E-059
  3.133053780630E+002  3.488573552677E+001  9.593443011988E-066 -4.702048960578E-066  2.304310921833E-066
  3.513296254502E+002  4.141128389041E+001  7.562426786733E-074 -3.714883592029E-074  1.824664680141E-074
  3.967041014106E+002  4.967130404214E+001  1.541749484582E-083 -7.589363280480E-084  3.735605781095E-084
  4.514529193349E+002  6.028257212519E+001  2.962594679786E-095 -1.461197750835E-095  7.206399813679E-096
  5.183481233601E+002  7.414493328740E+001  1.346190850958E-109 -6.651625715096E-110  3.286460209057E-110
  6.012676077950E+002  9.260523890243E+001  2.089142422265E-127 -1.033984790160E-127  5.117349459464E-128
  7.057700503752E+002  1.177394213729E+002  6.907864137633E-150 -3.424179783824E-150  1.697299174899E-150
  8.400513767914E+002  1.528577972397E+002  8.132202710265E-179 -4.036737165854E-179  2.003757172721E-179
  1.016602135495E+003  2.034537342122E+002  6.664103084301E-217 -3.312205851712E-217  1.646219480139E-217
  1.255220715580E+003  2.790860613466E+002  1.929057367273E-268 -9.598841364550E-269  4.776272495852E-269
  1.588815776243E+003  3.973705897531E+002  0.000000000000E+000  0.000000000000E+000  0.000000000000E+000
  2.075392011604E+003  5.931596040112E+002  0.000000000000E+000  0.000000000000E+000  0.000000000000E+000
  2.825079847529E+003  9.419154890021E+002  0.000000000000E+000  0.000000000000E+000  0.000000000000E+000
  4.068408296184E+003  1.627629972033E+003  0.000000000000E+000  0.000000000000E+000  0.000000000000E+000
  6.357262947674E+003  3.178964796686E+003  0.000000000000E+000  0.000000000000E+000  0.000000000000E+000
  1.130231930164E+004  7.535323971013E+003  0.000000000000E+000  0.000000000000E+000  0.000000000000E+000
  2.543105175140E+004  2.543171841285E+004  0.000000000000E+000  0.000000000000E+000  0.000000000000E+000
  1.017262069958E+005  2.034537473226E+005  0.000000000000E+000  0.000000000000E+000  0.000000000000E+000
