# 1st line: number of mesh points
# abcissa weight wavefunction wavefunction_1st wavefunction_2nd
500
# Principal QN=   1 , l=   1 , Occupation=   0.0200
  9.830308526508E-006  1.966074589941E-005  4.840655869371E-006  4.924121926000E-001 -1.905982598673E+000
  3.932200719717E-005  3.932303800261E-005  1.936189904497E-005  4.923559863774E-001 -1.905681382989E+000
  8.847741541455E-005  5.898842277178E-005  4.356155644049E-005  4.922623241680E-001 -1.905179449507E+000
  1.573003992804E-004  7.865844718600E-005  7.743600694968E-005  4.921312282097E-001 -1.904476937183E+000
  2.457963722417E-004  9.833465899987E-005  1.209801825023E-004  4.919627296251E-001 -1.903574040508E+000
  3.539722959954E-004  1.180186070023E-004  1.741875695429E-004  4.917568684120E-001 -1.902471009445E+000
  4.818366816528E-004  1.377118412759E-004  2.370502109303E-004  4.915136934305E-001 -1.901168149370E+000
  6.293995911626E-004  1.574159134560E-004  3.095587082604E-004  4.912332623873E-001 -1.899665820978E+000
  7.966726389934E-004  1.771323769912E-004  3.917022246083E-004  4.909156418171E-001 -1.897964440195E+000
  9.836689940782E-004  1.968627874036E-004  4.834684876926E-004  4.905609070611E-001 -1.896064478053E+000
  1.190403382016E-003  2.166087025496E-004  5.848437934580E-004  4.901691422429E-001 -1.893966460569E+000
  1.416892087541E-003  2.363716828821E-004  6.958130100794E-004  4.897404402416E-001 -1.891670968596E+000
  1.663152957245E-003  2.561532917128E-004  8.163595823825E-004  4.892749026615E-001 -1.889178637661E+000
  1.929205402573E-003  2.759550954757E-004  9.464655366833E-004  4.887726397992E-001 -1.886490157794E+000
  2.215070403074E-003  2.957786639908E-004  1.086111486044E-003  4.882337706085E-001 -1.883606273335E+000
  2.520770509919E-003  3.156255707300E-004  1.235276635946E-003  4.876584226616E-001 -1.880527782726E+000
  2.846329849692E-003  3.354973930828E-004  1.393938790374E-003  4.870467321074E-001 -1.877255538294E+000
  3.191774128432E-003  3.553957126240E-004  1.562074358317E-003  4.863988436279E-001 -1.873790446008E+000
  3.557130635959E-003  3.753221153821E-004  1.739658360682E-003  4.857149103910E-001 -1.870133465232E+000
  3.942428250463E-003  3.952781921092E-004  1.926664437613E-003  4.849950940002E-001 -1.866285608452E+000
  4.347697443358E-003  4.152655385525E-004  2.123064856226E-003  4.842395644424E-001 -1.862247940999E+000
  4.772970284417E-003  4.352857557265E-004  2.328830518748E-003  4.834485000323E-001 -1.858021580745E+000
  5.218280447175E-003  4.553404501876E-004  2.543930971060E-003  4.826220873533E-001 -1.853607697787E+000
  5.683663214611E-003  4.754312343099E-004  2.768334411652E-003  4.817605211973E-001 -1.849007514125E+000
  6.169155485101E-003  4.955597265624E-004  3.002007700966E-003  4.808640044999E-001 -1.844222303310E+000
  6.674795778653E-003  5.157275517886E-004  3.244916371156E-003  4.799327482734E-001 -1.839253390081E+000
  7.200624243425E-003  5.359363414876E-004  3.497024636234E-003  4.789669715379E-001 -1.834102149997E+000
  7.746682662519E-003  5.561877340970E-004  3.758295402615E-003  4.779669012475E-001 -1.828770009036E+000
  8.313014461060E-003  5.764833752781E-004  4.028690280053E-003  4.769327722162E-001 -1.823258443190E+000
  8.899664713569E-003  5.968249182030E-004  4.308169592977E-003  4.758648270386E-001 -1.817568978041E+000
  9.506680151615E-003  6.172140238444E-004  4.596692392199E-003  4.747633160096E-001 -1.811703188322E+000
  1.013410917176E-002  6.376523612666E-004  4.894216467024E-003  4.736284970400E-001 -1.805662697461E+000
  1.078200184380E-002  6.581416079202E-004  5.200698357729E-003  4.724606355704E-001 -1.799449177109E+000
  1.145040991929E-002  6.786834499385E-004  5.516093368426E-003  4.712600044815E-001 -1.793064346654E+000
  1.213938684040E-002  6.992795824361E-004  5.840355580306E-003  4.700268840017E-001 -1.786509972716E+000
  1.284898774901E-002  7.199317098113E-004  6.173437865242E-003  4.687615616122E-001 -1.779787868632E+000
  1.357926949620E-002  7.406415460502E-004  6.515291899777E-003  4.674643319496E-001 -1.772899893914E+000
  1.433029065191E-002  7.614108150341E-004  6.865868179464E-003  4.661354967045E-001 -1.765847953709E+000
  1.510211151509E-002  7.822412508494E-004  7.225116033572E-003  4.647753645189E-001 -1.758633998220E+000
  1.589479412397E-002  8.031345981016E-004  7.592983640150E-003  4.633842508798E-001 -1.751260022132E+000
  1.670840226680E-002  8.240926122311E-004  7.969418041444E-003  4.619624780102E-001 -1.743728064010E+000
  1.754300149280E-002  8.451170598329E-004  8.354365159656E-003  4.605103747578E-001 -1.736040205684E+000
  1.839865912351E-002  8.662097189796E-004  8.747769813054E-003  4.590282764808E-001 -1.728198571618E+000
  1.927544426443E-002  8.873723795480E-004  9.149575732416E-003  4.575165249305E-001 -1.720205328263E+000
  2.017342781695E-002  9.086068435487E-004  9.559725577811E-003  4.559754681317E-001 -1.712062683395E+000
  2.109268249069E-002  9.299149254598E-004  9.978160955706E-003  4.544054602605E-001 -1.703772885434E+000
  2.203328281612E-002  9.512984525641E-004  1.040482243639E-002  4.528068615193E-001 -1.695338222748E+000
  2.299530515754E-002  9.727592652906E-004  1.083964957173E-002  4.511800380085E-001 -1.686761022946E+000
  2.397882772639E-002  9.942992175591E-004  1.128258091323E-002  4.495253615968E-001 -1.678043652144E+000
  2.498393059493E-002  1.015920177130E-003  1.173355403037E-002  4.478432097880E-001 -1.669188514224E+000
  2.601069571024E-002  1.037624025957E-003  1.219250552930E-002  4.461339655853E-001 -1.660198050078E+000
  2.705920690860E-002  1.059412660547E-003  1.265937107178E-002  4.443980173532E-001 -1.651074736825E+000
  2.812954993023E-002  1.081287992318E-003  1.313408539440E-002  4.426357586768E-001 -1.641821087023E+000
  2.922181243436E-002  1.103251947969E-003  1.361658232811E-002  4.408475882186E-001 -1.632439647860E+000
  3.033608401473E-002  1.125306469854E-003  1.410679481804E-002  4.390339095724E-001 -1.622933000329E+000
  3.147245621542E-002  1.147453516351E-003  1.460465494345E-002  4.371951311157E-001 -1.613303758390E+000
  3.263102254705E-002  1.169695062249E-003  1.511009393815E-002  4.353316658582E-001 -1.603554568110E+000
  3.381187850339E-002  1.192033099133E-003  1.562304221096E-002  4.334439312891E-001 -1.593688106794E+000
  3.501512157837E-002  1.214469635775E-003  1.614342936653E-002  4.315323492215E-001 -1.583707082095E+000
  3.624085128345E-002  1.237006698530E-003  1.667118422635E-002  4.295973456341E-001 -1.573614231110E+000
  3.748916916538E-002  1.259646331739E-003  1.720623484997E-002  4.276393505115E-001 -1.563412319461E+000
  3.876017882444E-002  1.282390598136E-003  1.774850855647E-002  4.256587976809E-001 -1.553104140358E+000
  4.005398593302E-002  1.305241579266E-003  1.829793194607E-002  4.236561246480E-001 -1.542692513649E+000
  4.137069825459E-002  1.328201375897E-003  1.885443092197E-002  4.216317724290E-001 -1.532180284853E+000
  4.271042566323E-002  1.351272108452E-003  1.941793071237E-002  4.195861853823E-001 -1.521570324176E+000
  4.407328016341E-002  1.374455917436E-003  1.998835589265E-002  4.175198110360E-001 -1.510865525513E+000
  4.545937591035E-002  1.397754963880E-003  2.056563040768E-002  4.154330999152E-001 -1.500068805439E+000
  4.686882923075E-002  1.421171429779E-003  2.114967759433E-002  4.133265053659E-001 -1.489183102174E+000
  4.830175864396E-002  1.444707518548E-003  2.174042020406E-002  4.112004833773E-001 -1.478211374545E+000
  4.975828488365E-002  1.468365455478E-003  2.233778042570E-002  4.090554924025E-001 -1.467156600924E+000
  5.123853091993E-002  1.492147488203E-003  2.294167990822E-002  4.068919931766E-001 -1.456021778157E+000
  5.274262198188E-002  1.516055887169E-003  2.355203978373E-002  4.047104485337E-001 -1.444809920472E+000
  5.427068558066E-002  1.540092946119E-003  2.416878069049E-002  4.025113232212E-001 -1.433524058383E+000
  5.582285153302E-002  1.564260982573E-003  2.479182279600E-002  4.002950837132E-001 -1.422167237567E+000
  5.739925198530E-002  1.588562338332E-003  2.542108582010E-002  3.980621980217E-001 -1.410742517737E+000
  5.900002143803E-002  1.612999379973E-003  2.605648905823E-002  3.958131355063E-001 -1.399252971492E+000
  6.062529677088E-002  1.637574499364E-003  2.669795140460E-002  3.935483666826E-001 -1.387701683164E+000
  6.227521726827E-002  1.662290114181E-003  2.734539137538E-002  3.912683630285E-001 -1.376091747643E+000
  6.394992464542E-002  1.687148668440E-003  2.799872713195E-002  3.889735967896E-001 -1.364426269189E+000
  6.564956307496E-002  1.712152633027E-003  2.865787650411E-002  3.866645407834E-001 -1.352708360237E+000
  6.737427921404E-002  1.737304506249E-003  2.932275701316E-002  3.843416682013E-001 -1.340941140183E+000
  6.912422223211E-002  1.762606814387E-003  2.999328589505E-002  3.820054524109E-001 -1.329127734161E+000
  7.089954383907E-002  1.788062112257E-003  3.066938012337E-002  3.796563667556E-001 -1.317271271806E+000
  7.270039831418E-002  1.813672983787E-003  3.135095643230E-002  3.772948843543E-001 -1.305374886005E+000
  7.452694253540E-002  1.839442042599E-003  3.203793133942E-002  3.749214778997E-001 -1.293441711638E+000
  7.637933600943E-002  1.865371932600E-003  3.273022116837E-002  3.725366194559E-001 -1.281474884308E+000
  7.825774090225E-002  1.891465328589E-003  3.342774207146E-002  3.701407802551E-001 -1.269477539054E+000
  8.016232207035E-002  1.917724936867E-003  3.413041005196E-002  3.677344304940E-001 -1.257452809062E+000
  8.209324709253E-002  1.944153495867E-003  3.483814098636E-002  3.653180391291E-001 -1.245403824363E+000
  8.405068630235E-002  1.970753776782E-003  3.555085064631E-002  3.628920736721E-001 -1.233333710516E+000
  8.603481282122E-002  1.997528584221E-003  3.626845472037E-002  3.604569999847E-001 -1.221245587287E+000
  8.804580259214E-002  2.024480756857E-003  3.699086883554E-002  3.580132820731E-001 -1.209142567321E+000
  9.008383441408E-002  2.051613168108E-003  3.771800857848E-002  3.555613818827E-001 -1.197027754798E+000
  9.214908997710E-002  2.078928726810E-003  3.844978951641E-002  3.531017590925E-001 -1.184904244088E+000
  9.424175389809E-002  2.106430377918E-003  3.918612721780E-002  3.506348709096E-001 -1.172775118394E+000
  9.636201375725E-002  2.134121103210E-003  3.992693727260E-002  3.481611718643E-001 -1.160643448391E+000
  9.851006013526E-002  2.162003922007E-003  4.067213531219E-002  3.456811136054E-001 -1.148512290856E+000
  1.006860866512E-001  2.190081891910E-003  4.142163702889E-002  3.431951446960E-001 -1.136384687295E+000
  1.028902900012E-001  2.218358109541E-003  4.217535819514E-002  3.407037104097E-001 -1.124263662561E+000
  1.051228699979E-001  2.246835711311E-003  4.293321468214E-002  3.382072525281E-001 -1.112152223473E+000
  1.073840296104E-001  2.275517874190E-003  4.369512247812E-002  3.357062091389E-001 -1.100053357423E+000
  1.096739750056E-001  2.304407816497E-003  4.446099770609E-002  3.332010144352E-001 -1.087970030984E+000
  1.119929155896E-001  2.333508798707E-003  4.523075664109E-002  3.306920985160E-001 -1.075905188519E+000
  1.143410640503E-001  2.362824124271E-003  4.600431572687E-002  3.281798871877E-001 -1.063861750780E+000
  1.167186364011E-001  2.392357140448E-003  4.678159159213E-002  3.256648017683E-001 -1.051842613513E+000
  1.191258520249E-001  2.422111239159E-003  4.756250106599E-002  3.231472588916E-001 -1.039850646054E+000
  1.215629337189E-001  2.452089857854E-003  4.834696119300E-002  3.206276703150E-001 -1.027888689935E+000
  1.240301077413E-001  2.482296480400E-003  4.913488924749E-002  3.181064427280E-001 -1.015959557482E+000
  1.265276038575E-001  2.512734637975E-003  4.992620274715E-002  3.155839775637E-001 -1.004066030423E+000
  1.290556553882E-001  2.543407909995E-003  5.072081946605E-002  3.130606708122E-001 -9.922108584911E-001
  1.316144992580E-001  2.574319925047E-003  5.151865744689E-002  3.105369128372E-001 -9.803967580336E-001
  1.342043760450E-001  2.605474361847E-003  5.231963501246E-002  3.080130881943E-001 -9.686264106292E-001
  1.368255300316E-001  2.636874950214E-003  5.312367077640E-002  3.054895754537E-001 -9.569024617052E-001
  1.394782092560E-001  2.668525472060E-003  5.393068365313E-002  3.029667470245E-001 -9.452275191637E-001
  1.421626655646E-001  2.700429762411E-003  5.474059286690E-002  3.004449689834E-001 -9.336041520142E-001
  1.448791546661E-001  2.732591710434E-003  5.555331796013E-002  2.979246009064E-001 -9.220348890145E-001
  1.476279361856E-001  2.765015260497E-003  5.636877880066E-002  2.954059957044E-001 -9.105222173209E-001
  1.504092737207E-001  2.797704413242E-003  5.718689558829E-002  2.928894994629E-001 -8.990685811485E-001
  1.532234348983E-001  2.830663226680E-003  5.800758886028E-002  2.903754512853E-001 -8.876763804429E-001
  1.560706914324E-001  2.863895817319E-003  5.883077949587E-002  2.878641831409E-001 -8.763479695640E-001
  1.589513191834E-001  2.897406361298E-003  5.965638871988E-002  2.853560197174E-001 -8.650856559841E-001
  1.618655982178E-001  2.931199095559E-003  6.048433810525E-002  2.828512782786E-001 -8.538916989999E-001
  1.648138128702E-001  2.965278319033E-003  6.131454957456E-002  2.803502685259E-001 -8.427683084609E-001
  1.677962518056E-001  2.999648393860E-003  6.214694540044E-002  2.778532924662E-001 -8.317176435147E-001
  1.708132080832E-001  3.034313746623E-003  6.298144820496E-002  2.753606442846E-001 -8.207418113704E-001
  1.738649792215E-001  3.069278869616E-003  6.381798095783E-002  2.728726102232E-001 -8.098428660824E-001
  1.769518672648E-001  3.104548322136E-003  6.465646697351E-002  2.703894684648E-001 -7.990228073539E-001
  1.800741788507E-001  3.140126731803E-003  6.549682990712E-002  2.679114890243E-001 -7.882835793635E-001
  1.832322252791E-001  3.176018795904E-003  6.633899374920E-002  2.654389336444E-001 -7.776270696152E-001
  1.864263225826E-001  3.212229282769E-003  6.718288281921E-002  2.629720556999E-001 -7.670551078126E-001
  1.896567915983E-001  3.248763033179E-003  6.802842175786E-002  2.605111001074E-001 -7.565694647603E-001
  1.929239580409E-001  3.285624961791E-003  6.887553551813E-002  2.580563032421E-001 -7.461718512923E-001
  1.962281525771E-001  3.322820058613E-003  6.972414935507E-002  2.556078928630E-001 -7.358639172296E-001
  1.995697109023E-001  3.360353390492E-003  7.057418881427E-002  2.531660880438E-001 -7.256472503683E-001
  2.029489738173E-001  3.398230102644E-003  7.142557971906E-002  2.507310991133E-001 -7.155233755003E-001
  2.063662873085E-001  3.436455420218E-003  7.227824815636E-002  2.483031276022E-001 -7.054937534664E-001
  2.098220026275E-001  3.475034649885E-003  7.313212046120E-002  2.458823661992E-001 -6.955597802451E-001
  2.133164763746E-001  3.513973181471E-003  7.398712319992E-002  2.434689987148E-001 -6.857227860780E-001
  2.168500705817E-001  3.553276489620E-003  7.484318315196E-002  2.410632000541E-001 -6.759840346326E-001
  2.204231527988E-001  3.592950135496E-003  7.570022729033E-002  2.386651361980E-001 -6.663447222053E-001
  2.240360961807E-001  3.632999768520E-003  7.655818276064E-002  2.362749641942E-001 -6.568059769652E-001
  2.276892795770E-001  3.673431128145E-003  7.741697685881E-002  2.338928321564E-001 -6.473688582409E-001
  2.313830876220E-001  3.714250045674E-003  7.827653700736E-002  2.315188792744E-001 -6.380343558513E-001
  2.351179108282E-001  3.755462446115E-003  7.913679073030E-002  2.291532358321E-001 -6.288033894825E-001
  2.388941456809E-001  3.797074350078E-003  7.999766562660E-002  2.267960232374E-001 -6.196768081122E-001
  2.427121947345E-001  3.839091875711E-003  8.085908934236E-002  2.244473540603E-001 -6.106553894831E-001
  2.465724667110E-001  3.881521240686E-003  8.172098954152E-002  2.221073320830E-001 -6.017398396272E-001
  2.504753766009E-001  3.924368764227E-003  8.258329387515E-002  2.197760523590E-001 -5.929307924423E-001
  2.544213457654E-001  3.967640869177E-003  8.344592994950E-002  2.174536012839E-001 -5.842288093225E-001
  2.584108020414E-001  4.011344084122E-003  8.430882529255E-002  2.151400566764E-001 -5.756343788440E-001
  2.624441798480E-001  4.055485045557E-003  8.517190731932E-002  2.128354878708E-001 -5.671479165086E-001
  2.665219202956E-001  4.100070500102E-003  8.603510329579E-002  2.105399558203E-001 -5.587697645451E-001
  2.706444712976E-001  4.145107306769E-003  8.689834030153E-002  2.082535132116E-001 -5.505001917721E-001
  2.748122876832E-001  4.190602439283E-003  8.776154519106E-002  2.059762045912E-001 -5.423393935212E-001
  2.790258313137E-001  4.236562988450E-003  8.862464455394E-002  2.037080665029E-001 -5.342874916252E-001
  2.832855712010E-001  4.282996164587E-003  8.948756467367E-002  2.014491276371E-001 -5.263445344698E-001
  2.875919836279E-001  4.329909300005E-003  9.035023148532E-002  1.991994089924E-001 -5.185104971127E-001
  2.919455522717E-001  4.377309851548E-003  9.121257053211E-002  1.969589240479E-001 -5.107852814702E-001
  2.963467683296E-001  4.425205403192E-003  9.207450692081E-002  1.947276789484E-001 -5.031687165730E-001
  3.007961306479E-001  4.473603668706E-003  9.293596527609E-002  1.925056727013E-001 -4.956605588928E-001
  3.052941458522E-001  4.522512494374E-003  9.379686969388E-002  1.902928973855E-001 -4.882604927413E-001
  3.098413284823E-001  4.571939861783E-003  9.465714369376E-002  1.880893383721E-001 -4.809681307420E-001
  3.144382011281E-001  4.621893890671E-003  9.551671017042E-002  1.858949745576E-001 -4.737830143774E-001
  3.190852945695E-001  4.672382841850E-003  9.637549134432E-002  1.837097786088E-001 -4.667046146111E-001
  3.237831479192E-001  4.723415120192E-003  9.723340871157E-002  1.815337172197E-001 -4.597323325881E-001
  3.285323087679E-001  4.774999277691E-003  9.809038299313E-002  1.793667513807E-001 -4.528655004124E-001
  3.333333333333E-001  4.827144016591E-003  9.894633408330E-002  1.772088366591E-001 -4.461033820039E-001
  3.381867866117E-001  4.879858192602E-003  9.980118099784E-002  1.750599234922E-001 -4.394451740359E-001
  3.430932425333E-001  4.933150818173E-003  1.006548418215E-001  1.729199574909E-001 -4.328900069530E-001
  3.480532841203E-001  4.987031065868E-003  1.015072336551E-001  1.707888797557E-001 -4.264369460717E-001
  3.530675036492E-001  5.041508271801E-003  1.023582725628E-001  1.686666272042E-001 -4.200849927622E-001
  3.581365028158E-001  5.096591939172E-003  1.032078735186E-001  1.665531329085E-001 -4.138330857151E-001
  3.632608929041E-001  5.152291741875E-003  1.040559503531E-001  1.644483264450E-001 -4.076801022902E-001
  3.684412949588E-001  5.208617528209E-003  1.049024157005E-001  1.623521342538E-001 -4.016248599508E-001
  3.736783399619E-001  5.265579324662E-003  1.057471809455E-001  1.602644800091E-001 -3.956661177814E-001
  3.789726690123E-001  5.323187339805E-003  1.065901561705E-001  1.581852849991E-001 -3.898025780905E-001
  3.843249335105E-001  5.381451968273E-003  1.074312501034E-001  1.561144685160E-001 -3.840328880988E-001
  3.897357953460E-001  5.440383794842E-003  1.082703700660E-001  1.540519482556E-001 -3.783556417107E-001
  3.952059270903E-001  5.499993598618E-003  1.091074219227E-001  1.519976407246E-001 -3.727693813716E-001
  4.007360121927E-001  5.560292357317E-003  1.099423100309E-001  1.499514616581E-001 -3.672726000088E-001
  4.063267451812E-001  5.621291251662E-003  1.107749371912E-001  1.479133264438E-001 -3.618637430562E-001
  4.119788318683E-001  5.683001669888E-003  1.116052046001E-001  1.458831505538E-001 -3.565412105625E-001
  4.176929895600E-001  5.745435212354E-003  1.124330118030E-001  1.438608499840E-001 -3.513033593810E-001
  4.234699472710E-001  5.808603696282E-003  1.132582566491E-001  1.418463416994E-001 -3.461485054420E-001
  4.293104459435E-001  5.872519160606E-003  1.140808352482E-001  1.398395440847E-001 -3.410749261040E-001
  4.352152386716E-001  5.937193870949E-003  1.149006419285E-001  1.378403774007E-001 -3.360808625855E-001
  4.411850909306E-001  6.002640324729E-003  1.157175691978E-001  1.358487642444E-001 -3.311645224730E-001
  4.472207808110E-001  6.068871256391E-003  1.165315077057E-001  1.338646300129E-001 -3.263240823059E-001
  4.533230992589E-001  6.135899642772E-003  1.173423462085E-001  1.318879033702E-001 -3.215576902345E-001
  4.594928503202E-001  6.203738708611E-003  1.181499715371E-001  1.299185167156E-001 -3.168634687511E-001
  4.657308513924E-001  6.272401932198E-003  1.189542685674E-001  1.279564066533E-001 -3.122395174896E-001
  4.720379334802E-001  6.341903051163E-003  1.197551201938E-001  1.260015144624E-001 -3.076839160930E-001
  4.784149414579E-001  6.412256068427E-003  1.205524073056E-001  1.240537865658E-001 -3.031947271453E-001
  4.848627343381E-001  6.483475258298E-003  1.213460087675E-001  1.221131749973E-001 -2.987699991648E-001
  4.913821855461E-001  6.555575172733E-003  1.221358014028E-001  1.201796378659E-001 -2.944077696559E-001
  4.979741832006E-001  6.628570647764E-003  1.229216599814E-001  1.182531398163E-001 -2.901060682159E-001
  5.046396304008E-001  6.702476810086E-003  1.237034572111E-001  1.163336524844E-001 -2.858629196932E-001
  5.113794455212E-001  6.777309083830E-003  1.244810637335E-001  1.144211549459E-001 -2.816763473925E-001
  5.181945625116E-001  6.853083197508E-003  1.252543481247E-001  1.125156341584E-001 -2.775443763243E-001
  5.250859312060E-001  6.929815191146E-003  1.260231768998E-001  1.106170853946E-001 -2.734650364924E-001
  5.320545176366E-001  7.007521423604E-003  1.267874145232E-001  1.087255126649E-001 -2.694363662161E-001
  5.391013043575E-001  7.086218580100E-003  1.275469234239E-001  1.068409291296E-001 -2.654564154820E-001
  5.462272907741E-001  7.165923679926E-003  1.283015640152E-001  1.049633574980E-001 -2.615232493198E-001
  5.534334934816E-001  7.246654084380E-003  1.290511947214E-001  1.030928304137E-001 -2.576349511969E-001
  5.607209466109E-001  7.328427504912E-003  1.297956720092E-001  1.012293908244E-001 -2.537896264266E-001
  5.680907021827E-001  7.411262011483E-003  1.305348504252E-001  9.937309233468E-002 -2.499854055827E-001
  5.755438304707E-001  7.495176041166E-003  1.312685826398E-001  9.752399954096E-002 -2.462204479164E-001
  5.830814203728E-001  7.580188406970E-003  1.319967194972E-001  9.568218834595E-002 -2.424929447666E-001
  5.907045797917E-001  7.666318306912E-003  1.327191100722E-001  9.384774625226E-002 -2.388011229587E-001
  5.984144360243E-001  7.753585333338E-003  1.334356017326E-001  9.202077263281E-002 -2.351432481843E-001
  6.062121361613E-001  7.842009482502E-003  1.341460402101E-001  9.020137897696E-002 -2.315176283545E-001
  6.140988474955E-001  7.931611164409E-003  1.348502696767E-001  8.838968911049E-002 -2.279226169198E-001
  6.220757579409E-001  8.022411212936E-003  1.355481328284E-001  8.658583938800E-002 -2.243566161480E-001
  6.301440764614E-001  8.114430896230E-003  1.362394709770E-001  8.478997885620E-002 -2.208180803534E-001
  6.383050335109E-001  8.207691927403E-003  1.369241241477E-001  8.300226938628E-002 -2.173055190687E-001
  6.465598814833E-001  8.302216475524E-003  1.376019311857E-001  8.122288577408E-002 -2.138175001505E-001
  6.549098951744E-001  8.398027176926E-003  1.382727298684E-001  7.945201580624E-002 -2.103526528108E-001
  6.633563722545E-001  8.495147146827E-003  1.389363570267E-001  7.768986029094E-002 -2.069096705664E-001
  6.719006337539E-001  8.593599991288E-003  1.395926486726E-001  7.593663305164E-002 -2.034873140952E-001
  6.805440245593E-001  8.693409819506E-003  1.402414401347E-001  7.419256088230E-002 -2.000844139924E-001
  6.892879139233E-001  8.794601256469E-003  1.408825662013E-001  7.245788346266E-002 -1.966998734164E-001
  6.981336959871E-001  8.897199455961E-003  1.415158612704E-001  7.073285323217E-002 -1.933326706162E-001
  7.070827903152E-001  9.001230113956E-003  1.421411595070E-001  6.901773522110E-002 -1.899818613289E-001
  7.161366424455E-001  9.106719482390E-003  1.427582950082E-001  6.731280683766E-002 -1.866465810402E-001
  7.252967244510E-001  9.213694383338E-003  1.433671019742E-001  6.561835760966E-002 -1.833260470970E-001
  7.345645355186E-001  9.322182223606E-003  1.439674148866E-001  6.393468887983E-002 -1.800195606630E-001
  7.439416025400E-001  9.432211009745E-003  1.445590686939E-001  6.226211345339E-002 -1.767265085078E-001
  7.534294807203E-001  9.543809363512E-003  1.451418990017E-001  6.060095519708E-002 -1.734463646198E-001
  7.630297542000E-001  9.657006537783E-003  1.457157422705E-001  5.895154858862E-002 -1.701786916345E-001
  7.727440366954E-001  9.771832432940E-003  1.462804360180E-001  5.731423821583E-002 -1.669231420673E-001
  7.825739721536E-001  9.888317613741E-003  1.468358190272E-001  5.568937822482E-002 -1.636794593429E-001
  7.925212354258E-001  1.000649332670E-002  1.473817315586E-001  5.407733171647E-002 -1.604474786121E-001
  8.025875329584E-001  1.012639151798E-002  1.479180155680E-001  5.247847009108E-002 -1.572271273468E-001
  8.127746035011E-001  1.024804485184E-002  1.484445149259E-001  5.089317234064E-002 -1.540184257053E-001
  8.230842188350E-001  1.037148672960E-002  1.489610756427E-001  4.932182428882E-002 -1.508214866594E-001
  8.335181845190E-001  1.049675130923E-002  1.494675460936E-001  4.776481777865E-002 -1.476365158749E-001
  8.440783406568E-001  1.062387352550E-002  1.499637772479E-001  4.622254980818E-002 -1.444638113397E-001
  8.547665626839E-001  1.075288911077E-002  1.504496228973E-001  4.469542161447E-002 -1.413037627297E-001
  8.655847621758E-001  1.088383461638E-002  1.509249398855E-001  4.318383770675E-002 -1.381568505096E-001
  8.765348876780E-001  1.101674743475E-002  1.513895883371E-001  4.168820484930E-002 -1.350236447587E-001
  8.876189255584E-001  1.115166582209E-002  1.518434318846E-001  4.020893099552E-002 -1.319048037192E-001
  8.988389008829E-001  1.128862892191E-002  1.522863378929E-001  3.874642417415E-002 -1.288010720610E-001
  9.101968783143E-001  1.142767678917E-002  1.527181776806E-001  3.730109132939E-002 -1.257132788590E-001
  9.216949630368E-001  1.156885041525E-002  1.531388267365E-001  3.587333711679E-002 -1.226423352794E-001
  9.333353017046E-001  1.171219175365E-002  1.535481649297E-001  3.446356265685E-002 -1.195892319729E-001
  9.451200834176E-001  1.185774374655E-002  1.539460767135E-001  3.307216424874E-002 -1.165550361731E-001
  9.570515407237E-001  1.200555035216E-002  1.543324513203E-001  3.169953204689E-002 -1.135408884987E-001
  9.691319506484E-001  1.215565657299E-002  1.547071829475E-001  3.034604870327E-002 -1.105479994603E-001
  9.813636357544E-001  1.230810848498E-002  1.550701709319E-001  2.901208797861E-002 -1.075776456731E-001
  9.937489652293E-001  1.246295326757E-002  1.554213199116E-001  2.769801332616E-002 -1.046311657776E-001
  1.006290356005E+000  1.262023923477E-002  1.557605399747E-001  2.640417645181E-002 -1.017099560711E-001
  1.018990273907E+000  1.278001586715E-002  1.560877467916E-001  2.513091585472E-002 -9.881546585650E-002
  1.031851234841E+000  1.294233384499E-002  1.564028617311E-001  2.387855535299E-002 -9.594919251180E-002
  1.044875806003E+000  1.310724508236E-002  1.567058119576E-001  2.264740259910E-002 -9.311267628990E-002
  1.058066607138E+000  1.327480276248E-002  1.569965305078E-001  2.143774759037E-002 -9.030749485532E-002
  1.071426311823E+000  1.344506137405E-002  1.572749563462E-001  2.024986117969E-002 -8.753525756883E-002
  1.084957648792E+000  1.361807674895E-002  1.575410343965E-001  1.908399359251E-002 -8.479759953081E-002
  1.098663403298E+000  1.379390610110E-002  1.577947155479E-001  1.794037295596E-002 -8.209617539627E-002
  1.112546418516E+000  1.397260806657E-002  1.580359566347E-001  1.681920384656E-002 -7.943265297563E-002
  1.126609596985E+000  1.415424274514E-002  1.582647203870E-001  1.572066586319E-002 -7.680870663706E-002
  1.140855902095E+000  1.433887174317E-002  1.584809753510E-001  1.464491223225E-002 -7.422601052766E-002
  1.155288359613E+000  1.452655821788E-002  1.586846957778E-001  1.359206845220E-002 -7.168623163212E-002
  1.169910059257E+000  1.471736692327E-002  1.588758614784E-001  1.256223098500E-002 -6.919102268938E-002
  1.184724156317E+000  1.491136425740E-002  1.590544576430E-001  1.155546600212E-002 -6.674201498892E-002
  1.199733873325E+000  1.510861831145E-002  1.592204746243E-001  1.057180819301E-002 -6.434081107031E-002
  1.214942501771E+000  1.530919892035E-002  1.593739076824E-001  9.611259644193E-003 -6.198897735074E-002
  1.230353403874E+000  1.551317771520E-002  1.595147566899E-001  8.673788797198E-003 -5.968803670692E-002
  1.245970014403E+000  1.572062817747E-002  1.596430257962E-001  7.759329493697E-003 -5.743946103937E-002
  1.261795842559E+000  1.593162569510E-002  1.597587230498E-001  6.867780116373E-003 -5.524466384795E-002
  1.277834473907E+000  1.614624762054E-002  1.598618599775E-001  5.999002834031E-003 -5.310499284956E-002
  1.294089572372E+000  1.636457333079E-002  1.599524511198E-001  5.152822959495E-003 -5.102172266954E-002
  1.310564882294E+000  1.658668428962E-002  1.600305135205E-001  4.329028428824E-003 -4.899604763985E-002
  1.327264230548E+000  1.681266411190E-002  1.600960661726E-001  3.527369410279E-003 -4.702907473814E-002
  1.344191528724E+000  1.704259863026E-002  1.601491294164E-001  2.747558051367E-003 -4.512181670261E-002
  1.361350775387E+000  1.727657596408E-002  1.601897242937E-001  1.989268372080E-003 -4.327518535861E-002
  1.378746058390E+000  1.751468659100E-002  1.602178718544E-001  1.252136312231E-003 -4.148998519360E-002
  1.396381557275E+000  1.775702342093E-002  1.602335924187E-001  5.357599404688E-004 -3.976690721742E-002
  1.414261545744E+000  1.800368187279E-002  1.602369047936E-001 -1.603001678032E-004 -3.810652314559E-002
  1.432390394201E+000  1.825475995395E-002  1.602278254454E-001 -8.365203768162E-004 -3.650927994326E-002
  1.450772572390E+000  1.851035834267E-002  1.602063676298E-001 -1.493413254842E-003 -3.497549476744E-002
  1.469412652102E+000  1.877058047342E-002  1.601725404798E-001 -2.131526650910E-003 -3.350535034528E-002
  1.488315309978E+000  1.903553262542E-002  1.601263480544E-001 -2.751442578765E-003 -3.209889082524E-002
  1.507485330398E+000  1.930532401444E-002  1.600677883504E-001 -3.353775903740E-003 -3.075601813784E-002
  1.526927608467E+000  1.958006688797E-002  1.599968522782E-001 -3.939172828989E-003 -2.947648890127E-002
  1.546647153093E+000  1.985987662391E-002  1.599135226077E-001 -4.508309178453E-003 -2.825991190649E-002
  1.566649090169E+000  2.014487183303E-002  1.598177728845E-001 -5.061888474841E-003 -2.710574621461E-002
  1.586938665861E+000  2.043517446518E-002  1.597095663224E-001 -5.600639811983E-003 -2.601329989764E-002
  1.607521250000E+000  2.073090991960E-002  1.595888546754E-001 -6.125315522026E-003 -2.498172945214E-002
  1.628402339588E+000  2.103220715932E-002  1.594555770955E-001 -6.636688639098E-003 -2.401003991221E-002
  1.649587562420E+000  2.133919883002E-002  1.593096589786E-001 -7.135550162401E-003 -2.309708568643E-002
  1.671082680832E+000  2.165202138333E-002  1.591510108080E-001 -7.622706122964E-003 -2.224157213988E-002
  1.692893595565E+000  2.197081520497E-002  1.589795269983E-001 -8.098974459734E-003 -2.144205793945E-002
  1.715026349769E+000  2.229572474776E-002  1.587950847489E-001 -8.565181712141E-003 -2.069695817682E-002
  1.737487133138E+000  2.262689866987E-002  1.585975429117E-001 -9.022159537803E-003 -2.000454828011E-002
  1.760282286187E+000  2.296448997842E-002  1.583867408837E-001 -9.470741065593E-003 -1.936296872045E-002
  1.783418304674E+000  2.330865617868E-002  1.581624975293E-001 -9.911757095941E-003 -1.877023051584E-002
  1.806901844175E+000  2.365955942924E-002  1.579246101430E-001 -1.034603216186E-002 -1.822422152965E-002
  1.830739724818E+000  2.401736670327E-002  1.576728534606E-001 -1.077438046592E-002 -1.772271355616E-002
  1.854938936184E+000  2.438224995616E-002  1.574069787278E-001 -1.119760170996E-002 -1.726337018057E-002
  1.879506642368E+000  2.475438629994E-002  1.571267128366E-001 -1.161647683619E-002 -1.684375539515E-002
  1.904450187236E+000  2.513395818467E-002  1.568317575385E-001 -1.203176369987E-002 -1.646134294785E-002
  1.929777099847E+000  2.552115358717E-002  1.565217887457E-001 -1.244419269544E-002 -1.611352639387E-002
  1.955495100083E+000  2.591616620741E-002  1.561964559297E-001 -1.285446235963E-002 -1.579762981466E-002
  1.981612104475E+000  2.631919567292E-002  1.558553816286E-001 -1.326323497650E-002 -1.551091916304E-002
  2.008136232230E+000  2.673044775156E-002  1.554981610735E-001 -1.367113221105E-002 -1.525061418704E-002
  2.035075811486E+000  2.715013457311E-002  1.551243619445E-001 -1.407873079912E-002 -1.501390087892E-002
  2.062439385788E+000  2.757847486001E-002  1.547335242677E-001 -1.448655832278E-002 -1.479794439019E-002
  2.090235720801E+000  2.801569416771E-002  1.543251604630E-001 -1.489508910149E-002 -1.459990234727E-002
  2.118473811262E+000  2.846202513514E-002  1.538987555528E-001 -1.530474023020E-002 -1.441693849706E-002
  2.147162888201E+000  2.891770774564E-002  1.534537675433E-001 -1.571586779632E-002 -1.424623660598E-002
  2.176312426413E+000  2.938298959899E-002  1.529896279856E-001 -1.612876330837E-002 -1.408501453122E-002
  2.205932152222E+000  2.985812619504E-002  1.525057427281E-001 -1.654365036904E-002 -1.393053837793E-002
  2.236032051522E+000  3.034338122938E-002  1.520014928667E-001 -1.696068162590E-002 -1.378013665170E-002
  2.266622378129E+000  3.083902690182E-002  1.514762359019E-001 -1.737993603267E-002 -1.363121431225E-002
  2.297713662445E+000  3.134534423818E-002  1.509293071096E-001 -1.780141645373E-002 -1.348126663029E-002
  2.329316720450E+000  3.186262342603E-002  1.503600211300E-001 -1.822504764353E-002 -1.332789274764E-002
  2.361442663038E+000  3.239116416519E-002  1.497676737821E-001 -1.865067463200E-002 -1.316880883815E-002
  2.394102905709E+000  3.293127603351E-002  1.491515441048E-001 -1.907806154527E-002 -1.300186076615E-002
  2.427309178642E+000  3.348327886897E-002  1.485108966280E-001 -1.950689088969E-002 -1.282503613874E-002
  2.461073537146E+000  3.404750316862E-002  1.478449838753E-001 -1.993676332476E-002 -1.263647564880E-002
  2.495408372530E+000  3.462429050548E-002  1.471530490952E-001 -2.036719794859E-002 -1.243448360712E-002
  2.530326423398E+000  3.521399396401E-002  1.464343292208E-001 -2.079763311630E-002 -1.221753756455E-002
  2.565840787378E+000  3.581697859546E-002  1.456880580516E-001 -2.122742780910E-002 -1.198429692862E-002
  2.601964933334E+000  3.643362189376E-002  1.449134696523E-001 -2.165586356793E-002 -1.173361048372E-002
  2.638712714049E+000  3.706431429322E-002  1.441098019601E-001 -2.208214700203E-002 -1.146452272954E-002
  2.676098379430E+000  3.770945968912E-002  1.432763005897E-001 -2.250541287835E-002 -1.117627895924E-002
  2.714136590232E+000  3.836947598236E-002  1.424122228236E-001 -2.292472779359E-002 -1.086832900680E-002
  2.752842432351E+000  3.904479564947E-002  1.415168417736E-001 -2.333909442544E-002 -1.054032960180E-002
  2.792231431696E+000  3.973586633921E-002  1.405894506955E-001 -2.374745635504E-002 -1.019214527992E-002
  2.832319569669E+000  4.044315149734E-002  1.396293674387E-001 -2.414870344699E-002 -9.823847808300E-003
  2.873123299289E+000  4.116713102086E-002  1.386359390088E-001 -2.454167776805E-002 -9.435714097068E-003
  2.914659561979E+000  4.190830194354E-002  1.376085462197E-001 -2.492518001992E-002 -9.028222580704E-003
  2.956945805065E+000  4.266717915414E-002  1.365466084095E-001 -2.529797645589E-002 -8.602048066782E-003
  3.000000000000E+000  4.344429614932E-002  1.354495881927E-001 -2.565880624540E-002 -8.158055063539E-003
  3.043840661365E+000  4.424020582308E-002  1.343169962185E-001 -2.600638924482E-002 -7.697289612533E-003
  3.088486866678E+000  4.505548129460E-002  1.331483959043E-001 -2.633943412707E-002 -7.220969667645E-003
  3.133958277047E+000  4.589071677685E-002  1.319434081119E-001 -2.665664681760E-002 -6.730474076990E-003
  3.180275158719E+000  4.674652848797E-002  1.307017157306E-001 -2.695673917858E-002 -6.227330239594E-003
  3.227458405560E+000  4.762355560797E-002  1.294230681338E-001 -2.723843787867E-002 -5.713200523932E-003
  3.275529562509E+000  4.852246128332E-002  1.281072854713E-001 -2.750049338114E-002 -5.189867550208E-003
  3.324510850077E+000  4.944393368200E-002  1.267542627616E-001 -2.774168897896E-002 -4.659218452650E-003
  3.374425189910E+000  5.038868710203E-002  1.253639737472E-001 -2.796084980240E-002 -4.123228251616E-003
  3.425296231502E+000  5.135746313639E-002  1.239364744765E-001 -2.815685172156E-002 -3.583942477956E-003
  3.477148380094E+000  5.235103189784E-002  1.224719065750E-001 -2.832863006443E-002 -3.043459203510E-003
  3.530006825834E+000  5.337019330676E-002  1.209705001735E-001 -2.847518806962E-002 -2.503910641695E-003
  3.583897574256E+000  5.441577844603E-002  1.194325764573E-001 -2.859560499275E-002 -1.967444490635E-003
  3.638847478148E+000  5.548865098670E-002  1.178585498062E-001 -2.868904378558E-002 -1.436205197986E-003
  3.694884270887E+000  5.658970868864E-002  1.162489294959E-001 -2.875475826903E-002 -9.123153314036E-004
  3.752036601308E+000  5.771988498079E-002  1.146043209347E-001 -2.879209972298E-002 -3.978572412403E-004
  3.810334070199E+000  5.888015062562E-002  1.129254264117E-001 -2.880052282005E-002  1.051447974801E-004
  3.869807268505E+000  6.007151547295E-002  1.112130453383E-001 -2.877959083444E-002  5.947417787147E-004
  3.930487817331E+000  6.129503030858E-002  1.094680739671E-001 -2.872898006298E-002  1.069076313904E-003
  3.992408409843E+000  6.255178880352E-002  1.076915045783E-001 -2.864848340198E-002  1.526397961367E-003
  4.055602855172E+000  6.384292957002E-002  1.058844241268E-001 -2.853801303115E-002  1.965077371911E-003
  4.120106124432E+000  6.516963833101E-002  1.040480123515E-001 -2.839760216451E-002  2.383619097715E-003
  4.185954398964E+000  6.653315021009E-002  1.021835393496E-001 -2.822740583759E-002  2.780672925603E-003
  4.253185120935E+000  6.793475214960E-002  1.002923626280E-001 -2.802770071056E-002  3.155043612224E-003
  4.321837046422E+000  6.937578546490E-002  9.837592364893E-002 -2.779888387777E-002  3.505698917027E-003
  4.391950301120E+000  7.085764854355E-002  9.643574389009E-002 -2.754147068568E-002  3.831775849292E-003
  4.463566438835E+000  7.238179969882E-002  9.447342044946E-002 -2.725609157324E-002  4.132585067422E-003
  4.536728502895E+000  7.394976018725E-002  9.249062122764E-002 -2.694348796045E-002  4.407613392053E-003
  4.611481090679E+000  7.556311740127E-002  9.048907972722E-002 -2.660450722356E-002  4.656524418885E-003
  4.687870421430E+000  7.722352824817E-002  8.847058951348E-002 -2.624009680711E-002  4.879157242252E-003
  4.765944407533E+000  7.893272272784E-002  8.643699838537E-002 -2.585129753476E-002  5.075523325765E-003
  4.845752729492E+000  8.069250772248E-002  8.439020230981E-002 -2.543923619230E-002  5.245801581679E-003
  4.927346914797E+000  8.250477101257E-002  8.233213917572E-002 -2.500511746653E-002  5.390331745397E-003
  5.010780420931E+000  8.437148553436E-002  8.026478242688E-002 -2.455021533323E-002  5.509606155309E-003
  5.096108722763E+000  8.629471389541E-002  7.819013463448E-002 -2.407586399600E-002  5.604260070649E-003
  5.183389404586E+000  8.827661316581E-002  7.611022107104E-002 -2.358344848452E-002  5.675060680670E-003
  5.272682257105E+000  9.031943996425E-002  7.402708334714E-002 -2.307439502641E-002  5.722894976868E-003
  5.364049379651E+000  9.242555585946E-002  7.194277317122E-002 -2.255016131063E-002  5.748756675855E-003
  5.457555287978E+000  9.459743310926E-002  6.985934629028E-002 -2.201222676215E-002  5.753732393354E-003
  5.553267027968E+000  9.683766076100E-002  6.777885666560E-002 -2.146208294768E-002  5.738987279446E-003
  5.651254295630E+000  9.914895113938E-002  6.570335093309E-002 -2.090122422998E-002  5.705750331330E-003
  5.751589563796E+000  1.015341467494E-001  6.363486319190E-002 -2.033113878402E-002  5.655299602271E-003
  5.854348215936E+000  1.039962276248E-001  6.157541015794E-002 -1.975330008203E-002  5.588947523971E-003
  5.959608687557E+000  1.065383191537E-001  5.952698671135E-002 -1.916915894580E-002  5.508026554265E-003
  6.067452615683E+000  1.091637004188E-001  5.749156185767E-002 -1.858013625412E-002  5.413875352781E-003
  6.177964996951E+000  1.118758130872E-001  5.547107511345E-002 -1.798761638122E-002  5.307825674144E-003
  6.291234354880E+000  1.146782708938E-001  5.346743331655E-002 -1.739294142759E-002  5.191190151666E-003
  6.407352916949E+000  1.175748697626E-001  5.148250785121E-002 -1.679740628941E-002  5.065251124379E-003
  6.526416802128E+000  1.205695986129E-001  4.951813226727E-002 -1.620225459619E-002  4.931250637320E-003
  6.648526219580E+000  1.236666509049E-001  4.757610026249E-002 -1.560867552854E-002  4.790381719315E-003
  6.773785679311E+000  1.268704369821E-001  4.565816398700E-002 -1.501780151048E-002  4.643781014959E-003
  6.902304215570E+000  1.301855972713E-001  4.376603261961E-002 -1.443070675248E-002  4.492522818364E-003
  7.034195623922E+000  1.336170164087E-001  4.190137115713E-002 -1.384840660415E-002  4.337614526396E-003
  7.169578712934E+000  1.371698383673E-001  4.006579935121E-002 -1.327185765872E-002  4.179993499141E-003
  7.308577571516E+000  1.408494826628E-001  3.826089072138E-002 -1.270195853629E-002  4.020525285982E-003
  7.451321853057E+000  1.446616617293E-001  3.648817156951E-002 -1.213955125926E-002  3.860003147721E-003
  7.597947077547E+000  1.486123995567E-001  3.474911991921E-002 -1.158542312214E-002  3.699148779315E-003
  7.748594953021E+000  1.527080516973E-001  3.304516430427E-002 -1.104030894904E-002  3.538614114792E-003
  7.903413717736E+000  1.569553267535E-001  3.137768233327E-002 -1.050489362663E-002  3.378984076372E-003
  8.062558504629E+000  1.613613094717E-001  2.974799896263E-002 -9.979814797560E-003  3.220780114406E-003
  8.226191729726E+000  1.659334855793E-001  2.815738441845E-002 -9.465665600206E-003  3.064464373801E-003
  8.394483506327E+000  1.706797685137E-001  2.660705171709E-002 -8.962997344529E-003  2.910444316644E-003
  8.567612086926E+000  1.756085282071E-001  2.509815374699E-002 -8.472322021604E-003  2.759077629791E-003
  8.745764335025E+000  1.807286221064E-001  2.363177988808E-002 -7.994114554778E-003  2.610677250438E-003
  8.929136229160E+000  1.860494286260E-001  2.220895216069E-002 -7.528814714039E-003  2.465516351868E-003
  9.117933401693E+000  1.915808832504E-001  2.083062091275E-002 -7.076828631135E-003  2.323833145397E-003
  9.312371715124E+000  1.973335175235E-001  1.949766007138E-002 -6.638529870866E-003  2.185835372511E-003
  9.512677878945E+000  2.033185011886E-001  1.821086200252E-002 -6.214260033156E-003  2.051704382536E-003
  9.719090110332E+000  2.095476877688E-001  1.697093203945E-002 -5.804328880370E-003  1.921598715182E-003
  9.931858842267E+000  2.160336639044E-001  1.577848275758E-002 -5.409014003958E-003  1.795657132860E-003
  1.015124748302E+001  2.227898028021E-001  1.463402808742E-002 -5.028560063374E-003  1.674001073873E-003
  1.037753323129E+001  2.298303221843E-001  1.353797737099E-002 -4.663177647392E-003  1.556736523261E-003
  1.061100795175E+001  2.371703471699E-001  1.249062947751E-002 -4.313041822894E-003  1.443955322239E-003
  1.085197911611E+001  2.448259785618E-001  1.149216710244E-002 -3.978290448342E-003  1.335735958760E-003
  1.110077081537E+001  2.528143670735E-001  1.054265137929E-002 -3.659022337993E-003  1.232143900043E-003
  1.135772484956E+001  2.611537940784E-001  9.642016936229E-003 -3.355295368268E-003  1.133231542045E-003
  1.162320190175E+001  2.698637595360E-001  8.790067529106E-003 -3.067124619418E-003  1.039037860599E-003
  1.189758280382E+001  2.789650778206E-001  7.986472379815E-003 -2.794480643831E-003  9.495878539031E-004
  1.218126990242E+001  2.884799822596E-001  7.230763343274E-003 -2.537287947297E-003  8.648918663660E-004
  1.247468853413E+001  2.984322392826E-001  6.522333019130E-003 -2.295423761709E-003  7.849448798017E-004
  1.277828862002E+001  3.088472731875E-001  5.860433915023E-003 -2.068717177676E-003  7.097258501231E-004
  1.309254639077E+001  3.197523026463E-001  5.244178757808E-003 -1.856948693925E-003  6.391971568254E-004
  1.341796625462E+001  3.311764902095E-001  4.672542037542E-003 -1.659850228027E-003  5.733042195123E-004
  1.375508282195E+001  3.431511062169E-001  4.144362856734E-003 -1.477105620514E-003  5.119753215230E-004
  1.410446310162E+001  3.557097086969E-001  3.658349144220E-003 -1.308351652546E-003  4.551216663252E-004
  1.446670888596E+001  3.688883410292E-001  3.213083279159E-003 -1.153179586469E-003  4.026376786893E-004
  1.484245934302E+001  3.827257493700E-001  2.807029155722E-003 -1.011137229174E-003  3.544015505364E-004
  1.523239383723E+001  3.972636220891E-001  2.438540702649E-003 -8.817315103662E-004  3.102760213639E-004
  1.563723500136E+001  4.125468537596E-001  2.105871853452E-003 -7.644315614956E-004  2.701093756707E-004
  1.605775208607E+001  4.286238365683E-001  1.807187941933E-003 -6.586722759985E-004  2.337366349495E-004
  1.649476461582E+001  4.455467823929E-001  1.540578473177E-003 -5.638583271087E-004  2.009809194572E-004
  1.694914638379E+001  4.633720792263E-001  1.304071191678E-003 -4.793686152341E-004  1.716549547518E-004
  1.742182982203E+001  4.821606861220E-001  1.095647335273E-003 -4.045611120380E-004  1.455626993484E-004
  1.791381078784E+001  5.019785714107E-001  9.132579260186E-004 -3.387780622299E-004  1.225010721200E-004
  1.842615381215E+001  5.228971995942E-001  7.548409074210E-004 -2.813514960729E-004  1.022617605129E-004
  1.895999786176E+001  5.449940730840E-001  6.183388923774E-004 -2.316089953480E-004  8.463309255242E-005
  1.951656267356E+001  5.683533358366E-001  5.017172395682E-004 -1.888796428895E-004  6.940195636695E-005
  2.009715572669E+001  5.930664469535E-001  4.029821301091E-004 -1.525000710994E-004  5.635575011537E-005
  2.070317992707E+001  6.192329335039E-001  3.201982742566E-004 -1.218205087564E-004  4.528434256867E-005
  2.133614208874E+001  6.469612332096E-001  2.515058435886E-004 -9.621070912464E-005  3.598202023632E-005
  2.199766230782E+001  6.763696392388E-001  1.951362016174E-004 -7.506562740338E-005  2.824939122354E-005
  2.268948433818E+001  7.075873612439E-001  1.494259996103E-004 -5.781070386355E-005  2.189520961466E-005
  2.341348709294E+001  7.407557189842E-001  1.128292186236E-004 -4.390660267663E-005  1.673807801030E-005
  2.417169741362E+001  7.760294874639E-001  8.392677672147E-005 -3.285325754535E-005  1.260798097702E-005
  2.496630426925E+001  8.135784155747E-001  6.143338402167E-005 -2.419308557465E-005  9.347599724261E-006
  2.579967457140E+001  8.535889438281E-001  4.420141761715E-005 -1.751325159123E-005  6.813359344184E-006
  2.667437081864E+001  8.962661510291E-001  3.122170117136E-005 -1.244689666132E-005  4.876165220762E-006
  2.759317081651E+001  9.418359647997E-001  2.162120494361E-005 -8.673286077110E-006  3.421795113397E-006
  2.855908975674E+001  9.905476768748E-001  1.465782329448E-005 -5.916881508318E-006  2.350927778872E-006
  2.957540498378E+001  1.042676811269E+000  9.712528071258E-006 -3.945395990984E-006  1.578807021527E-006
  3.064568382919E+001  1.098528402000E+000  6.279325798014E-006 -2.566944503218E-006  1.034560338570E-006
  3.177381495601E+001  1.158440747351E+000  3.953552008193E-006 -1.626451920071E-006  6.602119174555E-007
  3.296404372807E+001  1.222789720048E+000  2.419106200279E-006 -1.001518924057E-006  4.094483956011E-007
  3.422101220608E+001  1.291993727721E+000  1.435257404442E-006 -5.979703981791E-007  2.462102516415E-007
  3.554980447538E+001  1.366519436102E+000  8.236291822343E-007 -3.453167816175E-007  1.431900528878E-007
  3.695599813319E+001  1.446888389511E+000  4.559054141146E-007 -1.923457216213E-007  8.031982640722E-008
  3.844572291106E+001  1.533684690030E+000  2.426915733625E-007 -1.030304460213E-007  4.332331119201E-008
  4.002572758518E+001  1.627563929686E+000  1.238325677778E-007 -5.289637022885E-008  2.239563238011E-008
  4.170345654134E+001  1.729263610453E+000  6.034338657618E-008 -2.593425289808E-008  1.105486268551E-008
  4.348713762001E+001  1.839615336740E+000  2.796956590891E-008 -1.209349971988E-008  5.189554931291E-009
  4.538588318162E+001  1.959559126947E+000  1.227609358015E-008 -5.339667892537E-009  2.306445591008E-009
  4.740980671574E+001  2.090160267552E+000  5.076866571169E-009 -2.221262284869E-009  9.656692739535E-010
  4.957015778746E+001  2.232629229408E+000  1.967395079506E-009 -8.657747245472E-010  3.787726543595E-010
  5.187947869225E+001  2.388345286640E+000  7.100185109615E-010 -3.142306963605E-010  1.383280264468E-010
  5.435178690397E+001  2.558884630889E+000  2.369930208887E-010 -1.054712132294E-010  4.671147974500E-011
  5.700278828629E+001  2.746053966795E+000  7.259929701148E-011 -3.248641445351E-011  1.447297168141E-011
  5.985012714155E+001  2.951930820846E+000  2.023425425536E-011 -9.102842353615E-012  4.078829505149E-012
  6.291368055481E+001  3.178912111311E+000  5.080976848775E-012 -2.297762498461E-012  1.035383256625E-012
  6.621590623276E+001  3.429772933797E+000  1.136855047945E-012 -5.167460524579E-013  2.341231259819E-013
  6.978225524452E+001  3.707738044625E+000  2.238256179273E-013 -1.022446710563E-013  4.657058769790E-014
  7.364166388185E+001  4.016569212832E+000  3.822613971939E-014 -1.754662648458E-014  8.033422543126E-015
  7.782714245929E+001  4.360672516382E+000  5.571591439943E-015 -2.569550979183E-015  1.182311028671E-015
  8.237648351994E+001  4.745230855210E+000  6.802344528108E-016 -3.151541719871E-016  1.457123596233E-016
  8.733311794503E+001  5.176368549127E+000  6.808887195884E-017 -3.168604659183E-017  1.471876670019E-017
  9.274715535088E+001  5.661357031559E+000  5.450920626878E-018 -2.547591412624E-018  1.188760705734E-018
  9.867665554529E+001  6.208873552072E+000  3.391278636881E-019 -1.591591275795E-019  7.459143739495E-020
  1.051891916055E+002  6.829328764649E+000  1.585726919092E-020 -7.472132274112E-021  3.516628714040E-021
  1.123637836013E+002  7.535284543316E+000  5.358775938496E-022 -2.534951310610E-022  1.197866250497E-022
  1.202933069206E+002  8.341990973528E+000  1.249927044900E-023 -5.934939962686E-024  2.815428396370E-024
  1.290875131414E+002  9.268082166539E+000  1.905681096828E-025 -9.081328147596E-026  4.324145197744E-026
  1.388768482001E+002  1.033648575811E+001  1.780146155629E-027 -8.512600699285E-028  4.067896016223E-028
  1.498173177370E+002  1.157562284364E+001  9.429093731552E-030 -4.524016783711E-030  2.169317404836E-030
  1.620967411853E+002  1.302100699722E+001  2.579785753632E-032 -1.241726681477E-032  5.973812432661E-033
  1.759428668168E+002  1.471739812515E+001  3.255753217105E-035 -1.571892191668E-035  7.585970069032E-036
  1.916340085825E+002  1.672173748087E+001  1.650397414104E-038 -7.991528766363E-039  3.868280293941E-039
  2.095131417987E+002  1.910719757888E+001  2.833456183617E-042 -1.375844754777E-042  6.678745441426E-043
  2.300068054477E+002  2.196884699990E+001  1.332502200586E-046 -6.487456078742E-047  3.157735582751E-047
  2.536507797910E+002  2.543169216868E+001  1.314684095279E-051 -6.416879364016E-052  3.131412982966E-052
  2.811254638474E+002  2.966227967912E+001  1.939247252054E-057 -9.487995699808E-058  4.641369511950E-058
  3.133053780630E+002  3.488573552677E+001  2.766338823309E-064 -1.356528160103E-064  6.651146094620E-065
  3.513296254502E+002  4.141128389041E+001  2.163256565940E-072 -1.063059078400E-072  5.223512550153E-073
  3.967041014106E+002  4.967130404214E+001  4.377377292092E-082 -2.155427992501E-082  1.061252219273E-082
  4.514529193349E+002  6.028257212519E+001  8.353260741927E-094 -4.120884437747E-094  2.032817343499E-094
  5.183481233601E+002  7.414493328740E+001  3.771358787314E-108 -1.863769676212E-108  9.210148553111E-109
  6.012676077950E+002  9.260523890243E+001  5.818143678831E-126 -2.879946264224E-126  1.425507562699E-126
  7.057700503752E+002  1.177394213729E+002  1.913363899446E-148 -9.485255602691E-149  4.702077679347E-149
  8.400513767914E+002  1.528577972397E+002  2.241333681683E-177 -1.112643044648E-177  5.523287755955E-178
  1.016602135495E+003  2.034537342122E+002  1.828466793885E-215 -9.088265730493E-216  4.517205339564E-216
  1.255220715580E+003  2.790860613466E+002  5.271520478406E-267 -2.623140175643E-267  1.305280198515E-267
  1.588815776243E+003  3.973705897531E+002  0.000000000000E+000  0.000000000000E+000  0.000000000000E+000
  2.075392011604E+003  5.931596040112E+002  0.000000000000E+000  0.000000000000E+000  0.000000000000E+000
  2.825079847529E+003  9.419154890021E+002  0.000000000000E+000  0.000000000000E+000  0.000000000000E+000
  4.068408296184E+003  1.627629972033E+003  0.000000000000E+000  0.000000000000E+000  0.000000000000E+000
  6.357262947674E+003  3.178964796686E+003  0.000000000000E+000  0.000000000000E+000  0.000000000000E+000
  1.130231930164E+004  7.535323971013E+003  0.000000000000E+000  0.000000000000E+000  0.000000000000E+000
  2.543105175140E+004  2.543171841285E+004  0.000000000000E+000  0.000000000000E+000  0.000000000000E+000
  1.017262069958E+005  2.034537473226E+005  0.000000000000E+000  0.000000000000E+000  0.000000000000E+000
