# 1st line: number of mesh points
# abcissa weight wavefunction wavefunction_1st wavefunction_2nd
500
# Principal QN=   2 , l=   0 , Occupation=   1.0000
  9.830308526508E-006  1.966074589941E-005 -1.630960443805E+000  5.048874577431E+000 -1.566101725464E+001
  3.932200719717E-005  3.932303800261E-005 -1.630811550728E+000  5.048412732442E+000 -1.565932101475E+001
  8.847741541455E-005  5.898842277178E-005 -1.630563412857E+000  5.047643061603E+000 -1.565649426358E+001
  1.573003992804E-004  7.865844718600E-005 -1.630216056076E+000  5.046565671116E+000 -1.565253747404E+001
  2.457963722417E-004  9.833465899987E-005 -1.629769516622E+000  5.045180709649E+000 -1.564745130811E+001
  3.539722959954E-004  1.180186070023E-004 -1.629223841079E+000  5.043488368315E+000 -1.564123661678E+001
  4.818366816528E-004  1.377118412759E-004 -1.628579086379E+000  5.041488880647E+000 -1.563389443986E+001
  6.293995911626E-004  1.574159134560E-004 -1.627835319793E+000  5.039182522574E+000 -1.562542600594E+001
  7.966726389934E-004  1.771323769912E-004 -1.626992618931E+000  5.036569612384E+000 -1.561583273212E+001
  9.836689940782E-004  1.968627874036E-004 -1.626051071734E+000  5.033650510686E+000 -1.560511622390E+001
  1.190403382016E-003  2.166087025496E-004 -1.625010776466E+000  5.030425620366E+000 -1.559327827490E+001
  1.416892087541E-003  2.363716828821E-004 -1.623871841714E+000  5.026895386538E+000 -1.558032086662E+001
  1.663152957245E-003  2.561532917128E-004 -1.622634386371E+000  5.023060296492E+000 -1.556624616822E+001
  1.929205402573E-003  2.759550954757E-004 -1.621298539637E+000  5.018920879627E+000 -1.555105653614E+001
  2.215070403074E-003  2.957786639908E-004 -1.619864441002E+000  5.014477707394E+000 -1.553475451384E+001
  2.520770509919E-003  3.156255707300E-004 -1.618332240241E+000  5.009731393221E+000 -1.551734283141E+001
  2.846329849692E-003  3.354973930828E-004 -1.616702097402E+000  5.004682592439E+000 -1.549882440521E+001
  3.191774128432E-003  3.553957126240E-004 -1.614974182794E+000  4.999332002199E+000 -1.547920233745E+001
  3.557130635959E-003  3.753221153821E-004 -1.613148676976E+000  4.993680361390E+000 -1.545847991576E+001
  3.942428250463E-003  3.952781921092E-004 -1.611225770744E+000  4.987728450542E+000 -1.543666061272E+001
  4.347697443358E-003  4.152655385525E-004 -1.609205665115E+000  4.981477091732E+000 -1.541374808540E+001
  4.772970284417E-003  4.352857557265E-004 -1.607088571318E+000  4.974927148479E+000 -1.538974617482E+001
  5.218280447175E-003  4.553404501876E-004 -1.604874710772E+000  4.968079525640E+000 -1.536465890540E+001
  5.683663214611E-003  4.754312343099E-004 -1.602564315076E+000  4.960935169291E+000 -1.533849048443E+001
  6.169155485101E-003  4.955597265624E-004 -1.600157625989E+000  4.953495066611E+000 -1.531124530139E+001
  6.674795778653E-003  5.157275517886E-004 -1.597654895411E+000  4.945760245756E+000 -1.528292792743E+001
  7.200624243425E-003  5.359363414876E-004 -1.595056385370E+000  4.937731775731E+000 -1.525354311461E+001
  7.746682662519E-003  5.561877340970E-004 -1.592362367998E+000  4.929410766249E+000 -1.522309579530E+001
  8.313014461060E-003  5.764833752781E-004 -1.589573125512E+000  4.920798367593E+000 -1.519159108139E+001
  8.899664713569E-003  5.968249182030E-004 -1.586688950197E+000  4.911895770467E+000 -1.515903426361E+001
  9.506680151615E-003  6.172140238444E-004 -1.583710144377E+000  4.902704205844E+000 -1.512543081072E+001
  1.013410917176E-002  6.376523612666E-004 -1.580637020399E+000  4.893224944803E+000 -1.509078636872E+001
  1.078200184380E-002  6.581416079202E-004 -1.577469900608E+000  4.883459298369E+000 -1.505510676002E+001
  1.145040991929E-002  6.786834499385E-004 -1.574209117322E+000  4.873408617339E+000 -1.501839798257E+001
  1.213938684040E-002  6.992795824361E-004 -1.570855012805E+000  4.863074292104E+000 -1.498066620897E+001
  1.284898774901E-002  7.199317098113E-004 -1.567407939248E+000  4.852457752468E+000 -1.494191778555E+001
  1.357926949620E-002  7.406415460502E-004 -1.563868258734E+000  4.841560467459E+000 -1.490215923141E+001
  1.433029065191E-002  7.614108150341E-004 -1.560236343214E+000  4.830383945133E+000 -1.486139723744E+001
  1.510211151509E-002  7.822412508494E-004 -1.556512574481E+000  4.818929732371E+000 -1.481963866530E+001
  1.589479412397E-002  8.031345981016E-004 -1.552697344137E+000  4.807199414675E+000 -1.477689054637E+001
  1.670840226680E-002  8.240926122311E-004 -1.548791053562E+000  4.795194615952E+000 -1.473316008065E+001
  1.754300149280E-002  8.451170598329E-004 -1.544794113887E+000  4.782916998293E+000 -1.468845463569E+001
  1.839865912351E-002  8.662097189796E-004 -1.540706945958E+000  4.770368261748E+000 -1.464278174541E+001
  1.927544426443E-002  8.873723795480E-004 -1.536529980305E+000  4.757550144094E+000 -1.459614910892E+001
  2.017342781695E-002  9.086068435487E-004 -1.532263657105E+000  4.744464420591E+000 -1.454856458933E+001
  2.109268249069E-002  9.299149254598E-004 -1.527908426151E+000  4.731112903743E+000 -1.450003621246E+001
  2.203328281612E-002  9.512984525641E-004 -1.523464746815E+000  4.717497443040E+000 -1.445057216563E+001
  2.299530515754E-002  9.727592652906E-004 -1.518933088006E+000  4.703619924698E+000 -1.440018079625E+001
  2.397882772639E-002  9.942992175591E-004 -1.514313928142E+000  4.689482271400E+000 -1.434887061057E+001
  2.498393059493E-002  1.015920177130E-003 -1.509607755100E+000  4.675086442017E+000 -1.429665027222E+001
  2.601069571024E-002  1.037624025957E-003 -1.504815066184E+000  4.660434431331E+000 -1.424352860083E+001
  2.705920690860E-002  1.059412660547E-003 -1.499936368080E+000  4.645528269746E+000 -1.418951457053E+001
  2.812954993023E-002  1.081287992318E-003 -1.494972176818E+000  4.630370023002E+000 -1.413461730854E+001
  2.922181243436E-002  1.103251947969E-003 -1.489923017723E+000  4.614961791867E+000 -1.407884609356E+001
  3.033608401473E-002  1.125306469854E-003 -1.484789425376E+000  4.599305711834E+000 -1.402221035423E+001
  3.147245621542E-002  1.147453516351E-003 -1.479571943568E+000  4.583403952805E+000 -1.396471966755E+001
  3.263102254705E-002  1.169695062249E-003 -1.474271125251E+000  4.567258718772E+000 -1.390638375722E+001
  3.381187850339E-002  1.192033099133E-003 -1.468887532496E+000  4.550872247486E+000 -1.384721249198E+001
  3.501512157837E-002  1.214469635775E-003 -1.463421736439E+000  4.534246810125E+000 -1.378721588386E+001
  3.624085128345E-002  1.237006698530E-003 -1.457874317235E+000  4.517384710946E+000 -1.372640408647E+001
  3.748916916538E-002  1.259646331739E-003 -1.452245864008E+000  4.500288286938E+000 -1.366478739319E+001
  3.876017882444E-002  1.282390598136E-003 -1.446536974798E+000  4.482959907465E+000 -1.360237623533E+001
  4.005398593302E-002  1.305241579266E-003 -1.440748256507E+000  4.465401973900E+000 -1.353918118028E+001
  4.137069825459E-002  1.328201375897E-003 -1.434880324850E+000  4.447616919252E+000 -1.347521292958E+001
  4.271042566323E-002  1.351272108452E-003 -1.428933804294E+000  4.429607207786E+000 -1.341048231699E+001
  4.407328016341E-002  1.374455917436E-003 -1.422909328007E+000  4.411375334637E+000 -1.334500030649E+001
  4.545937591035E-002  1.397754963880E-003 -1.416807537799E+000  4.392923825416E+000 -1.327877799025E+001
  4.686882923075E-002  1.421171429779E-003 -1.410629084064E+000  4.374255235802E+000 -1.321182658658E+001
  4.830175864396E-002  1.444707518548E-003 -1.404374625718E+000  4.355372151139E+000 -1.314415743779E+001
  4.975828488365E-002  1.468365455478E-003 -1.398044830143E+000  4.336277186012E+000 -1.307578200806E+001
  5.123853091993E-002  1.492147488203E-003 -1.391640373122E+000  4.316972983825E+000 -1.300671188122E+001
  5.274262198188E-002  1.516055887169E-003 -1.385161938778E+000  4.297462216368E+000 -1.293695875854E+001
  5.427068558066E-002  1.540092946119E-003 -1.378610219508E+000  4.277747583373E+000 -1.286653445647E+001
  5.582285153302E-002  1.564260982573E-003 -1.371985915919E+000  4.257831812066E+000 -1.279545090425E+001
  5.739925198530E-002  1.588562338332E-003 -1.365289736761E+000  4.237717656713E+000 -1.272372014165E+001
  5.900002143803E-002  1.612999379973E-003 -1.358522398860E+000  4.217407898153E+000 -1.265135431646E+001
  6.062529677088E-002  1.637574499364E-003 -1.351684627050E+000  4.196905343326E+000 -1.257836568213E+001
  6.227521726827E-002  1.662290114181E-003 -1.344777154100E+000  4.176212824793E+000 -1.250476659524E+001
  6.394992464542E-002  1.687148668440E-003 -1.337800720645E+000  4.155333200247E+000 -1.243056951294E+001
  6.564956307496E-002  1.712152633027E-003 -1.330756075116E+000  4.134269352022E+000 -1.235578699046E+001
  6.737427921404E-002  1.737304506249E-003 -1.323643973661E+000  4.113024186583E+000 -1.228043167840E+001
  6.912422223211E-002  1.762606814387E-003 -1.316465180073E+000  4.091600634017E+000 -1.220451632012E+001
  7.089954383907E-002  1.788062112257E-003 -1.309220465717E+000  4.070001647513E+000 -1.212805374902E+001
  7.270039831418E-002  1.813672983787E-003 -1.301910609447E+000  4.048230202840E+000 -1.205105688581E+001
  7.452694253540E-002  1.839442042599E-003 -1.294536397532E+000  4.026289297802E+000 -1.197353873566E+001
  7.637933600943E-002  1.865371932600E-003 -1.287098623576E+000  4.004181951705E+000 -1.189551238545E+001
  7.825774090225E-002  1.891465328589E-003 -1.279598088434E+000  3.981911204800E+000 -1.181699100081E+001
  8.016232207035E-002  1.917724936867E-003 -1.272035600135E+000  3.959480117728E+000 -1.173798782327E+001
  8.209324709253E-002  1.944153495867E-003 -1.264411973795E+000  3.936891770953E+000 -1.165851616722E+001
  8.405068630235E-002  1.970753776782E-003 -1.256728031535E+000  3.914149264190E+000 -1.157858941698E+001
  8.603481282122E-002  1.997528584221E-003 -1.248984602395E+000  3.891255715820E+000 -1.149822102366E+001
  8.804580259214E-002  2.024480756857E-003 -1.241182522247E+000  3.868214262306E+000 -1.141742450216E+001
  9.008383441408E-002  2.051613168108E-003 -1.233322633708E+000  3.845028057594E+000 -1.133621342796E+001
  9.214908997710E-002  2.078928726810E-003 -1.225405786049E+000  3.821700272510E+000 -1.125460143396E+001
  9.424175389809E-002  2.106430377918E-003 -1.217432835109E+000  3.798234094150E+000 -1.117260220727E+001
  9.636201375725E-002  2.134121103210E-003 -1.209404643200E+000  3.774632725259E+000 -1.109022948595E+001
  9.851006013526E-002  2.162003922007E-003 -1.201322079016E+000  3.750899383611E+000 -1.100749705568E+001
  1.006860866512E-001  2.190081891910E-003 -1.193186017543E+000  3.727037301371E+000 -1.092441874642E+001
  1.028902900012E-001  2.218358109541E-003 -1.184997339957E+000  3.703049724460E+000 -1.084100842904E+001
  1.051228699979E-001  2.246835711311E-003 -1.176756933536E+000  3.678939911905E+000 -1.075728001186E+001
  1.073840296104E-001  2.275517874190E-003 -1.168465691560E+000  3.654711135190E+000 -1.067324743721E+001
  1.096739750056E-001  2.304407816497E-003 -1.160124513212E+000  3.630366677593E+000 -1.058892467792E+001
  1.119929155896E-001  2.333508798707E-003 -1.151734303484E+000  3.605909833522E+000 -1.050432573375E+001
  1.143410640503E-001  2.362824124271E-003 -1.143295973071E+000  3.581343907841E+000 -1.041946462781E+001
  1.167186364011E-001  2.392357140448E-003 -1.134810438277E+000  3.556672215195E+000 -1.033435540297E+001
  1.191258520249E-001  2.422111239159E-003 -1.126278620907E+000  3.531898079320E+000 -1.024901211815E+001
  1.215629337189E-001  2.452089857854E-003 -1.117701448169E+000  3.507024832356E+000 -1.016344884465E+001
  1.240301077413E-001  2.482296480400E-003 -1.109079852569E+000  3.482055814151E+000 -1.007767966242E+001
  1.265276038575E-001  2.512734637975E-003 -1.100414771806E+000  3.456994371557E+000 -9.991718656292E+000
  1.290556553882E-001  2.543407909995E-003 -1.091707148667E+000  3.431843857726E+000 -9.905579912171E+000
  1.316144992580E-001  2.574319925047E-003 -1.082957930922E+000  3.406607631392E+000 -9.819277513200E+000
  1.342043760450E-001  2.605474361847E-003 -1.074168071212E+000  3.381289056163E+000 -9.732825535905E+000
  1.368255300316E-001  2.636874950214E-003 -1.065338526950E+000  3.355891499791E+000 -9.646238046290E+000
  1.394782092560E-001  2.668525472060E-003 -1.056470260205E+000  3.330418333449E+000 -9.559529095916E+000
  1.421626655646E-001  2.700429762411E-003 -1.047564237593E+000  3.304872931001E+000 -9.472712717944E+000
  1.448791546661E-001  2.732591710434E-003 -1.038621430171E+000  3.279258668266E+000 -9.385802923151E+000
  1.476279361856E-001  2.765015260497E-003 -1.029642813324E+000  3.253578922281E+000 -9.298813695925E+000
  1.504092737207E-001  2.797704413242E-003 -1.020629366654E+000  3.227837070561E+000 -9.211758990232E+000
  1.532234348983E-001  2.830663226680E-003 -1.011582073864E+000  3.202036490349E+000 -9.124652725556E+000
  1.560706914324E-001  2.863895817319E-003 -1.002501922652E+000  3.176180557873E+000 -9.037508782824E+000
  1.589513191834E-001  2.897406361298E-003 -9.933899045947E-001  3.150272647595E+000 -8.950341000306E+000
  1.618655982178E-001  2.931199095559E-003 -9.842470150306E-001  3.124316131459E+000 -8.863163169500E+000
  1.648138128702E-001  2.965278319033E-003 -9.750742529509E-001  3.098314378132E+000 -8.775989030991E+000
  1.677962518056E-001  2.999648393860E-003 -9.658726208818E-001  3.072270752255E+000 -8.688832270309E+000
  1.708132080832E-001  3.034313746623E-003 -9.566431247701E-001  3.046188613681E+000 -8.601706513759E+000
  1.738649792215E-001  3.069278869616E-003 -9.473867738678E-001  3.020071316719E+000 -8.514625324249E+000
  1.769518672648E-001  3.104548322136E-003 -9.381045806162E-001  2.993922209376E+000 -8.427602197103E+000
  1.800741788507E-001  3.140126731803E-003 -9.287975605298E-001  2.967744632593E+000 -8.340650555869E+000
  1.832322252791E-001  3.176018795904E-003 -9.194667320799E-001  2.941541919495E+000 -8.253783748120E+000
  1.864263225826E-001  3.212229282769E-003 -9.101131165782E-001  2.915317394627E+000 -8.167015041249E+000
  1.896567915983E-001  3.248763033179E-003 -9.007377380601E-001  2.889074373197E+000 -8.080357618269E+000
  1.929239580409E-001  3.285624961791E-003 -8.913416231675E-001  2.862816160326E+000 -7.993824573606E+000
  1.962281525771E-001  3.322820058613E-003 -8.819258010326E-001  2.836546050288E+000 -7.907428908902E+000
  1.995697109023E-001  3.360353390492E-003 -8.724913031601E-001  2.810267325764E+000 -7.821183528820E+000
  2.029489738173E-001  3.398230102644E-003 -8.630391633112E-001  2.783983257091E+000 -7.735101236855E+000
  2.063662873085E-001  3.436455420218E-003 -8.535704173861E-001  2.757697101518E+000 -7.649194731165E+000
  2.098220026275E-001  3.475034649885E-003 -8.440861033072E-001  2.731412102463E+000 -7.563476600401E+000
  2.133164763746E-001  3.513973181471E-003 -8.345872609032E-001  2.705131488781E+000 -7.477959319568E+000
  2.168500705817E-001  3.553276489620E-003 -8.250749317919E-001  2.678858474023E+000 -7.392655245895E+000
  2.204231527988E-001  3.592950135496E-003 -8.155501592647E-001  2.652596255717E+000 -7.307576614728E+000
  2.240360961807E-001  3.632999768520E-003 -8.060139881700E-001  2.626348014644E+000 -7.222735535455E+000
  2.276892795770E-001  3.673431128145E-003 -7.964674647984E-001  2.600116914118E+000 -7.138143987447E+000
  2.313830876220E-001  3.714250045674E-003 -7.869116367671E-001  2.573906099285E+000 -7.053813816042E+000
  2.351179108282E-001  3.755462446115E-003 -7.773475529050E-001  2.547718696417E+000 -6.969756728553E+000
  2.388941456809E-001  3.797074350078E-003 -7.677762631389E-001  2.521557812218E+000 -6.885984290319E+000
  2.427121947345E-001  3.839091875711E-003 -7.581988183791E-001  2.495426533144E+000 -6.802507920795E+000
  2.465724667110E-001  3.881521240686E-003 -7.486162704067E-001  2.469327924719E+000 -6.719338889687E+000
  2.504753766009E-001  3.924368764227E-003 -7.390296717604E-001  2.443265030875E+000 -6.636488313129E+000
  2.544213457654E-001  3.967640869177E-003 -7.294400756249E-001  2.417240873291E+000 -6.553967149920E+000
  2.584108020414E-001  4.011344084122E-003 -7.198485357190E-001  2.391258450750E+000 -6.471786197809E+000
  2.624441798480E-001  4.055485045557E-003 -7.102561061852E-001  2.365320738499E+000 -6.389956089836E+000
  2.665219202956E-001  4.100070500102E-003 -7.006638414798E-001  2.339430687632E+000 -6.308487290743E+000
  2.706444712976E-001  4.145107306769E-003 -6.910727962631E-001  2.313591224470E+000 -6.227390093439E+000
  2.748122876832E-001  4.190602439283E-003 -6.814840252916E-001  2.287805249974E+000 -6.146674615547E+000
  2.790258313137E-001  4.236562988450E-003 -6.718985833097E-001  2.262075639148E+000 -6.066350796013E+000
  2.832855712010E-001  4.282996164587E-003 -6.623175249434E-001  2.236405240477E+000 -5.986428391798E+000
  2.875919836279E-001  4.329909300005E-003 -6.527419045940E-001  2.210796875365E+000 -5.906916974646E+000
  2.919455522717E-001  4.377309851548E-003 -6.431727763330E-001  2.185253337596E+000 -5.827825927944E+000
  2.963467683296E-001  4.425205403192E-003 -6.336111937982E-001  2.159777392807E+000 -5.749164443660E+000
  3.007961306479E-001  4.473603668706E-003 -6.240582100900E-001  2.134371777977E+000 -5.670941519386E+000
  3.052941458522E-001  4.522512494374E-003 -6.145148776690E-001  2.109039200938E+000 -5.593165955465E+000
  3.098413284823E-001  4.571939861783E-003 -6.049822482548E-001  2.083782339895E+000 -5.515846352230E+000
  3.144382011281E-001  4.621893890671E-003 -5.954613727252E-001  2.058603842968E+000 -5.438991107338E+000
  3.190852945695E-001  4.672382841850E-003 -5.859533010165E-001  2.033506327756E+000 -5.362608413221E+000
  3.237831479192E-001  4.723415120192E-003 -5.764590820249E-001  2.008492380913E+000 -5.286706254642E+000
  3.285323087679E-001  4.774999277691E-003 -5.669797635082E-001  1.983564557744E+000 -5.211292406376E+000
  3.333333333333E-001  4.827144016591E-003 -5.575163919894E-001  1.958725381828E+000 -5.136374431004E+000
  3.381867866117E-001  4.879858192602E-003 -5.480700126598E-001  1.933977344653E+000 -5.061959676840E+000
  3.430932425333E-001  4.933150818173E-003 -5.386416692845E-001  1.909322905276E+000 -4.988055275976E+000
  3.480532841203E-001  4.987031065868E-003 -5.292324041068E-001  1.884764490001E+000 -4.914668142474E+000
  3.530675036492E-001  5.041508271801E-003 -5.198432577551E-001  1.860304492080E+000 -4.841804970680E+000
  3.581365028158E-001  5.096591939172E-003 -5.104752691497E-001  1.835945271441E+000 -4.769472233692E+000
  3.632608929041E-001  5.152291741875E-003 -5.011294754099E-001  1.811689154426E+000 -4.697676181960E+000
  3.684412949588E-001  5.208617528209E-003 -4.918069117623E-001  1.787538433563E+000 -4.626422842047E+000
  3.736783399619E-001  5.265579324662E-003 -4.825086114494E-001  1.763495367354E+000 -4.555718015529E+000
  3.789726690123E-001  5.323187339805E-003 -4.732356056389E-001  1.739562180091E+000 -4.485567278061E+000
  3.843249335105E-001  5.381451968273E-003 -4.639889233323E-001  1.715741061689E+000 -4.415975978596E+000
  3.897357953460E-001  5.440383794842E-003 -4.547695912755E-001  1.692034167549E+000 -4.346949238765E+000
  3.952059270903E-001  5.499993598618E-003 -4.455786338679E-001  1.668443618439E+000 -4.278491952432E+000
  4.007360121927E-001  5.560292357317E-003 -4.364170730727E-001  1.644971500401E+000 -4.210608785404E+000
  4.063267451812E-001  5.621291251662E-003 -4.272859283266E-001  1.621619864686E+000 -4.143304175321E+000
  4.119788318683E-001  5.683001669888E-003 -4.181862164497E-001  1.598390727701E+000 -4.076582331723E+000
  4.176929895600E-001  5.745435212354E-003 -4.091189515545E-001  1.575286070993E+000 -4.010447236282E+000
  4.234699472710E-001  5.808603696282E-003 -4.000851449553E-001  1.552307841251E+000 -3.944902643228E+000
  4.293104459435E-001  5.872519160606E-003 -3.910858050761E-001  1.529457950326E+000 -3.879952079949E+000
  4.352152386716E-001  5.937193870949E-003 -3.821219373589E-001  1.506738275285E+000 -3.815598847772E+000
  4.411850909306E-001  6.002640324729E-003 -3.731945441699E-001  1.484150658480E+000 -3.751846022936E+000
  4.472207808110E-001  6.068871256391E-003 -3.643046247054E-001  1.461696907645E+000 -3.688696457750E+000
  4.533230992589E-001  6.135899642772E-003 -3.554531748963E-001  1.439378796008E+000 -3.626152781942E+000
  4.594928503202E-001  6.203738708611E-003 -3.466411873109E-001  1.417198062436E+000 -3.564217404188E+000
  4.657308513924E-001  6.272401932198E-003 -3.378696510564E-001  1.395156411593E+000 -3.502892513848E+000
  4.720379334802E-001  6.341903051163E-003 -3.291395516787E-001  1.373255514122E+000 -3.442180082876E+000
  4.784149414579E-001  6.412256068427E-003 -3.204518710591E-001  1.351497006846E+000 -3.382081867937E+000
  4.848627343381E-001  6.483475258298E-003 -3.118075873102E-001  1.329882492992E+000 -3.322599412702E+000
  4.913821855461E-001  6.555575172733E-003 -3.032076746680E-001  1.308413542432E+000 -3.263734050343E+000
  4.979741832006E-001  6.628570647764E-003 -2.946531033822E-001  1.287091691940E+000 -3.205486906216E+000
  5.046396304008E-001  6.702476810086E-003 -2.861448396028E-001  1.265918445472E+000 -3.147858900730E+000
  5.113794455212E-001  6.777309083830E-003 -2.776838452639E-001  1.244895274458E+000 -3.090850752406E+000
  5.181945625116E-001  6.853083197508E-003 -2.692710779633E-001  1.224023618110E+000 -3.034462981126E+000
  5.250859312060E-001  6.929815191146E-003 -2.609074908395E-001  1.203304883742E+000 -2.978695911555E+000
  5.320545176366E-001  7.007521423604E-003 -2.525940324434E-001  1.182740447115E+000 -2.923549676754E+000
  5.391013043575E-001  7.086218580100E-003 -2.443316466064E-001  1.162331652773E+000 -2.869024221968E+000
  5.462272907741E-001  7.165923679926E-003 -2.361212723035E-001  1.142079814410E+000 -2.815119308583E+000
  5.534334934816E-001  7.246654084380E-003 -2.279638435117E-001  1.121986215235E+000 -2.761834518259E+000
  5.607209466109E-001  7.328427504912E-003 -2.198602890632E-001  1.102052108344E+000 -2.709169257228E+000
  5.680907021827E-001  7.411262011483E-003 -2.118115324929E-001  1.082278717107E+000 -2.657122760747E+000
  5.755438304707E-001  7.495176041166E-003 -2.038184918804E-001  1.062667235547E+000 -2.605694097718E+000
  5.830814203728E-001  7.580188406970E-003 -1.958820796855E-001  1.043218828732E+000 -2.554882175440E+000
  5.907045797917E-001  7.666318306912E-003 -1.880032025781E-001  1.023934633164E+000 -2.504685744521E+000
  5.984144360243E-001  7.753585333338E-003 -1.801827612602E-001  1.004815757163E+000 -2.455103403917E+000
  6.062121361613E-001  7.842009482502E-003 -1.724216502825E-001  9.858632812564E-001 -2.406133606097E+000
  6.140988474955E-001  7.931611164409E-003 -1.647207578525E-001  9.670782585584E-001 -2.357774662335E+000
  6.220757579409E-001  8.022411212936E-003 -1.570809656354E-001  9.484617151403E-001 -2.310024748111E+000
  6.301440764614E-001  8.114430896230E-003 -1.495031485483E-001  9.300146503965E-001 -2.262881908611E+000
  6.383050335109E-001  8.207691927403E-003 -1.419881745444E-001  9.117380373961E-001 -2.216344064328E+000
  6.465598814833E-001  8.302216475524E-003 -1.345369043912E-001  8.936328232224E-001 -2.170409016737E+000
  6.549098951744E-001  8.398027176926E-003 -1.271501914383E-001  8.756999292953E-001 -2.125074454048E+000
  6.633563722545E-001  8.495147146827E-003 -1.198288813776E-001  8.579402516761E-001 -2.080337957016E+000
  6.719006337539E-001  8.593599991288E-003 -1.125738119945E-001  8.403546613522E-001 -2.036197004809E+000
  6.805440245593E-001  8.693409819506E-003 -1.053858129097E-001  8.229440044975E-001 -1.992648980896E+000
  6.892879139233E-001  8.794601256469E-003 -9.826570531228E-002  8.057091027085E-001 -1.949691178979E+000
  6.981336959871E-001  8.897199455961E-003 -9.121430168289E-002  7.886507532123E-001 -1.907320808920E+000
  7.070827903152E-001  9.001230113956E-003 -8.423240550801E-002  7.717697290435E-001 -1.865535002675E+000
  7.161366424455E-001  9.106719482390E-003 -7.732081098453E-002  7.550667791896E-001 -1.824330820206E+000
  7.252967244510E-001  9.213694383338E-003 -7.048030271481E-002  7.385426287001E-001 -1.783705255364E+000
  7.345645355186E-001  9.322182223606E-003 -6.371165539228E-002  7.221979787585E-001 -1.743655241721E+000
  7.439416025400E-001  9.432211009745E-003 -5.701563347750E-002  7.060335067143E-001 -1.704177658350E+000
  7.534294807203E-001  9.543809363512E-003 -5.039299086489E-002  6.900498660721E-001 -1.665269335512E+000
  7.630297542000E-001  9.657006537783E-003 -4.384447054021E-002  6.742476864366E-001 -1.626927060263E+000
  7.727440366954E-001  9.771832432940E-003 -3.737080422888E-002  6.586275734111E-001 -1.589147581946E+000
  7.825739721536E-001  9.888317613741E-003 -3.097271203547E-002  6.431901084454E-001 -1.551927617548E+000
  7.925212354258E-001  1.000649332670E-002 -2.465090207467E-002  6.279358486349E-001 -1.515263856929E+000
  8.025875329584E-001  1.012639151798E-002 -1.840607009388E-002  6.128653264646E-001 -1.479152967877E+000
  8.127746035011E-001  1.024804485184E-002 -1.223889908807E-002  5.979790494999E-001 -1.443591600990E+000
  8.230842188350E-001  1.037148672960E-002 -6.150058907134E-003  5.832775000202E-001 -1.408576394364E+000
  8.335181845190E-001  1.049675130923E-002 -1.402058564514E-004  5.687611345947E-001 -1.374103978068E+000
  8.440783406568E-001  1.062387352550E-002  5.790017708923E-003  5.544303835993E-001 -1.340170978388E+000
  8.547665626839E-001  1.075288911077E-002  1.163998379564E-002  5.402856506724E-001 -1.306774021831E+000
  8.655847621758E-001  1.088383461638E-002  1.740907918838E-002  5.263273121106E-001 -1.273909738856E+000
  8.765348876780E-001  1.101674743475E-002  2.309670587020E-002  5.125557162014E-001 -1.241574767339E+000
  8.876189255584E-001  1.115166582209E-002  2.870228144618E-002  4.989711824940E-001 -1.209765755730E+000
  8.988389008829E-001  1.128862892191E-002  3.422523956920E-002  4.855740010077E-001 -1.178479365909E+000
  9.101968783143E-001  1.142767678917E-002  3.966503036694E-002  4.723644313778E-001 -1.147712275711E+000
  9.216949630368E-001  1.156885041525E-002  4.502112086898E-002  4.593427019395E-001 -1.117461181115E+000
  9.333353017046E-001  1.171219175365E-002  5.029299543259E-002  4.465090087509E-001 -1.087722798073E+000
  9.451200834176E-001  1.185774374655E-002  5.548015616619E-002  4.338635145557E-001 -1.058493863977E+000
  9.570515407237E-001  1.200555035216E-002  6.058212334883E-002  4.214063476878E-001 -1.029771138747E+000
  9.691319506484E-001  1.215565657299E-002  6.559843584437E-002  4.091376009188E-001 -1.001551405527E+000
  9.813636357544E-001  1.230810848498E-002  7.052865150873E-002  3.970573302516E-001 -9.738314709829E-001
  9.937489652293E-001  1.246295326757E-002  7.537234758858E-002  3.851655536619E-001 -9.466081651918E-001
  1.006290356005E+000  1.262023923477E-002  8.012912110971E-002  3.734622497920E-001 -9.198783411136E-001
  1.018990273907E+000  1.278001586715E-002  8.479858925333E-002  3.619473565986E-001 -8.936388736438E-001
  1.031851234841E+000  1.294233384499E-002  8.938038971828E-002  3.506207699611E-001 -8.678866582383E-001
  1.044875806003E+000  1.310724508236E-002  9.387418106737E-002  3.394823422525E-001 -8.426186091098E-001
  1.058066607138E+000  1.327480276248E-002  9.827964305559E-002  3.285318808803E-001 -8.178316569946E-001
  1.071426311823E+000  1.344506137405E-002  1.025964769383E-001  3.177691468004E-001 -7.935227464894E-001
  1.084957648792E+000  1.361807674895E-002  1.068244057572E-001  3.071938530130E-001 -7.696888329631E-001
  1.098663403298E+000  1.379390610110E-002  1.109631746013E-001  2.968056630443E-001 -7.463268790461E-001
  1.112546418516E+000  1.397260806657E-002  1.150125508422E-001  2.866041894234E-001 -7.234338507058E-001
  1.126609596985E+000  1.415424274514E-002  1.189723243390E-001  2.765889921601E-001 -7.010067129168E-001
  1.140855902095E+000  1.433887174317E-002  1.228423076128E-001  2.667595772333E-001 -6.790424249376E-001
  1.155288359613E+000  1.452655821788E-002  1.266223359874E-001  2.571153950981E-001 -6.575379352073E-001
  1.169910059257E+000  1.471736692327E-002  1.303122676933E-001  2.476558392203E-001 -6.364901758802E-001
  1.184724156317E+000  1.491136425740E-002  1.339119839344E-001  2.383802446488E-001 -6.158960570157E-001
  1.199733873325E+000  1.510861831145E-002  1.374213889131E-001  2.292878866354E-001 -5.957524604460E-001
  1.214942501771E+000  1.530919892035E-002  1.408404098131E-001  2.203779793128E-001 -5.760562333457E-001
  1.230353403874E+000  1.551317771520E-002  1.441689967371E-001  2.116496744426E-001 -5.568041815310E-001
  1.245970014403E+000  1.572062817747E-002  1.474071225972E-001  2.031020602423E-001 -5.379930625171E-001
  1.261795842559E+000  1.593162569510E-002  1.505547829562E-001  1.947341603066E-001 -5.196195783664E-001
  1.277834473907E+000  1.614624762054E-002  1.536119958184E-001  1.865449326320E-001 -5.016803683640E-001
  1.294089572372E+000  1.636457333079E-002  1.565788013665E-001  1.785332687585E-001 -4.841720015559E-001
  1.310564882294E+000  1.658668428962E-002  1.594552616456E-001  1.706979930406E-001 -4.670909691931E-001
  1.327264230548E+000  1.681266411190E-002  1.622414601911E-001  1.630378620609E-001 -4.504336771214E-001
  1.344191528724E+000  1.704259863026E-002  1.649375015993E-001  1.555515641975E-001 -4.341964381655E-001
  1.361350775387E+000  1.727657596408E-002  1.675435110413E-001  1.482377193600E-001 -4.183754645527E-001
  1.378746058390E+000  1.751468659100E-002  1.700596337182E-001  1.410948789056E-001 -4.029668604276E-001
  1.396381557275E+000  1.775702342093E-002  1.724860342582E-001  1.341215257477E-001 -3.879666145088E-001
  1.414261545744E+000  1.800368187279E-002  1.748228960549E-001  1.273160746703E-001 -3.733705929434E-001
  1.432390394201E+000  1.825475995395E-002  1.770704205480E-001  1.206768728595E-001 -3.591745324118E-001
  1.450772572390E+000  1.851035834267E-002  1.792288264470E-001  1.142022006638E-001 -3.453740335437E-001
  1.469412652102E+000  1.877058047342E-002  1.812983488986E-001  1.078902725937E-001 -3.319645546995E-001
  1.488315309978E+000  1.903553262542E-002  1.832792386007E-001  1.017392385724E-001 -3.189414061799E-001
  1.507485330398E+000  1.930532401444E-002  1.851717608641E-001  9.574718544533E-002 -3.062997449201E-001
  1.526927608467E+000  1.958006688797E-002  1.869761946257E-001  8.991213875788E-002 -2.940345697315E-001
  1.546647153093E+000  1.985987662391E-002  1.886928314153E-001  8.423206480939E-002 -2.821407171473E-001
  1.566649090169E+000  2.014487183303E-002  1.903219742814E-001  7.870487298890E-002 -2.706128579344E-001
  1.586938665861E+000  2.043517446518E-002  1.918639366796E-001  7.332841839815E-002 -2.594454943273E-001
  1.607521250000E+000  2.073090991960E-002  1.933190413284E-001  6.810050476538E-002 -2.486329580412E-001
  1.628402339588E+000  2.103220715932E-002  1.946876190403E-001  6.301888765190E-002 -2.381694091205E-001
  1.649587562420E+000  2.133919883002E-002  1.959700075313E-001  5.808127795161E-002 -2.280488356721E-001
  1.671082680832E+000  2.165202138333E-002  1.971665502198E-001  5.328534568195E-002 -2.182650545359E-001
  1.692893595565E+000  2.197081520497E-002  1.982775950197E-001  4.862872406259E-002 -2.088117129354E-001
  1.715026349769E+000  2.229572474776E-002  1.993034931384E-001  4.410901387604E-002 -1.996822911530E-001
  1.737487133138E+000  2.262689866987E-002  2.002445978882E-001  3.972378810230E-002 -1.908701062642E-001
  1.760282286187E+000  2.296448997842E-002  2.011012635208E-001  3.547059681679E-002 -1.823683169645E-001
  1.783418304674E+000  2.330865617868E-002  2.018738440964E-001  3.134697233904E-002 -1.741699295151E-001
  1.806901844175E+000  2.365955942924E-002  2.025626923986E-001  2.735043461618E-002 -1.662678048254E-001
  1.830739724818E+000  2.401736670327E-002  2.031681589070E-001  2.347849682343E-002 -1.586546666877E-001
  1.854938936184E+000  2.438224995616E-002  2.036905908399E-001  1.972867116026E-002 -1.513231111668E-001
  1.879506642368E+000  2.475438629994E-002  2.041303312812E-001  1.609847481873E-002 -1.442656171449E-001
  1.904450187236E+000  2.513395818467E-002  2.044877184047E-001  1.258543609732E-002 -1.374745580071E-001
  1.929777099847E+000  2.552115358717E-002  2.047630848095E-001  9.187100630766E-003 -1.309422144512E-001
  1.955495100083E+000  2.591616620741E-002  2.049567569827E-001  5.901037703753E-003 -1.246607883895E-001
  1.981612104475E+000  2.631919567292E-002  2.050690549023E-001  2.724846613354E-003 -1.186224179049E-001
  2.008136232230E+000  2.673044775156E-002  2.051002917968E-001 -3.438369575098E-004 -1.128191932118E-001
  2.035075811486E+000  2.715013457311E-002  2.050507740761E-001 -3.307334595952E-003 -1.072431735619E-001
  2.062439385788E+000  2.757847486001E-002  2.049208014490E-001 -6.167918887169E-003 -1.018864050254E-001
  2.090235720801E+000  2.801569416771E-002  2.047106672419E-001 -8.927807259783E-003 -9.674093906606E-002
  2.118473811262E+000  2.846202513514E-002  2.044206589338E-001 -1.158915599570E-002 -9.179885182053E-002
  2.147162888201E+000  2.891770774564E-002  2.040510589211E-001 -1.415405445353E-002 -8.705226397859E-002
  2.176312426413E+000  2.938298959899E-002  2.036021455266E-001 -1.662451955621E-002 -8.249336115352E-002
  2.205932152222E+000  2.985812619504E-002  2.030741942648E-001 -1.900249059459E-002 -7.811441462040E-002
  2.236032051522E+000  3.034338122938E-002  2.024674793743E-001 -2.128982439972E-002 -7.390780229123E-002
  2.266622378129E+000  3.083902690182E-002  2.017822756297E-001 -2.348829093699E-002 -6.986602978653E-002
  2.297713662445E+000  3.134534423818E-002  2.010188604404E-001 -2.559956937514E-002 -6.598175145548E-002
  2.329316720450E+000  3.186262342603E-002  2.001775162440E-001 -2.762524468274E-002 -6.224779118862E-002
  2.361442663038E+000  3.239116416519E-002  1.992585332000E-001 -2.956680480376E-002 -5.865716286162E-002
  2.394102905709E+000  3.293127603351E-002  1.982622121870E-001 -3.142563846217E-002 -5.520309024276E-002
  2.427309178642E+000  3.348327886897E-002  1.971888681043E-001 -3.320303364315E-002 -5.187902619340E-002
  2.461073537146E+000  3.404750316862E-002  1.960388334773E-001 -3.490017679599E-002 -4.867867098804E-002
  2.495408372530E+000  3.462429050548E-002  1.948124623607E-001 -3.651815279992E-002 -4.559598957960E-002
  2.530326423398E+000  3.521399396401E-002  1.935101345339E-001 -3.805794573012E-002 -4.262522763652E-002
  2.565840787378E+000  3.581697859546E-002  1.921322599778E-001 -3.952044045639E-002 -3.976092618062E-002
  2.601964933334E+000  3.643362189376E-002  1.906792836184E-001 -4.090642510101E-002 -3.699793465943E-002
  2.638712714049E+000  3.706431429322E-002  1.891516903210E-001 -4.221659437667E-002 -3.433142229280E-002
  2.676098379430E+000  3.770945968912E-002  1.875500101131E-001 -4.345155381794E-002 -3.175688754237E-002
  2.714136590232E+000  3.836947598236E-002  1.858748236127E-001 -4.461182491241E-002 -2.927016556310E-002
  2.752842432351E+000  3.904479564947E-002  1.841267676305E-001 -4.569785112950E-002 -2.686743350873E-002
  2.792231431696E+000  3.973586633921E-002  1.823065409174E-001 -4.671000483600E-002 -2.454521357799E-002
  2.832319569669E+000  4.044315149734E-002  1.804149100165E-001 -4.764859507824E-002 -2.230037370553E-002
  2.873123299289E+000  4.116713102086E-002  1.784527151832E-001 -4.851387620106E-002 -2.013012582051E-002
  2.914659561979E+000  4.190830194354E-002  1.764208763256E-001 -4.930605726372E-002 -1.803202161694E-002
  2.956945805065E+000  4.266717915414E-002  1.743203989197E-001 -5.002531220226E-002 -1.600394580272E-002
  3.000000000000E+000  4.344429614932E-002  1.721523798471E-001 -5.067179067757E-002 -1.404410681893E-002
  3.043840661365E+000  4.424020582308E-002  1.699180131001E-001 -5.124562953788E-002 -1.215102504710E-002
  3.088486866678E+000  4.505548129460E-002  1.676185952971E-001 -5.174696481348E-002 -1.032351854939E-002
  3.133958277047E+000  4.589071677685E-002  1.652555309487E-001 -5.217594415176E-002 -8.560686414763E-003
  3.180275158719E+000  4.674652848797E-002  1.628303374100E-001 -5.253273959046E-002 -6.861889813648E-003
  3.227458405560E+000  4.762355560797E-002  1.603446494589E-001 -5.281756055769E-002 -5.226730892098E-003
  3.275529562509E+000  4.852246128332E-002  1.578002234319E-001 -5.303066697891E-002 -3.655029666251E-003
  3.324510850077E+000  4.944393368200E-002  1.551989408546E-001 -5.317238236313E-002 -2.146799106125E-003
  3.374425189910E+000  5.038868710203E-002  1.525428115019E-001 -5.324310673401E-002 -7.022186256480E-004
  3.425296231502E+000  5.135746313639E-002  1.498339758229E-001 -5.324332926625E-002  6.783937778951E-004
  3.477148380094E+000  5.235103189784E-002  1.470747066705E-001 -5.317364048345E-002  1.994610467388E-003
  3.530006825834E+000  5.337019330676E-002  1.442674102761E-001 -5.303474387162E-002  3.245923902659E-003
  3.583897574256E+000  5.441577844603E-002  1.414146264145E-001 -5.282746676130E-002  4.431776861524E-003
  3.638847478148E+000  5.548865098670E-002  1.385190277082E-001 -5.255277033315E-002  5.551592820118E-003
  3.694884270887E+000  5.658970868864E-002  1.355834180273E-001 -5.221175860445E-002  6.604806155293E-003
  3.752036601308E+000  5.771988498079E-002  1.326107299455E-001 -5.180568625971E-002  7.590891823765E-003
  3.810334070199E+000  5.888015062562E-002  1.296040212224E-001 -5.133596519590E-002  8.509394169100E-003
  3.869807268505E+000  6.007151547295E-002  1.265664702894E-001 -5.080416966249E-002  9.359954508924E-003
  3.930487817331E+000  6.129503030858E-002  1.235013707254E-001 -5.021203988842E-002  1.014233716109E-002
  3.992408409843E+000  6.255178880352E-002  1.204121247196E-001 -4.956148410219E-002  1.085645357921E-002
  4.055602855172E+000  6.384292957002E-002  1.173022355289E-001 -4.885457886747E-002  1.150238428503E-002
  4.120106124432E+000  6.516963833101E-002  1.141752989473E-001 -4.809356767457E-002  1.208039830749E-002
  4.185954398964E+000  6.653315021009E-002  1.110349938181E-001 -4.728085774846E-002  1.259096986620E-002
  4.253185120935E+000  6.793475214960E-002  1.078850716315E-001 -4.641901505505E-002  1.303479206974E-002
  4.321837046422E+000  6.937578546490E-002  1.047293452593E-001 -4.551075751081E-002  1.341278743695E-002
  4.391950301120E+000  7.085764854355E-002  1.015716768954E-001 -4.455894642443E-002  1.372611509126E-002
  4.463566438835E+000  7.238179969882E-002  9.841596527689E-002 -4.356657622380E-002  1.397617452404E-002
  4.536728502895E+000  7.394976018725E-002  9.526613227635E-002 -4.253676254665E-002  1.416460587174E-002
  4.611481090679E+000  7.556311740127E-002  9.212610896295E-002 -4.147272879775E-002  1.429328670303E-002
  4.687870421430E+000  7.722352824817E-002  8.899982124176E-002 -4.037779129963E-002  1.436432536511E-002
  4.765944407533E+000  7.893272272784E-002  8.589117518776E-002 -3.925534318724E-002  1.438005099172E-002
  4.845752729492E+000  8.069250772248E-002  8.280404219859E-002 -3.810883721793E-002  1.434300032871E-002
  4.927346914797E+000  8.250477101257E-002  7.974224409521E-002 -3.694176768818E-002  1.425590158442E-002
  5.010780420931E+000  8.437148553436E-002  7.670953830354E-002 -3.575765166501E-002  1.412165556152E-002
  5.096108722763E+000  8.629471389541E-002  7.370960325175E-002 -3.456000975446E-002  1.394331437233E-002
  5.183389404586E+000  8.827661316581E-002  7.074602411736E-002 -3.335234663977E-002  1.372405808069E-002
  5.272682257105E+000  9.031943996425E-002  6.782227905625E-002 -3.213813162912E-002  1.346716964831E-002
  5.364049379651E+000  9.242555585946E-002  6.494172604043E-002 -3.092077945544E-002  1.317600859269E-002
  5.457555287978E+000  9.459743310926E-002  6.210759042486E-002 -2.970363156944E-002  1.285398378440E-002
  5.553267027968E+000  9.683766076100E-002  5.932295335419E-002 -2.848993816114E-002  1.250452582506E-002
  5.651254295630E+000  9.914895113938E-002  5.659074110923E-002 -2.728284113493E-002  1.213105945179E-002
  5.751589563796E+000  1.015341467494E-001  5.391371547949E-002 -2.608535824822E-002  1.173697640966E-002
  5.854348215936E+000  1.039962276248E-001  5.129446523349E-002 -2.490036860500E-002  1.132560922052E-002
  5.959608687557E+000  1.065383191537E-001  4.873539874170E-002 -2.373059967246E-002  1.090020625417E-002
  6.067452615683E+000  1.091637004188E-001  4.623873778983E-002 -2.257861596233E-002  1.046390847759E-002
  6.177964996951E+000  1.118758130872E-001  4.380651260137E-002 -2.144680948897E-002  1.001972821894E-002
  6.291234354880E+000  1.146782708938E-001  4.144055806980E-002 -2.033739208424E-002  9.570530237448E-003
  6.407352916949E+000  1.175748697626E-001  3.914251118214E-002 -1.925238961503E-002  9.119015338671E-003
  6.526416802128E+000  1.205695986129E-001  3.691380959739E-002 -1.819363811506E-002  8.667706717385E-003
  6.648526219580E+000  1.236666509049E-001  3.475569132625E-002 -1.716278180703E-002  8.218939150597E-003
  6.773785679311E+000  1.268704369821E-001  3.266919544310E-002 -1.616127295741E-002  7.774851100683E-003
  6.902304215570E+000  1.301855972713E-001  3.065516374747E-002 -1.519037347348E-002  7.337379726188E-003
  7.034195623922E+000  1.336170164087E-001  2.871424328128E-002 -1.425115812216E-002  6.908258736562E-003
  7.169578712934E+000  1.371698383673E-001  2.684688959961E-002 -1.334451922366E-002  6.489018968779E-003
  7.308577571516E+000  1.408494826628E-001  2.505337068754E-002 -1.247117265012E-002  6.080991510092E-003
  7.451321853057E+000  1.446616617293E-001  2.333377141387E-002 -1.163166494212E-002  5.685313143391E-003
  7.597947077547E+000  1.486123995567E-001  2.168799841386E-002 -1.082638134293E-002  5.302933851297E-003
  7.748594953021E+000  1.527080516973E-001  2.011578529837E-002 -1.005555454401E-002  4.934626083097E-003
  7.903413717736E+000  1.569553267535E-001  1.861669809512E-002 -9.319273934102E-003  4.580995465922E-003
  8.062558504629E+000  1.613613094717E-001  1.719014083953E-002 -8.617495149263E-003  4.242492628530E-003
  8.226191729726E+000  1.659334855793E-001  1.583536124684E-002 -7.950049731959E-003  3.919425803028E-003
  8.394483506327E+000  1.706797685137E-001  1.455145641419E-002 -7.316654723091E-003  3.611973876603E-003
  8.567612086926E+000  1.756085282071E-001  1.333737851970E-002 -6.716922031584E-003  3.320199581347E-003
  8.745764335025E+000  1.807286221064E-001  1.219194050536E-002 -6.150367450741E-003  3.044062534824E-003
  8.929136229160E+000  1.860494286260E-001  1.111382175038E-002 -5.616419218109E-003  2.783431875867E-003
  9.117933401693E+000  1.915808832504E-001  1.010157376110E-002 -5.114426045194E-003  2.538098277969E-003
  9.312371715124E+000  1.973335175235E-001  9.153625921894E-003 -4.643664573752E-003  2.307785164897E-003
  9.512677878945E+000  2.033185011886E-001  8.268291367161E-003 -4.203346245425E-003  2.092158998028E-003
  9.719090110332E+000  2.095476877688E-001  7.443773048030E-003 -3.792623600011E-003  1.890838550702E-003
  9.931858842267E+000  2.160336639044E-001  6.678170076419E-003 -3.410596043634E-003  1.703403129720E-003
  1.015124748302E+001  2.227898028021E-001  5.969484434627E-003 -3.056315150315E-003  1.529399746298E-003
  1.037753323129E+001  2.298303221843E-001  5.315628139014E-003 -2.728789578322E-003  1.368349276861E-003
  1.061100795175E+001  2.371703471699E-001  4.714430941965E-003 -2.426989695343E-003  1.219751686602E-003
  1.085197911611E+001  2.448259785618E-001  4.163648646790E-003 -2.149852013677E-003  1.083090414823E-003
  1.110077081537E+001  2.528143670735E-001  3.660972095742E-003 -1.896283537987E-003  9.578360400261E-004
  1.135772484956E+001  2.611537940784E-001  3.204036872159E-003 -1.665166123887E-003  8.434493541443E-004
  1.162320190175E+001  2.698637595360E-001  2.790433734410E-003 -1.455360935923E-003  7.393839793627E-004
  1.189758280382E+001  2.789650778206E-001  2.417719772502E-003 -1.265713079068E-003  6.450886579730E-004
  1.218126990242E+001  2.884799822596E-001  2.083430248794E-003 -1.095056459292E-003  5.600093364017E-004
  1.247468853413E+001  2.984322392826E-001  1.785091053231E-003 -9.422189071901E-004  4.835911499262E-004
  1.277828862002E+001  3.088472731875E-001  1.520231671994E-003 -8.060275749414E-004  4.152803958095E-004
  1.309254639077E+001  3.197523026463E-001  1.286398537678E-003 -6.853145923155E-004  3.545265609713E-004
  1.341796625462E+001  3.311764902095E-001  1.081168600186E-003 -5.789229430784E-004  3.007844472030E-004
  1.375508282195E+001  3.431511062169E-001  9.021629318450E-004 -4.857125001463E-004  2.535164136646E-004
  1.410446310162E+001  3.557097086969E-001  7.470601587514E-004 -4.045661372115E-004  2.121947341843E-004
  1.446670888596E+001  3.688883410292E-001  6.136094943649E-004 -3.343958172224E-004  1.763040467855E-004
  1.484245934302E+001  3.827257493700E-001  4.996431416055E-004 -2.741485448176E-004  1.453438557569E-004
  1.523239383723E+001  3.972636220891E-001  4.030878271551E-004 -2.228120611607E-004  1.188310330834E-004
  1.563723500136E+001  4.125468537596E-001  3.219752367928E-004 -1.794201560077E-004  9.630225659126E-005
  1.605775208607E+001  4.286238365683E-001  2.544511338338E-004 -1.430574734661E-004  7.731631688027E-005
  1.649476461582E+001  4.455467823929E-001  1.987829641944E-004 -1.128636947941E-004  6.145622401042E-005
  1.694914638379E+001  4.633720792263E-001  1.533657810770E-004 -8.803699355852E-005  4.833104774561E-005
  1.742182982203E+001  4.821606861220E-001  1.167263592839E-004 -6.783667518465E-005  3.757743159115E-005
  1.791381078784E+001  5.019785714107E-001  8.752541286321E-005 -5.158493384088E-005  2.886073040950E-005
  1.842615381215E+001  5.228971995942E-001  6.455787897145E-005 -3.866768401806E-005  2.187573350505E-005
  1.895999786176E+001  5.449940730840E-001  4.675128393703E-005 -2.853445121369E-005  1.634694910840E-005
  1.951656267356E+001  5.683533358366E-001  3.316226260600E-005 -2.069733479607E-005  1.202844149561E-005
  2.009715572669E+001  5.930664469535E-001  2.297135692768E-005 -1.472908524267E-005  8.703227846372E-006
  2.070317992707E+001  6.192329335039E-001  1.547627193237E-005 -1.026036625414E-005  6.182257657891E-006
  2.133614208874E+001  6.469612332096E-001  1.008381417993E-005 -6.976298403067E-006  4.303012360248E-006
  2.199766230782E+001  6.763696392388E-001  6.300776841875E-006 -4.612403644607E-006  2.927776012436E-006
  2.268948433818E+001  7.075873612439E-001  3.724064432565E-006 -2.950087919974E-006  1.941638922532E-006
  2.341348709294E+001  7.407557189842E-001  2.030366818105E-006 -1.811811111018E-006  1.250304134336E-006
  2.417169741362E+001  7.760294874639E-001  9.656950803092E-007 -1.056098901366E-006  7.777714780255E-007
  2.496630426925E+001  8.135784155747E-001  3.350804425010E-007 -5.725491711724E-007  4.639749809341E-007
  2.579967457140E+001  8.535889438281E-001 -7.287956386053E-009 -2.769763460703E-007  2.624467718885E-007
  2.667437081864E+001  8.962661510291E-001 -1.672488447922E-007 -1.068210853127E-007  1.380743275703E-007
  2.759317081651E+001  9.418359647997E-001 -2.189892401113E-007 -1.693079655983E-008  6.500840076131E-008
  2.855908975674E+001  9.905476768748E-001 -2.123665623582E-007  2.420984308615E-008  2.476689007354E-008
  2.957540498378E+001  1.042676811269E+000 -1.791588923292E-007  3.774805505702E-008  4.566127546628E-009
  3.064568382919E+001  1.098528402000E+000 -1.382284283850E-007  3.721086682734E-008 -4.103405651757E-009
  3.177381495601E+001  1.158440747351E+000 -9.963682498686E-008  3.073850977886E-008 -6.653994765057E-009
  3.296404372807E+001  1.222789720048E+000 -6.779606324498E-008  2.283413920329E-008 -6.339940177454E-009
  3.422101220608E+001  1.291993727721E+000 -4.377201947010E-008  1.567959342786E-008 -4.979187695064E-009
  3.554980447538E+001  1.366519436102E+000 -2.687839594527E-008  1.007959102930E-008 -3.484829718229E-009
  3.695599813319E+001  1.446888389511E+000 -1.570599077910E-008  6.102918506736E-009 -2.238221683471E-009
  3.844572291106E+001  1.533684690030E+000 -8.727624601911E-009  3.489163398531E-009 -1.336600279174E-009
  4.002572758518E+001  1.627563929686E+000 -4.604789365608E-009  1.884399597890E-009 -7.465194073172E-010
  4.170345654134E+001  1.729263610453E+000 -2.301390125996E-009  9.603806801966E-010 -3.907888348510E-010
  4.348713762001E+001  1.839615336740E+000 -1.086239183799E-009  4.609014422152E-010 -1.917009055873E-010
  4.538588318162E+001  1.959559126947E+000 -4.824151492490E-010  2.076569483551E-010 -8.796615587592E-011
  4.740980671574E+001  2.090160267552E+000 -2.007235498118E-010  8.749425251354E-011 -3.764524340002E-011
  4.957015778746E+001  2.232629229408E+000 -7.785435491447E-011  3.431475307417E-011 -1.496384896275E-011
  5.187947869225E+001  2.388345286640E+000 -2.798862574280E-011  1.245862662673E-011 -5.496984385688E-012
  5.435178690397E+001  2.558884630889E+000 -9.265141828044E-012  4.160948702148E-012 -1.854980093891E-012
  5.700278828629E+001  2.746053966795E+000 -2.803259962791E-012  1.269068085399E-012 -5.709939709524E-013
  5.985012714155E+001  2.951930820846E+000 -7.686816384404E-013  3.505366353541E-013 -1.590263073813E-013
  6.291368055481E+001  3.178912111311E+000 -1.892058933331E-013  8.685902863509E-014 -3.970023279825E-014
  6.621590623276E+001  3.429772933797E+000 -4.135146419280E-014  1.909978315295E-014 -8.789287828737E-015
  6.978225524452E+001  3.707738044625E+000 -7.925399734867E-015  3.681367897501E-015 -1.704619082481E-015
  7.364166388185E+001  4.016569212832E+000 -1.313317830743E-015  6.132337654031E-016 -2.855723493055E-016
  7.782714245929E+001  4.360672516382E+000 -1.851371906440E-016  8.686726354952E-017 -4.066536800651E-017
  8.237648351994E+001  4.745230855210E+000 -2.179264096278E-017  1.027149934962E-017 -4.831812583200E-018
  8.733311794503E+001  5.176368549127E+000 -2.096581541851E-018  9.923549767388E-019 -4.689203824482E-019
  9.274715535088E+001  5.661357031559E+000 -1.608216222567E-019  7.642109491979E-020 -3.626312433764E-020
  9.867665554529E+001  6.208873552072E+000 -9.557188965676E-021  4.558325610760E-021 -2.171474750553E-021
  1.051891916055E+002  6.829328764649E+000 -4.255303468076E-022  2.036638923085E-022 -9.737556939625E-023
  1.123637836013E+002  7.535284543316E+000 -1.364985809585E-023  6.554353368436E-024 -3.144497411732E-024
  1.202933069206E+002  8.341990973528E+000 -3.012349709554E-025  1.450915311316E-025 -6.983227958631E-026
  1.290875131414E+002  9.268082166539E+000 -4.331022854764E-027  2.092111546524E-027 -1.009965215799E-027
  1.388768482001E+002  1.033648575811E+001 -3.802160128045E-029  1.841664017023E-029 -8.915801933433E-030
  1.498173177370E+002  1.157562284364E+001 -1.885979572820E-031  9.158727944624E-032 -4.445699760784E-032
  1.620967411853E+002  1.302100699722E+001 -4.814283539591E-034  2.343605876142E-034 -1.140449017149E-034
  1.759428668168E+002  1.471739812515E+001 -5.646596602759E-037  2.755082009609E-037 -1.343840595368E-037
  1.916340085825E+002  1.672173748087E+001 -2.649230659688E-040  1.295405232205E-040 -6.332571887857E-041
  2.095131417987E+002  1.910719757888E+001 -4.191190833635E-044  2.053560214739E-044 -1.005971766680E-044
  2.300068054477E+002  2.196884699990E+001 -1.807744965070E-048  8.874416016736E-049 -4.355795844184E-049
  2.536507797910E+002  2.543169216868E+001 -1.627566067607E-053  8.004321698870E-054 -3.935951434654E-054
  2.811254638474E+002  2.966227967912E+001 -2.178767830193E-059  1.073328729892E-059 -5.286956931659E-060
  3.133053780630E+002  3.488573552677E+001 -2.803723005655E-066  1.383397954721E-066 -6.825278056215E-067
  3.513296254502E+002  4.141128389041E+001 -1.964800898264E-074  9.709048320391E-075 -4.797381525506E-075
  3.967041014106E+002  4.967130404214E+001 -3.536880082018E-084  1.750176194804E-084 -8.660032380504E-085
  4.514529193349E+002  6.028257212519E+001 -5.955187476198E-096  2.950656440703E-096 -1.461920403609E-096
  5.183481233601E+002  7.414493328740E+001 -2.350434714828E-110  1.165984289102E-110 -5.783937247468E-111
  6.012676077950E+002  9.260523890243E+001 -3.136598785765E-128  1.557705175778E-128 -7.735733559611E-129
  7.057700503752E+002  1.177394213729E+002 -8.814670293084E-151  4.382031477745E-151 -2.178400201283E-151
  8.400513767914E+002  1.528577972397E+002 -8.698981363203E-180  4.328556021699E-180 -2.153835860502E-180
  1.016602135495E+003  2.034537342122E+002 -5.878592978360E-218  2.927628827125E-218 -1.457992158008E-218
  1.255220715580E+003  2.790860613466E+002 -1.375633021366E-269  6.856090470484E-270 -3.417025625189E-270
  1.588815776243E+003  3.973705897531E+002  0.000000000000E+000  0.000000000000E+000  0.000000000000E+000
  2.075392011604E+003  5.931596040112E+002  0.000000000000E+000  0.000000000000E+000  0.000000000000E+000
  2.825079847529E+003  9.419154890021E+002  0.000000000000E+000  0.000000000000E+000  0.000000000000E+000
  4.068408296184E+003  1.627629972033E+003  0.000000000000E+000  0.000000000000E+000  0.000000000000E+000
  6.357262947674E+003  3.178964796686E+003  0.000000000000E+000  0.000000000000E+000  0.000000000000E+000
  1.130231930164E+004  7.535323971013E+003  0.000000000000E+000  0.000000000000E+000  0.000000000000E+000
  2.543105175140E+004  2.543171841285E+004  0.000000000000E+000  0.000000000000E+000  0.000000000000E+000
  1.017262069958E+005  2.034537473226E+005  0.000000000000E+000  0.000000000000E+000  0.000000000000E+000
