# 1st line: number of mesh points
# rho and r_seitz are calculated from total density
# zeta and r_seitz only correct of rho > 1d-12

# abcissa weight rho drho ddrho zeta r_seitz
500
  9.830308526508E-006  1.966074589941E-005  1.615533449534E+003 -1.955189769033E+004  2.420203496024E+005 -3.101746205070E-012  1.229141173290E-001
  3.932200719717E-005  3.932303800261E-005  1.614956936096E+003 -1.954476143291E+004  2.419299027133E+005 -3.099615252790E-012  1.229287417045E-001
  8.847741541455E-005  5.898842277178E-005  1.613996497590E+003 -1.953287297344E+004  2.417792269451E+005 -3.096036002976E-012  1.229531205442E-001
  1.573003992804E-004  7.865844718600E-005  1.612652759428E+003 -1.951624026067E+004  2.415684257932E+005 -3.090790622524E-012  1.229872611719E-001
  2.457963722417E-004  9.833465899987E-005  1.610926596330E+003 -1.949487441163E+004  2.412976440011E+005 -3.083869523339E-012  1.230311738471E-001
  3.539722959954E-004  1.180186070023E-004  1.608819131474E+003 -1.946878970049E+004  2.409670674105E+005 -3.075825547261E-012  1.230848717710E-001
  4.818366816528E-004  1.377118412759E-004  1.606331735397E+003 -1.943800354416E+004  2.405769227689E+005 -3.066079736362E-012  1.231483710940E-001
  6.293995911626E-004  1.574159134560E-004  1.603466024666E+003 -1.940253648479E+004  2.401274774949E+005 -3.055110468240E-012  1.232216909260E-001
  7.966726389934E-004  1.771323769912E-004  1.600223860296E+003 -1.936241216914E+004  2.396190394021E+005 -3.042260452243E-012  1.233048533470E-001
  9.836689940782E-004  1.968627874036E-004  1.596607345944E+003 -1.931765732485E+004  2.390519563804E+005 -3.028573231294E-012  1.233978834205E-001
  1.190403382016E-003  2.166087025496E-004  1.592618825857E+003 -1.926830173354E+004  2.384266160371E+005 -3.013029643682E-012  1.235008092086E-001
  1.416892087541E-003  2.363716828821E-004  1.588260882595E+003 -1.921437820105E+004  2.377434452966E+005 -2.995957808306E-012  1.236136617883E-001
  1.663152957245E-003  2.561532917128E-004  1.583536334524E+003 -1.915592252445E+004  2.370029099602E+005 -2.977615032699E-012  1.237364752703E-001
  1.929205402573E-003  2.759550954757E-004  1.578448233074E+003 -1.909297345629E+004  2.362055142263E+005 -2.958043429865E-012  1.238692868192E-001
  2.215070403074E-003  2.957786639908E-004  1.572999859785E+003 -1.902557266577E+004  2.353518001712E+005 -2.937211377526E-012  1.240121366756E-001
  2.520770509919E-003  3.156255707300E-004  1.567194723122E+003 -1.895376469715E+004  2.344423471918E+005 -2.914141795892E-012  1.241650681805E-001
  2.846329849692E-003  3.354973930828E-004  1.561036555086E+003 -1.887759692524E+004  2.334777714109E+005 -2.890170726806E-012  1.243281278009E-001
  3.191774128432E-003  3.553957126240E-004  1.554529307597E+003 -1.879711950822E+004  2.324587250447E+005 -2.865190708526E-012  1.245013651578E-001
  3.557130635959E-003  3.753221153821E-004  1.547677148686E+003 -1.871238533768E+004  2.313858957352E+005 -2.838429901308E-012  1.246848330562E-001
  3.942428250463E-003  3.952781921092E-004  1.540484458472E+003 -1.862344998602E+004  2.302600058468E+005 -2.810724170344E-012  1.248785875167E-001
  4.347697443358E-003  4.152655385525E-004  1.532955824944E+003 -1.853037165131E+004  2.290818117283E+005 -2.781365967978E-012  1.250826878093E-001
  4.772970284417E-003  4.352857557265E-004  1.525096039551E+003 -1.843321109959E+004  2.278521029422E+005 -2.751048220774E-012  1.252971964896E-001
  5.218280447175E-003  4.553404501876E-004  1.516910092603E+003 -1.833203160476E+004  2.265717014609E+005 -2.719127639463E-012  1.255221794363E-001
  5.683663214611E-003  4.754312343099E-004  1.508403168489E+003 -1.822689888608E+004  2.252414608316E+005 -2.685925036835E-012  1.257577058914E-001
  6.169155485101E-003  4.955597265624E-004  1.499580640715E+003 -1.811788104335E+004  2.238622653113E+005 -2.651463585567E-012  1.260038485026E-001
  6.674795778653E-003  5.157275517886E-004  1.490448066777E+003 -1.800504848999E+004  2.224350289715E+005 -2.616299501320E-012  1.262606833675E-001
  7.200624243425E-003  5.359363414876E-004  1.481011182865E+003 -1.788847388381E+004  2.209606947762E+005 -2.579543314053E-012  1.265282900802E-001
  7.746682662519E-003  5.561877340970E-004  1.471275898408E+003 -1.776823205590E+004  2.194402336310E+005 -2.541594999541E-012  1.268067517806E-001
  8.313014461060E-003  5.764833752781E-004  1.461248290468E+003 -1.764439993750E+004  2.178746434088E+005 -2.502708280094E-012  1.270961552049E-001
  8.899664713569E-003  5.968249182030E-004  1.450934597990E+003 -1.751705648495E+004  2.162649479483E+005 -2.462594542650E-012  1.273965907401E-001
  9.506680151615E-003  6.172140238444E-004  1.440341215906E+003 -1.738628260292E+004  2.146121960316E+005 -2.421508498087E-012  1.277081524796E-001
  1.013410917176E-002  6.376523612666E-004  1.429474689117E+003 -1.725216106600E+004  2.129174603381E+005 -2.379393519066E-012  1.280309382817E-001
  1.078200184380E-002  6.581416079202E-004  1.418341706345E+003 -1.711477643857E+004  2.111818363785E+005 -2.336110452491E-012  1.283650498310E-001
  1.145040991929E-002  6.786834499385E-004  1.406949093865E+003 -1.697421499331E+004  2.094064414094E+005 -2.291999878343E-012  1.287105927020E-001
  1.213938684040E-002  6.992795824361E-004  1.395303809132E+003 -1.683056462823E+004  2.075924133293E+005 -2.246679786021E-012  1.290676764256E-001
  1.284898774901E-002  7.199317098113E-004  1.383412934303E+003 -1.668391478249E+004  2.057409095589E+005 -2.200330071029E-012  1.294364145579E-001
  1.357926949620E-002  7.406415460502E-004  1.371283669661E+003 -1.653435635093E+004  2.038531059053E+005 -2.153053551904E-012  1.298169247529E-001
  1.433029065191E-002  7.614108150341E-004  1.358923326958E+003 -1.638198159761E+004  2.019301954128E+005 -2.104956524895E-012  1.302093288366E-001
  1.510211151509E-002  7.822412508494E-004  1.346339322676E+003 -1.622688406833E+004  1.999733872015E+005 -2.056655831789E-012  1.306137528853E-001
  1.589479412397E-002  8.031345981016E-004  1.333539171209E+003 -1.606915850226E+004  1.979839052942E+005 -2.007428072326E-012  1.310303273064E-001
  1.670840226680E-002  8.240926122311E-004  1.320530477992E+003 -1.590890074280E+004  1.959629874350E+005 -1.956263832302E-012  1.314591869221E-001
  1.754300149280E-002  8.451170598329E-004  1.307320932570E+003 -1.574620764784E+004  1.939118838982E+005 -1.905069743718E-012  1.319004710572E-001
  1.839865912351E-002  8.662097189796E-004  1.293918301615E+003 -1.558117699938E+004  1.918318562924E+005 -1.853194887367E-012  1.323543236291E-001
  1.927544426443E-002  8.873723795480E-004  1.280330421912E+003 -1.541390741274E+004  1.897241763580E+005 -1.801116162578E-012  1.328208932422E-001
  2.017342781695E-002  9.086068435487E-004  1.266565193301E+003 -1.524449824546E+004  1.875901247621E+005 -1.747626369449E-012  1.333003332848E-001
  2.109268249069E-002  9.299149254598E-004  1.252630571612E+003 -1.507304950592E+004  1.854309898906E+005 -1.694097654172E-012  1.337928020308E-001
  2.203328281612E-002  9.512984525641E-004  1.238534561566E+003 -1.489966176183E+004  1.832480666398E+005 -1.639394640017E-012  1.342984627438E-001
  2.299530515754E-002  9.727592652906E-004  1.224285209687E+003 -1.472443604882E+004  1.810426552088E+005 -1.584466182141E-012  1.348174837861E-001
  2.397882772639E-002  9.942992175591E-004  1.209890597197E+003 -1.454747377893E+004  1.788160598940E+005 -1.530024931932E-012  1.353500387313E-001
  2.498393059493E-002  1.015920177130E-003  1.195358832936E+003 -1.436887664949E+004  1.765695878875E+005 -1.473300530870E-012  1.358963064805E-001
  2.601069571024E-002  1.037624025957E-003  1.180698046288E+003 -1.418874655215E+004  1.743045480803E+005 -1.417356670084E-012  1.364564713832E-001
  2.705920690860E-002  1.059412660547E-003  1.165916380136E+003 -1.400718548245E+004  1.720222498720E+005 -1.360927096586E-012  1.370307233627E-001
  2.812954993023E-002  1.081287992318E-003  1.151021983850E+003 -1.382429544983E+004  1.697240019891E+005 -1.304262397398E-012  1.376192580453E-001
  2.922181243436E-002  1.103251947969E-003  1.136023006311E+003 -1.364017838826E+004  1.674111113116E+005 -1.246927210225E-012  1.382222768944E-001
  3.033608401473E-002  1.125306469854E-003  1.120927588995E+003 -1.345493606764E+004  1.650848817113E+005 -1.189579891447E-012  1.388399873497E-001
  3.147245621542E-002  1.147453516351E-003  1.105743859098E+003 -1.326867000596E+004  1.627466129015E+005 -1.132299432212E-012  1.394726029705E-001
  3.263102254705E-002  1.169695062249E-003  1.090479922733E+003 -1.308148138247E+004  1.603975993006E+005 -1.074649701296E-012  1.401203435849E-001
  3.381187850339E-002  1.192033099133E-003  1.075143858200E+003 -1.289347095174E+004  1.580391289097E+005 -1.016700171197E-012  1.407834354439E-001
  3.501512157837E-002  1.214469635775E-003  1.059743709330E+003 -1.270473895901E+004  1.556724822075E+005 -9.590623848793E-013  1.414621113803E-001
  3.624085128345E-002  1.237006698530E-003  1.044287478915E+003 -1.251538505655E+004  1.532989310610E+005 -9.012971509296E-013  1.421566109741E-001
  3.748916916538E-002  1.259646331739E-003  1.028783122230E+003 -1.232550822153E+004  1.509197376556E+005 -8.434932626502E-013  1.428671807233E-001
  3.876017882444E-002  1.282390598136E-003  1.013238540661E+003 -1.213520667511E+004  1.485361534448E+005 -7.857467838177E-013  1.435940742201E-001
  4.005398593302E-002  1.305241579266E-003  9.976615754310E+002 -1.194457780309E+004  1.461494181204E+005 -7.282186207744E-013  1.443375523345E-001
  4.137069825459E-002  1.328201375897E-003  9.820600014435E+002 -1.175371807818E+004  1.437607586052E+005 -6.707923957901E-013  1.450978834026E-001
  4.271042566323E-002  1.351272108452E-003  9.664415212445E+002 -1.156272298376E+004  1.413713880683E+005 -6.138754902483E-013  1.458753434229E-001
  4.407328016341E-002  1.374455917436E-003  9.508137591098E+002 -1.137168693955E+004  1.389825049648E+005 -5.570670090438E-013  1.466702162587E-001
  4.545937591035E-002  1.397754963880E-003  9.351842552648E+002 -1.118070322897E+004  1.365952921008E+005 -5.006097943823E-013  1.474827938477E-001
  4.686882923075E-002  1.421171429779E-003  9.195604602403E+002 -1.098986392841E+004  1.342109157241E+005 -4.445796509564E-013  1.483133764185E-001
  4.830175864396E-002  1.444707518548E-003  9.039497293733E+002 -1.079925983848E+004  1.318305246427E+005 -3.889966196646E-013  1.491622727154E-001
  4.975828488365E-002  1.468365455478E-003  8.883593174544E+002 -1.060898041722E+004  1.294552493701E+005 -3.336920360205E-013  1.500298002300E-001
  5.123853091993E-002  1.492147488203E-003  8.727963735307E+002 -1.041911371549E+004  1.270862013009E+005 -2.792034248155E-013  1.509162854417E-001
  5.274262198188E-002  1.516055887169E-003  8.572679358656E+002 -1.022974631443E+004  1.247244719148E+005 -2.249818430453E-013  1.518220640658E-001
  5.427068558066E-002  1.540092946119E-003  8.417809270641E+002 -1.004096326514E+004  1.223711320116E+005 -1.714524953552E-013  1.527474813110E-001
  5.582285153302E-002  1.564260982573E-003  8.263421493639E+002 -9.852848030680E+003  1.200272309769E+005 -1.188677448767E-013  1.536928921447E-001
  5.739925198530E-002  1.588562338332E-003  8.109582801002E+002 -9.665482430324E+003  1.176937960803E+005 -6.764083991337E-014  1.546586615688E-001
  5.900002143803E-002  1.612999379973E-003  7.956358673459E+002 -9.478946586211E+003  1.153718318049E+005 -1.593201478994E-014  1.556451649040E-001
  6.062529677088E-002  1.637574499364E-003  7.803813257316E+002 -9.293318872397E+003  1.130623192107E+005  3.423506686239E-014  1.566527880844E-001
  6.227521726827E-002  1.662290114181E-003  7.652009324499E+002 -9.108675866371E+003  1.107662153306E+005  8.401702612377E-014  1.576819279623E-001
  6.394992464542E-002  1.687148668440E-003  7.501008234446E+002 -8.925092303050E+003  1.084844526012E+005  1.329199403142E-013  1.587329926235E-001
  6.564956307496E-002  1.712152633027E-003  7.350869897914E+002 -8.742641031304E+003  1.062179383271E+005  1.799441937160E-013  1.598064017136E-001
  6.737427921404E-002  1.737304506249E-003  7.201652742688E+002 -8.561392973041E+003  1.039675541802E+005  2.264532525221E-013  1.609025867755E-001
  6.912422223211E-002  1.762606814387E-003  7.053413681251E+002 -8.381417084867E+003  1.017341557342E+005  2.715880993484E-013  1.620219915988E-001
  7.089954383907E-002  1.788062112257E-003  6.906208080414E+002 -8.202780322357E+003  9.951857203405E+004  3.165554619744E-013  1.631650725809E-001
  7.270039831418E-002  1.813672983787E-003  6.760089732930E+002 -8.025547606950E+003  9.732160520061E+004  3.593028175485E-013  1.643322991011E-001
  7.452694253540E-002  1.839442042599E-003  6.615110831111E+002 -7.849781795484E+003  9.514403007154E+004  4.012055571509E-013  1.655241539075E-001
  7.637933600943E-002  1.865371932600E-003  6.471321942464E+002 -7.675543652387E+003  9.298659387731E+004  4.415664514204E-013  1.667411335170E-001
  7.825774090225E-002  1.891465328589E-003  6.328771987337E+002 -7.502891824519E+003  9.085001595310E+004  4.809724676583E-013  1.679837486297E-001
  8.016232207035E-002  1.917724936867E-003  6.187508218612E+002 -7.331882818689E+003  8.873498748645E+004  5.185950274846E-013  1.692525245572E-001
  8.209324709253E-002  1.944153495867E-003  6.047576203419E+002 -7.162570981828E+003  8.664217130048E+004  5.550329207647E-013  1.705480016658E-001
  8.405068630235E-002  1.970753776782E-003  5.909019806897E+002 -6.995008483827E+003  8.457220167269E+004  5.899805708325E-013  1.718707358352E-001
  8.603481282122E-002  1.997528584221E-003  5.771881177984E+002 -6.829245303028E+003  8.252568418907E+004  6.232026326585E-013  1.732212989327E-001
  8.804580259214E-002  2.024480756857E-003  5.636200737243E+002 -6.665329214354E+003  8.050319563342E+004  6.554510678360E-013  1.746002793042E-001
  9.008383441408E-002  2.051613168108E-003  5.502017166709E+002 -6.503305780074E+003  7.850528391151E+004  6.850736721556E-013  1.760082822814E-001
  9.214908997710E-002  2.078928726810E-003  5.369367401750E+002 -6.343218343165E+003  7.653246800980E+004  7.139612325138E-013  1.774459307070E-001
  9.424175389809E-002  2.106430377918E-003  5.238286624938E+002 -6.185108023276E+003  7.458523798840E+004  7.401827884020E-013  1.789138654777E-001
  9.636201375725E-002  2.134121103210E-003  5.108808261900E+002 -6.029013715243E+003  7.266405500776E+004  7.657849154903E-013  1.804127461056E-001
  9.851006013526E-002  2.162003922007E-003  4.980963979142E+002 -5.874972090139E+003  7.076935138877E+004  7.893771766002E-013  1.819432512988E-001
  1.006860866512E-001  2.190081891910E-003  4.854783683824E+002 -5.723017598829E+003  6.890153070558E+004  8.110061464762E-013  1.835060795616E-001
  1.028902900012E-001  2.218358109541E-003  4.730295525465E+002 -5.573182477982E+003  6.706096791083E+004  8.300663535021E-013  1.851019498154E-001
  1.051228699979E-001  2.246835711311E-003  4.607525899544E+002 -5.425496758516E+003  6.524800949245E+004  8.485444107072E-013  1.867316020393E-001
  1.073840296104E-001  2.275517874190E-003  4.486499452977E+002 -5.279988276425E+003  6.346297366155E+004  8.642126542382E-013  1.883957979337E-001
  1.096739750056E-001  2.304407816497E-003  4.367239091449E+002 -5.136682685937E+003  6.170615057073E+004  8.781157095231E-013  1.900953216048E-001
  1.119929155896E-001  2.333508798707E-003  4.249765988541E+002 -4.995603474974E+003  5.997780256196E+004  8.900163211803E-013  1.918309802718E-001
  1.143410640503E-001  2.362824124271E-003  4.134099596651E+002 -4.856771982841E+003  5.827816444348E+004  8.999991157805E-013  1.936036049980E-001
  1.167186364011E-001  2.392357140448E-003  4.020257659645E+002 -4.720207420107E+003  5.660744379470E+004  9.077397022325E-013  1.954140514446E-001
  1.191258520249E-001  2.422111239159E-003  3.908256227216E+002 -4.585926890609E+003  5.496582129853E+004  9.138274973258E-013  1.972632006499E-001
  1.215629337189E-001  2.452089857854E-003  3.798109670901E+002 -4.453945415528E+003  5.335345110000E+004  9.174304793944E-013  1.991519598321E-001
  1.240301077413E-001  2.482296480400E-003  3.689830701722E+002 -4.324275959475E+003  5.177046119059E+004  9.196269864937E-013  2.010812632184E-001
  1.265276038575E-001  2.512734637975E-003  3.583430389388E+002 -4.196929458518E+003  5.021695381708E+004  9.179038170021E-013  2.030520728993E-001
  1.290556553882E-001  2.543407909995E-003  3.478918183042E+002 -4.071914850085E+003  4.869300591415E+004  9.160681886586E-013  2.050653797093E-001
  1.316144992580E-001  2.574319925047E-003  3.376301933472E+002 -3.949239104681E+003  4.719866955966E+004  9.110801321282E-013  2.071222041339E-001
  1.342043760450E-001  2.605474361847E-003  3.275587916755E+002 -3.828907259344E+003  4.573397245174E+004  9.038650607485E-013  2.092235972436E-001
  1.368255300316E-001  2.636874950214E-003  3.176780859285E+002 -3.710922452763E+003  4.429891840645E+004  8.945806625724E-013  2.113706416551E-001
  1.394782092560E-001  2.668525472060E-003  3.079883964113E+002 -3.595285961998E+003  4.289348787529E+004  8.830441039614E-013  2.135644525193E-001
  1.421626655646E-001  2.700429762411E-003  2.984898938574E+002 -3.481997240711E+003  4.151763848116E+004  8.699146694736E-013  2.158061785365E-001
  1.448791546661E-001  2.732591710434E-003  2.891826023113E+002 -3.371053958847E+003  4.017130557200E+004  8.534888431079E-013  2.180970029994E-001
  1.476279361856E-001  2.765015260497E-003  2.800664021282E+002 -3.262452043671E+003  3.885440279079E+004  8.359075519209E-013  2.204381448625E-001
  1.504092737207E-001  2.797704413242E-003  2.711410330828E+002 -3.156185722100E+003  3.756682266104E+004  8.154150448766E-013  2.228308598379E-001
  1.532234348983E-001  2.830663226680E-003  2.624060975838E+002 -3.052247564230E+003  3.630843718642E+004  7.933848469784E-013  2.252764415174E-001
  1.560706914324E-001  2.863895817319E-003  2.538610639849E+002 -2.950628527999E+003  3.507909846360E+004  7.685898427153E-013  2.277762225200E-001
  1.589513191834E-001  2.897406361298E-003  2.455052699901E+002 -2.851318004885E+003  3.387863930714E+004  7.416691359548E-013  2.303315756631E-001
  1.618655982178E-001  2.931199095559E-003  2.373379261435E+002 -2.754303866573E+003  3.270687388524E+004  7.131236141153E-013  2.329439151569E-001
  1.648138128702E-001  2.965278319033E-003  2.293581194008E+002 -2.659572512495E+003  3.156359836530E+004  6.817375152876E-013  2.356146978205E-001
  1.677962518056E-001  2.999648393860E-003  2.215648167743E+002 -2.567108918172E+003  3.044859156812E+004  6.493390748192E-013  2.383454243169E-001
  1.708132080832E-001  3.034313746623E-003  2.139568690451E+002 -2.476896684272E+003  2.936161562968E+004  6.129168364500E-013  2.411376404049E-001
  1.738649792215E-001  3.069278869616E-003  2.065330145384E+002 -2.388918086295E+003  2.830241666928E+004  5.758432538125E-013  2.439929382065E-001
  1.769518672648E-001  3.104548322136E-003  1.992918829531E+002 -2.303154124814E+003  2.727072546307E+004  5.363693070876E-013  2.469129574836E-001
  1.800741788507E-001  3.140126731803E-003  1.922319992413E+002 -2.219584576181E+003  2.626625812169E+004  4.954489818405E-013  2.498993869231E-001
  1.832322252791E-001  3.176018795904E-003  1.853517875309E+002 -2.138188043622E+003  2.528871677115E+004  4.524275421969E-013  2.529539654243E-001
  1.864263225826E-001  3.212229282769E-003  1.786495750849E+002 -2.058942008639E+003  2.433779023567E+004  4.067981184897E-013  2.560784833827E-001
  1.896567915983E-001  3.248763033179E-003  1.721235962922E+002 -1.981822882636E+003  2.341315472152E+004  3.603002221256E-013  2.592747839667E-001
  1.929239580409E-001  3.285624961791E-003  1.657719966823E+002 -1.906806058698E+003  2.251447450081E+004  3.122115550792E-013  2.625447643767E-001
  1.962281525771E-001  3.322820058613E-003  1.595928369597E+002 -1.833865963436E+003  2.164140259417E+004  2.617906521284E-013  2.658903770815E-001
  1.995697109023E-001  3.360353390492E-003  1.535840970503E+002 -1.762976108825E+003  2.079358145136E+004  2.107791604923E-013  2.693136310217E-001
  2.029489738173E-001  3.398230102644E-003  1.477436801557E+002 -1.694109143962E+003  1.997064362872E+004  1.579372019011E-013  2.728165927680E-001
  2.063662873085E-001  3.436455420218E-003  1.420694168076E+002 -1.627236906669E+003  1.917221246265E+004  1.013279011766E-013  2.764013876258E-001
  2.098220026275E-001  3.475034649885E-003  1.365590689187E+002 -1.562330474867E+003  1.839790273803E+004  4.630838799897E-014  2.800702006693E-001
  2.133164763746E-001  3.513973181471E-003  1.312103338226E+002 -1.499360217646E+003  1.764732135077E+004 -1.061397926151E-014  2.838252776910E-001
  2.168500705817E-001  3.553276489620E-003  1.260208482990E+002 -1.438295845976E+003  1.692006796352E+004 -6.985847671158E-014  2.876689260493E-001
  2.204231527988E-001  3.592950135496E-003  1.209881925767E+002 -1.379106462977E+003  1.621573565381E+004 -1.284387286075E-013  2.916035153939E-001
  2.240360961807E-001  3.632999768520E-003  1.161098943119E+002 -1.321760613688E+003  1.553391155358E+004 -1.887275679709E-013  2.956314782473E-001
  2.276892795770E-001  3.673431128145E-003  1.113834325338E+002 -1.266226334279E+003  1.487417747958E+004 -2.496200432847E-013  2.997553104161E-001
  2.313830876220E-001  3.714250045674E-003  1.068062415550E+002 -1.212471200630E+003  1.423611055364E+004 -3.113432281618E-013  3.039775712059E-001
  2.351179108282E-001  3.755462446115E-003  1.023757148400E+002 -1.160462376240E+003  1.361928381217E+004 -3.738174801306E-013  3.083008834067E-001
  2.388941456809E-001  3.797074350078E-003  9.808920882827E+001 -1.110166659383E+003  1.302326680423E+004 -4.364414836345E-013  3.127279330138E-001
  2.427121947345E-001  3.839091875711E-003  9.394404670759E+001 -1.061550529481E+003  1.244762617743E+004 -4.991132144728E-013  3.172614686449E-001
  2.465724667110E-001  3.881521240686E-003  8.993752213185E+001 -1.014580192629E+003  1.189192625115E+004 -5.614026894035E-013  3.219043006098E-001
  2.504753766009E-001  3.924368764227E-003  8.606690288090E+001 -9.692216262275E+002  1.135572957630E+004 -6.242136576608E-013  3.266592995817E-001
  2.544213457654E-001  3.967640869177E-003  8.232943445737E+001 -9.254406226780E+002  1.083859748132E+004 -6.871590093397E-013  3.315293948189E-001
  2.584108020414E-001  4.011344084122E-003  7.872234361709E+001 -8.832028320893E+002  1.034009060365E+004 -7.487012863589E-013  3.365175718720E-001
  2.624441798480E-001  4.055485045557E-003  7.524284182945E+001 -8.424738039656E+002  9.859769406422E+003 -8.097652628477E-013  3.416268697137E-001
  2.665219202956E-001  4.100070500102E-003  7.188812866417E+001 -8.032190278284E+002  9.397194679720E+003 -8.692983775115E-013  3.468603772145E-001
  2.706444712976E-001  4.145107306769E-003  6.865539510141E+001 -7.654039727415E+002  8.951928026228E+003 -9.284454445406E-013  3.522212288830E-001
  2.748122876832E-001  4.190602439283E-003  6.554182676210E+001 -7.289941257042E+002  8.523532330719E+003 -9.865362646798E-013  3.577125997824E-001
  2.790258313137E-001  4.236562988450E-003  6.254460705565E+001 -6.939550288833E+002  8.111572213166E+003 -1.043241655780E-012  3.633376995227E-001
  2.832855712010E-001  4.282996164587E-003  5.966092024251E+001 -6.602523156560E+002  7.715614465163E+003 -1.096941488853E-012  3.690997652225E-001
  2.875919836279E-001  4.329909300005E-003  5.688795440907E+001 -6.278517454400E+002  7.335228469408E+003 -1.150223825340E-012  3.750020533229E-001
  2.919455522717E-001  4.377309851548E-003  5.422290435265E+001 -5.967192372872E+002  6.969986602045E+003 -1.200205152144E-012  3.810478301253E-001
  2.963467683296E-001  4.425205403192E-003  5.166297437469E+001 -5.668209022242E+002  6.619464617693E+003 -1.247504225748E-012  3.872403609178E-001
  3.007961306479E-001  4.473603668706E-003  4.920538098020E+001 -5.381230743212E+002  6.283242017030E+003 -1.292771992651E-012  3.935828975392E-001
  3.052941458522E-001  4.522512494374E-003  4.684735548188E+001 -5.105923404766E+002  5.960902396835E+003 -1.333423497907E-012  4.000786642262E-001
  3.098413284823E-001  4.571939861783E-003  4.458614650756E+001 -4.841955689069E+002  5.652033782433E+003 -1.372442904284E-012  4.067308415723E-001
  3.144382011281E-001  4.621893890671E-003  4.241902240974E+001 -4.588999363317E+002  5.356228942514E+003 -1.407299002986E-012  4.135425484245E-001
  3.190852945695E-001  4.672382841850E-003  4.034327357608E+001 -4.346729538506E+002  5.073085686338E+003 -1.436909401704E-012  4.205168215295E-001
  3.237831479192E-001  4.723415120192E-003  3.835621464026E+001 -4.114824915066E+002  4.802207143369E+003 -1.461609868890E-012  4.276565927397E-001
  3.285323087679E-001  4.774999277691E-003  3.645518659237E+001 -3.892968015371E+002  4.543202025424E+003 -1.484910746149E-012  4.349646635829E-001
  3.333333333333E-001  4.827144016591E-003  3.463755878860E+001 -3.680845403130E+002  4.295684871434E+003 -1.500573450862E-012  4.424436769972E-001
  3.381867866117E-001  4.879858192602E-003  3.290073085981E+001 -3.478147889717E+002  4.059276274971E+003 -1.512623334256E-012  4.500960860388E-001
  3.430932425333E-001  4.933150818173E-003  3.124213451906E+001 -3.284570727486E+002  3.833603094700E+003 -1.518271955892E-012  4.579241193751E-001
  3.480532841203E-001  4.987031065868E-003  2.965923526815E+001 -3.099813790185E+002  3.618298647965E+003 -1.517548554094E-012  4.659297433906E-001
  3.530675036492E-001  5.041508271801E-003  2.814953400354E+001 -2.923581740551E+002  3.413002887735E+003 -1.511789885977E-012  4.741146207567E-001
  3.581365028158E-001  5.096591939172E-003  2.671056852210E+001 -2.755584185243E+002  3.217362563162E+003 -1.499197300779E-012  4.824800653440E-001
  3.632608929041E-001  5.152291741875E-003  2.533991492723E+001 -2.595535817255E+002  3.031031364025E+003 -1.480325702961E-012  4.910269934008E-001
  3.684412949588E-001  5.208617528209E-003  2.403518893641E+001 -2.443156545971E+002  2.853670049383E+003 -1.452854098269E-012  4.997558709761E-001
  3.736783399619E-001  5.265579324662E-003  2.279404709086E+001 -2.298171615077E+002  2.684946560738E+003 -1.420989018778E-012  5.086666576331E-001
  3.789726690123E-001  5.323187339805E-003  2.161418786863E+001 -2.160311708508E+002  2.524536120073E+003 -1.380786150289E-012  5.177587465896E-001
  3.843249335105E-001  5.381451968273E-003  2.049335270224E+001 -2.029313044685E+002  2.372121313124E+003 -1.331572933105E-012  5.270309015258E-001
  3.897357953460E-001  5.440383794842E-003  1.942932690234E+001 -1.904917459262E+002  2.227392158279E+003 -1.274120767966E-012  5.364811904248E-001
  3.952059270903E-001  5.499993598618E-003  1.841994048900E+001 -1.786872476642E+002  2.090046161490E+003 -1.211340409760E-012  5.461069169646E-001
  4.007360121927E-001  5.560292357317E-003  1.746306893203E+001 -1.674931370547E+002  1.959788357647E+003 -1.138153709030E-012  5.559045501467E-001
  4.063267451812E-001  5.621291251662E-003  1.655663380241E+001 -1.568853213904E+002  1.836331338804E+003 -1.056267432898E-012  5.658696530447E-001
  4.119788318683E-001  5.683001669888E-003  1.569860333646E+001 -1.468402918355E+002  1.719395269749E+003 -9.676348390083E-013  5.759968117703E-001
  4.176929895600E-001  5.745435212354E-003  1.488699291499E+001 -1.373351263699E+002  1.608707891329E+003 -8.712946741743E-013  5.862795659891E-001
  4.234699472710E-001  5.808603696282E-003  1.411986545924E+001 -1.283474917566E+002  1.504004512032E+003 -7.662813459534E-013  5.967103425700E-001
  4.293104459435E-001  5.872519160606E-003  1.339533174604E+001 -1.198556445673E+002  1.405027988283E+003 -6.548288791395E-013  6.072803942040E-001
  4.352152386716E-001  5.937193870949E-003  1.271155064429E+001 -1.118384312964E+002  1.311528693933E+003 -5.345888380800E-013  6.179797450875E-001
  4.411850909306E-001  6.002640324729E-003  1.206672927522E+001 -1.042752876006E+002  1.223264479442E+003 -4.062291103514E-013  6.287971460017E-001
  4.472207808110E-001  6.068871256391E-003  1.145912309875E+001 -9.714623669618E+001  1.140000621233E+003 -2.730621309884E-013  6.397200413304E-001
  4.533230992589E-001  6.135899642772E-003  1.088703592844E+001 -9.043188695023E+001  1.061509761715E+003 -1.333038255158E-013  6.507345507219E-001
  4.594928503202E-001  6.203738708611E-003  1.034881987764E+001 -8.411342870113E+001  9.875718404842E+002  1.313109125686E-014  6.618254681921E-001
  4.657308513924E-001  6.272401932198E-003  9.842875239289E+000 -7.817263034392E+001  9.179740171724E+002  1.633265586097E-013  6.729762814714E-001
  4.720379334802E-001  6.341903051163E-003  9.367650302113E+000 -7.259183371672E+001  8.525105864649E+002  3.158233090057E-013  6.841692142847E-001
  4.784149414579E-001  6.412256068427E-003  8.921641105760E+000 -6.735394882421E+001  7.909828857640E+002  4.738734978975E-013  6.953852940118E-001
  4.848627343381E-001  6.483475258298E-003  8.503391137632E+000 -6.244244793437E+001  7.331991959933E+002  6.321308415694E-013  7.066044467743E-001
  4.913821855461E-001  6.555575172733E-003  8.111490974071E+000 -5.784135908465E+001  6.789746360281E+002  7.912204157372E-013  7.178056214341E-001
  4.979741832006E-001  6.628570647764E-003  7.744577868640E+000 -5.353525903351E+001  6.281310512311E+002  9.517043718712E-013  7.289669432558E-001
  5.046396304008E-001  6.702476810086E-003  7.401335290200E+000 -4.950926569304E+001  5.804968965655E+002  1.108342692597E-012  7.400658970889E-001
  5.113794455212E-001  6.777309083830E-003  7.080492413525E+000 -4.574903007826E+001  5.359071147538E+002  1.261677581672E-012  7.510795388923E-001
  5.181945625116E-001  6.853083197508E-003  6.780823565156E+000 -4.224072780804E+001  4.942030099373E+002  1.410172197316E-012  7.619847332777E-001
  5.250859312060E-001  6.929815191146E-003  6.501147627221E+000 -3.897105019252E+001  4.552321172865E+002  1.552739978836E-012  7.727584135486E-001
  5.320545176366E-001  7.007521423604E-003  6.240327401894E+000 -3.592719494104E+001  4.188480689992E+002  1.689087241255E-012  7.833778595127E-001
  5.391013043575E-001  7.086218580100E-003  5.997268939171E+000 -3.309685652417E+001  3.849104571154E+002  1.815893167976E-012  7.938209872298E-001
  5.462272907741E-001  7.165923679926E-003  5.770920830614E+000 -3.046821622298E+001  3.532846935635E+002  1.934904224164E-012  8.040666438910E-001
  5.534334934816E-001  7.246654084380E-003  5.560273471648E+000 -2.802993189771E+001  3.238418678438E+002  2.038077536067E-012  8.140949002965E-001
  5.607209466109E-001  7.328427504912E-003  5.364358295010E+000 -2.577112750734E+001  2.964586027398E+002  2.132379911677E-012  8.238873329713E-001
  5.680907021827E-001  7.411262011483E-003  5.182246977868E+000 -2.368138241105E+001  2.710169084356E+002  2.212627736057E-012  8.334272878857E-001
  5.755438304707E-001  7.495176041166E-003  5.013050625084E+000 -2.175072048127E+001  2.474040354058E+002  2.278182101846E-012  8.427001180592E-001
  5.830814203728E-001  7.580188406970E-003  4.855918931083E+000 -1.996959905756E+001  2.255123264274E+002  2.329403852211E-012  8.516933880353E-001
  5.907045797917E-001  7.666318306912E-003  4.710039322676E+000 -1.832889776945E+001  2.052390680519E+002  2.365816013448E-012  8.603970392760E-001
  5.984144360243E-001  7.753585333338E-003  4.574636085184E+000 -1.681990725537E+001  1.864863418593E+002  2.385555493299E-012  8.688035119093E-001
  6.062121361613E-001  7.842009482502E-003  4.448969474110E+000 -1.543431780406E+001  1.691608758016E+002  2.387158085792E-012  8.769078198639E-001
  6.140988474955E-001  7.931611164409E-003  4.332334814565E+000 -1.416420794371E+001  1.531738959292E+002  2.376903226266E-012  8.847075781702E-001
  6.220757579409E-001  8.022411212936E-003  4.224061590567E+000 -1.300203300293E+001  1.384409787774E+002  2.347835139648E-012  8.922029829669E-001
  6.301440764614E-001  8.114430896230E-003  4.123512526292E+000 -1.194061366698E+001  1.248819046761E+002  2.304712070158E-012  8.993967464374E-001
  6.383050335109E-001  8.207691927403E-003  4.030082661245E+000 -1.097312455123E+001  1.124205122299E+002  2.247177543915E-012  9.062939904077E-001
  6.465598814833E-001  8.302216475524E-003  3.943198421291E+000 -1.009308281310E+001  1.009845542019E+002  2.174159471627E-012  9.129021035841E-001
  6.549098951744E-001  8.398027176926E-003  3.862316687363E+000 -9.294336822417E+000  9.050555501861E+001  2.092003784944E-012  9.192305683497E-001
  6.633563722545E-001  8.495147146827E-003  3.786923863628E+000 -8.571054909190E+000  8.091867009844E+001  1.990643226184E-012  9.252907636393E-001
  6.719006337539E-001  8.593599991288E-003  3.716534946791E+000 -7.917714206715E+000  7.216254719238E+001  1.883044814114E-012  9.310957506699E-001
  6.805440245593E-001  8.693409819506E-003  3.650692598143E+000 -7.329089606781E+000  6.417918991055E+001  1.765801638150E-012  9.366600482427E-001
  6.892879139233E-001  8.794601256469E-003  3.588966219885E+000 -6.800242842764E+000  5.691382359398E+001  1.638592007040E-012  9.419994039932E-001
  6.981336959871E-001  8.897199455961E-003  3.530951037173E+000 -6.326511715277E+000  5.031476367718E+001  1.504528699748E-012  9.471305673973E-001
  7.070827903152E-001  9.001230113956E-003  3.476267187244E+000 -5.903499474032E+000  4.433328667331E+001  1.360717103701E-012  9.520710696099E-001
  7.161366424455E-001  9.106719482390E-003  3.424558816928E+000 -5.527064368505E+000  3.892350390053E+001  1.214108283575E-012  9.568390143741E-001
  7.252967244510E-001  9.213694383338E-003  3.375493189731E+000 -5.193309378993E+000  3.404223805500E+001  1.064540095188E-012  9.614528833562E-001
  7.345645355186E-001  9.322182223606E-003  3.328759803632E+000 -4.898572138629E+000  2.964890272338E+001  9.097214880641E-013  9.659313583811E-001
  7.439416025400E-001  9.432211009745E-003  3.284069520631E+000 -4.639415055955E+000  2.570538491574E+001  7.555712339368E-013  9.702931622090E-001
  7.534294807203E-001  9.543809363512E-003  3.241153709027E+000 -4.412615646655E+000  2.217593068740E+001  6.008142038339E-013  9.745569187369E-001
  7.630297542000E-001  9.657006537783E-003  3.199763399309E+000 -4.215157082158E+000  1.902703390759E+001  4.451629582680E-013  9.787410328455E-001
  7.727440366954E-001  9.771832432940E-003  3.159668454477E+000 -4.044218961844E+000  1.622732822118E+001  2.915695362052E-013  9.828635895606E-001
  7.825739721536E-001  9.888317613741E-003  3.120656755541E+000 -3.897168314733E+000  1.374748223978E+001  1.408832666300E-013  9.869422717535E-001
  7.925212354258E-001  1.000649332670E-002  3.082533402860E+000 -3.771550835669E+000  1.156009798810E+001 -6.194851288825E-015  9.909942952715E-001
  8.025875329584E-001  1.012639151798E-002  3.045119933919E+000 -3.665082360160E+000  9.639612622254E+000 -1.516698153986E-013  9.950363601491E-001
  8.127746035011E-001  1.024804485184E-002  3.008253558066E+000 -3.575640581224E+000  7.962203427153E+000 -2.885303196351E-013  9.990846164072E-001
  8.230842188350E-001  1.037148672960E-002  2.971786408679E+000 -3.501257010851E+000  6.505696092073E+000 -4.226024729732E-013  1.003154642869E+000
  8.335181845190E-001  1.049675130923E-002  2.935584813150E+000 -3.440109187897E+000  5.249476254825E+000 -5.498196563663E-013  1.007261437410E+000
  8.440783406568E-001  1.062387352550E-002  2.899528581005E+000 -3.390513133549E+000  4.174404297632E+000 -6.705305729560E-013  1.011419417102E+000
  8.547665626839E-001  1.075288911077E-002  2.863510310461E+000 -3.350916054810E+000  3.262733370453E+000 -7.850432987962E-013  1.015642426773E+000
  8.655847621758E-001  1.088383461638E-002  2.827434713595E+000 -3.319889295800E+000  2.498030610839E+000 -8.907119577159E-013  1.019943754615E+000
  8.765348876780E-001  1.101674743475E-002  2.791217960304E+000 -3.296121536064E+000  1.865101523098E+000 -9.886617201718E-013  1.024336153580E+000
  8.876189255584E-001  1.115166582209E-002  2.754787041153E+000 -3.278412234499E+000  1.349917473751E+000 -1.078309386646E-012  1.028831867431E+000
  8.988389008829E-001  1.128862892191E-002  2.718079149161E+000 -3.265665316965E+000  9.395462549054E-001 -1.159532504150E-012  1.033442660453E+000
  9.101968783143E-001  1.142767678917E-002  2.681041080525E+000 -3.256883105143E+000  6.220856622249E-001 -1.232200303111E-012  1.038179849932E+000
  9.216949630368E-001  1.156885041525E-002  2.643628654256E+000 -3.251160483709E+000  3.866000296946E-001 -1.296506041461E-012  1.043054340656E+000
  9.333353017046E-001  1.171219175365E-002  2.605806150633E+000 -3.247679302483E+000  2.230596593102E-001 -1.350090727039E-012  1.048076660799E+000
  9.451200834176E-001  1.185774374655E-002  2.567545768359E+000 -3.245703009780E+000  1.222830801470E-001 -1.395115760269E-012  1.053256998636E+000
  9.570515407237E-001  1.200555035216E-002  2.528827100259E+000 -3.244571512822E+000  7.588206800786E-002 -1.430173903407E-012  1.058605239671E+000
  9.691319506484E-001  1.215565657299E-002  2.489636627341E+000 -3.243696260756E+000  7.620935396684E-002 -1.456700344305E-012  1.064131003799E+000
  9.813636357544E-001  1.230810848498E-002  2.449967230987E+000 -3.242555545477E+000  1.163089476337E-001 -1.473127053621E-012  1.069843682239E+000
  9.937489652293E-001  1.246295326757E-002  2.409817723043E+000 -3.240690015234E+000  1.898689988224E-001 -1.479334348811E-012  1.075752474016E+000
  1.006290356005E+000  1.262023923477E-002  2.369192393523E+000 -3.237698395704E+000  2.911771195228E-001 -1.478084039880E-012  1.081866421838E+000
  1.018990273907E+000  1.278001586715E-002  2.328100575650E+000 -3.233233413067E+000  4.150780866339E-001 -1.465831660705E-012  1.088194447265E+000
  1.031851234841E+000  1.294233384499E-002  2.286556227916E+000 -3.226997913398E+000  5.569338447967E-001 -1.445560773254E-012  1.094745385090E+000
  1.044875806003E+000  1.310724508236E-002  2.244577532844E+000 -3.218741172570E+000  7.125857278591E-001 -1.415120675038E-012  1.101528016922E+000
  1.058066607138E+000  1.327480276248E-002  2.202186512107E+000 -3.208255390747E+000  8.783188170036E-001 -1.377427084947E-012  1.108551103953E+000
  1.071426311823E+000  1.344506137405E-002  2.159408657660E+000 -3.195372365438E+000  1.050828353354E+000 -1.329342013281E-012  1.115823418942E+000
  1.084957648792E+000  1.361807674895E-002  2.116272578538E+000 -3.179960337064E+000  1.227188122933E+000 -1.274178813049E-012  1.123353777454E+000
  1.098663403298E+000  1.379390610110E-002  2.072809662944E+000 -3.161921000932E+000  1.404820732167E+000 -1.210805899999E-012  1.131151068419E+000
  1.112546418516E+000  1.397260806657E-002  2.029053755282E+000 -3.141186679494E+000  1.581469692705E+000 -1.138755517361E-012  1.139224284078E+000
  1.126609596985E+000  1.415424274514E-002  1.985040847753E+000 -3.117717648836E+000  1.755173235115E+000 -1.061094095219E-012  1.147582549403E+000
  1.140855902095E+000  1.433887174317E-002  1.940808786175E+000 -3.091499613331E+000  1.924239772051E+000 -9.752734262986E-013  1.156235151089E+000
  1.155288359613E+000  1.452655821788E-002  1.896396989635E+000 -3.062541322489E+000  2.087224932724E+000 -8.824308275976E-013  1.165191566206E+000
  1.169910059257E+000  1.471736692327E-002  1.851846183654E+000 -3.030872324105E+000  2.242910091920E+000 -7.851343626070E-013  1.174461490626E+000
  1.184724156317E+000  1.491136425740E-002  1.807198146483E+000 -2.996540847929E+000  2.390282318422E+000 -6.809276574844E-013  1.184054867334E+000
  1.199733873325E+000  1.510861831145E-002  1.762495468215E+000 -2.959611814172E+000  2.528515669468E+000 -5.723411256178E-013  1.193981914731E+000
  1.214942501771E+000  1.530919892035E-002  1.717781322362E+000 -2.920164961332E+000  2.656953759787E+000 -4.588170303876E-013  1.204253155056E+000
  1.230353403874E+000  1.551317771520E-002  1.673099249577E+000 -2.878293087953E+000  2.775093535810E+000 -3.417399522631E-013  1.214879443043E+000
  1.245970014403E+000  1.572062817747E-002  1.628492953213E+000 -2.834100403098E+000  2.882570187845E+000 -2.212274672605E-013  1.225871994941E+000
  1.261795842559E+000  1.593162569510E-002  1.584006106407E+000 -2.787700980496E+000  2.979143135264E+000 -9.819548366689E-014  1.237242418023E+000
  1.277834473907E+000  1.614624762054E-002  1.539682170404E+000 -2.739217311497E+000  3.064683022145E+000  2.595862292542E-014  1.249002740711E+000
  1.294089572372E+000  1.636457333079E-002  1.495564223828E+000 -2.688778952163E+000  3.139159663225E+000  1.515866306618E-013  1.261165443474E+000
  1.310564882294E+000  1.658668428962E-002  1.451694802645E+000 -2.636521260012E+000  3.202630882576E+000  2.771552418532E-013  1.273743490606E+000
  1.327264230548E+000  1.681266411190E-002  1.408115750538E+000 -2.582584216138E+000  3.255232189903E+000  4.032112094309E-013  1.286750363065E+000
  1.344191528724E+000  1.704259863026E-002  1.364868079464E+000 -2.527111328607E+000  3.297167242002E+000  5.258817289522E-013  1.300200092495E+000
  1.361350775387E+000  1.727657596408E-002  1.321991840132E+000 -2.470248613268E+000  3.328699039455E+000  6.478300509861E-013  1.314107296614E+000
  1.378746058390E+000  1.751468659100E-002  1.279526002188E+000 -2.412143648267E+000  3.350141811268E+000  7.664244384046E-013  1.328487216108E+000
  1.396381557275E+000  1.775702342093E-002  1.237508343874E+000 -2.352944698769E+000  3.361853542705E+000  8.818924240863E-013  1.343355753232E+000
  1.414261545744E+000  1.800368187279E-002  1.195975350941E+000 -2.292799908600E+000  3.364229104135E+000  9.909594523456E-013  1.358729512276E+000
  1.432390394201E+000  1.825475995395E-002  1.154962124614E+000 -2.231856555655E+000  3.357693941177E+000  1.094590836529E-012  1.374625842108E+000
  1.450772572390E+000  1.851035834267E-002  1.114502298400E+000 -2.170260368144E+000  3.342698288924E+000  1.192902045960E-012  1.391062880988E+000
  1.469412652102E+000  1.877058047342E-002  1.074627963535E+000 -2.108154898877E+000  3.319711875337E+000  1.282622388252E-012  1.408059603879E+000
  1.488315309978E+000  1.903553262542E-002  1.035369602868E+000 -2.045680954967E+000  3.289219081264E+000  1.364711538301E-012  1.425635872479E+000
  1.507485330398E+000  1.930532401444E-002  9.967560329903E-001 -1.982976080462E+000  3.251714526675E+000  1.437071559100E-012  1.443812488239E+000
  1.526927608467E+000  1.958006688797E-002  9.588143544068E-001 -1.920174089571E+000  3.207699054888E+000  1.500017610959E-012  1.462611248616E+000
  1.546647153093E+000  1.985987662391E-002  9.215699095492E-001 -1.857404648251E+000  3.157676088490E+000  1.550158552416E-012  1.482055006858E+000
  1.566649090169E+000  2.014487183303E-002  8.850462484287E-001 -1.794792902053E+000  3.102148332618E+000  1.591111071240E-012  1.502167735638E+000
  1.586938665861E+000  2.043517446518E-002  8.492651017227E-001 -1.732459148207E+000  3.041614802979E+000  1.618537161129E-012  1.522974594849E+000
  1.607521250000E+000  2.073090991960E-002  8.142463610819E-001 -1.670518550044E+000  2.976568157684E+000  1.633606570911E-012  1.544502003947E+000
  1.628402339588E+000  2.103220715932E-002  7.800080664439E-001 -1.609080891892E+000  2.907492313491E+000  1.635213501901E-012  1.566777719216E+000
  1.649587562420E+000  2.133919883002E-002  7.465664001261E-001 -1.548250372673E+000  2.834860328444E+000  1.622432136862E-012  1.589830916379E+000
  1.671082680832E+000  2.165202138333E-002  7.139356874686E-001 -1.488125436491E+000  2.759132534210E+000  1.595039688233E-012  1.613692279026E+000
  1.692893595565E+000  2.197081520497E-002  6.821284037881E-001 -1.428798638507E+000  2.680754902551E+000  1.553205857601E-012  1.638394093355E+000
  1.715026349769E+000  2.229572474776E-002  6.511551873941E-001 -1.370356544485E+000  2.600157631450E+000  1.495545370601E-012  1.663970349759E+000
  1.737487133138E+000  2.262689866987E-002  6.210248584118E-001 -1.312879662365E+000  2.517753937296E+000  1.423745933573E-012  1.690456851875E+000
  1.760282286187E+000  2.296448997842E-002  5.917444431468E-001 -1.256442404292E+000  2.433939040417E+000  1.336595369678E-012  1.717891333727E+000
  1.783418304674E+000  2.330865617868E-002  5.633192037174E-001 -1.201113077485E+000  2.349089331937E+000  1.234152241629E-012  1.746313585675E+000
  1.806901844175E+000  2.365955942924E-002  5.357526726721E-001 -1.146953902399E+000  2.263561710565E+000  1.116537902993E-012  1.775765589950E+000
  1.830739724818E+000  2.401736670327E-002  5.090466923022E-001 -1.094021056580E+000  2.177693078514E+000  9.842783748330E-013  1.806291666615E+000
  1.854938936184E+000  2.438224995616E-002  4.832014583506E-001 -1.042364742649E+000  2.091799986150E+000  8.385237375317E-013  1.837938630893E+000
  1.879506642368E+000  2.475438629994E-002  4.582155678125E-001 -9.920292788292E-001  2.006178415447E+000  6.789648124807E-013  1.870755962871E+000
  1.904450187236E+000  2.513395818467E-002  4.340860705159E-001 -9.430532104476E-001  1.921103692607E+000  5.070462509206E-013  1.904795990705E+000
  1.929777099847E+000  2.552115358717E-002  4.108085241661E-001 -8.954694408074E-001  1.836830520536E+000  3.234930344189E-013  1.940114088562E+000
  1.955495100083E+000  2.591616620741E-002  3.883770525336E-001 -8.493053798613E-001  1.753593122111E+000  1.292811610808E-013  1.976768890649E+000
  1.981612104475E+000  2.631919567292E-002  3.667844064621E-001 -8.045831090898E-001  1.671605485378E+000 -7.332687076578E-014  2.014822522820E+000
  2.008136232230E+000  2.673044775156E-002  3.460220273706E-001 -7.613195610065E-001  1.591061702059E+000 -2.858000592331E-013  2.054340853414E+000
  2.035075811486E+000  2.715013457311E-002  3.260801129270E-001 -7.195267117130E-001  1.512136390885E+000 -5.025418967251E-013  2.095393765139E+000
  2.062439385788E+000  2.757847486001E-002  3.069476845654E-001 -6.792117849403E-001  1.434985197478E+000 -7.239381482657E-013  2.138055450004E+000
  2.090235720801E+000  2.801569416771E-002  2.886126565290E-001 -6.403774660306E-001  1.359745362677E+000 -9.487066739940E-013  2.182404729524E+000
  2.118473811262E+000  2.846202513514E-002  2.710619061186E-001 -6.030221243342E-001  1.286536351368E+000 -1.173147619235E-012  2.228525402655E+000
  2.147162888201E+000  2.891770774564E-002  2.542813448360E-001 -5.671400425260E-001  1.215460534081E+000 -1.396612835405E-012  2.276506624183E+000
  2.176312426413E+000  2.938298959899E-002  2.382559901161E-001 -5.327216513794E-001  1.146603913805E+000 -1.615083424125E-012  2.326443316588E+000
  2.205932152222E+000  2.985812619504E-002  2.229700373511E-001 -4.997537685738E-001  1.080036890719E+000 -1.827446111890E-012  2.378436618736E+000
  2.236032051522E+000  3.034338122938E-002  2.084069319193E-001 -4.682198401631E-001  1.015815057736E+000 -2.030857460761E-012  2.432594375145E+000
  2.266622378129E+000  3.083902690182E-002  1.945494409413E-001 -4.381001833772E-001  9.539800200398E-001 -2.222449752866E-012  2.489031669961E+000
  2.297713662445E+000  3.134534423818E-002  1.813797244992E-001 -4.093722294932E-001  8.945602320878E-001 -2.399197559106E-012  2.547871410286E+000
  2.329316720450E+000  3.186262342603E-002  1.688794060667E-001 -3.820107655706E-001  8.375718458137E-001 -2.559198636262E-012  2.609244964028E+000
  2.361442663038E+000  3.239116416519E-002  1.570296419129E-001 -3.559881739157E-001  7.830195641297E-001 -2.698234132097E-012  2.673292858035E+000
  2.394102905709E+000  3.293127603351E-002  1.458111892548E-001 -3.312746682105E-001  7.308974941431E-001 -2.814842787538E-012  2.740165542978E+000
  2.427309178642E+000  3.348327886897E-002  1.352044729534E-001 -3.078385253179E-001  6.811899948732E-001 -2.906335516826E-012  2.810024232211E+000
  2.461073537146E+000  3.404750316862E-002  1.251896505598E-001 -2.856463118538E-001  6.338725146286E-001 -2.968340613366E-012  2.883041822728E+000
  2.495408372530E+000  3.462429050548E-002  1.157466755361E-001 -2.646631046986E-001  5.889124135925E-001 -3.000565813831E-012  2.959403907306E+000
  2.530326423398E+000  3.521399396401E-002  1.068553584932E-001 -2.448527047019E-001  5.462697675655E-001 -2.998802540192E-012  3.039309888102E+000
  2.565840787378E+000  3.581697859546E-002  9.849542630260E-002 -2.261778429212E-001  5.058981492183E-001 -2.960896590176E-012  3.122974203214E+000
  2.601964933334E+000  3.643362189376E-002  9.064657895798E-002 -2.086003788179E-001  4.677453836221E-001 -2.885203756596E-012  3.210627679227E+000
  2.638712714049E+000  3.706431429322E-002  8.328854407613E-002 -1.920814899190E-001  4.317542752308E-001 -2.770190831862E-012  3.302519024424E+000
  2.676098379430E+000  3.770945968912E-002  7.640112894604E-002 -1.765818525358E-001  3.978633039016E-001 -2.612854567404E-012  3.398916479285E+000
  2.714136590232E+000  3.836947598236E-002  6.996427004853E-002 -1.620618132132E-001  3.660072879425E-001 -2.413488814140E-012  3.500109643074E+000
  2.752842432351E+000  3.904479564947E-002  6.395807998460E-002 -1.484815506612E-001  3.361180125698E-001 -2.170042563807E-012  3.606411497880E+000
  2.792231431696E+000  3.973586633921E-002  5.836289176529E-002 -1.358012279957E-001  3.081248225400E-001 -1.882539448462E-012  3.718160654357E+000
  2.832319569669E+000  4.044315149734E-002  5.315930042912E-002 -1.239811351905E-001  2.819551780901E-001 -1.551547174680E-012  3.835723846776E+000
  2.873123299289E+000  4.116713102086E-002  4.832820196624E-002 -1.129818217074E-001  2.575351736694E-001 -1.177200657245E-012  3.959498708866E+000
  2.914659561979E+000  4.190830194354E-002  4.385082953997E-002 -1.027642193364E-001  2.347900192761E-001 -7.591496866360E-013  4.089916866378E+000
  2.956945805065E+000  4.266717915414E-002  3.970878700752E-002 -9.328975533658E-002  2.136444845200E-001 -3.012595949625E-013  4.227447387504E+000
  3.000000000000E+000  4.344429614932E-002  3.588407975126E-002 -8.452045601972E-002  1.940233058180E-001  1.961735653892E-013  4.372600638253E+000
  3.043840661365E+000  4.424020582308E-002  3.235914284076E-002 -7.641904096782E-002  1.758515573871E-001  7.280027446862E-013  4.525932596912E+000
  3.088486866678E+000  4.505548129460E-002  2.911686655362E-002 -6.894900811527E-002  1.590549869295E-001  1.292662972128E-012  4.688049689785E+000
  3.133958277047E+000  4.589071677685E-002  2.614061928988E-002 -6.207470996322E-002  1.435603171107E-001  1.884061492971E-012  4.859614219966E+000
  3.180275158719E+000  4.674652848797E-002  2.341426792047E-002 -5.576142122256E-002  1.292955141044E-001  2.497813190988E-012  5.041350471929E+000
  3.227458405560E+000  4.762355560797E-002  2.092219561542E-002 -4.997539820585E-002  1.161900246256E-001  3.128724707924E-012  5.234051587781E+000
  3.275529562509E+000  4.852246128332E-002  1.864931720135E-002 -4.468393030654E-002  1.041749829900E-001  3.767231798277E-012  5.438587326266E+000
  3.324510850077E+000  4.944393368200E-002  1.658109210157E-002 -3.985538391671E-002  9.318338982780E-002  4.409338973010E-012  5.655912833640E+000
  3.374425189910E+000  5.038868710203E-002  1.470353491494E-002 -3.545923914215E-002  8.315026414180E-002  5.043469270605E-012  5.887078576729E+000
  3.425296231502E+000  5.135746313639E-002  1.300322369196E-002 -3.146611967676E-002  7.401277043704E-002  5.662401287586E-012  6.133241613668E+000
  3.477148380094E+000  5.235103189784E-002  1.146730596892E-002 -2.784781619765E-002  6.571032266021E-002  6.255170008048E-012  6.395678407557E+000
  3.530006825834E+000  5.337019330676E-002  1.008350262300E-002 -2.457730363763E-002  5.818466667744E-002  6.809779228373E-012  6.675799423764E+000
  3.583897574256E+000  5.441577844603E-002  8.840109612682E-003 -2.162875268491E-002  5.137994298886E-002  7.317243695844E-012  6.975165793839E+000
  3.638847478148E+000  5.548865098670E-002  7.725997670516E-003 -1.897753584999E-002  4.524273133039E-002  7.763035840542E-012  7.295508379501E+000
  3.694884270887E+000  5.658970868864E-002  6.730610016841E-003 -1.660022842886E-002  3.972207875048E-002  8.134870874168E-012  7.638749630763E+000
  3.752036601308E+000  5.771988498079E-002  5.843958166014E-003 -1.447460467950E-002  3.476951267495E-002  8.419287159731E-012  8.007028705057E+000
  3.810334070199E+000  5.888015062562E-002  5.056615899335E-003 -1.257962951606E-002  3.033904038925E-002  8.600947118171E-012  8.402730402062E+000
  3.869807268505E+000  6.007151547295E-002  4.359711482239E-003 -1.089544601303E-002  2.638713627701E-002  8.667725530407E-012  8.828518575169E+000
  3.930487817331E+000  6.129503030858E-002  3.744918207136E-003 -9.403358999924E-003  2.287271806040E-002  8.602991962518E-012  9.287374809490E+000
  3.992408409843E+000  6.255178880352E-002  3.204443347523E-003 -8.085815016777E-003  1.975711319293E-002  8.390644988835E-012  9.782643313289E+000
  4.055602855172E+000  6.384292957002E-002  2.731015613795E-003 -6.926378891819E-003  1.700401646288E-002  8.017730460754E-012  1.031808316157E+001
  4.120106124432E+000  6.516963833101E-002  2.317871206316E-003 -5.909707195436E-003  1.457943977576E-002  7.466629531166E-012  1.089792926571E+001
  4.185954398964E+000  6.653315021009E-002  1.958738566893E-003 -5.021518819600E-003  1.245165500120E-002  6.724611224654E-012  1.152696373251E+001
  4.253185120935E+000  6.793475214960E-002  1.647821935528E-003 -4.248562928651E-003  1.059113069305E-002  5.775974324756E-012  1.221059963343E+001
  4.321837046422E+000  6.937578546490E-002  1.379783825230E-003 -3.578584526246E-003  8.970463423174E-003  4.605752363235E-012  1.295497964812E+001
  4.391950301120E+000  7.085764854355E-002  1.149726533506E-003 -3.000287883956E-003  7.564304410567E-003  3.200194468268E-012  1.376709259836E+001
  4.463566438835E+000  7.238179969882E-002  9.531728147741E-004 -2.503298079280E-003  6.349282077336E-003  1.549513778169E-012  1.465491157828E+001
  4.536728502895E+000  7.394976018725E-002  7.860458431334E-004 -2.078120894414E-003  5.303921122457E-003 -3.568968840447E-013  1.562755825336E+001
  4.611481090679E+000  7.556311740127E-002  6.446485995449E-004 -1.716101331536E-003  4.408558672514E-003 -2.528156745909E-012  1.669549899328E+001
  4.687870421430E+000  7.722352824817E-002  5.256428212446E-004 -1.409381005216E-003  3.645258044760E-003 -4.974321085721E-012  1.787077988825E+001
  4.765944407533E+000  7.893272272784E-002  4.260276539847E-004 -1.150854677276E-003  2.997720641135E-003 -7.692945778280E-012  1.916730946105E+001
  4.845752729492E+000  8.069250772248E-002  3.431181492603E-004 -9.341262035472E-004  2.451196480867E-003 -1.069317223459E-011  2.060120014225E+001
  4.927346914797E+000  8.250477101257E-002  2.745237488692E-004 -7.534641648962E-004  1.992393872579E-003 -1.395685866226E-011  2.219118247569E+001
  5.010780420931E+000  8.437148553436E-002  2.181268978180E-004 -6.037574561103E-004  1.609388722875E-003 -1.748203320683E-011  2.395910976975E+001
  5.096108722763E+000  8.629471389541E-002  1.720619236152E-004 -4.804711053141E-004  1.291533975576E-003 -2.125389944446E-011  2.593057578153E+001
  5.183389404586E+000  8.827661316581E-002  1.346943153074E-004 -3.796025930072E-004  1.029369672530E-003 -2.524357784048E-011  2.813567438592E+001
  5.272682257105E+000  9.031943996425E-002  1.046005291725E-004 -2.976389332912E-004  8.145341217492E-004 -2.941965379430E-011  3.060993854673E+001
  5.364049379651E+000  9.242555585946E-002  8.054843981479E-005 -2.315147700768E-004  6.396766500936E-004 -3.372398446574E-011  3.339550696017E+001
  5.457555287978E+000  9.459743310926E-002  6.147854554706E-005 -1.785717278874E-004  4.983724047668E-004 -3.809379696004E-011  3.654258143180E+001
  5.553267027968E+000  9.683766076100E-002  4.648602553993E-005 -1.365192402418E-004  3.850396493888E-004 -4.243966911754E-011  4.011125768058E+001
  5.651254295630E+000  9.914895113938E-002  3.480373340193E-005 -1.033970585897E-004  2.948599758507E-004 -4.664548140529E-011  4.417383864456E+001
  5.751589563796E+000  1.015341467494E-001  2.578619786469E-005 -7.753962158327E-005  2.237018220298E-004 -5.056366195644E-011  4.881777498874E+001
  5.854348215936E+000  1.039962276248E-001  1.889468632778E-005 -5.754243842076E-005  1.680476477315E-004 -5.399466303667E-011  5.414942584036E+001
  5.959608687557E+000  1.065383191537E-001  1.368337147224E-005 -4.223061153528E-005  1.249250771578E-004 -5.671500148058E-011  6.029889854924E+001
  6.067452615683E+000  1.091637004188E-001  9.786625304034E-006 -3.062959357768E-005  9.184226633338E-005 -5.837506863243E-011  6.742631594461E+001
  6.177964996951E+000  1.118758130872E-001  6.907449186914E-006 -2.193824208714E-005  6.672769910797E-005 -5.856869719006E-011  7.572998171591E+001
  6.291234354880E+000  1.146782708938E-001  4.807033023734E-006 -1.550420317587E-005  4.787455671249E-005 -5.681442832507E-011  8.545708008595E+001
  6.407352916949E+000  1.175748697626E-001  3.295422098960E-006 -1.080162372599E-005  3.388974471267E-005 -5.241209332084E-011  9.691776751119E+001
  6.526416802128E+000  1.205695986129E-001  2.223256538247E-006 -7.411160780978E-006  2.364759909058E-005 -4.466792680469E-011  1.105038032403E+002
  6.648526219580E+000  1.236666509049E-001  1.474536179684E-006 -5.002227772719E-006  1.624823170364E-005 -3.248682269034E-011  1.267132238944E+002
  6.773785679311E+000  1.268704369821E-001  9.603531491987E-007 -3.317390671819E-006  1.098041617761E-005 -1.477925864304E-011  1.461829639705E+002
  6.902304215570E+000  1.301855972713E-001  6.135257998192E-007 -2.158803725654E-006  7.288859999342E-006  9.523801557616E-012  1.697316402409E+002
  7.034195623922E+000  1.336170164087E-001  3.840610585373E-007 -1.376554692157E-006  4.745658692707E-006  4.218577620936E-011  1.984146156417E+002
  7.169578712934E+000  1.371698383673E-001  2.353677032096E-007 -8.587737958213E-007  3.025684807710E-006  8.360914094025E-011  2.335920878652E+002
  7.308577571516E+000  1.408494826628E-001  1.411406703043E-007 -5.233492869117E-007  1.885629101352E-006  1.337944982803E-010  2.770063297324E+002
  7.451321853057E+000  1.446616617293E-001  8.283610384908E-008 -3.110855755602E-007  1.146384510499E-006  1.905051800792E-010  3.308520756558E+002
  7.597947077547E+000  1.486123995567E-001  4.765835856115E-008 -1.801373748267E-007  6.784457416693E-007  2.469486112278E-010  3.977962866703E+002
  7.748594953021E+000  1.527080516973E-001  2.698336489526E-008 -1.015548956021E-007  3.899885986970E-007  2.885328696896E-010  4.808486297400E+002
  7.903413717736E+000  1.569553267535E-001  1.514739744319E-008 -5.578051774204E-008  2.172932422494E-007  2.911724958680E-010  5.829004778208E+002
  8.062558504629E+000  1.613613094717E-001  8.536068314236E-009 -2.994601501018E-008  1.171837874651E-007  2.193069273973E-010  7.057016359446E+002
  8.226191729726E+000  1.659334855793E-001  4.914977526580E-009 -1.583073565847E-008  6.117205644419E-008  5.177231842858E-011  8.482683035799E+002
  8.394483506327E+000  1.706797685137E-001  2.950569094071E-009 -8.354468857081E-009  3.101472334560E-008 -1.891788268186E-010  1.005553438042E+003
  8.567612086926E+000  1.756085282071E-001  1.877049355910E-009 -4.493363076593E-009  1.541915886393E-008 -4.164821991039E-010  1.169181282638E+003
  8.745764335025E+000  1.807286221064E-001  1.272432351618E-009 -2.522516967091E-009  7.662540652023E-009 -4.635629269381E-010  1.330951359136E+003
  8.929136229160E+000  1.860494286260E-001  9.136325424579E-010 -1.504090672142E-009  3.919779057468E-009 -2.298624162717E-010  1.486334521619E+003
  9.117933401693E+000  1.915808832504E-001  6.868228329685E-010 -9.544150843190E-010  2.127116312239E-009  2.862937496804E-010  1.634652752357E+003
  9.312371715124E+000  1.973335175235E-001  5.348654277243E-010 -6.371373853266E-010  1.238638684875E-009  9.328390385895E-010  1.776746938772E+003
  9.512677878945E+000  2.033185011886E-001  4.284119720002E-010 -4.415793096665E-010  7.613444730294E-010  1.496288197684E-009  1.913168486762E+003
  9.719090110332E+000  2.095476877688E-001  3.512213988782E-010 -3.159707662360E-010  4.800296651999E-010  1.671667302136E-009  2.044153142199E+003
  9.931858842267E+000  2.160336639044E-001  2.933739011084E-010 -2.339501871035E-010  3.055466223276E-010  1.256702112922E-009  2.170533998908E+003
  1.015124748302E+001  2.227898028021E-001  2.484254002588E-010 -1.797023872726E-010  1.986841022571E-010  1.122049713810E-010  2.294255344995E+003
  1.037753323129E+001  2.298303221843E-001  2.122391840210E-010 -1.424395082403E-010  1.369811938363E-010 -1.766094969396E-009  2.417864149176E+003
  1.061100795175E+001  2.371703471699E-001  1.823610903489E-010 -1.147996252838E-010  1.034066603022E-010 -4.222803560336E-009  2.543292778797E+003
  1.085197911611E+001  2.448259785618E-001  1.574916615954E-010 -9.236846001972E-011  8.435656877233E-011 -7.039972520499E-009  2.670676161465E+003
  1.110077081537E+001  2.528143670735E-001  1.369710100071E-010 -7.317313389297E-011  7.030502053827E-011 -9.878137816364E-009  2.797891478197E+003
  1.135772484956E+001  2.611537940784E-001  1.203367130447E-010 -5.690323507486E-011  5.619888633060E-011 -1.224211533206E-008  2.921287968242E+003
  1.162320190175E+001  2.698637595360E-001  1.070315350033E-010 -4.401362336398E-011  4.083597295257E-011 -1.374607859023E-008  3.037641379629E+003
  1.189758280382E+001  2.789650778206E-001  9.629488454901E-011 -3.495083504227E-011  2.548775871074E-011 -1.414908933226E-008  3.146584115723E+003
  1.218126990242E+001  2.884799822596E-001  8.721672641390E-011 -2.967345715199E-011  1.233526350008E-011 -1.341466425891E-008  3.252174380601E+003
  1.247468853413E+001  2.984322392826E-001  7.889228693334E-011 -2.751426065761E-011  3.206194946901E-012 -1.177971188077E-008  3.362757652794E+003
  1.277828862002E+001  3.088472731875E-001  7.060101595529E-011 -2.732411973145E-011 -1.131824026463E-012 -9.538784558214E-009  3.489555430599E+003
  1.309254639077E+001  3.197523026463E-001  6.194278480586E-011 -2.777562596087E-011 -1.104429398980E-012 -6.980658919136E-009  3.645106117216E+003
  1.341796625462E+001  3.311764902095E-001  5.289017077477E-011 -2.769273192718E-011  1.962619216004E-012 -4.361961150000E-009  3.842218821798E+003
  1.375508282195E+001  3.431511062169E-001  4.374738792098E-011 -2.630051047050E-011  6.345308411188E-012 -1.877268791787E-009  4.093137893803E+003
  1.410446310162E+001  3.557097086969E-001  3.503437951137E-011 -2.333780108511E-011  1.042572006792E-011  2.283848439160E-010  4.407668679209E+003
  1.446670888596E+001  3.688883410292E-001  2.733238205805E-011 -1.902672505224E-011  1.305537918081E-011  1.573860382203E-009  4.787931451216E+003
  1.484245934302E+001  3.827257493700E-001  2.113238382358E-011 -1.393290243401E-011  1.371526611507E-011  1.554053905808E-009  5.216640653673E+003
  1.523239383723E+001  3.972636220891E-001  1.672154214848E-011 -8.771477315627E-012  1.248273444570E-011 -5.400109209286E-010  5.640032963934E+003
  1.563723500136E+001  4.125468537596E-001  1.412855288672E-011 -4.216104416748E-012  9.863590599939E-012 -4.810310439008E-009  5.965880148570E+003
  1.605775208607E+001  4.286238365683E-001  1.313207800621E-011 -7.551441037503E-013  6.566245156857E-012 -9.922750393051E-009  6.113115485291E+003
  1.649476461582E+001  4.455467823929E-001  1.332126732056E-011  1.381620102023E-012  3.288259777029E-012 -1.390467586462E-008  6.084037801402E+003
  1.694914638379E+001  4.633720792263E-001  1.418743890140E-011  2.224271697228E-012  5.630139817437E-013 -1.589036167207E-008  5.957614760338E+003
  1.742182982203E+001  4.821606861220E-001  1.522256206925E-011  2.007717267232E-012 -1.313922339925E-012 -1.626186215815E-008  5.819394961864E+003
  1.791381078784E+001  5.019785714107E-001  1.600291121736E-011  1.085341566772E-012 -2.284025413468E-012 -1.571356486429E-008  5.723224118204E+003
  1.842615381215E+001  5.228971995942E-001  1.624334773515E-011 -1.623855308123E-013 -2.472328279046E-012 -1.475304126462E-008  5.694844950299E+003
  1.895999786176E+001  5.449940730840E-001  1.581667157103E-011 -1.403332581913E-012 -2.109087532749E-012 -1.366101371259E-008  5.745599976478E+003
  1.951656267356E+001  5.683533358366E-001  1.474093189187E-011 -2.400973800058E-012 -1.452026502747E-012 -1.257252088801E-008  5.882095956828E+003
  2.009715572669E+001  5.930664469535E-001  1.314368140103E-011 -3.030720645156E-012 -7.266624951795E-013 -1.154482417093E-008  6.111316045847E+003
  2.070317992707E+001  6.192329335039E-001  1.121500643016E-011 -3.270130544018E-012 -9.249567478464E-014 -1.059770596065E-008  6.443283532289E+003
  2.133614208874E+001  6.469612332096E-001  9.160820978123E-012 -3.172252287752E-012  3.657214578255E-013 -9.733734995876E-009  6.892799083093E+003
  2.199766230782E+001  6.763696392388E-001  7.165167528570E-012 -2.832461840256E-012  6.280392318623E-013 -8.948349495061E-009  7.481091534225E+003
  2.268948433818E+001  7.075873612439E-001  5.366293451972E-012 -2.357545138405E-012  7.193077065276E-013 -8.234242550122E-009  8.237882861458E+003
  2.341348709294E+001  7.407557189842E-001  3.847268105831E-012 -1.842657640517E-012  6.871292153678E-013 -7.583617137807E-009  9.204275319091E+003
  2.417169741362E+001  7.760294874639E-001  2.638775363325E-012 -1.358307351518E-012  5.834082623217E-013 -6.989081234358E-009  1.043693418146E+004
  2.496630426925E+001  8.135784155747E-001  1.729946009035E-012 -9.466278643915E-013  4.522409711465E-013 -6.444059344606E-009  1.201423811581E+004
  2.579967457140E+001  8.535889438281E-001  1.082721893453E-012 -6.244338348823E-013  3.243746676909E-013 -5.942754878555E-009  1.404542156086E+004
  2.667437081864E+001  8.962661510291E-001  6.459435510011E-013 -3.899460249172E-013  2.168232619567E-013  0.000000000000E+000  0.000000000000E+000
  2.759317081651E+001  9.418359647997E-001  3.666631750792E-013 -2.304055246459E-013  1.355711889534E-013  0.000000000000E+000  0.000000000000E+000
  2.855908975674E+001  9.905476768748E-001  1.976040896743E-013 -1.286584729238E-013  7.942169604970E-014  0.000000000000E+000  0.000000000000E+000
  2.957540498378E+001  1.042676811269E+000  1.008543030637E-013 -6.777756906479E-014  4.360193473418E-014  0.000000000000E+000  0.000000000000E+000
  3.064568382919E+001  1.098528402000E+000  4.860966103207E-014 -3.360913720267E-014  2.241243322850E-014  0.000000000000E+000  0.000000000000E+000
  3.177381495601E+001  1.158440747351E+000  2.205345590616E-014 -1.564439652748E-014  1.076804098042E-014  0.000000000000E+000  0.000000000000E+000
  3.296404372807E+001  1.222789720048E+000  9.383742829848E-015 -6.813630500050E-015  4.823556270725E-015  0.000000000000E+000  0.000000000000E+000
  3.422101220608E+001  1.291993727721E+000  3.729497526818E-015 -2.766213629321E-015  2.008206387550E-015  0.000000000000E+000  0.000000000000E+000
  3.554980447538E+001  1.366519436102E+000  1.378231828608E-015 -1.042360613302E-015  7.741007285642E-016  0.000000000000E+000  0.000000000000E+000
  3.695599813319E+001  1.446888389511E+000  4.711794699456E-016 -3.627982701343E-016  2.750327969680E-016  0.000000000000E+000  0.000000000000E+000
  3.844572291106E+001  1.533684690030E+000  1.481792236370E-016 -1.159984763267E-016  8.960297610104E-017  0.000000000000E+000  0.000000000000E+000
  4.002572758518E+001  1.627563929686E+000  4.259823271500E-017 -3.386205950809E-017  2.661034834136E-017  0.000000000000E+000  0.000000000000E+000
  4.170345654134E+001  1.729263610453E+000  1.111620627005E-017 -8.963206819074E-018  7.155997640396E-018  0.000000000000E+000  0.000000000000E+000
  4.348713762001E+001  1.839615336740E+000  2.612726728933E-018 -2.134829431522E-018  1.729473097487E-018  0.000000000000E+000  0.000000000000E+000
  4.538588318162E+001  1.959559126947E+000  5.442088743920E-019 -4.495030312021E-019  3.683811355962E-019  0.000000000000E+000  0.000000000000E+000
  4.740980671574E+001  2.090160267552E+000  1.012098315697E-019 -9.155933037514E-020  7.706529903372E-020  0.000000000000E+000  0.000000000000E+000
  4.957015778746E+001  2.232629229408E+000  1.730935764483E-020 -1.333501667086E-020  7.760653819699E-021  0.000000000000E+000  0.000000000000E+000
  5.187947869225E+001  2.388345286640E+000  1.837388773450E-021 -1.520878351502E-021  3.223989330392E-021  0.000000000000E+000  0.000000000000E+000
  5.435178690397E+001  2.558884630889E+000  4.489903415216E-022 -3.221116506997E-022 -1.901530096981E-022  0.000000000000E+000  0.000000000000E+000
  5.700278828629E+001  2.746053966795E+000  0.000000000000E+000 -8.490511413874E-023  7.579294627252E-023  0.000000000000E+000  0.000000000000E+000
  5.985012714155E+001  2.951930820846E+000  7.373375363460E-024  0.000000000000E+000  0.000000000000E+000  0.000000000000E+000  0.000000000000E+000
  6.291368055481E+001  3.178912111311E+000  0.000000000000E+000  0.000000000000E+000  0.000000000000E+000  0.000000000000E+000  0.000000000000E+000
  6.621590623276E+001  3.429772933797E+000  0.000000000000E+000  0.000000000000E+000  0.000000000000E+000  0.000000000000E+000  0.000000000000E+000
  6.978225524452E+001  3.707738044625E+000  0.000000000000E+000  0.000000000000E+000  0.000000000000E+000  0.000000000000E+000  0.000000000000E+000
  7.364166388185E+001  4.016569212832E+000  0.000000000000E+000  0.000000000000E+000  0.000000000000E+000  0.000000000000E+000  0.000000000000E+000
  7.782714245929E+001  4.360672516382E+000  0.000000000000E+000  0.000000000000E+000  0.000000000000E+000  0.000000000000E+000  0.000000000000E+000
  8.237648351994E+001  4.745230855210E+000  0.000000000000E+000  0.000000000000E+000  0.000000000000E+000  0.000000000000E+000  0.000000000000E+000
  8.733311794503E+001  5.176368549127E+000  0.000000000000E+000  0.000000000000E+000  0.000000000000E+000  0.000000000000E+000  0.000000000000E+000
  9.274715535088E+001  5.661357031559E+000  0.000000000000E+000  0.000000000000E+000  0.000000000000E+000  0.000000000000E+000  0.000000000000E+000
  9.867665554529E+001  6.208873552072E+000  0.000000000000E+000  0.000000000000E+000  0.000000000000E+000  0.000000000000E+000  0.000000000000E+000
  1.051891916055E+002  6.829328764649E+000  0.000000000000E+000  0.000000000000E+000  0.000000000000E+000  0.000000000000E+000  0.000000000000E+000
  1.123637836013E+002  7.535284543316E+000  0.000000000000E+000  0.000000000000E+000  0.000000000000E+000  0.000000000000E+000  0.000000000000E+000
  1.202933069206E+002  8.341990973528E+000  0.000000000000E+000  0.000000000000E+000  0.000000000000E+000  0.000000000000E+000  0.000000000000E+000
  1.290875131414E+002  9.268082166539E+000  0.000000000000E+000  0.000000000000E+000  0.000000000000E+000  0.000000000000E+000  0.000000000000E+000
  1.388768482001E+002  1.033648575811E+001  0.000000000000E+000  0.000000000000E+000  0.000000000000E+000  0.000000000000E+000  0.000000000000E+000
  1.498173177370E+002  1.157562284364E+001  0.000000000000E+000  0.000000000000E+000  0.000000000000E+000  0.000000000000E+000  0.000000000000E+000
  1.620967411853E+002  1.302100699722E+001  0.000000000000E+000  0.000000000000E+000  0.000000000000E+000  0.000000000000E+000  0.000000000000E+000
  1.759428668168E+002  1.471739812515E+001  0.000000000000E+000  0.000000000000E+000  0.000000000000E+000  0.000000000000E+000  0.000000000000E+000
  1.916340085825E+002  1.672173748087E+001  0.000000000000E+000  0.000000000000E+000  0.000000000000E+000  0.000000000000E+000  0.000000000000E+000
  2.095131417987E+002  1.910719757888E+001  0.000000000000E+000  0.000000000000E+000  0.000000000000E+000  0.000000000000E+000  0.000000000000E+000
  2.300068054477E+002  2.196884699990E+001  0.000000000000E+000  0.000000000000E+000  0.000000000000E+000  0.000000000000E+000  0.000000000000E+000
  2.536507797910E+002  2.543169216868E+001  0.000000000000E+000  0.000000000000E+000  0.000000000000E+000  0.000000000000E+000  0.000000000000E+000
  2.811254638474E+002  2.966227967912E+001  0.000000000000E+000  0.000000000000E+000  0.000000000000E+000  0.000000000000E+000  0.000000000000E+000
  3.133053780630E+002  3.488573552677E+001  0.000000000000E+000  0.000000000000E+000  0.000000000000E+000  0.000000000000E+000  0.000000000000E+000
  3.513296254502E+002  4.141128389041E+001  0.000000000000E+000  0.000000000000E+000  0.000000000000E+000  0.000000000000E+000  0.000000000000E+000
  3.967041014106E+002  4.967130404214E+001  0.000000000000E+000  0.000000000000E+000  0.000000000000E+000  0.000000000000E+000  0.000000000000E+000
  4.514529193349E+002  6.028257212519E+001  0.000000000000E+000  0.000000000000E+000  0.000000000000E+000  0.000000000000E+000  0.000000000000E+000
  5.183481233601E+002  7.414493328740E+001  0.000000000000E+000  0.000000000000E+000  0.000000000000E+000  0.000000000000E+000  0.000000000000E+000
  6.012676077950E+002  9.260523890243E+001  0.000000000000E+000  0.000000000000E+000  0.000000000000E+000  0.000000000000E+000  0.000000000000E+000
  7.057700503752E+002  1.177394213729E+002  0.000000000000E+000  0.000000000000E+000  0.000000000000E+000  0.000000000000E+000  0.000000000000E+000
  8.400513767914E+002  1.528577972397E+002  0.000000000000E+000  0.000000000000E+000  0.000000000000E+000  0.000000000000E+000  0.000000000000E+000
  1.016602135495E+003  2.034537342122E+002  0.000000000000E+000  0.000000000000E+000  0.000000000000E+000  0.000000000000E+000  0.000000000000E+000
  1.255220715580E+003  2.790860613466E+002  0.000000000000E+000  0.000000000000E+000  0.000000000000E+000  0.000000000000E+000  0.000000000000E+000
  1.588815776243E+003  3.973705897531E+002  0.000000000000E+000  0.000000000000E+000  0.000000000000E+000  0.000000000000E+000  0.000000000000E+000
  2.075392011604E+003  5.931596040112E+002  0.000000000000E+000  0.000000000000E+000  0.000000000000E+000  0.000000000000E+000  0.000000000000E+000
  2.825079847529E+003  9.419154890021E+002  0.000000000000E+000  0.000000000000E+000  0.000000000000E+000  0.000000000000E+000  0.000000000000E+000
  4.068408296184E+003  1.627629972033E+003  0.000000000000E+000  0.000000000000E+000  0.000000000000E+000  0.000000000000E+000  0.000000000000E+000
  6.357262947674E+003  3.178964796686E+003  0.000000000000E+000  0.000000000000E+000  0.000000000000E+000  0.000000000000E+000  0.000000000000E+000
  1.130231930164E+004  7.535323971013E+003  0.000000000000E+000  0.000000000000E+000  0.000000000000E+000  0.000000000000E+000  0.000000000000E+000
  2.543105175140E+004  2.543171841285E+004  0.000000000000E+000  0.000000000000E+000  0.000000000000E+000  0.000000000000E+000  0.000000000000E+000
  1.017262069958E+005  2.034537473226E+005  0.000000000000E+000  0.000000000000E+000  0.000000000000E+000  0.000000000000E+000  0.000000000000E+000
