# 1st line: number of mesh points
# rho and r_seitz are calculated from total density
# zeta and r_seitz only correct of rho > 1d-12

# abcissa weight rho drho ddrho zeta r_seitz
500
  9.830308526508E-006  1.966074589941E-005  3.715485852894E+000 -7.630622977821E+000  1.574343223403E+001  1.151063087544E-002  9.311833762624E-001
  3.932200719717E-005  3.932303800261E-005  3.715260819707E+000 -7.630158690849E+000  1.574251074529E+001  1.151063699668E-002  9.312021764618E-001
  8.847741541455E-005  5.898842277178E-005  3.714885775160E+000 -7.629384899054E+000  1.574097495274E+001  1.151064719649E-002  9.312335126021E-001
  1.573003992804E-004  7.865844718600E-005  3.714360735404E+000 -7.628301632177E+000  1.573882488945E+001  1.151066147145E-002  9.312773883962E-001
  2.457963722417E-004  9.833465899987E-005  3.713685723055E+000 -7.626908931873E+000  1.573606060173E+001  1.151067981682E-002  9.313338090433E-001
  3.539722959954E-004  1.180186070023E-004  3.712860767201E+000 -7.625206851720E+000  1.573268214921E+001  1.151070222646E-002  9.314027812303E-001
  4.818366816528E-004  1.377118412759E-004  3.711885903410E+000 -7.623195457244E+000  1.572868960485E+001  1.151072869288E-002  9.314843131337E-001
  6.293995911626E-004  1.574159134560E-004  3.710761173736E+000 -7.620874825935E+000  1.572408305506E+001  1.151075920722E-002  9.315784144215E-001
  7.966726389934E-004  1.771323769912E-004  3.709486626735E+000 -7.618245047279E+000  1.571886259972E+001  1.151079375924E-002  9.316850962559E-001
  9.836689940782E-004  1.968627874036E-004  3.708062317470E+000 -7.615306222787E+000  1.571302835229E+001  1.151083233733E-002  9.318043712960E-001
  1.190403382016E-003  2.166087025496E-004  3.706488307534E+000 -7.612058466030E+000  1.570658043994E+001  1.151087492847E-002  9.319362537008E-001
  1.416892087541E-003  2.363716828821E-004  3.704764665057E+000 -7.608501902677E+000  1.569951900359E+001  1.151092151828E-002  9.320807591335E-001
  1.663152957245E-003  2.561532917128E-004  3.702891464727E+000 -7.604636670541E+000  1.569184419808E+001  1.151097209096E-002  9.322379047650E-001
  1.929205402573E-003  2.759550954757E-004  3.700868787813E+000 -7.600462919626E+000  1.568355619229E+001  1.151102662932E-002  9.324077092784E-001
  2.215070403074E-003  2.957786639908E-004  3.698696722176E+000 -7.595980812176E+000  1.567465516931E+001  1.151108511475E-002  9.325901928740E-001
  2.520770509919E-003  3.156255707300E-004  3.696375362300E+000 -7.591190522733E+000  1.566514132653E+001  1.151114752720E-002  9.327853772742E-001
  2.846329849692E-003  3.354973930828E-004  3.693904809312E+000 -7.586092238198E+000  1.565501487588E+001  1.151121384522E-002  9.329932857295E-001
  3.191774128432E-003  3.553957126240E-004  3.691285171007E+000 -7.580686157892E+000  1.564427604398E+001  1.151128404589E-002  9.332139430241E-001
  3.557130635959E-003  3.753221153821E-004  3.688516561876E+000 -7.574972493624E+000  1.563292507230E+001  1.151135810486E-002  9.334473754827E-001
  3.942428250463E-003  3.952781921092E-004  3.685599103135E+000 -7.568951469768E+000  1.562096221742E+001  1.151143599630E-002  9.336936109768E-001
  4.347697443358E-003  4.152655385525E-004  3.682532922755E+000 -7.562623323333E+000  1.560838775120E+001  1.151151769291E-002  9.339526789325E-001
  4.772970284417E-003  4.352857557265E-004  3.679318155494E+000 -7.555988304048E+000  1.559520196102E+001  1.151160316591E-002  9.342246103377E-001
  5.218280447175E-003  4.553404501876E-004  3.675954942930E+000 -7.549046674443E+000  1.558140515004E+001  1.151169238498E-002  9.345094377505E-001
  5.683663214611E-003  4.754312343099E-004  3.672443433496E+000 -7.541798709942E+000  1.556699763738E+001  1.151178531834E-002  9.348071953071E-001
  6.169155485101E-003  4.955597265624E-004  3.668783782519E+000 -7.534244698950E+000  1.555197975848E+001  1.151188193262E-002  9.351179187312E-001
  6.674795778653E-003  5.157275517886E-004  3.664976152255E+000 -7.526384942954E+000  1.553635186528E+001  1.151198219295E-002  9.354416453434E-001
  7.200624243425E-003  5.359363414876E-004  3.661020711933E+000 -7.518219756624E+000  1.552011432656E+001  1.151208606287E-002  9.357784140704E-001
  7.746682662519E-003  5.561877340970E-004  3.656917637793E+000 -7.509749467915E+000  1.550326752820E+001  1.151219350434E-002  9.361282654556E-001
  8.313014461060E-003  5.764833752781E-004  3.652667113132E+000 -7.500974418176E+000  1.548581187352E+001  1.151230447772E-002  9.364912416695E-001
  8.899664713569E-003  5.968249182030E-004  3.648269328346E+000 -7.491894962268E+000  1.546774778357E+001  1.151241894176E-002  9.368673865209E-001
  9.506680151615E-003  6.172140238444E-004  3.643724480980E+000 -7.482511468676E+000  1.544907569749E+001  1.151253685357E-002  9.372567454685E-001
  1.013410917176E-002  6.376523612666E-004  3.639032775772E+000 -7.472824319631E+000  1.542979607281E+001  1.151265816859E-002  9.376593656325E-001
  1.078200184380E-002  6.581416079202E-004  3.634194424708E+000 -7.462833911236E+000  1.540990938585E+001  1.151278284060E-002  9.380752958074E-001
  1.145040991929E-002  6.786834499385E-004  3.629209647067E+000 -7.452540653597E+000  1.538941613203E+001  1.151291082166E-002  9.385045864748E-001
  1.213938684040E-002  6.992795824361E-004  3.624078669478E+000 -7.441944970952E+000  1.536831682632E+001  1.151304206212E-002  9.389472898166E-001
  1.284898774901E-002  7.199317098113E-004  3.618801725974E+000 -7.431047301814E+000  1.534661200356E+001  1.151317651058E-002  9.394034597289E-001
  1.357926949620E-002  7.406415460502E-004  3.613379058045E+000 -7.419848099105E+000  1.532430221889E+001  1.151331411387E-002  9.398731518367E-001
  1.433029065191E-002  7.614108150341E-004  3.607810914700E+000 -7.408347830307E+000  1.530138804816E+001  1.151345481701E-002  9.403564235080E-001
  1.510211151509E-002  7.822412508494E-004  3.602097552522E+000 -7.396546977611E+000  1.527787008836E+001  1.151359856322E-002  9.408533338698E-001
  1.589479412397E-002  8.031345981016E-004  3.596239235733E+000 -7.384446038066E+000  1.525374895804E+001  1.151374529384E-002  9.413639438236E-001
  1.670840226680E-002  8.240926122311E-004  3.590236236249E+000 -7.372045523741E+000  1.522902529776E+001  1.151389494837E-002  9.418883160616E-001
  1.754300149280E-002  8.451170598329E-004  3.584088833753E+000 -7.359345961883E+000  1.520369977056E+001  1.151404746438E-002  9.424265150840E-001
  1.839865912351E-002  8.662097189796E-004  3.577797315753E+000 -7.346347895082E+000  1.517777306241E+001  1.151420277750E-002  9.429786072158E-001
  1.927544426443E-002  8.873723795480E-004  3.571361977652E+000 -7.333051881442E+000  1.515124588272E+001  1.151436082141E-002  9.435446606253E-001
  2.017342781695E-002  9.086068435487E-004  3.564783122814E+000 -7.319458494753E+000  1.512411896479E+001  1.151452152779E-002  9.441247453422E-001
  2.109268249069E-002  9.299149254598E-004  3.558061062638E+000 -7.305568324666E+000  1.509639306638E+001  1.151468482628E-002  9.447189332766E-001
  2.203328281612E-002  9.512984525641E-004  3.551196116625E+000 -7.291381976877E+000  1.506806897013E+001  1.151485064446E-002  9.453272982389E-001
  2.299530515754E-002  9.727592652906E-004  3.544188612451E+000 -7.276900073308E+000  1.503914748421E+001  1.151501890783E-002  9.459499159596E-001
  2.397882772639E-002  9.942992175591E-004  3.537038886045E+000 -7.262123252297E+000  1.500962944273E+001  1.151518953973E-002  9.465868641102E-001
  2.498393059493E-002  1.015920177130E-003  3.529747281663E+000 -7.247052168789E+000  1.497951570639E+001  1.151536246134E-002  9.472382223245E-001
  2.601069571024E-002  1.037624025957E-003  3.522314151960E+000 -7.231687494534E+000  1.494880716301E+001  1.151553759166E-002  9.479040722205E-001
  2.705920690860E-002  1.059412660547E-003  3.514739858079E+000 -7.216029918284E+000  1.491750472808E+001  1.151571484739E-002  9.485844974230E-001
  2.812954993023E-002  1.081287992318E-003  3.507024769721E+000 -7.200080145996E+000  1.488560934537E+001  1.151589414300E-002  9.492795835867E-001
  2.922181243436E-002  1.103251947969E-003  3.499169265232E+000 -7.183838901044E+000  1.485312198753E+001  1.151607539061E-002  9.499894184202E-001
  3.033608401473E-002  1.125306469854E-003  3.491173731685E+000 -7.167306924421E+000  1.482004365667E+001  1.151625849997E-002  9.507140917100E-001
  3.147245621542E-002  1.147453516351E-003  3.483038564963E+000 -7.150484974962E+000  1.478637538501E+001  1.151644337842E-002  9.514536953460E-001
  3.263102254705E-002  1.169695062249E-003  3.474764169847E+000 -7.133373829556E+000  1.475211823551E+001  1.151662993086E-002  9.522083233472E-001
  3.381187850339E-002  1.192033099133E-003  3.466350960099E+000 -7.115974283371E+000  1.471727330246E+001  1.151681805968E-002  9.529780718880E-001
  3.501512157837E-002  1.214469635775E-003  3.457799358556E+000 -7.098287150075E+000  1.468184171222E+001  1.151700766472E-002  9.537630393256E-001
  3.624085128345E-002  1.237006698530E-003  3.449109797215E+000 -7.080313262069E+000  1.464582462380E+001  1.151719864324E-002  9.545633262275E-001
  3.748916916538E-002  1.259646331739E-003  3.440282717325E+000 -7.062053470716E+000  1.460922322957E+001  1.151739088985E-002  9.553790354005E-001
  3.876017882444E-002  1.282390598136E-003  3.431318569482E+000 -7.043508646578E+000  1.457203875595E+001  1.151758429646E-002  9.562102719197E-001
  4.005398593302E-002  1.305241579266E-003  3.422217813720E+000 -7.024679679653E+000  1.453427246412E+001  1.151777875226E-002  9.570571431590E-001
  4.137069825459E-002  1.328201375897E-003  3.412980919606E+000 -7.005567479619E+000  1.449592565069E+001  1.151797414361E-002  9.579197588212E-001
  4.271042566323E-002  1.351272108452E-003  3.403608366336E+000 -6.986172976078E+000  1.445699964842E+001  1.151817035404E-002  9.587982309706E-001
  4.407328016341E-002  1.374455917436E-003  3.394100642837E+000 -6.966497118805E+000  1.441749582699E+001  1.151836726418E-002  9.596926740646E-001
  4.545937591035E-002  1.397754963880E-003  3.384458247856E+000 -6.946540878000E+000  1.437741559371E+001  1.151856475167E-002  9.606032049874E-001
  4.686882923075E-002  1.421171429779E-003  3.374681690071E+000 -6.926305244543E+000  1.433676039425E+001  1.151876269116E-002  9.615299430840E-001
  4.830175864396E-002  1.444707518548E-003  3.364771488183E+000 -6.905791230252E+000  1.429553171344E+001  1.151896095419E-002  9.624730101950E-001
  4.975828488365E-002  1.468365455478E-003  3.354728171023E+000 -6.884999868145E+000  1.425373107602E+001  1.151915940917E-002  9.634325306927E-001
  5.123853091993E-002  1.492147488203E-003  3.344552277652E+000 -6.863932212702E+000  1.421136004742E+001  1.151935792131E-002  9.644086315175E-001
  5.274262198188E-002  1.516055887169E-003  3.334244357468E+000 -6.842589340133E+000  1.416842023455E+001  1.151955635253E-002  9.654014422156E-001
  5.427068558066E-002  1.540092946119E-003  3.323804970310E+000 -6.820972348649E+000  1.412491328659E+001  1.151975456143E-002  9.664110949777E-001
  5.582285153302E-002  1.564260982573E-003  3.313234686566E+000 -6.799082358733E+000  1.408084089582E+001  1.151995240320E-002  9.674377246782E-001
  5.739925198530E-002  1.588562338332E-003  3.302534087275E+000 -6.776920513415E+000  1.403620479844E+001  1.152014972956E-002  9.684814689159E-001
  5.900002143803E-002  1.612999379973E-003  3.291703764243E+000 -6.754487978552E+000  1.399100677536E+001  1.152034638867E-002  9.695424680552E-001
  6.062529677088E-002  1.637574499364E-003  3.280744320148E+000 -6.731785943107E+000  1.394524865307E+001  1.152054222510E-002  9.706208652690E-001
  6.227521726827E-002  1.662290114181E-003  3.269656368647E+000 -6.708815619433E+000  1.389893230451E+001  1.152073707970E-002  9.717168065817E-001
  6.394992464542E-002  1.687148668440E-003  3.258440534495E+000 -6.685578243556E+000  1.385205964985E+001  1.152093078957E-002  9.728304409138E-001
  6.564956307496E-002  1.712152633027E-003  3.247097453649E+000 -6.662075075465E+000  1.380463265743E+001  1.152112318794E-002  9.739619201280E-001
  6.737427921404E-002  1.737304506249E-003  3.235627773387E+000 -6.638307399403E+000  1.375665334459E+001  1.152131410415E-002  9.751113990755E-001
  6.912422223211E-002  1.762606814387E-003  3.224032152418E+000 -6.614276524154E+000  1.370812377857E+001  1.152150336350E-002  9.762790356440E-001
  7.089954383907E-002  1.788062112257E-003  3.212311260994E+000 -6.589983783344E+000  1.365904607737E+001  1.152169078720E-002  9.774649908070E-001
  7.270039831418E-002  1.813672983787E-003  3.200465781031E+000 -6.565430535732E+000  1.360942241068E+001  1.152187619229E-002  9.786694286735E-001
  7.452694253540E-002  1.839442042599E-003  3.188496406219E+000 -6.540618165508E+000  1.355925500077E+001  1.152205939155E-002  9.798925165400E-001
  7.637933600943E-002  1.865371932600E-003  3.176403842142E+000 -6.515548082595E+000  1.350854612341E+001  1.152224019339E-002  9.811344249430E-001
  7.825774090225E-002  1.891465328589E-003  3.164188806392E+000 -6.490221722951E+000  1.345729810876E+001  1.152241840177E-002  9.823953277129E-001
  8.016232207035E-002  1.917724936867E-003  3.151852028687E+000 -6.464640548867E+000  1.340551334232E+001  1.152259381611E-002  9.836754020294E-001
  8.209324709253E-002  1.944153495867E-003  3.139394250988E+000 -6.438806049276E+000  1.335319426586E+001  1.152276623119E-002  9.849748284780E-001
  8.405068630235E-002  1.970753776782E-003  3.126816227620E+000 -6.412719740055E+000  1.330034337836E+001  1.152293543705E-002  9.862937911081E-001
  8.603481282122E-002  1.997528584221E-003  3.114118725387E+000 -6.386383164335E+000  1.324696323692E+001  1.152310121888E-002  9.876324774926E-001
  8.804580259214E-002  2.024480756857E-003  3.101302523692E+000 -6.359797892803E+000  1.319305645777E+001  1.152326335694E-002  9.889910787883E-001
  9.008383441408E-002  2.051613168108E-003  3.088368414656E+000 -6.332965524017E+000  1.313862571716E+001  1.152342162644E-002  9.903697897986E-001
  9.214908997710E-002  2.078928726810E-003  3.075317203239E+000 -6.305887684710E+000  1.308367375235E+001  1.152357579740E-002  9.917688090371E-001
  9.424175389809E-002  2.106430377918E-003  3.062149707355E+000 -6.278566030104E+000  1.302820336260E+001  1.152372563461E-002  9.931883387932E-001
  9.636201375725E-002  2.134121103210E-003  3.048866757996E+000 -6.251002244214E+000  1.297221741007E+001  1.152387089745E-002  9.946285851989E-001
  9.851006013526E-002  2.162003922007E-003  3.035469199351E+000 -6.223198040167E+000  1.291571882085E+001  1.152401133979E-002  9.960897582975E-001
  1.006860866512E-001  2.190081891910E-003  3.021957888921E+000 -6.195155160503E+000  1.285871058591E+001  1.152414670991E-002  9.975720721137E-001
  1.028902900012E-001  2.218358109541E-003  3.008333697645E+000 -6.166875377494E+000  1.280119576209E+001  1.152427675033E-002  9.990757447261E-001
  1.051228699979E-001  2.246835711311E-003  2.994597510014E+000 -6.138360493449E+000  1.274317747306E+001  1.152440119769E-002  1.000600998340E+000
  1.073840296104E-001  2.275517874190E-003  2.980750224193E+000 -6.109612341025E+000  1.268465891032E+001  1.152451978265E-002  1.002148059364E+000
  1.096739750056E-001  2.304407816497E-003  2.966792752137E+000 -6.080632783538E+000  1.262564333417E+001  1.152463222974E-002  1.003717158488E+000
  1.119929155896E-001  2.333508798707E-003  2.952726019714E+000 -6.051423715269E+000  1.256613407469E+001  1.152473825724E-002  1.005308530758E+000
  1.143410640503E-001  2.362824124271E-003  2.938550966817E+000 -6.021987061775E+000  1.250613453276E+001  1.152483757700E-002  1.006922415666E+000
  1.167186364011E-001  2.392357140448E-003  2.924268547485E+000 -5.992324780191E+000  1.244564818101E+001  1.152492989437E-002  1.008559057222E+000
  1.191258520249E-001  2.422111239159E-003  2.909879730021E+000 -5.962438859540E+000  1.238467856479E+001  1.152501490799E-002  1.010218704051E+000
  1.215629337189E-001  2.452089857854E-003  2.895385497104E+000 -5.932331321033E+000  1.232322930322E+001  1.152509230970E-002  1.011901609471E+000
  1.240301077413E-001  2.482296480400E-003  2.880786845908E+000 -5.902004218372E+000  1.226130409010E+001  1.152516178434E-002  1.013608031588E+000
  1.265276038575E-001  2.512734637975E-003  2.866084788213E+000 -5.871459638050E+000  1.219890669492E+001  1.152522300962E-002  1.015338233385E+000
  1.290556553882E-001  2.543407909995E-003  2.851280350524E+000 -5.840699699648E+000  1.213604096382E+001  1.152527565597E-002  1.017092482819E+000
  1.316144992580E-001  2.574319925047E-003  2.836374574177E+000 -5.809726556131E+000  1.207271082062E+001  1.152531938637E-002  1.018871052913E+000
  1.342043760450E-001  2.605474361847E-003  2.821368515455E+000 -5.778542394140E+000  1.200892026769E+001  1.152535385618E-002  1.020674221861E+000
  1.368255300316E-001  2.636874950214E-003  2.806263245697E+000 -5.747149434281E+000  1.194467338700E+001  1.152537871298E-002  1.022502273121E+000
  1.394782092560E-001  2.668525472060E-003  2.791059851404E+000 -5.715549931411E+000  1.187997434105E+001  1.152539359638E-002  1.024355495528E+000
  1.421626655646E-001  2.700429762411E-003  2.775759434353E+000 -5.683746174922E+000  1.181482737379E+001  1.152539813789E-002  1.026234183393E+000
  1.448791546661E-001  2.732591710434E-003  2.760363111697E+000 -5.651740489020E+000  1.174923681162E+001  1.152539196069E-002  1.028138636616E+000
  1.476279361856E-001  2.765015260497E-003  2.744872016070E+000 -5.619535232998E+000  1.168320706428E+001  1.152537467945E-002  1.030069160797E+000
  1.504092737207E-001  2.797704413242E-003  2.729287295692E+000 -5.587132801509E+000  1.161674262580E+001  1.152534590019E-002  1.032026067351E+000
  1.532234348983E-001  2.830663226680E-003  2.713610114470E+000 -5.554535624831E+000  1.154984807543E+001  1.152530522001E-002  1.034009673624E+000
  1.560706914324E-001  2.863895817319E-003  2.697841652094E+000 -5.521746169129E+000  1.148252807851E+001  1.152525222697E-002  1.036020303016E+000
  1.589513191834E-001  2.897406361298E-003  2.681983104134E+000 -5.488766936710E+000  1.141478738742E+001  1.152518649983E-002  1.038058285102E+000
  1.618655982178E-001  2.931199095559E-003  2.666035682138E+000 -5.455600466275E+000  1.134663084241E+001  1.152510760787E-002  1.040123955763E+000
  1.648138128702E-001  2.965278319033E-003  2.650000613721E+000 -5.422249333161E+000  1.127806337253E+001  1.152501511069E-002  1.042217657310E+000
  1.677962518056E-001  2.999648393860E-003  2.633879142655E+000 -5.388716149584E+000  1.120908999643E+001  1.152490855796E-002  1.044339738623E+000
  1.708132080832E-001  3.034313746623E-003  2.617672528957E+000 -5.355003564867E+000  1.113971582326E+001  1.152478748922E-002  1.046490555284E+000
  1.738649792215E-001  3.069278869616E-003  2.601382048973E+000 -5.321114265669E+000  1.106994605345E+001  1.152465143364E-002  1.048670469721E+000
  1.769518672648E-001  3.104548322136E-003  2.585008995462E+000 -5.287050976198E+000  1.099978597957E+001  1.152449990982E-002  1.050879851349E+000
  1.800741788507E-001  3.140126731803E-003  2.568554677671E+000 -5.252816458427E+000  1.092924098707E+001  1.152433242551E-002  1.053119076719E+000
  1.832322252791E-001  3.176018795904E-003  2.552020421411E+000 -5.218413512294E+000  1.085831655512E+001  1.152414847740E-002  1.055388529669E+000
  1.864263225826E-001  3.212229282769E-003  2.535407569134E+000 -5.183844975897E+000  1.078701825731E+001  1.152394755086E-002  1.057688601480E+000
  1.896567915983E-001  3.248763033179E-003  2.518717479997E+000 -5.149113725678E+000  1.071535176240E+001  1.152372911969E-002  1.060019691038E+000
  1.929239580409E-001  3.285624961791E-003  2.501951529928E+000 -5.114222676603E+000  1.064332283506E+001  1.152349264585E-002  1.062382204992E+000
  1.962281525771E-001  3.322820058613E-003  2.485111111690E+000 -5.079174782327E+000  1.057093733652E+001  1.152323757920E-002  1.064776557930E+000
  1.995697109023E-001  3.360353390492E-003  2.468197634937E+000 -5.043973035353E+000  1.049820122527E+001  1.152296335723E-002  1.067203172544E+000
  2.029489738173E-001  3.398230102644E-003  2.451212526271E+000 -5.008620467176E+000  1.042512055769E+001  1.152266940481E-002  1.069662479813E+000
  2.063662873085E-001  3.436455420218E-003  2.434157229285E+000 -4.973120148424E+000  1.035170148863E+001  1.152235513384E-002  1.072154919183E+000
  2.098220026275E-001  3.475034649885E-003  2.417033204615E+000 -4.937475188980E+000  1.027795027207E+001  1.152201994303E-002  1.074680938753E+000
  2.133164763746E-001  3.513973181471E-003  2.399841929978E+000 -4.901688738097E+000  1.020387326158E+001  1.152166321755E-002  1.077240995467E+000
  2.168500705817E-001  3.553276489620E-003  2.382584900210E+000 -4.865763984500E+000  1.012947691095E+001  1.152128432876E-002  1.079835555313E+000
  2.204231527988E-001  3.592950135496E-003  2.365263627293E+000 -4.829704156475E+000  1.005476777458E+001  1.152088263388E-002  1.082465093524E+000
  2.240360961807E-001  3.632999768520E-003  2.347879640388E+000 -4.793512521945E+000  9.979752508045E+000  1.152045747569E-002  1.085130094786E+000
  2.276892795770E-001  3.673431128145E-003  2.330434485848E+000 -4.757192388535E+000  9.904437868425E+000  1.152000818219E-002  1.087831053450E+000
  2.313830876220E-001  3.714250045674E-003  2.312929727241E+000 -4.720747103620E+000  9.828830714762E+000  1.151953406627E-002  1.090568473755E+000
  2.351179108282E-001  3.755462446115E-003  2.295366945358E+000 -4.684180054359E+000  9.752938008387E+000  1.151903442537E-002  1.093342870051E+000
  2.388941456809E-001  3.797074350078E-003  2.277747738215E+000 -4.647494667717E+000  9.676766813238E+000  1.151850854114E-002  1.096154767029E+000
  2.427121947345E-001  3.839091875711E-003  2.260073721053E+000 -4.610694410469E+000  9.600324296137E+000  1.151795567908E-002  1.099004699963E+000
  2.465724667110E-001  3.881521240686E-003  2.242346526331E+000 -4.573782789187E+000  9.523617727020E+000  1.151737508817E-002  1.101893214952E+000
  2.504753766009E-001  3.924368764227E-003  2.224567803713E+000 -4.536763350217E+000  9.446654479127E+000  1.151676600052E-002  1.104820869170E+000
  2.544213457654E-001  3.967640869177E-003  2.206739220043E+000 -4.499639679631E+000  9.369442029150E+000  1.151612763094E-002  1.107788231129E+000
  2.584108020414E-001  4.011344084122E-003  2.188862459323E+000 -4.462415403168E+000  9.291987957327E+000  1.151545917662E-002  1.110795880940E+000
  2.624441798480E-001  4.055485045557E-003  2.170939222677E+000 -4.425094186150E+000  9.214299947498E+000  1.151475981669E-002  1.113844410588E+000
  2.665219202956E-001  4.100070500102E-003  2.152971228306E+000 -4.387679733391E+000  9.136385787103E+000  1.151402871181E-002  1.116934424214E+000
  2.706444712976E-001  4.145107306769E-003  2.134960211444E+000 -4.350175789073E+000  9.058253367135E+000  1.151326500378E-002  1.120066538401E+000
  2.748122876832E-001  4.190602439283E-003  2.116907924300E+000 -4.312586136617E+000  8.979910682035E+000  1.151246781509E-002  1.123241382473E+000
  2.790258313137E-001  4.236562988450E-003  2.098816135994E+000 -4.274914598518E+000  8.901365829540E+000  1.151163624852E-002  1.126459598801E+000
  2.832855712010E-001  4.282996164587E-003  2.080686632484E+000 -4.237165036174E+000  8.822627010468E+000  1.151076938664E-002  1.129721843114E+000
  2.875919836279E-001  4.329909300005E-003  2.062521216487E+000 -4.199341349686E+000  8.743702528453E+000  1.150986629143E-002  1.133028784826E+000
  2.919455522717E-001  4.377309851548E-003  2.044321707387E+000 -4.161447477636E+000  8.664600789609E+000  1.150892600373E-002  1.136381107366E+000
  2.963467683296E-001  4.425205403192E-003  2.026089941143E+000 -4.123487396849E+000  8.585330302149E+000  1.150794754286E-002  1.139779508523E+000
  3.007961306479E-001  4.473603668706E-003  2.007827770178E+000 -4.085465122121E+000  8.505899675927E+000  1.150692990605E-002  1.143224700795E+000
  3.052941458522E-001  4.522512494374E-003  1.989537063263E+000 -4.047384705935E+000  8.426317621925E+000  1.150587206801E-002  1.146717411753E+000
  3.098413284823E-001  4.571939861783E-003  1.971219705397E+000 -4.009250238148E+000  8.346592951671E+000  1.150477298037E-002  1.150258384414E+000
  3.144382011281E-001  4.621893890671E-003  1.952877597667E+000 -3.971065845651E+000  8.266734576588E+000  1.150363157121E-002  1.153848377626E+000
  3.190852945695E-001  4.672382841850E-003  1.934512657108E+000 -3.932835692006E+000  8.186751507277E+000  1.150244674450E-002  1.157488166461E+000
  3.237831479192E-001  4.723415120192E-003  1.916126816544E+000 -3.894563977060E+000  8.106652852723E+000  1.150121737957E-002  1.161178542627E+000
  3.285323087679E-001  4.774999277691E-003  1.897722024427E+000 -3.856254936528E+000  8.026447819438E+000  1.149994233055E-002  1.164920314881E+000
  3.333333333333E-001  4.827144016591E-003  1.879300244662E+000 -3.817912841552E+000  7.946145710520E+000  1.149862042581E-002  1.168714309467E+000
  3.381867866117E-001  4.879858192602E-003  1.860863456417E+000 -3.779541998229E+000  7.865755924639E+000  1.149725046741E-002  1.172561370556E+000
  3.430932425333E-001  4.933150818173E-003  1.842413653930E+000 -3.741146747116E+000  7.785287954947E+000  1.149583123045E-002  1.176462360707E+000
  3.480532841203E-001  4.987031065868E-003  1.823952846299E+000 -3.702731462703E+000  7.704751387908E+000  1.149436146252E-002  1.180418161341E+000
  3.530675036492E-001  5.041508271801E-003  1.805483057261E+000 -3.664300552857E+000  7.624155902044E+000  1.149283988308E-002  1.184429673224E+000
  3.581365028158E-001  5.096591939172E-003  1.787006324964E+000 -3.625858458236E+000  7.543511266600E+000  1.149126518279E-002  1.188497816970E+000
  3.632608929041E-001  5.152291741875E-003  1.768524701719E+000 -3.587409651672E+000  7.462827340124E+000  1.148963602292E-002  1.192623533558E+000
  3.684412949588E-001  5.208617528209E-003  1.750040253750E+000 -3.548958637526E+000  7.382114068962E+000  1.148795103467E-002  1.196807784866E+000
  3.736783399619E-001  5.265579324662E-003  1.731555060921E+000 -3.510509951011E+000  7.301381485664E+000  1.148620881848E-002  1.201051554220E+000
  3.789726690123E-001  5.323187339805E-003  1.713071216456E+000 -3.472068157475E+000  7.220639707299E+000  1.148440794339E-002  1.205355846957E+000
  3.843249335105E-001  5.381451968273E-003  1.694590826648E+000 -3.433637851665E+000  7.139898933683E+000  1.148254694630E-002  1.209721691016E+000
  3.897357953460E-001  5.440383794842E-003  1.676116010552E+000 -3.395223656947E+000  7.059169445510E+000  1.148062433128E-002  1.214150137535E+000
  3.952059270903E-001  5.499993598618E-003  1.657648899661E+000 -3.356830224496E+000  6.978461602394E+000  1.147863856883E-002  1.218642261474E+000
  4.007360121927E-001  5.560292357317E-003  1.639191637576E+000 -3.318462232452E+000  6.897785840810E+000  1.147658809516E-002  1.223199162258E+000
  4.063267451812E-001  5.621291251662E-003  1.620746379660E+000 -3.280124385043E+000  6.817152671941E+000  1.147447131137E-002  1.227821964436E+000
  4.119788318683E-001  5.683001669888E-003  1.602315292672E+000 -3.241821411668E+000  6.736572679430E+000  1.147228658275E-002  1.232511818367E+000
  4.176929895600E-001  5.745435212354E-003  1.583900554395E+000 -3.203558065951E+000  6.656056517026E+000  1.147003223794E-002  1.237269900920E+000
  4.234699472710E-001  5.808603696282E-003  1.565504353242E+000 -3.165339124750E+000  6.575614906134E+000  1.146770656812E-002  1.242097416206E+000
  4.293104459435E-001  5.872519160606E-003  1.547128887859E+000 -3.127169387142E+000  6.495258633259E+000  1.146530782620E-002  1.246995596328E+000
  4.352152386716E-001  5.937193870949E-003  1.528776366696E+000 -3.089053673358E+000  6.414998547353E+000  1.146283422599E-002  1.251965702155E+000
  4.411850909306E-001  6.002640324729E-003  1.510449007579E+000 -3.050996823689E+000  6.334845557053E+000  1.146028394131E-002  1.257009024122E+000
  4.472207808110E-001  6.068871256391E-003  1.492149037258E+000 -3.013003697352E+000  6.254810627812E+000  1.145765510513E-002  1.262126883060E+000
  4.533230992589E-001  6.135899642772E-003  1.473878690942E+000 -2.975079171318E+000  6.174904778932E+000  1.145494580867E-002  1.267320631049E+000
  4.594928503202E-001  6.203738708611E-003  1.455640211819E+000 -2.937228139103E+000  6.095139080480E+000  1.145215410048E-002  1.272591652300E+000
  4.657308513924E-001  6.272401932198E-003  1.437435850556E+000 -2.899455509514E+000  6.015524650103E+000  1.144927798553E-002  1.277941364068E+000
  4.720379334802E-001  6.341903051163E-003  1.419267864794E+000 -2.861766205367E+000  5.936072649734E+000  1.144631542423E-002  1.283371217591E+000
  4.784149414579E-001  6.412256068427E-003  1.401138518610E+000 -2.824165162158E+000  5.856794282186E+000  1.144326433148E-002  1.288882699071E+000
  4.848627343381E-001  6.483475258298E-003  1.383050081981E+000 -2.786657326694E+000  5.777700787641E+000  1.144012257568E-002  1.294477330675E+000
  4.913821855461E-001  6.555575172733E-003  1.365004830217E+000 -2.749247655691E+000  5.698803440021E+000  1.143688797769E-002  1.300156671580E+000
  4.979741832006E-001  6.628570647764E-003  1.347005043387E+000 -2.711941114325E+000  5.620113543260E+000  1.143355830987E-002  1.305922319045E+000
  5.046396304008E-001  6.702476810086E-003  1.329053005724E+000 -2.674742674747E+000  5.541642427456E+000  1.143013129495E-002  1.311775909532E+000
  5.113794455212E-001  6.777309083830E-003  1.311151005011E+000 -2.637657314559E+000  5.463401444922E+000  1.142660460502E-002  1.317719119850E+000
  5.181945625116E-001  6.853083197508E-003  1.293301331961E+000 -2.600690015248E+000  5.385401966114E+000  1.142297586041E-002  1.323753668353E+000
  5.250859312060E-001  6.929815191146E-003  1.275506279566E+000 -2.563845760579E+000  5.307655375463E+000  1.141924262859E-002  1.329881316167E+000
  5.320545176366E-001  7.007521423604E-003  1.257768142436E+000 -2.527129534952E+000  5.230173067090E+000  1.141540242304E-002  1.336103868473E+000
  5.391013043575E-001  7.086218580100E-003  1.240089216125E+000 -2.490546321715E+000  5.152966440408E+000  1.141145270209E-002  1.342423175823E+000
  5.462272907741E-001  7.165923679926E-003  1.222471796434E+000 -2.454101101440E+000  5.076046895626E+000  1.140739086774E-002  1.348841135508E+000
  5.534334934816E-001  7.246654084380E-003  1.204918178695E+000 -2.417798850157E+000  4.999425829139E+000  1.140321426449E-002  1.355359692977E+000
  5.607209466109E-001  7.328427504912E-003  1.187430657048E+000 -2.381644537553E+000  4.923114628809E+000  1.139892017807E-002  1.361980843300E+000
  5.680907021827E-001  7.411262011483E-003  1.170011523690E+000 -2.345643125127E+000  4.847124669145E+000  1.139450583426E-002  1.368706632688E+000
  5.755438304707E-001  7.495176041166E-003  1.152663068112E+000 -2.309799564310E+000  4.771467306377E+000  1.138996839757E-002  1.375539160066E+000
  5.830814203728E-001  7.580188406970E-003  1.135387576324E+000 -2.274118794543E+000  4.696153873429E+000  1.138530497000E-002  1.382480578705E+000
  5.907045797917E-001  7.666318306912E-003  1.118187330048E+000 -2.238605741322E+000  4.621195674785E+000  1.138051258969E-002  1.389533097908E+000
  5.984144360243E-001  7.753585333338E-003  1.101064605915E+000 -2.203265314199E+000  4.546603981266E+000  1.137558822960E-002  1.396698984765E+000
  6.062121361613E-001  7.842009482502E-003  1.084021674625E+000 -2.168102404756E+000  4.472390024694E+000  1.137052879616E-002  1.403980565965E+000
  6.140988474955E-001  7.931611164409E-003  1.067060800108E+000 -2.133121884530E+000  4.398564992481E+000  1.136533112790E-002  1.411380229682E+000
  6.220757579409E-001  8.022411212936E-003  1.050184238653E+000 -2.098328602913E+000  4.325140022106E+000  1.135999199400E-002  1.418900427521E+000
  6.301440764614E-001  8.114430896230E-003  1.033394238032E+000 -2.063727385014E+000  4.252126195512E+000  1.135450809292E-002  1.426543676550E+000
  6.383050335109E-001  8.207691927403E-003  1.016693036604E+000 -2.029323029483E+000  4.179534533420E+000  1.134887605088E-002  1.434312561394E+000
  6.465598814833E-001  8.302216475524E-003  1.000082862402E+000 -1.995120306309E+000  4.107375989544E+000  1.134309242046E-002  1.442209736420E+000
  6.549098951744E-001  8.398027176926E-003  9.835659322060E-001 -1.961123954580E+000  4.035661444738E+000  1.133715367904E-002  1.450237927994E+000
  6.633563722545E-001  8.495147146827E-003  9.671444505997E-001 -1.927338680212E+000  3.964401701063E+000  1.133105622727E-002  1.458399936833E+000
  6.719006337539E-001  8.593599991288E-003  9.508206090133E-001 -1.893769153653E+000  3.893607475776E+000  1.132479638758E-002  1.466698640439E+000
  6.805440245593E-001  8.693409819506E-003  9.345965847503E-001 -1.860420007554E+000  3.823289395249E+000  1.131837040252E-002  1.475136995636E+000
  6.892879139233E-001  8.794601256469E-003  9.184745400005E-001 -1.827295834413E+000  3.753457988831E+000  1.131177443325E-002  1.483718041191E+000
  6.981336959871E-001  8.897199455961E-003  9.024566208393E-001 -1.794401184190E+000  3.684123682637E+000  1.130500455782E-002  1.492444900552E+000
  7.070827903152E-001  9.001230113956E-003  8.865449562123E-001 -1.761740561903E+000  3.615296793286E+000  1.129805676960E-002  1.501320784685E+000
  7.161366424455E-001  9.106719482390E-003  8.707416569080E-001 -1.729318425198E+000  3.546987521591E+000  1.129092697556E-002  1.510348995018E+000
  7.252967244510E-001  9.213694383338E-003  8.550488145165E-001 -1.697139181891E+000  3.479205946192E+000  1.128361099457E-002  1.519532926512E+000
  7.345645355186E-001  9.322182223606E-003  8.394685003773E-001 -1.665207187502E+000  3.411962017157E+000  1.127610455570E-002  1.528876070848E+000
  7.439416025400E-001  9.432211009745E-003  8.240027645140E-001 -1.633526742757E+000  3.345265549546E+000  1.126840329644E-002  1.538382019735E+000
  7.534294807203E-001  9.543809363512E-003  8.086536345591E-001 -1.602102091082E+000  3.279126216935E+000  1.126050276095E-002  1.548054468366E+000
  7.630297542000E-001  9.657006537783E-003  7.934231146670E-001 -1.570937416080E+000  3.213553544933E+000  1.125239839825E-002  1.557897218995E+000
  7.727440366954E-001  9.771832432940E-003  7.783131844182E-001 -1.540036838996E+000  3.148556904663E+000  1.124408556040E-002  1.567914184675E+000
  7.825739721536E-001  9.888317613741E-003  7.633257977137E-001 -1.509404416163E+000  3.084145506250E+000  1.123555950062E-002  1.578109393139E+000
  7.925212354258E-001  1.000649332670E-002  7.484628816604E-001 -1.479044136454E+000  3.020328392286E+000  1.122681537147E-002  1.588486990841E+000
  8.025875329584E-001  1.012639151798E-002  7.337263354494E-001 -1.448959918713E+000  2.957114431317E+000  1.121784822293E-002  1.599051247167E+000
  8.127746035011E-001  1.024804485184E-002  7.191180292267E-001 -1.419155609192E+000  2.894512311323E+000  1.120865300045E-002  1.609806558817E+000
  8.230842188350E-001  1.037148672960E-002  7.046398029577E-001 -1.389634978977E+000  2.832530533226E+000  1.119922454306E-002  1.620757454372E+000
  8.335181845190E-001  1.049675130923E-002  6.902934652865E-001 -1.360401721425E+000  2.771177404417E+000  1.118955758134E-002  1.631908599050E+000
  8.440783406568E-001  1.062387352550E-002  6.760807923898E-001 -1.331459449595E+000  2.710461032323E+000  1.117964673550E-002  1.643264799666E+000
  8.547665626839E-001  1.075288911077E-002  6.620035268285E-001 -1.302811693688E+000  2.650389318007E+000  1.116948651331E-002  1.654831009795E+000
  8.655847621758E-001  1.088383461638E-002  6.480633763951E-001 -1.274461898496E+000  2.590969949822E+000  1.115907130807E-002  1.666612335165E+000
  8.765348876780E-001  1.101674743475E-002  6.342620129601E-001 -1.246413420865E+000  2.532210397123E+000  1.114839539660E-002  1.678614039272E+000
  8.876189255584E-001  1.115166582209E-002  6.206010713178E-001 -1.218669527162E+000  2.474117904044E+000  1.113745293709E-002  1.690841549240E+000
  8.988389008829E-001  1.128862892191E-002  6.070821480320E-001 -1.191233390772E+000  2.416699483350E+000  1.112623796706E-002  1.703300461941E+000
  9.101968783143E-001  1.142767678917E-002  5.937068002834E-001 -1.164108089606E+000  2.359961910374E+000  1.111474440120E-002  1.715996550368E+000
  9.216949630368E-001  1.156885041525E-002  5.804765447195E-001 -1.137296603634E+000  2.303911717052E+000  1.110296602925E-002  1.728935770302E+000
  9.333353017046E-001  1.171219175365E-002  5.673928563080E-001 -1.110801812448E+000  2.248555186053E+000  1.109089651384E-002  1.742124267265E+000
  9.451200834176E-001  1.185774374655E-002  5.544571671958E-001 -1.084626492848E+000  2.193898345023E+000  1.107852938829E-002  1.755568383779E+000
  9.570515407237E-001  1.200555035216E-002  5.416708655733E-001 -1.058773316466E+000  2.139946960962E+000  1.106585805442E-002  1.769274666959E+000
  9.691319506484E-001  1.215565657299E-002  5.290352945470E-001 -1.033244847424E+000  2.086706534712E+000  1.105287578037E-002  1.783249876432E+000
  9.813636357544E-001  1.230810848498E-002  5.165517510205E-001 -1.008043540030E+000  2.034182295606E+000  1.103957569830E-002  1.797500992630E+000
  9.937489652293E-001  1.246295326757E-002  5.042214845857E-001 -9.831717365227E-001  1.982379196259E+000  1.102595080221E-002  1.812035225444E+000
  1.006290356005E+000  1.262023923477E-002  4.920456964252E-001 -9.586316648520E-001  1.931301907517E+000  1.101199394561E-002  1.826860023284E+000
  1.018990273907E+000  1.278001586715E-002  4.800255382289E-001 -9.344254365211E-001  1.880954813582E+000  1.099769783930E-002  1.841983082548E+000
  1.031851234841E+000  1.294233384499E-002  4.681621111235E-001 -9.105550444737E-001  1.831342007316E+000  1.098305504903E-002  1.857412357536E+000
  1.044875806003E+000  1.310724508236E-002  4.564564646189E-001 -8.870223610427E-001  1.782467285737E+000  1.096805799323E-002  1.873156070815E+000
  1.058066607138E+000  1.327480276248E-002  4.449095955717E-001 -8.638291359570E-001  1.734334145710E+000  1.095269894065E-002  1.889222724078E+000
  1.071426311823E+000  1.344506137405E-002  4.335224471682E-001 -8.409769944148E-001  1.686945779853E+000  1.093697000806E-002  1.905621109510E+000
  1.084957648792E+000  1.361807674895E-002  4.222959079271E-001 -8.184674352235E-001  1.640305072662E+000  1.092086315791E-002  1.922360321691E+000
  1.098663403298E+000  1.379390610110E-002  4.112308107256E-001 -7.963018290118E-001  1.594414596862E+000  1.090437019594E-002  1.939449770067E+000
  1.112546418516E+000  1.397260806657E-002  4.003279318481E-001 -7.744814165176E-001  1.549276610001E+000  1.088748276886E-002  1.956899192019E+000
  1.126609596985E+000  1.415424274514E-002  3.895879900619E-001 -7.530073069546E-001  1.504893051287E+000  1.087019236195E-002  1.974718666561E+000
  1.140855902095E+000  1.433887174317E-002  3.790116457186E-001 -7.318804764621E-001  1.461265538687E+000  1.085249029670E-002  1.992918628706E+000
  1.155288359613E+000  1.452655821788E-002  3.685994998855E-001 -7.111017666409E-001  1.418395366289E+000  1.083436772842E-002  2.011509884527E+000
  1.169910059257E+000  1.471736692327E-002  3.583520935075E-001 -6.906718831798E-001  1.376283501937E+000  1.081581564386E-002  2.030503626963E+000
  1.184724156317E+000  1.491136425740E-002  3.482699066013E-001 -6.705913945762E-001  1.334930585156E+000  1.079682485877E-002  2.049911452409E+000
  1.199733873325E+000  1.510861831145E-002  3.383533574835E-001 -6.508607309531E-001  1.294336925360E+000  1.077738601557E-002  2.069745378118E+000
  1.214942501771E+000  1.530919892035E-002  3.286028020357E-001 -6.314801829783E-001  1.254502500361E+000  1.075748958089E-002  2.090017860492E+000
  1.230353403874E+000  1.551317771520E-002  3.190185330060E-001 -6.124499008875E-001  1.215426955191E+000  1.073712584321E-002  2.110741814283E+000
  1.245970014403E+000  1.572062817747E-002  3.096007793515E-001 -5.937698936154E-001  1.177109601228E+000  1.071628491041E-002  2.131930632772E+000
  1.261795842559E+000  1.593162569510E-002  3.003497056212E-001 -5.754400280383E-001  1.139549415652E+000  1.069495670739E-002  2.153598208973E+000
  1.277834473907E+000  1.614624762054E-002  2.912654113827E-001 -5.574600283313E-001  1.102745041216E+000  1.067313097364E-002  2.175758957936E+000
  1.294089572372E+000  1.636457333079E-002  2.823479306937E-001 -5.398294754436E-001  1.066694786365E+000  1.065079726087E-002  2.198427840194E+000
  1.310564882294E+000  1.658668428962E-002  2.735972316206E-001 -5.225478066946E-001  1.031396625677E+000  1.062794493056E-002  2.221620386434E+000
  1.327264230548E+000  1.681266411190E-002  2.650132158053E-001 -5.056143154942E-001  9.968482006612E-001  1.060456315158E-002  2.245352723463E+000
  1.344191528724E+000  1.704259863026E-002  2.565957180833E-001 -4.890281511904E-001  9.630468208927E-001  1.058064089775E-002  2.269641601542E+000
  1.361350775387E+000  1.727657596408E-002  2.483445061534E-001 -4.727883190465E-001  9.299894655058E-001  1.055616694548E-002  2.294504423166E+000
  1.378746058390E+000  1.751468659100E-002  2.402592803014E-001 -4.568936803508E-001  8.976727850388E-001  1.053112987134E-002  2.319959273396E+000
  1.396381557275E+000  1.775702342093E-002  2.323396731805E-001 -4.413429526623E-001  8.660931036370E-001  1.050551804967E-002  2.346024951810E+000
  1.414261545744E+000  1.800368187279E-002  2.245852496481E-001 -4.261347101925E-001  8.352464216158E-001  1.047931965015E-002  2.372721006193E+000
  1.432390394201E+000  1.825475995395E-002  2.169955066627E-001 -4.112673843287E-001  8.051284183839E-001  1.045252263544E-002  2.400067768066E+000
  1.450772572390E+000  1.851035834267E-002  2.095698732411E-001 -3.967392642982E-001  7.757344557302E-001  1.042511475876E-002  2.428086390165E+000
  1.469412652102E+000  1.877058047342E-002  2.023077104790E-001 -3.825484979774E-001  7.470595814721E-001  1.039708356146E-002  2.456798885994E+000
  1.488315309978E+000  1.903553262542E-002  1.952083116346E-001 -3.686930928456E-001  7.190985334655E-001  1.036841637068E-002  2.486228171587E+000
  1.507485330398E+000  1.930532401444E-002  1.882709022790E-001 -3.551709170871E-001  6.918457439770E-001  1.033910029688E-002  2.516398109606E+000
  1.526927608467E+000  1.958006688797E-002  1.814946405131E-001 -3.419797008423E-001  6.652953444139E-001  1.030912223144E-002  2.547333555941E+000
  1.546647153093E+000  1.985987662391E-002  1.748786172534E-001 -3.291170376079E-001  6.394411704117E-001  1.027846884426E-002  2.579060408957E+000
  1.566649090169E+000  2.014487183303E-002  1.684218565878E-001 -3.165803857888E-001  6.142767672751E-001  1.024712658132E-002  2.611605661571E+000
  1.586938665861E+000  2.043517446518E-002  1.621233162030E-001 -3.043670704027E-001  5.897953957685E-001  1.021508166219E-002  2.644997456333E+000
  1.607521250000E+000  2.073090991960E-002  1.559818878837E-001 -2.924742849356E-001  5.659900382517E-001  1.018232007765E-002  2.679265143715E+000
  1.628402339588E+000  2.103220715932E-002  1.499963980865E-001 -2.808990933514E-001  5.428534051553E-001  1.014882758713E-002  2.714439343826E+000
  1.649587562420E+000  2.133919883002E-002  1.441656085880E-001 -2.696384322548E-001  5.203779417906E-001  1.011458971622E-002  2.750552011757E+000
  1.671082680832E+000  2.165202138333E-002  1.384882172088E-001 -2.586891132060E-001  4.985558354861E-001  1.007959175417E-002  2.787636506835E+000
  1.692893595565E+000  2.197081520497E-002  1.329628586143E-001 -2.480478251890E-001  4.773790230444E-001  1.004381875124E-002  2.825727666021E+000
  1.715026349769E+000  2.229572474776E-002  1.275881051934E-001 -2.377111372321E-001  4.568391985106E-001  1.000725551614E-002  2.864861881748E+000
  1.737487133138E+000  2.262689866987E-002  1.223624680141E-001 -2.276755011786E-001  4.369278212440E-001  9.969886613342E-003  2.905077184507E+000
  1.760282286187E+000  2.296448997842E-002  1.172843978593E-001 -2.179372546091E-001  4.176361242842E-001  9.931696360324E-003  2.946413330495E+000
  1.783418304674E+000  2.330865617868E-002  1.123522863408E-001 -2.084926239110E-001  3.989551229999E-001  9.892668824790E-003  2.988911894703E+000
  1.806901844175E+000  2.365955942924E-002  1.075644670928E-001 -1.993377274966E-001  3.808756240123E-001  9.852787821779E-003  3.032616369803E+000
  1.830739724818E+000  2.401736670327E-002  1.029192170458E-001 -1.904685791648E-001  3.633882343795E-001  9.812036910697E-003  3.077572271260E+000
  1.854938936184E+000  2.438224995616E-002  9.841475777879E-002 -1.818810916077E-001  3.464833710316E-001  9.770399392217E-003  3.123827249116E+000
  1.879506642368E+000  2.475438629994E-002  9.404925695224E-002 -1.735710800556E-001  3.301512704439E-001  9.727858305087E-003  3.171431206915E+000
  1.904450187236E+000  2.513395818467E-002  8.982082981936E-002 -1.655342660610E-001  3.143819985347E-001  9.684396422781E-003  3.220436428308E+000
  1.929777099847E+000  2.552115358717E-002  8.572754081649E-002 -1.577662814169E-001  2.991654607753E-001  9.639996249997E-003  3.270897711888E+000
  1.955495100083E+000  2.591616620741E-002  8.176740523134E-002 -1.502626722054E-001  2.844914124972E-001  9.594640018963E-003  3.322872514873E+000
  1.981612104475E+000  2.631919567292E-002  7.793839094856E-002 -1.430189029749E-001  2.703494693832E-001  9.548309685564E-003  3.376421106298E+000
  2.008136232230E+000  2.673044775156E-002  7.423842027141E-002 -1.360303610395E-001  2.567291181273E-001  9.500986925206E-003  3.431606730427E+000
  2.035075811486E+000  2.715013457311E-002  7.066537181841E-002 -1.292923608979E-001  2.436197272474E-001  9.452653128442E-003  3.488495781182E+000
  2.062439385788E+000  2.757847486001E-002  6.721708249347E-002 -1.228001487662E-001  2.310105580367E-001  9.403289396295E-003  3.547157988411E+000
  2.090235720801E+000  2.801569416771E-002  6.389134952786E-002 -1.165489072198E-001  2.188907756372E-001  9.352876535247E-003  3.607666616937E+000
  2.118473811262E+000  2.846202513514E-002  6.068593259214E-002 -1.105337599390E-001  2.072494602184E-001  9.301395051857E-003  3.670098679377E+000
  2.147162888201E+000  2.891770774564E-002  5.759855597599E-002 -1.047497765528E-001  1.960756182457E-001  9.248825146961E-003  3.734535163818E+000
  2.176312426413E+000  2.938298959899E-002  5.462691083344E-002 -9.919197757438E-002  1.853581938216E-001  9.195146709393E-003  3.801061277546E+000
  2.205932152222E+000  2.985812619504E-002  5.176865749109E-002 -9.385533942137E-002  1.750860800816E-001  9.140339309192E-003  3.869766708115E+000
  2.236032051522E+000  3.034338122938E-002  4.902142781636E-002 -8.873479951570E-002  1.652481306287E-001  9.084382190199E-003  3.940745903173E+000
  2.266622378129E+000  3.083902690182E-002  4.638282764271E-002 -8.382526145395E-002  1.558331709879E-001  9.027254262004E-003  4.014098370570E+000
  2.297713662445E+000  3.134534423818E-002  4.385043924852E-002 -7.912160024188E-002  1.468300100642E-001  8.968934091144E-003  4.089929000463E+000
  2.329316720450E+000  3.186262342603E-002  4.142182388590E-002 -7.461866758469E-002  1.382274515846E-001  8.909399891473E-003  4.168348411230E+000
  2.361442663038E+000  3.239116416519E-002  3.909452435571E-002 -7.031129722482E-002  1.300143055071E-001  8.848629513608E-003  4.249473321226E+000
  2.394102905709E+000  3.293127603351E-002  3.686606762452E-002 -6.619431031863E-002  1.221793993785E-001  8.786600433325E-003  4.333426948593E+000
  2.427309178642E+000  3.348327886897E-002  3.473396747922E-002 -6.226252084294E-002  1.147115896212E-001  8.723289738822E-003  4.420339441538E+000
  2.461073537146E+000  3.404750316862E-002  3.269572721448E-002 -5.851074102193E-002  1.075997727322E-001  8.658674116670E-003  4.510348341745E+000
  2.495408372530E+000  3.462429050548E-002  3.074884234824E-002 -5.493378676470E-002  1.008328963740E-001  8.592729836343E-003  4.603599083855E+000
  2.530326423398E+000  3.521399396401E-002  2.889080335999E-002 -5.152648310335E-002  9.439997033994E-002  8.525432733133E-003  4.700245534202E+000
  2.565840787378E+000  3.581697859546E-002  2.711909844651E-002 -4.828366962108E-002  8.829007737363E-002  8.456758189296E-003  4.800450572365E+000
  2.601964933334E+000  3.643362189376E-002  2.543121628913E-002 -4.520020585948E-002  8.249238382428E-002  8.386681113202E-003  4.904386719432E+000
  2.638712714049E+000  3.706431429322E-002  2.382464882698E-002 -4.227097669399E-002  7.699615011853E-002  8.315175916298E-003  5.012236817254E+000
  2.676098379430E+000  3.770945968912E-002  2.229689402975E-002 -3.949089766594E-002  7.179074102922E-002  8.242216487601E-003  5.124194763454E+000
  2.714136590232E+000  3.836947598236E-002  2.084545866385E-002 -3.685492025957E-002  6.686563572210E-002  8.167776165487E-003  5.240466307418E+000
  2.752842432351E+000  3.904479564947E-002  1.946786104534E-002 -3.435803711199E-002  6.221043756064E-002  8.091827706469E-003  5.361269913061E+000
  2.792231431696E+000  3.973586633921E-002  1.816163377295E-002 -3.199528714402E-002  5.781488364988E-002  8.014343250621E-003  5.486837694787E+000
  2.832319569669E+000  4.044315149734E-002  1.692432643436E-002 -2.976176059931E-002  5.366885409946E-002  7.935294283314E-003  5.617416433746E+000
  2.873123299289E+000  4.116713102086E-002  1.575350827878E-002 -2.765260397941E-002  4.976238098657E-002  7.854651592861E-003  5.753268682267E+000
  2.914659561979E+000  4.190830194354E-002  1.464677084867E-002 -2.566302486204E-002  4.608565699941E-002  7.772385223646E-003  5.894673965215E+000
  2.956945805065E+000  4.266717915414E-002  1.360173056359E-002 -2.378829658982E-002  4.262904374175E-002  7.688464424254E-003  6.041930087995E+000
  3.000000000000E+000  4.344429614932E-002  1.261603124886E-002 -2.202376281691E-002  3.938307967953E-002  7.602857590125E-003  6.195354562028E+000
  3.043840661365E+000  4.424020582308E-002  1.168734660197E-002 -2.036484190065E-002  3.633848771069E-002  7.515532200133E-003  6.355286159727E+000
  3.088486866678E+000  4.505548129460E-002  1.081338258945E-002 -1.880703112587E-002  3.348618233939E-002  7.426454746532E-003  6.522086612413E+000
  3.133958277047E+000  4.589071677685E-002  9.991879767236E-003 -1.734591074944E-002  3.081727643673E-002  7.335590657582E-003  6.696142466149E+000
  3.180275158719E+000  4.674652848797E-002  9.220615517417E-003 -1.597714785277E-002  2.832308757004E-002  7.242904212177E-003  6.877867112227E+000
  3.227458405560E+000  4.762355560797E-002  8.497406194679E-003 -1.469649999086E-002  2.599514388375E-002  7.148358445707E-003  7.067703011042E+000
  3.275529562509E+000  4.852246128332E-002  7.820109175684E-003 -1.349981862610E-002  2.382518951546E-002  7.051915046337E-003  7.266124130276E+000
  3.324510850077E+000  4.944393368200E-002  7.186624805057E-003 -1.238305233627E-002  2.180518953158E-002  6.953534240853E-003  7.473638620916E+000
  3.374425189910E+000  5.038868710203E-002  6.594898231842E-003 -1.134224978634E-002  1.992733436816E-002  6.853174669150E-003  7.690791757415E+000
  3.425296231502E+000  5.135746313639E-002  6.042921130654E-003 -1.037356245445E-002  1.818404376338E-002  6.750793246362E-003  7.918169171620E+000
  3.477148380094E+000  5.235103189784E-002  5.528733302105E-003 -9.473247103250E-003  1.656797016957E-002  6.646345011644E-003  8.156400413727E+000
  3.530006825834E+000  5.337019330676E-002  5.050424147537E-003 -8.637667988649E-003  1.507200163423E-002  6.539782962482E-003  8.406162877718E+000
  3.583897574256E+000  5.441577844603E-002  4.606134013523E-003 -7.863298798861E-003  1.368926414077E-002  6.431057873454E-003  8.668186133512E+000
  3.638847478148E+000  5.548865098670E-002  4.194055402120E-003 -7.146724317808E-003  1.241312340197E-002  6.320118098244E-003  8.943256713434E+000
  3.694884270887E+000  5.658970868864E-002  3.812434043412E-003 -6.484641807939E-003  1.123718610052E-002  6.206909353739E-003  9.232223406818E+000
  3.752036601308E+000  5.771988498079E-002  3.459569827443E-003 -5.873862108786E-003  1.015530057366E-002  6.091374485007E-003  9.536003123579E+000
  3.810334070199E+000  5.888015062562E-002  3.133817593272E-003 -5.311310448795E-003  9.161556940682E-003  5.973453209951E-003  9.855587395628E+000
  3.869807268505E+000  6.007151547295E-002  2.833587773522E-003 -4.794026969342E-003  8.250286674949E-003  5.853081842460E-003  1.019204959421E+001
  3.930487817331E+000  6.129503030858E-002  2.557346893455E-003 -4.319166961175E-003  7.416061624110E-003  5.730192992931E-003  1.054655295175E+001
  3.992408409843E+000  6.255178880352E-002  2.303617924306E-003 -3.884000814985E-003  6.653692485186E-003  5.604715245130E-003  1.092035948898E+001
  4.055602855172E+000  6.384292957002E-002  2.070980491307E-003 -3.485913689233E-003  5.958226743715E-003  5.476572808418E-003  1.131483996163E+001
  4.120106124432E+000  6.516963833101E-002  1.858070937520E-003 -3.122404899854E-003  5.324946088995E-003  5.345685144648E-003  1.173148495749E+001
  4.185954398964E+000  6.653315021009E-002  1.663582245343E-003 -2.791087037908E-003  4.749363320230E-003  5.211966569163E-003  1.217191729214E+001
  4.253185120935E+000  6.793475214960E-002  1.486263818220E-003 -2.489684822724E-003  4.227218761219E-003  5.075325825698E-003  1.263790587356E+001
  4.321837046422E+000  6.937578546490E-002  1.324921125783E-003 -2.216033699500E-003  3.754476203999E-003  4.935665635326E-003  1.313138122938E+001
  4.391950301120E+000  7.085764854355E-002  1.178415216343E-003 -1.968078191703E-003  3.327318404545E-003  4.792882220155E-003  1.365445291918E+001
  4.463566438835E+000  7.238179969882E-002  1.045662101241E-003 -1.743870019944E-003  2.942142156272E-003  4.646864803035E-003  1.420942908605E+001
  4.536728502895E+000  7.394976018725E-002  9.256320162299E-004 -1.541566000227E-003  2.595552969514E-003  4.497495085375E-003  1.479883843965E+001
  4.611481090679E+000  7.556311740127E-002  8.173485655665E-004 -1.359425735608E-003  2.284359387469E-003  4.344646706140E-003  1.542545500587E+001
  4.687870421430E+000  7.722352824817E-002  7.198877550514E-004 -1.195809116348E-003  2.005566971150E-003  4.188184686227E-003  1.609232602870E+001
  4.765944407533E+000  7.893272272784E-002  6.323769206956E-004 -1.049173644509E-003  1.756371987716E-003  4.027964864042E-003  1.680280346802E+001
  4.845752729492E+000  8.069250772248E-002  5.539935601055E-004 -9.180715997477E-004  1.534154838071E-003  3.863833329737E-003  1.756057960482E+001
  4.927346914797E+000  8.250477101257E-002  4.839640740233E-004 -8.011470636121E-004  1.336473260845E-003  3.695625867919E-003  1.836972734355E+001
  5.010780420931E+000  8.437148553436E-002  4.215624257428E-004 -6.971328201527E-004  1.161055350745E-003  3.523167421228E-003  1.923474589300E+001
  5.096108722763E+000  8.629471389541E-002  3.661087263348E-004 -6.048471508926E-004  1.005792429776E-003  3.346271590545E-003  2.016061261290E+001
  5.183389404586E+000  8.827661316581E-002  3.169677537709E-004 -5.231905423400E-004  8.687318099654E-004  3.164740191408E-003  2.115284193716E+001
  5.272682257105E+000  9.031943996425E-002  2.735474141183E-004 -4.511423241532E-004  7.480694859650E-004  2.978362891180E-003  2.221755242836E+001
  5.364049379651E+000  9.242555585946E-002  2.352971530031E-004 -3.877572558450E-004  6.421427952899E-004  2.786916957098E-003  2.336154318552E+001
  5.457555287978E+000  9.459743310926E-002  2.017063255030E-004 -3.321620795185E-004  5.494230829086E-004  2.590167152461E-003  2.459238102179E+001
  5.553267027968E+000  9.683766076100E-002  1.723025325379E-004 -2.835520555878E-004  4.685084055273E-004  2.387865826308E-003  2.591850005588E+001
  5.651254295630E+000  9.914895113938E-002  1.466499316852E-004 -2.411874977468E-004  3.981163091703E-004  2.179753252176E-003  2.734931562441E+001
  5.751589563796E+000  1.015341467494E-001  1.243475301596E-004 -2.043903226425E-004  3.370767116087E-004  1.965558283088E-003  2.889535472949E+001
  5.854348215936E+000  1.039962276248E-001  1.050274674711E-004 -1.725406287895E-004  2.843249188525E-004  1.744999404159E-003  3.056840559204E+001
  5.959608687557E+000  1.065383191537E-001  8.835329502059E-005 -1.450733182565E-004  2.388948023473E-004  1.517786280591E-003  3.238168929496E+001
  6.067452615683E+000  1.091637004188E-001  7.401825961027E-005 -1.214747735795E-004  1.999121607485E-004  1.283621918124E-003  3.435005697950E+001
  6.177964996951E+000  1.118758130872E-001  6.174359754894E-005 -1.012796012419E-004  1.665882872384E-004  1.042205575269E-003  3.649021661225E+001
  6.291234354880E+000  1.146782708938E-001  5.127684572224E-005 -8.406745191905E-005  1.382137603590E-004  7.932365920295E-004  3.882099398027E+001
  6.407352916949E+000  1.175748697626E-001  4.239017568188E-005 -6.945992654626E-005  1.141524733168E-004  5.364193284194E-004  4.136363330825E+001
  6.526416802128E+000  1.205695986129E-001  3.487875648930E-005 -5.711757614897E-005  9.383591372590E-005  2.714694372466E-004  4.414214373839E+001
  6.648526219580E+000  1.236666509049E-001  2.855915173145E-005 -4.673700229601E-005  7.675770285543E-005 -1.878271040266E-006  4.718369888310E+001
  6.773785679311E+000  1.268704369821E-001  2.326775580959E-005 -3.804806401060E-005  6.246840068291E-005 -2.838600797733E-004  5.051909776936E+001
  6.902304215570E+000  1.301855972713E-001  1.885927428639E-005 -3.081119601699E-005  5.057058047690E-005 -5.746714106405E-004  5.418329675787E+001
  7.034195623922E+000  1.336170164087E-001  1.520525275963E-005 -2.481484231763E-005  4.071417427543E-005 -8.744523122143E-004  5.821602346207E+001
  7.169578712934E+000  1.371698383673E-001  1.219265840875E-005 -1.987300829168E-005  3.259208852400E-005 -1.183270029868E-003  6.266248533771E+001
  7.308577571516E+000  1.408494826628E-001  9.722518028403E-006 -1.582293377820E-005  2.593608730637E-005 -1.501098301451E-003  6.757418750115E+001
  7.451321853057E+000  1.446616617293E-001  7.708616014964E-006 -1.252288895189E-005  2.051293905135E-005 -1.827793063602E-003  7.300987651972E+001
  7.597947077547E+000  1.486123995567E-001  6.076255401423E-006 -9.850094204854E-006  1.612082132699E-005 -2.163064343495E-003  7.903662949001E+001
  7.748594953021E+000  1.527080516973E-001  4.761084636827E-006 -7.698764702914E-006  1.258597732434E-005 -2.506444274602E-003  8.573111082209E+001
  7.903413717736E+000  1.569553267535E-001  3.707992373116E-006 -5.978279772167E-006  9.759616862836E-006 -2.857251438724E-003  9.318102301758E+001
  8.062558504629E+000  1.613613094717E-001  2.870072050877E-006 -4.611476776453E-006  7.515054183289E-006 -3.214552138129E-003  1.014867827489E+002
  8.226191729726E+000  1.659334855793E-001  2.207657564453E-006 -3.533068650915E-006  5.745074393709E-006 -3.577119780305E-003  1.107634603404E+002
  8.394483506327E+000  1.706797685137E-001  1.687430736939E-006 -2.688183747897E-006  4.359520152322E-006 -3.943394358184E-003  1.211430303077E+002
  8.567612086926E+000  1.756085282071E-001  1.281600751152E-006 -2.031026117140E-006  3.283089967472E-006 -4.311445071232E-003  1.327769944845E+002
  8.745764335025E+000  1.807286221064E-001  9.671550711359E-007 -1.523653776442E-006  2.453339322794E-006 -4.678940485990E-003  1.458394598479E+002
  8.929136229160E+000  1.860494286260E-001  7.251807614715E-007 -1.134871930497E-006  1.818875662194E-006 -5.043132278410E-003  1.605307840676E+002
  9.117933401693E+000  1.915808832504E-001  5.402544825855E-007 -8.392374700778E-007  1.337738065094E-006 -5.400860489920E-003  1.770819484472E+002
  9.312371715124E+000  1.973335175235E-001  3.998988264612E-007 -6.161704426447E-007  9.759521918150E-007 -5.748590246850E-003  1.957598882174E+002
  9.512677878945E+000  2.033185011886E-001  2.941020770114E-007 -4.491675465937E-007  7.062507777875E-007 -6.082491843182E-003  2.168741155648E+002
  9.719090110332E+000  2.095476877688E-001  2.148979521366E-007 -3.251120871105E-007  5.069496122566E-007 -6.398577676040E-003  2.407851279357E+002
  9.931858842267E+000  2.160336639044E-001  1.560014285800E-007 -2.336742677032E-007  3.609685729196E-007 -6.692910423452E-003  2.679153271038E+002
  1.015124748302E+001  2.227898028021E-001  1.124963825313E-007 -1.667952048259E-007  2.549869325811E-007 -6.961896775108E-003  2.987635187461E+002
  1.037753323129E+001  2.298303221843E-001  8.057051160354E-008 -1.182476692652E-007  1.787218443321E-007 -7.202679938096E-003  3.339245718477E+002
  1.061100795175E+001  2.371703471699E-001  5.729284588693E-008 -8.326629926842E-008  1.243186871572E-007 -7.413642576864E-003  3.741165778927E+002
  1.085197911611E+001  2.448259785618E-001  4.042911053316E-008 -5.823991306592E-008  8.584185178245E-008 -7.595031391100E-003  4.202190042745E+002
  1.110077081537E+001  2.528143670735E-001  2.829026728115E-008 -4.045858119158E-008  5.885459830774E-008 -7.749718477574E-003  4.733271337584E+002
  1.135772484956E+001  2.611537940784E-001  1.960972932734E-008 -2.790830183399E-008  4.007684417354E-008 -7.884128897241E-003  5.348309751948E+002
  1.162320190175E+001  2.698637595360E-001  1.344499969447E-008 -1.910644626723E-008  2.711015206705E-008 -8.009398789496E-003  6.065316749795E+002
  1.189758280382E+001  2.789650778206E-001  9.099810361600E-009 -1.297158864870E-008  1.821977718412E-008 -8.142902056878E-003  6.908169277723E+002
  1.218126990242E+001  2.884799822596E-001  6.063217774347E-009 -8.721880477732E-009  1.216438266562E-008 -8.310430611675E-003  7.909323927675E+002
  1.247468853413E+001  2.984322392826E-001  3.962518751782E-009 -5.796745195441E-009  8.064909698745E-009 -8.549605883604E-003  9.114159853738E+002
  1.277828862002E+001  3.088472731875E-001  2.527268622750E-009 -3.797320866587E-009  5.305054377315E-009 -8.915706040349E-003  1.058822796474E+003
  1.309254639077E+001  3.197523026463E-001  1.562092157481E-009 -2.441737180940E-009  3.456811678710E-009 -9.492442616340E-003  1.243001160854E+003
  1.341796625462E+001  3.311764902095E-001  9.263623616442E-010 -1.531948798179E-009  2.225552173372E-009 -1.041351325046E-002  1.479494827532E+003
  1.375508282195E+001  3.431511062169E-001  5.191714571787E-010 -9.294372136624E-010  1.410057649766E-009 -1.190977409438E-002  1.794472534534E+003
  1.410446310162E+001  3.557097086969E-001  2.683257830056E-010 -5.376213441460E-010  8.738236491385E-010 -1.442544266662E-002  2.236074572801E+003
  1.446670888596E+001  3.688883410292E-001  1.223594708930E-010 -2.892735760395E-010  5.247159770089E-010 -1.895706893995E-002  2.905100903682E+003
  1.484245934302E+001  3.827257493700E-001  4.478164267295E-011 -1.376205403941E-010  3.007316987400E-010 -2.834239059928E-002  4.061381112757E+003
  1.523239383723E+001  3.972636220891E-001  9.952118409303E-012 -5.011954246325E-011  1.601606813248E-010 -5.530524761961E-002  6.705048239257E+003
  1.563723500136E+001  4.125468537596E-001  1.262558094561E-013 -4.149644888273E-012  7.487808457473E-011  0.000000000000E+000  0.000000000000E+000
  1.605775208607E+001  4.286238365683E-001  3.326033439544E-012  1.594956224902E-011  2.583436445971E-011  8.392757602151E-002  9.661952123464E+003
  1.649476461582E+001  4.455467823929E-001  1.178696633695E-011  2.090834107875E-011  6.380107429814E-014  4.215870101079E-002  6.337331187314E+003
  1.694914638379E+001  4.633720792263E-001  2.080319139115E-011  1.792758967083E-011 -1.127754246420E-011  2.998208383899E-002  5.244013044888E+003
  1.742182982203E+001  4.821606861220E-001  2.784938886216E-011  1.166251113539E-011 -1.419252847161E-011  2.437798028257E-002  4.758117856776E+003
  1.791381078784E+001  5.019785714107E-001  3.190057224300E-011  4.933856906784E-012 -1.268551373647E-011  2.126977126557E-002  4.547516257551E+003
  1.842615381215E+001  5.228971995942E-001  3.290109659302E-011 -7.394839320517E-013 -9.331655729921E-012  1.936391464262E-002  4.500944182555E+003
  1.895999786176E+001  5.449940730840E-001  3.135422627720E-011 -4.729670451294E-012 -5.679646531973E-012  1.812174150823E-002  4.573777729394E+003
  1.951656267356E+001  5.683533358366E-001  2.801507702838E-011 -6.979056993088E-012 -2.552317879714E-012  1.727942728424E-002  4.748719070759E+003
  2.009715572669E+001  5.930664469535E-001  2.367472052119E-011 -7.752746529079E-012 -2.804179577336E-013  1.669298768099E-002  5.022795131330E+003
  2.070317992707E+001  6.192329335039E-001  1.902388526468E-011 -7.455592116695E-012  1.113471192229E-012  1.627755318323E-002  5.402656369713E+003
  2.133614208874E+001  6.469612332096E-001  1.458313856460E-011 -6.506922803865E-012  1.773693969121E-012  1.598016027555E-002  5.903235161311E+003
  2.199766230782E+001  6.763696392388E-001  1.068452526613E-011 -5.265434343906E-012  1.909416956892E-012  1.576628485497E-002  6.548201094954E+003
  2.268948433818E+001  7.075873612439E-001  7.488678066832E-012 -3.994794407320E-012  1.728020430062E-012  1.561264414550E-002  7.371774320376E+003
  2.341348709294E+001  7.407557189842E-001  5.022054864887E-012 -2.859054534055E-012  1.398658156819E-012  1.550310625647E-002  8.421961800274E+003
  2.417169741362E+001  7.760294874639E-001  3.221219789738E-012 -1.936756288306E-012  1.038994007908E-012  1.542624718150E-002  9.765630742214E+003
  2.496630426925E+001  8.135784155747E-001  1.974498396076E-012 -1.243830770350E-012  7.174141487007E-013  1.537383058526E-002  1.149621356661E+004
  2.579967457140E+001  8.535889438281E-001  1.155184012260E-012 -7.576808699595E-013  4.635168810225E-013  1.533982926547E-002  1.374537823801E+004
  2.667437081864E+001  8.962661510291E-001  6.440291496023E-013 -4.376096902976E-013  2.811663796379E-013  0.000000000000E+000  0.000000000000E+000
  2.759317081651E+001  9.418359647997E-001  3.414852184027E-013 -2.393929068579E-013  1.603486210670E-013  0.000000000000E+000  0.000000000000E+000
  2.855908975674E+001  9.905476768748E-001  1.718126621395E-013 -1.238411668457E-013  8.597927283108E-014  0.000000000000E+000  0.000000000000E+000
  2.957540498378E+001  1.042676811269E+000  8.181094506865E-014 -6.045579141386E-014  4.330591072273E-014  0.000000000000E+000  0.000000000000E+000
  3.064568382919E+001  1.098528402000E+000  3.675723911003E-014 -2.777906187650E-014  2.045440682180E-014  0.000000000000E+000  0.000000000000E+000
  3.177381495601E+001  1.158440747351E+000  1.553066172180E-014 -1.197820823844E-014  9.038108944518E-015  0.000000000000E+000  0.000000000000E+000
  3.296404372807E+001  1.222789720048E+000  6.147762143654E-015 -4.829989277456E-015  3.724969668082E-015  0.000000000000E+000  0.000000000000E+000
  3.422101220608E+001  1.291993727721E+000  2.270427040145E-015 -1.814138432018E-015  1.426896139062E-015  0.000000000000E+000  0.000000000000E+000
  3.554980447538E+001  1.366519436102E+000  7.786362453677E-016 -6.318456959368E-016  5.058784642056E-016  0.000000000000E+000  0.000000000000E+000
  3.695599813319E+001  1.446888389511E+000  2.466834347101E-016 -2.030413030416E-016  1.652072652245E-016  0.000000000000E+000  0.000000000000E+000
  3.844572291106E+001  1.533684690030E+000  7.178594572467E-017 -5.986500944590E-017  4.943274231734E-017  0.000000000000E+000  0.000000000000E+000
  4.002572758518E+001  1.627563929686E+000  1.906543728259E-017 -1.609290821131E-017  1.346878351575E-017  0.000000000000E+000  0.000000000000E+000
  4.170345654134E+001  1.729263610453E+000  4.588631055962E-018 -3.916849683141E-018  3.318982747609E-018  0.000000000000E+000  0.000000000000E+000
  4.348713762001E+001  1.839615336740E+000  9.929352802767E-019 -8.564281697676E-019  7.340217128101E-019  0.000000000000E+000  0.000000000000E+000
  4.538588318162E+001  1.959559126947E+000  1.816803069718E-019 -1.569596390803E-019  1.346363187645E-019  0.000000000000E+000  0.000000000000E+000
  4.740980671574E+001  2.090160267552E+000  3.129524481330E-020 -4.353351269150E-020  3.959379142959E-020  0.000000000000E+000  0.000000000000E+000
  4.957015778746E+001  2.232629229408E+000  6.686239474694E-021 -2.836209030720E-021 -3.690889740373E-021  0.000000000000E+000  0.000000000000E+000
  5.187947869225E+001  2.388345286640E+000  0.000000000000E+000  3.081295821107E-022  1.954898278051E-021  0.000000000000E+000  0.000000000000E+000
  5.435178690397E+001  2.558884630889E+000  2.337427073576E-022 -2.165404977765E-022  0.000000000000E+000  0.000000000000E+000  0.000000000000E+000
  5.700278828629E+001  2.746053966795E+000  0.000000000000E+000  0.000000000000E+000  0.000000000000E+000  0.000000000000E+000  0.000000000000E+000
  5.985012714155E+001  2.951930820846E+000  0.000000000000E+000  0.000000000000E+000  0.000000000000E+000  0.000000000000E+000  0.000000000000E+000
  6.291368055481E+001  3.178912111311E+000  0.000000000000E+000  0.000000000000E+000  0.000000000000E+000  0.000000000000E+000  0.000000000000E+000
  6.621590623276E+001  3.429772933797E+000  0.000000000000E+000  0.000000000000E+000  0.000000000000E+000  0.000000000000E+000  0.000000000000E+000
  6.978225524452E+001  3.707738044625E+000  0.000000000000E+000  0.000000000000E+000  0.000000000000E+000  0.000000000000E+000  0.000000000000E+000
  7.364166388185E+001  4.016569212832E+000  0.000000000000E+000  0.000000000000E+000  0.000000000000E+000  0.000000000000E+000  0.000000000000E+000
  7.782714245929E+001  4.360672516382E+000  0.000000000000E+000  0.000000000000E+000  0.000000000000E+000  0.000000000000E+000  0.000000000000E+000
  8.237648351994E+001  4.745230855210E+000  0.000000000000E+000  0.000000000000E+000  0.000000000000E+000  0.000000000000E+000  0.000000000000E+000
  8.733311794503E+001  5.176368549127E+000  0.000000000000E+000  0.000000000000E+000  0.000000000000E+000  0.000000000000E+000  0.000000000000E+000
  9.274715535088E+001  5.661357031559E+000  0.000000000000E+000  0.000000000000E+000  0.000000000000E+000  0.000000000000E+000  0.000000000000E+000
  9.867665554529E+001  6.208873552072E+000  0.000000000000E+000  0.000000000000E+000  0.000000000000E+000  0.000000000000E+000  0.000000000000E+000
  1.051891916055E+002  6.829328764649E+000  0.000000000000E+000  0.000000000000E+000  0.000000000000E+000  0.000000000000E+000  0.000000000000E+000
  1.123637836013E+002  7.535284543316E+000  0.000000000000E+000  0.000000000000E+000  0.000000000000E+000  0.000000000000E+000  0.000000000000E+000
  1.202933069206E+002  8.341990973528E+000  0.000000000000E+000  0.000000000000E+000  0.000000000000E+000  0.000000000000E+000  0.000000000000E+000
  1.290875131414E+002  9.268082166539E+000  0.000000000000E+000  0.000000000000E+000  0.000000000000E+000  0.000000000000E+000  0.000000000000E+000
  1.388768482001E+002  1.033648575811E+001  0.000000000000E+000  0.000000000000E+000  0.000000000000E+000  0.000000000000E+000  0.000000000000E+000
  1.498173177370E+002  1.157562284364E+001  0.000000000000E+000  0.000000000000E+000  0.000000000000E+000  0.000000000000E+000  0.000000000000E+000
  1.620967411853E+002  1.302100699722E+001  0.000000000000E+000  0.000000000000E+000  0.000000000000E+000  0.000000000000E+000  0.000000000000E+000
  1.759428668168E+002  1.471739812515E+001  0.000000000000E+000  0.000000000000E+000  0.000000000000E+000  0.000000000000E+000  0.000000000000E+000
  1.916340085825E+002  1.672173748087E+001  0.000000000000E+000  0.000000000000E+000  0.000000000000E+000  0.000000000000E+000  0.000000000000E+000
  2.095131417987E+002  1.910719757888E+001  0.000000000000E+000  0.000000000000E+000  0.000000000000E+000  0.000000000000E+000  0.000000000000E+000
  2.300068054477E+002  2.196884699990E+001  0.000000000000E+000  0.000000000000E+000  0.000000000000E+000  0.000000000000E+000  0.000000000000E+000
  2.536507797910E+002  2.543169216868E+001  0.000000000000E+000  0.000000000000E+000  0.000000000000E+000  0.000000000000E+000  0.000000000000E+000
  2.811254638474E+002  2.966227967912E+001  0.000000000000E+000  0.000000000000E+000  0.000000000000E+000  0.000000000000E+000  0.000000000000E+000
  3.133053780630E+002  3.488573552677E+001  0.000000000000E+000  0.000000000000E+000  0.000000000000E+000  0.000000000000E+000  0.000000000000E+000
  3.513296254502E+002  4.141128389041E+001  0.000000000000E+000  0.000000000000E+000  0.000000000000E+000  0.000000000000E+000  0.000000000000E+000
  3.967041014106E+002  4.967130404214E+001  0.000000000000E+000  0.000000000000E+000  0.000000000000E+000  0.000000000000E+000  0.000000000000E+000
  4.514529193349E+002  6.028257212519E+001  0.000000000000E+000  0.000000000000E+000  0.000000000000E+000  0.000000000000E+000  0.000000000000E+000
  5.183481233601E+002  7.414493328740E+001  0.000000000000E+000  0.000000000000E+000  0.000000000000E+000  0.000000000000E+000  0.000000000000E+000
  6.012676077950E+002  9.260523890243E+001  0.000000000000E+000  0.000000000000E+000  0.000000000000E+000  0.000000000000E+000  0.000000000000E+000
  7.057700503752E+002  1.177394213729E+002  0.000000000000E+000  0.000000000000E+000  0.000000000000E+000  0.000000000000E+000  0.000000000000E+000
  8.400513767914E+002  1.528577972397E+002  0.000000000000E+000  0.000000000000E+000  0.000000000000E+000  0.000000000000E+000  0.000000000000E+000
  1.016602135495E+003  2.034537342122E+002  0.000000000000E+000  0.000000000000E+000  0.000000000000E+000  0.000000000000E+000  0.000000000000E+000
  1.255220715580E+003  2.790860613466E+002  0.000000000000E+000  0.000000000000E+000  0.000000000000E+000  0.000000000000E+000  0.000000000000E+000
  1.588815776243E+003  3.973705897531E+002  0.000000000000E+000  0.000000000000E+000  0.000000000000E+000  0.000000000000E+000  0.000000000000E+000
  2.075392011604E+003  5.931596040112E+002  0.000000000000E+000  0.000000000000E+000  0.000000000000E+000  0.000000000000E+000  0.000000000000E+000
  2.825079847529E+003  9.419154890021E+002  0.000000000000E+000  0.000000000000E+000  0.000000000000E+000  0.000000000000E+000  0.000000000000E+000
  4.068408296184E+003  1.627629972033E+003  0.000000000000E+000  0.000000000000E+000  0.000000000000E+000  0.000000000000E+000  0.000000000000E+000
  6.357262947674E+003  3.178964796686E+003  0.000000000000E+000  0.000000000000E+000  0.000000000000E+000  0.000000000000E+000  0.000000000000E+000
  1.130231930164E+004  7.535323971013E+003  0.000000000000E+000  0.000000000000E+000  0.000000000000E+000  0.000000000000E+000  0.000000000000E+000
  2.543105175140E+004  2.543171841285E+004  0.000000000000E+000  0.000000000000E+000  0.000000000000E+000  0.000000000000E+000  0.000000000000E+000
  1.017262069958E+005  2.034537473226E+005  0.000000000000E+000  0.000000000000E+000  0.000000000000E+000  0.000000000000E+000  0.000000000000E+000
