# 1st line: number of mesh points
# abcissa weight wavefunction wavefunction_1st wavefunction_2nd
500
# Principal QN=   1 , l=   0 , Occupation=   1.0100
  9.830308526508E-006  1.966074589941E-005  1.916433736584E+000 -1.968124649412E+000  2.041222898455E+000
  3.932200719717E-005  3.932303800261E-005  1.916375694133E+000 -1.968064451056E+000  2.041170388577E+000
  8.847741541455E-005  5.898842277178E-005  1.916278955587E+000 -1.967964118643E+000  2.041082867301E+000
  1.573003992804E-004  7.865844718600E-005  1.916143519258E+000 -1.967823649447E+000  2.040960327409E+000
  2.457963722417E-004  9.833465899987E-005  1.915969382782E+000 -1.967643039649E+000  2.040802758795E+000
  3.539722959954E-004  1.180186070023E-004  1.915756543119E+000 -1.967422284343E+000  2.040610148471E+000
  4.818366816528E-004  1.377118412759E-004  1.915504996558E+000 -1.967161377536E+000  2.040382480564E+000
  6.293995911626E-004  1.574159134560E-004  1.915214738715E+000 -1.966860312146E+000  2.040119736322E+000
  7.966726389934E-004  1.771323769912E-004  1.914885764536E+000 -1.966519080010E+000  2.039821894113E+000
  9.836689940782E-004  1.968627874036E-004  1.914518068298E+000 -1.966137671882E+000  2.039488929431E+000
  1.190403382016E-003  2.166087025496E-004  1.914111643610E+000 -1.965716077438E+000  2.039120814897E+000
  1.416892087541E-003  2.363716828821E-004  1.913666483417E+000 -1.965254285275E+000  2.038717520265E+000
  1.663152957245E-003  2.561532917128E-004  1.913182580001E+000 -1.964752282919E+000  2.038279012423E+000
  1.929205402573E-003  2.759550954757E-004  1.912659924985E+000 -1.964210056825E+000  2.037805255401E+000
  2.215070403074E-003  2.957786639908E-004  1.912098509333E+000 -1.963627592384E+000  2.037296210374E+000
  2.520770509919E-003  3.156255707300E-004  1.911498323355E+000 -1.963004873922E+000  2.036751835667E+000
  2.846329849692E-003  3.354973930828E-004  1.910859356710E+000 -1.962341884710E+000  2.036172086761E+000
  3.191774128432E-003  3.553957126240E-004  1.910181598411E+000 -1.961638606965E+000  2.035556916302E+000
  3.557130635959E-003  3.753221153821E-004  1.909465036825E+000 -1.960895021857E+000  2.034906274103E+000
  3.942428250463E-003  3.952781921092E-004  1.908709659679E+000 -1.960111109513E+000  2.034220107154E+000
  4.347697443358E-003  4.152655385525E-004  1.907915454065E+000 -1.959286849023E+000  2.033498359629E+000
  4.772970284417E-003  4.352857557265E-004  1.907082406444E+000 -1.958422218445E+000  2.032740972894E+000
  5.218280447175E-003  4.553404501876E-004  1.906210502648E+000 -1.957517194816E+000  2.031947885514E+000
  5.683663214611E-003  4.754312343099E-004  1.905299727890E+000 -1.956571754152E+000  2.031119033264E+000
  6.169155485101E-003  4.955597265624E-004  1.904350066762E+000 -1.955585871459E+000  2.030254349137E+000
  6.674795778653E-003  5.157275517886E-004  1.903361503250E+000 -1.954559520740E+000  2.029353763353E+000
  7.200624243425E-003  5.359363414876E-004  1.902334020728E+000 -1.953492675000E+000  2.028417203372E+000
  7.746682662519E-003  5.561877340970E-004  1.901267601974E+000 -1.952385306259E+000  2.027444593900E+000
  8.313014461060E-003  5.764833752781E-004  1.900162229171E+000 -1.951237385554E+000  2.026435856907E+000
  8.899664713569E-003  5.968249182030E-004  1.899017883914E+000 -1.950048882955E+000  2.025390911631E+000
  9.506680151615E-003  6.172140238444E-004  1.897834547216E+000 -1.948819767567E+000  2.024309674596E+000
  1.013410917176E-002  6.376523612666E-004  1.896612199518E+000 -1.947550007542E+000  2.023192059623E+000
  1.078200184380E-002  6.581416079202E-004  1.895350820692E+000 -1.946239570092E+000  2.022037977841E+000
  1.145040991929E-002  6.786834499385E-004  1.894050390050E+000 -1.944888421495E+000  2.020847337704E+000
  1.213938684040E-002  6.992795824361E-004  1.892710886353E+000 -1.943496527106E+000  2.019620045005E+000
  1.284898774901E-002  7.199317098113E-004  1.891332287819E+000 -1.942063851369E+000  2.018356002887E+000
  1.357926949620E-002  7.406415460502E-004  1.889914572127E+000 -1.940590357829E+000  2.017055111864E+000
  1.433029065191E-002  7.614108150341E-004  1.888457716430E+000 -1.939076009141E+000  2.015717269833E+000
  1.510211151509E-002  7.822412508494E-004  1.886961697364E+000 -1.937520767085E+000  2.014342372091E+000
  1.589479412397E-002  8.031345981016E-004  1.885426491051E+000 -1.935924592576E+000  2.012930311353E+000
  1.670840226680E-002  8.240926122311E-004  1.883852073116E+000 -1.934287445679E+000  2.011480977772E+000
  1.754300149280E-002  8.451170598329E-004  1.882238418693E+000 -1.932609285620E+000  2.009994258953E+000
  1.839865912351E-002  8.662097189796E-004  1.880585502434E+000 -1.930890070800E+000  2.008470039975E+000
  1.927544426443E-002  8.873723795480E-004  1.878893298518E+000 -1.929129758812E+000  2.006908203408E+000
  2.017342781695E-002  9.086068435487E-004  1.877161780669E+000 -1.927328306452E+000  2.005308629337E+000
  2.109268249069E-002  9.299149254598E-004  1.875390922157E+000 -1.925485669734E+000  2.003671195381E+000
  2.203328281612E-002  9.512984525641E-004  1.873580695815E+000 -1.923601803909E+000  2.001995776714E+000
  2.299530515754E-002  9.727592652906E-004  1.871731074050E+000 -1.921676663475E+000  2.000282246087E+000
  2.397882772639E-002  9.942992175591E-004  1.869842028852E+000 -1.919710202201E+000  1.998530473854E+000
  2.498393059493E-002  1.015920177130E-003  1.867913531810E+000 -1.917702373135E+000  1.996740327993E+000
  2.601069571024E-002  1.037624025957E-003  1.865945554118E+000 -1.915653128627E+000  1.994911674131E+000
  2.705920690860E-002  1.059412660547E-003  1.863938066597E+000 -1.913562420347E+000  1.993044375571E+000
  2.812954993023E-002  1.081287992318E-003  1.861891039700E+000 -1.911430199297E+000  1.991138293314E+000
  2.922181243436E-002  1.103251947969E-003  1.859804443529E+000 -1.909256415839E+000  1.989193286093E+000
  3.033608401473E-002  1.125306469854E-003  1.857678247847E+000 -1.907041019704E+000  1.987209210391E+000
  3.147245621542E-002  1.147453516351E-003  1.855512422094E+000 -1.904783960019E+000  1.985185920477E+000
  3.263102254705E-002  1.169695062249E-003  1.853306935401E+000 -1.902485185325E+000  1.983123268434E+000
  3.381187850339E-002  1.192033099133E-003  1.851061756604E+000 -1.900144643595E+000  1.981021104187E+000
  3.501512157837E-002  1.214469635775E-003  1.848776854258E+000 -1.897762282260E+000  1.978879275534E+000
  3.624085128345E-002  1.237006698530E-003  1.846452196657E+000 -1.895338048227E+000  1.976697628179E+000
  3.748916916538E-002  1.259646331739E-003  1.844087751843E+000 -1.892871887900E+000  1.974476005766E+000
  3.876017882444E-002  1.282390598136E-003  1.841683487630E+000 -1.890363747210E+000  1.972214249910E+000
  4.005398593302E-002  1.305241579266E-003  1.839239371615E+000 -1.887813571628E+000  1.969912200235E+000
  4.137069825459E-002  1.328201375897E-003  1.836755371197E+000 -1.885221306199E+000  1.967569694404E+000
  4.271042566323E-002  1.351272108452E-003  1.834231453594E+000 -1.882586895558E+000  1.965186568163E+000
  4.407328016341E-002  1.374455917436E-003  1.831667585863E+000 -1.879910283961E+000  1.962762655372E+000
  4.545937591035E-002  1.397754963880E-003  1.829063734914E+000 -1.877191415309E+000  1.960297788048E+000
  4.686882923075E-002  1.421171429779E-003  1.826419867535E+000 -1.874430233172E+000  1.957791796402E+000
  4.830175864396E-002  1.444707518548E-003  1.823735950403E+000 -1.871626680818E+000  1.955244508882E+000
  4.975828488365E-002  1.468365455478E-003  1.821011950111E+000 -1.868780701241E+000  1.952655752212E+000
  5.123853091993E-002  1.492147488203E-003  1.818247833184E+000 -1.865892237189E+000  1.950025351437E+000
  5.274262198188E-002  1.516055887169E-003  1.815443566101E+000 -1.862961231191E+000  1.947353129967E+000
  5.427068558066E-002  1.540092946119E-003  1.812599115315E+000 -1.859987625587E+000  1.944638909621E+000
  5.582285153302E-002  1.564260982573E-003  1.809714447275E+000 -1.856971362560E+000  1.941882510674E+000
  5.739925198530E-002  1.588562338332E-003  1.806789528446E+000 -1.853912384166E+000  1.939083751906E+000
  5.900002143803E-002  1.612999379973E-003  1.803824325335E+000 -1.850810632362E+000  1.936242450646E+000
  6.062529677088E-002  1.637574499364E-003  1.800818804510E+000 -1.847666049045E+000  1.933358422829E+000
  6.227521726827E-002  1.662290114181E-003  1.797772932626E+000 -1.844478576079E+000  1.930431483040E+000
  6.394992464542E-002  1.687148668440E-003  1.794686676447E+000 -1.841248155331E+000  1.927461444573E+000
  6.564956307496E-002  1.712152633027E-003  1.791560002870E+000 -1.837974728704E+000  1.924448119480E+000
  6.737427921404E-002  1.737304506249E-003  1.788392878952E+000 -1.834658238175E+000  1.921391318630E+000
  6.912422223211E-002  1.762606814387E-003  1.785185271934E+000 -1.831298625828E+000  1.918290851761E+000
  7.089954383907E-002  1.788062112257E-003  1.781937149265E+000 -1.827895833891E+000  1.915146527542E+000
  7.270039831418E-002  1.813672983787E-003  1.778648478633E+000 -1.824449804775E+000  1.911958153632E+000
  7.452694253540E-002  1.839442042599E-003  1.775319227986E+000 -1.820960481110E+000  1.908725536738E+000
  7.637933600943E-002  1.865371932600E-003  1.771949365564E+000 -1.817427805785E+000  1.905448482680E+000
  7.825774090225E-002  1.891465328589E-003  1.768538859924E+000 -1.813851721989E+000  1.902126796452E+000
  8.016232207035E-002  1.917724936867E-003  1.765087679973E+000 -1.810232173250E+000  1.898760282292E+000
  8.209324709253E-002  1.944153495867E-003  1.761595794990E+000 -1.806569103475E+000  1.895348743743E+000
  8.405068630235E-002  1.970753776782E-003  1.758063174663E+000 -1.802862456996E+000  1.891891983726E+000
  8.603481282122E-002  1.997528584221E-003  1.754489789115E+000 -1.799112178612E+000  1.888389804606E+000
  8.804580259214E-002  2.024480756857E-003  1.750875608935E+000 -1.795318213629E+000  1.884842008267E+000
  9.008383441408E-002  2.051613168108E-003  1.747220605212E+000 -1.791480507912E+000  1.881248396183E+000
  9.214908997710E-002  2.078928726810E-003  1.743524749565E+000 -1.787599007925E+000  1.877608769496E+000
  9.424175389809E-002  2.106430377918E-003  1.739788014177E+000 -1.783673660778E+000  1.873922929088E+000
  9.636201375725E-002  2.134121103210E-003  1.736010371828E+000 -1.779704414280E+000  1.870190675662E+000
  9.851006013526E-002  2.162003922007E-003  1.732191795927E+000 -1.775691216982E+000  1.866411809822E+000
  1.006860866512E-001  2.190081891910E-003  1.728332260550E+000 -1.771634018226E+000  1.862586132155E+000
  1.028902900012E-001  2.218358109541E-003  1.724431740475E+000 -1.767532768203E+000  1.858713443314E+000
  1.051228699979E-001  2.246835711311E-003  1.720490211214E+000 -1.763387417995E+000  1.854793544103E+000
  1.073840296104E-001  2.275517874190E-003  1.716507649056E+000 -1.759197919633E+000  1.850826235568E+000
  1.096739750056E-001  2.304407816497E-003  1.712484031098E+000 -1.754964226149E+000  1.846811319080E+000
  1.119929155896E-001  2.333508798707E-003  1.708419335290E+000 -1.750686291631E+000  1.842748596433E+000
  1.143410640503E-001  2.362824124271E-003  1.704313540465E+000 -1.746364071279E+000  1.838637869930E+000
  1.167186364011E-001  2.392357140448E-003  1.700166626388E+000 -1.741997521457E+000  1.834478942487E+000
  1.191258520249E-001  2.422111239159E-003  1.695978573789E+000 -1.737586599758E+000  1.830271617721E+000
  1.215629337189E-001  2.452089857854E-003  1.691749364409E+000 -1.733131265057E+000  1.826015700055E+000
  1.240301077413E-001  2.482296480400E-003  1.687478981037E+000 -1.728631477571E+000  1.821710994819E+000
  1.265276038575E-001  2.512734637975E-003  1.683167407558E+000 -1.724087198923E+000  1.817357308349E+000
  1.290556553882E-001  2.543407909995E-003  1.678814628990E+000 -1.719498392201E+000  1.812954448100E+000
  1.316144992580E-001  2.574319925047E-003  1.674420631535E+000 -1.714865022022E+000  1.808502222744E+000
  1.342043760450E-001  2.605474361847E-003  1.669985402618E+000 -1.710187054597E+000  1.804000442288E+000
  1.368255300316E-001  2.636874950214E-003  1.665508930934E+000 -1.705464457792E+000  1.799448918183E+000
  1.394782092560E-001  2.668525472060E-003  1.660991206499E+000 -1.700697201202E+000  1.794847463436E+000
  1.421626655646E-001  2.700429762411E-003  1.656432220689E+000 -1.695885256210E+000  1.790195892731E+000
  1.448791546661E-001  2.732591710434E-003  1.651831966297E+000 -1.691028596062E+000  1.785494022543E+000
  1.476279361856E-001  2.765015260497E-003  1.647190437575E+000 -1.686127195934E+000  1.780741671261E+000
  1.504092737207E-001  2.797704413242E-003  1.642507630286E+000 -1.681181033003E+000  1.775938659315E+000
  1.532234348983E-001  2.830663226680E-003  1.637783541758E+000 -1.676190086521E+000  1.771084809294E+000
  1.560706914324E-001  2.863895817319E-003  1.633018170929E+000 -1.671154337886E+000  1.766179946081E+000
  1.589513191834E-001  2.897406361298E-003  1.628211518406E+000 -1.666073770719E+000  1.761223896978E+000
  1.618655982178E-001  2.931199095559E-003  1.623363586513E+000 -1.660948370938E+000  1.756216491845E+000
  1.648138128702E-001  2.965278319033E-003  1.618474379348E+000 -1.655778126835E+000  1.751157563229E+000
  1.677962518056E-001  2.999648393860E-003  1.613543902837E+000 -1.650563029159E+000  1.746046946506E+000
  1.708132080832E-001  3.034313746623E-003  1.608572164792E+000 -1.645303071188E+000  1.740884480017E+000
  1.738649792215E-001  3.069278869616E-003  1.603559174965E+000 -1.639998248816E+000  1.735670005217E+000
  1.769518672648E-001  3.104548322136E-003  1.598504945106E+000 -1.634648560632E+000  1.730403366814E+000
  1.800741788507E-001  3.140126731803E-003  1.593409489024E+000 -1.629254008006E+000  1.725084412920E+000
  1.832322252791E-001  3.176018795904E-003  1.588272822647E+000 -1.623814595170E+000  1.719712995200E+000
  1.864263225826E-001  3.212229282769E-003  1.583094964078E+000 -1.618330329308E+000  1.714288969025E+000
  1.896567915983E-001  3.248763033179E-003  1.577875933662E+000 -1.612801220641E+000  1.708812193628E+000
  1.929239580409E-001  3.285624961791E-003  1.572615754046E+000 -1.607227282516E+000  1.703282532262E+000
  1.962281525771E-001  3.322820058613E-003  1.567314450243E+000 -1.601608531497E+000  1.697699852357E+000
  1.995697109023E-001  3.360353390492E-003  1.561972049696E+000 -1.595944987455E+000  1.692064025690E+000
  2.029489738173E-001  3.398230102644E-003  1.556588582346E+000 -1.590236673659E+000  1.686374928544E+000
  2.063662873085E-001  3.436455420218E-003  1.551164080695E+000 -1.584483616875E+000  1.680632441878E+000
  2.098220026275E-001  3.475034649885E-003  1.545698579875E+000 -1.578685847456E+000  1.674836451503E+000
  2.133164763746E-001  3.513973181471E-003  1.540192117720E+000 -1.572843399442E+000  1.668986848246E+000
  2.168500705817E-001  3.553276489620E-003  1.534644734829E+000 -1.566956310654E+000  1.663083528136E+000
  2.204231527988E-001  3.592950135496E-003  1.529056474642E+000 -1.561024622799E+000  1.657126392574E+000
  2.240360961807E-001  3.632999768520E-003  1.523427383511E+000 -1.555048381564E+000  1.651115348522E+000
  2.276892795770E-001  3.673431128145E-003  1.517757510771E+000 -1.549027636723E+000  1.645050308681E+000
  2.313830876220E-001  3.714250045674E-003  1.512046908815E+000 -1.542962442237E+000  1.638931191680E+000
  2.351179108282E-001  3.755462446115E-003  1.506295633166E+000 -1.536852856360E+000  1.632757922267E+000
  2.388941456809E-001  3.797074350078E-003  1.500503742560E+000 -1.530698941743E+000  1.626530431495E+000
  2.427121947345E-001  3.839091875711E-003  1.494671299016E+000 -1.524500765545E+000  1.620248656922E+000
  2.465724667110E-001  3.881521240686E-003  1.488798367916E+000 -1.518258399536E+000  1.613912542806E+000
  2.504753766009E-001  3.924368764227E-003  1.482885018086E+000 -1.511971920211E+000  1.607522040300E+000
  2.544213457654E-001  3.967640869177E-003  1.476931321875E+000 -1.505641408897E+000  1.601077107662E+000
  2.584108020414E-001  4.011344084122E-003  1.470937355236E+000 -1.499266951870E+000  1.594577710450E+000
  2.624441798480E-001  4.055485045557E-003  1.464903197809E+000 -1.492848640466E+000  1.588023821737E+000
  2.665219202956E-001  4.100070500102E-003  1.458828933003E+000 -1.486386571192E+000  1.581415422312E+000
  2.706444712976E-001  4.145107306769E-003  1.452714648084E+000 -1.479880845850E+000  1.574752500898E+000
  2.748122876832E-001  4.190602439283E-003  1.446560434256E+000 -1.473331571645E+000  1.568035054361E+000
  2.790258313137E-001  4.236562988450E-003  1.440366386752E+000 -1.466738861313E+000  1.561263087931E+000
  2.832855712010E-001  4.282996164587E-003  1.434132604919E+000 -1.460102833231E+000  1.554436615413E+000
  2.875919836279E-001  4.329909300005E-003  1.427859192309E+000 -1.453423611544E+000  1.547555659413E+000
  2.919455522717E-001  4.377309851548E-003  1.421546256767E+000 -1.446701326285E+000  1.540620251559E+000
  2.963467683296E-001  4.425205403192E-003  1.415193910524E+000 -1.439936113496E+000  1.533630432724E+000
  3.007961306479E-001  4.473603668706E-003  1.408802270286E+000 -1.433128115357E+000  1.526586253254E+000
  3.052941458522E-001  4.522512494374E-003  1.402371457332E+000 -1.426277480305E+000  1.519487773197E+000
  3.098413284823E-001  4.571939861783E-003  1.395901597603E+000 -1.419384363164E+000  1.512335062530E+000
  3.144382011281E-001  4.621893890671E-003  1.389392821804E+000 -1.412448925269E+000  1.505128201396E+000
  3.190852945695E-001  4.672382841850E-003  1.382845265492E+000 -1.405471334598E+000  1.497867280331E+000
  3.237831479192E-001  4.723415120192E-003  1.376259069180E+000 -1.398451765899E+000  1.490552400506E+000
  3.285323087679E-001  4.774999277691E-003  1.369634378434E+000 -1.391390400818E+000  1.483183673961E+000
  3.333333333333E-001  4.827144016591E-003  1.362971343970E+000 -1.384287428033E+000  1.475761223842E+000
  3.381867866117E-001  4.879858192602E-003  1.356270121758E+000 -1.377143043382E+000  1.468285184642E+000
  3.430932425333E-001  4.933150818173E-003  1.349530873122E+000 -1.369957449998E+000  1.460755702440E+000
  3.480532841203E-001  4.987031065868E-003  1.342753764840E+000 -1.362730858442E+000  1.453172935148E+000
  3.530675036492E-001  5.041508271801E-003  1.335938969254E+000 -1.355463486835E+000  1.445537052745E+000
  3.581365028158E-001  5.096591939172E-003  1.329086664368E+000 -1.348155560993E+000  1.437848237529E+000
  3.632608929041E-001  5.152291741875E-003  1.322197033955E+000 -1.340807314561E+000  1.430106684357E+000
  3.684412949588E-001  5.208617528209E-003  1.315270267666E+000 -1.333418989151E+000  1.422312600890E+000
  3.736783399619E-001  5.265579324662E-003  1.308306561135E+000 -1.325990834475E+000  1.414466207840E+000
  3.789726690123E-001  5.323187339805E-003  1.301306116089E+000 -1.318523108482E+000  1.406567739213E+000
  3.843249335105E-001  5.381451968273E-003  1.294269140452E+000 -1.311016077495E+000  1.398617442557E+000
  3.897357953460E-001  5.440383794842E-003  1.287195848462E+000 -1.303470016347E+000  1.390615579207E+000
  3.952059270903E-001  5.499993598618E-003  1.280086460778E+000 -1.295885208520E+000  1.382562424530E+000
  4.007360121927E-001  5.560292357317E-003  1.272941204590E+000 -1.288261946278E+000  1.374458268169E+000
  4.063267451812E-001  5.621291251662E-003  1.265760313734E+000 -1.280600530808E+000  1.366303414289E+000
  4.119788318683E-001  5.683001669888E-003  1.258544028804E+000 -1.272901272356E+000  1.358098181819E+000
  4.176929895600E-001  5.745435212354E-003  1.251292597267E+000 -1.265164490364E+000  1.349842904697E+000
  4.234699472710E-001  5.808603696282E-003  1.244006273573E+000 -1.257390513605E+000  1.341537932108E+000
  4.293104459435E-001  5.872519160606E-003  1.236685319276E+000 -1.249579680321E+000  1.333183628724E+000
  4.352152386716E-001  5.937193870949E-003  1.229330003146E+000 -1.241732338360E+000  1.324780374948E+000
  4.411850909306E-001  6.002640324729E-003  1.221940601287E+000 -1.233848845309E+000  1.316328567141E+000
  4.472207808110E-001  6.068871256391E-003  1.214517397250E+000 -1.225929568632E+000  1.307828617865E+000
  4.533230992589E-001  6.135899642772E-003  1.207060682157E+000 -1.217974885801E+000  1.299280956107E+000
  4.594928503202E-001  6.203738708611E-003  1.199570754811E+000 -1.209985184432E+000  1.290686027514E+000
  4.657308513924E-001  6.272401932198E-003  1.192047921821E+000 -1.201960862418E+000  1.282044294618E+000
  4.720379334802E-001  6.341903051163E-003  1.184492497714E+000 -1.193902328058E+000  1.273356237056E+000
  4.784149414579E-001  6.412256068427E-003  1.176904805061E+000 -1.185810000190E+000  1.264622351791E+000
  4.848627343381E-001  6.483475258298E-003  1.169285174589E+000 -1.177684308318E+000  1.255843153331E+000
  4.913821855461E-001  6.555575172733E-003  1.161633945305E+000 -1.169525692743E+000  1.247019173936E+000
  4.979741832006E-001  6.628570647764E-003  1.153951464612E+000 -1.161334604685E+000  1.238150963826E+000
  5.046396304008E-001  6.702476810086E-003  1.146238088431E+000 -1.153111506413E+000  1.229239091386E+000
  5.113794455212E-001  6.777309083830E-003  1.138494181320E+000 -1.144856871363E+000  1.220284143363E+000
  5.181945625116E-001  6.853083197508E-003  1.130720116592E+000 -1.136571184263E+000  1.211286725056E+000
  5.250859312060E-001  6.929815191146E-003  1.122916276436E+000 -1.128254941249E+000  1.202247460502E+000
  5.320545176366E-001  7.007521423604E-003  1.115083052035E+000 -1.119908649986E+000  1.193166992661E+000
  5.391013043575E-001  7.086218580100E-003  1.107220843684E+000 -1.111532829776E+000  1.184045983585E+000
  5.462272907741E-001  7.165923679926E-003  1.099330060913E+000 -1.103128011677E+000  1.174885114588E+000
  5.534334934816E-001  7.246654084380E-003  1.091411122599E+000 -1.094694738609E+000  1.165685086403E+000
  5.607209466109E-001  7.328427504912E-003  1.083464457087E+000 -1.086233565461E+000  1.156446619339E+000
  5.680907021827E-001  7.411262011483E-003  1.075490502309E+000 -1.077745059193E+000  1.147170453418E+000
  5.755438304707E-001  7.495176041166E-003  1.067489705896E+000 -1.069229798940E+000  1.137857348521E+000
  5.830814203728E-001  7.580188406970E-003  1.059462525297E+000 -1.060688376109E+000  1.128508084507E+000
  5.907045797917E-001  7.666318306912E-003  1.051409427892E+000 -1.052121394468E+000  1.119123461333E+000
  5.984144360243E-001  7.753585333338E-003  1.043330891110E+000 -1.043529470243E+000  1.109704299165E+000
  6.062121361613E-001  7.842009482502E-003  1.035227402535E+000 -1.034913232198E+000  1.100251438475E+000
  6.140988474955E-001  7.931611164409E-003  1.027099460024E+000 -1.026273321723E+000  1.090765740129E+000
  6.220757579409E-001  8.022411212936E-003  1.018947571816E+000 -1.017610392908E+000  1.081248085462E+000
  6.301440764614E-001  8.114430896230E-003  1.010772256640E+000 -1.008925112619E+000  1.071699376348E+000
  6.383050335109E-001  8.207691927403E-003  1.002574043824E+000 -1.000218160564E+000  1.062120535251E+000
  6.465598814833E-001  8.302216475524E-003  9.943534734016E-001 -9.914902293630E-001  1.052512505269E+000
  6.549098951744E-001  8.398027176926E-003  9.861110962154E-001 -9.827420246028E-001  1.042876250159E+000
  6.633563722545E-001  8.495147146827E-003  9.778474740214E-001 -9.739742648931E-001  1.033212754358E+000
  6.719006337539E-001  8.593599991288E-003  9.695631795892E-001 -9.651876819152E-001  1.023523022982E+000
  6.805440245593E-001  8.693409819506E-003  9.612587968009E-001 -9.563830204656E-001  1.013808081816E+000
  6.892879139233E-001  8.794601256469E-003  9.529349207482E-001 -9.475610384933E-001  1.004068977288E+000
  6.981336959871E-001  8.897199455961E-003  9.445921578266E-001 -9.387225071317E-001  9.943067764252E-001
  7.070827903152E-001  9.001230113956E-003  9.362311258275E-001 -9.298682107243E-001  9.845225668006E-001
  7.161366424455E-001  9.106719482390E-003  9.278524540277E-001 -9.209989468431E-001  9.747174564592E-001
  7.252967244510E-001  9.213694383338E-003  9.194567832760E-001 -9.121155263021E-001  9.648925738292E-001
  7.345645355186E-001  9.322182223606E-003  9.110447660768E-001 -9.032187731620E-001  9.550490676168E-001
  7.439416025400E-001  9.432211009745E-003  9.026170666712E-001 -8.943095247298E-001  9.451881066830E-001
  7.534294807203E-001  9.543809363512E-003  8.941743611145E-001 -8.853886315493E-001  9.353108799037E-001
  7.630297542000E-001  9.657006537783E-003  8.857173373500E-001 -8.764569573862E-001  9.254185960108E-001
  7.727440366954E-001  9.771832432940E-003  8.772466952801E-001 -8.675153792034E-001  9.155124834155E-001
  7.825739721536E-001  9.888317613741E-003  8.687631468330E-001 -8.585647871302E-001  9.055937900123E-001
  7.925212354258E-001  1.000649332670E-002  8.602674160257E-001 -8.496060844226E-001  8.956637829637E-001
  8.025875329584E-001  1.012639151798E-002  8.517602390234E-001 -8.406401874152E-001  8.857237484655E-001
  8.127746035011E-001  1.024804485184E-002  8.432423641936E-001 -8.316680254650E-001  8.757749914918E-001
  8.230842188350E-001  1.037148672960E-002  8.347145521569E-001 -8.226905408866E-001  8.658188355195E-001
  8.335181845190E-001  1.049675130923E-002  8.261775758326E-001 -8.137086888779E-001  8.558566222323E-001
  8.440783406568E-001  1.062387352550E-002  8.176322204795E-001 -8.047234374374E-001  8.458897112037E-001
  8.547665626839E-001  1.075288911077E-002  8.090792837317E-001 -7.957357672716E-001  8.359194795579E-001
  8.655847621758E-001  1.088383461638E-002  8.005195756293E-001 -7.867466716935E-001  8.259473216103E-001
  8.765348876780E-001  1.101674743475E-002  7.919539186434E-001 -7.777571565111E-001  8.159746484847E-001
  8.876189255584E-001  1.115166582209E-002  7.833831476955E-001 -7.687682399058E-001  8.060028877095E-001
  8.988389008829E-001  1.128862892191E-002  7.748081101714E-001 -7.597809523015E-001  7.960334827907E-001
  9.101968783143E-001  1.142767678917E-002  7.662296659286E-001 -7.507963362226E-001  7.860678927633E-001
  9.216949630368E-001  1.156885041525E-002  7.576486872969E-001 -7.418154461425E-001  7.761075917191E-001
  9.333353017046E-001  1.171219175365E-002  7.490660590736E-001 -7.328393483204E-001  7.661540683124E-001
  9.451200834176E-001  1.185774374655E-002  7.404826785107E-001 -7.238691206289E-001  7.562088252424E-001
  9.570515407237E-001  1.200555035216E-002  7.318994552960E-001 -7.149058523693E-001  7.462733787132E-001
  9.691319506484E-001  1.215565657299E-002  7.233173115258E-001 -7.059506440767E-001  7.363492578706E-001
  9.813636357544E-001  1.230810848498E-002  7.147371816710E-001 -6.970046073138E-001  7.264380042159E-001
  9.937489652293E-001  1.246295326757E-002  7.061600125348E-001 -6.880688644531E-001  7.165411709972E-001
  1.006290356005E+000  1.262023923477E-002  6.975867632024E-001 -6.791445484479E-001  7.066603225782E-001
  1.018990273907E+000  1.278001586715E-002  6.890184049823E-001 -6.702328025923E-001  6.967970337840E-001
  1.031851234841E+000  1.294233384499E-002  6.804559213389E-001 -6.613347802681E-001  6.869528892249E-001
  1.044875806003E+000  1.310724508236E-002  6.719003078163E-001 -6.524516446816E-001  6.771294825984E-001
  1.058066607138E+000  1.327480276248E-002  6.633525719522E-001 -6.435845685875E-001  6.673284159689E-001
  1.071426311823E+000  1.344506137405E-002  6.548137331835E-001 -6.347347340010E-001  6.575512990268E-001
  1.084957648792E+000  1.361807674895E-002  6.462848227403E-001 -6.259033318982E-001  6.477997483260E-001
  1.098663403298E+000  1.379390610110E-002  6.377668835315E-001 -6.170915619042E-001  6.380753865009E-001
  1.112546418516E+000  1.397260806657E-002  6.292609700182E-001 -6.083006319688E-001  6.283798414642E-001
  1.126609596985E+000  1.415424274514E-002  6.207681480779E-001 -5.995317580306E-001  6.187147455846E-001
  1.140855902095E+000  1.433887174317E-002  6.122894948560E-001 -5.907861636680E-001  6.090817348455E-001
  1.155288359613E+000  1.452655821788E-002  6.038260986072E-001 -5.820650797386E-001  5.994824479867E-001
  1.169910059257E+000  1.471736692327E-002  5.953790585237E-001 -5.733697440061E-001  5.899185256275E-001
  1.184724156317E+000  1.491136425740E-002  5.869494845522E-001 -5.647014007543E-001  5.803916093741E-001
  1.199733873325E+000  1.510861831145E-002  5.785384971981E-001 -5.560613003893E-001  5.709033409107E-001
  1.214942501771E+000  1.530919892035E-002  5.701472273164E-001 -5.474506990293E-001  5.614553610766E-001
  1.230353403874E+000  1.551317771520E-002  5.617768158894E-001 -5.388708580815E-001  5.520493089285E-001
  1.245970014403E+000  1.572062817747E-002  5.534284137912E-001 -5.303230438070E-001  5.426868207907E-001
  1.261795842559E+000  1.593162569510E-002  5.451031815377E-001 -5.218085268731E-001  5.333695292931E-001
  1.277834473907E+000  1.614624762054E-002  5.368022890217E-001 -5.133285818933E-001  5.240990623992E-001
  1.294089572372E+000  1.636457333079E-002  5.285269152341E-001 -5.048844869547E-001  5.148770424238E-001
  1.310564882294E+000  1.658668428962E-002  5.202782479690E-001 -4.964775231333E-001  5.057050850432E-001
  1.327264230548E+000  1.681266411190E-002  5.120574835136E-001 -4.881089739968E-001  4.965847982980E-001
  1.344191528724E+000  1.704259863026E-002  5.038658263212E-001 -4.797801250947E-001  4.875177815904E-001
  1.361350775387E+000  1.727657596408E-002  4.957044886688E-001 -4.714922634368E-001  4.785056246773E-001
  1.378746058390E+000  1.751468659100E-002  4.875746902965E-001 -4.632466769586E-001  4.695499066604E-001
  1.396381557275E+000  1.775702342093E-002  4.794776580303E-001 -4.550446539747E-001  4.606521949744E-001
  1.414261545744E+000  1.800368187279E-002  4.714146253866E-001 -4.468874826201E-001  4.518140443756E-001
  1.432390394201E+000  1.825475995395E-002  4.633868321581E-001 -4.387764502783E-001  4.430369959318E-001
  1.450772572390E+000  1.851035834267E-002  4.553955239817E-001 -4.307128429985E-001  4.343225760146E-001
  1.469412652102E+000  1.877058047342E-002  4.474419518865E-001 -4.226979448988E-001  4.256722952963E-001
  1.488315309978E+000  1.903553262542E-002  4.395273718218E-001 -4.147330375583E-001  4.170876477527E-001
  1.507485330398E+000  1.930532401444E-002  4.316530441655E-001 -4.068193993960E-001  4.085701096730E-001
  1.526927608467E+000  1.958006688797E-002  4.238202332117E-001 -3.989583050374E-001  4.001211386778E-001
  1.546647153093E+000  1.985987662391E-002  4.160302066370E-001 -3.911510246689E-001  3.917421727482E-001
  1.566649090169E+000  2.014487183303E-002  4.082842349446E-001 -3.833988233789E-001  3.834346292658E-001
  1.586938665861E+000  2.043517446518E-002  4.005835908879E-001 -3.757029604867E-001  3.751999040656E-001
  1.607521250000E+000  2.073090991960E-002  3.929295488698E-001 -3.680646888583E-001  3.670393705029E-001
  1.628402339588E+000  2.103220715932E-002  3.853233843198E-001 -3.604852542092E-001  3.589543785362E-001
  1.649587562420E+000  2.133919883002E-002  3.777663730481E-001 -3.529658943943E-001  3.509462538262E-001
  1.671082680832E+000  2.165202138333E-002  3.702597905748E-001 -3.455078386839E-001  3.430162968523E-001
  1.692893595565E+000  2.197081520497E-002  3.628049114356E-001 -3.381123070272E-001  3.351657820485E-001
  1.715026349769E+000  2.229572474776E-002  3.554030084621E-001 -3.307805093006E-001  3.273959569584E-001
  1.737487133138E+000  2.262689866987E-002  3.480553520380E-001 -3.235136445436E-001  3.197080414105E-001
  1.760282286187E+000  2.296448997842E-002  3.407632093287E-001 -3.163129001795E-001  3.121032267152E-001
  1.783418304674E+000  2.330865617868E-002  3.335278434858E-001 -3.091794512219E-001  3.045826748829E-001
  1.806901844175E+000  2.365955942924E-002  3.263505128254E-001 -3.021144594662E-001  2.971475178644E-001
  1.830739724818E+000  2.401736670327E-002  3.192324699797E-001 -2.951190726667E-001  2.897988568138E-001
  1.854938936184E+000  2.438224995616E-002  3.121749610222E-001 -2.881944236974E-001  2.825377613735E-001
  1.879506642368E+000  2.475438629994E-002  3.051792245663E-001 -2.813416296979E-001  2.753652689820E-001
  1.904450187236E+000  2.513395818467E-002  2.982464908366E-001 -2.745617912027E-001  2.682823842037E-001
  1.929777099847E+000  2.552115358717E-002  2.913779807132E-001 -2.678559912546E-001  2.612900780806E-001
  1.955495100083E+000  2.591616620741E-002  2.845749047489E-001 -2.612252945008E-001  2.543892875049E-001
  1.981612104475E+000  2.631919567292E-002  2.778384621599E-001 -2.546707462732E-001  2.475809146127E-001
  2.008136232230E+000  2.673044775156E-002  2.711698397888E-001 -2.481933716499E-001  2.408658261965E-001
  2.035075811486E+000  2.715013457311E-002  2.645702110413E-001 -2.417941745003E-001  2.342448531368E-001
  2.062439385788E+000  2.757847486001E-002  2.580407347967E-001 -2.354741365123E-001  2.277187898499E-001
  2.090235720801E+000  2.801569416771E-002  2.515825542919E-001 -2.292342162010E-001  2.212883937524E-001
  2.118473811262E+000  2.846202513514E-002  2.451967959803E-001 -2.230753479000E-001  2.149543847384E-001
  2.147162888201E+000  2.891770774564E-002  2.388845683652E-001 -2.169984407347E-001  2.087174446696E-001
  2.176312426413E+000  2.938298959899E-002  2.326469608098E-001 -2.110043775765E-001  2.025782168752E-001
  2.205932152222E+000  2.985812619504E-002  2.264850423230E-001 -2.050940139806E-001  1.965373056601E-001
  2.236032051522E+000  3.034338122938E-002  2.203998603234E-001 -1.992681771049E-001  1.905952758180E-001
  2.266622378129E+000  3.083902690182E-002  2.143924393821E-001 -1.935276646121E-001  1.847526521488E-001
  2.297713662445E+000  3.134534423818E-002  2.084637799452E-001 -1.878732435555E-001  1.790099189769E-001
  2.329316720450E+000  3.186262342603E-002  2.026148570383E-001 -1.823056492474E-001  1.733675196674E-001
  2.361442663038E+000  3.239116416519E-002  1.968466189541E-001 -1.768255841139E-001  1.678258561394E-001
  2.394102905709E+000  3.293127603351E-002  1.911599859248E-001 -1.714337165344E-001  1.623852883720E-001
  2.427309178642E+000  3.348327886897E-002  1.855558487818E-001 -1.661306796688E-001  1.570461339026E-001
  2.461073537146E+000  3.404750316862E-002  1.800350676050E-001 -1.609170702732E-001  1.518086673133E-001
  2.495408372530E+000  3.462429050548E-002  1.745984703632E-001 -1.557934475061E-001  1.466731197054E-001
  2.530326423398E+000  3.521399396401E-002  1.692468515493E-001 -1.507603317276E-001  1.416396781578E-001
  2.565840787378E+000  3.581697859546E-002  1.639809708126E-001 -1.458182032929E-001  1.367084851697E-001
  2.601964933334E+000  3.643362189376E-002  1.588015515913E-001 -1.409675013444E-001  1.318796380855E-001
  2.638712714049E+000  3.706431429322E-002  1.537092797486E-001 -1.362086226039E-001  1.271531884999E-001
  2.676098379430E+000  3.770945968912E-002  1.487048022162E-001 -1.315419201693E-001  1.225291416448E-001
  2.714136590232E+000  3.836947598236E-002  1.437887256478E-001 -1.269677023197E-001  1.180074557561E-001
  2.752842432351E+000  3.904479564947E-002  1.389616150883E-001 -1.224862313320E-001  1.135880414220E-001
  2.792231431696E+000  3.973586633921E-002  1.342239926612E-001 -1.180977223150E-001  1.092707609131E-001
  2.832319569669E+000  4.044315149734E-002  1.295763362793E-001 -1.138023420652E-001  1.050554274974E-001
  2.873123299289E+000  4.116713102086E-002  1.250190783836E-001 -1.096002079497E-001  1.009418047405E-001
  2.914659561979E+000  4.190830194354E-002  1.205526047141E-001 -1.054913868226E-001  9.692960579759E-002
  2.956945805065E+000  4.266717915414E-002  1.161772531180E-001 -1.014758939799E-001  9.301849269749E-002
  3.000000000000E+000  4.344429614932E-002  1.118933124003E-001 -9.755369216152E-002  8.920807562725E-002
  3.043840661365E+000  4.424020582308E-002  1.077010212219E-001 -9.372469060522E-002  8.549791222097E-002
  3.088486866678E+000  4.505548129460E-002  1.036005670496E-001 -8.998874416138E-002  8.188750686071E-002
  3.133958277047E+000  4.589071677685E-002  9.959208516425E-002 -8.634565247545E-002  7.837630999706E-002
  3.180275158719E+000  4.674652848797E-002  9.567565773198E-002 -8.279515924634E-002  7.496371749817E-002
  3.227458405560E+000  4.762355560797E-002  9.185131294293E-002 -7.933695156866E-002  7.164907003699E-002
  3.275529562509E+000  4.852246128332E-002  8.811902422362E-002 -7.597065936740E-002  6.843165252737E-002
  3.324510850077E+000  4.944393368200E-002  8.447870952730E-002 -7.269585493315E-002  6.531069362061E-002
  3.374425189910E+000  5.038868710203E-002  8.093023070728E-002 -6.951205256651E-002  6.228536527483E-002
  3.425296231502E+000  5.135746313639E-002  7.747339297783E-002 -6.641870833995E-002  5.935478241019E-002
  3.477148380094E+000  5.235103189784E-002  7.410794446685E-002 -6.341521998534E-002  5.651800266396E-002
  3.530006825834E+000  5.337019330676E-002  7.083357586444E-002 -6.050092691501E-002  5.377402625953E-002
  3.583897574256E+000  5.441577844603E-002  6.764992017075E-002 -5.767511038411E-002  5.112179600413E-002
  3.638847478148E+000  5.548865098670E-002  6.455655254634E-002 -5.493699380100E-002  4.856019743027E-002
  3.694884270887E+000  5.658970868864E-002  6.155299026764E-002 -5.228574319240E-002  4.608805909563E-002
  3.752036601308E+000  5.771988498079E-002  5.863869278955E-002 -4.972046782875E-002  4.370415305633E-002
  3.810334070199E+000  5.888015062562E-002  5.581306191663E-002 -4.724022101470E-002  4.140719552783E-002
  3.869807268505E+000  6.007151547295E-002  5.307544208366E-002 -4.484400104834E-002  3.919584774714E-002
  3.930487817331E+000  6.129503030858E-002  5.042512074557E-002 -4.253075235181E-002  3.706871704901E-002
  3.992408409843E+000  6.255178880352E-002  4.786132887632E-002 -4.029936677447E-002  3.502435816759E-002
  4.055602855172E+000  6.384292957002E-002  4.538324157507E-002 -3.814868506851E-002  3.306127477357E-002
  4.120106124432E+000  6.516963833101E-002  4.298997877775E-002 -3.607749853519E-002  3.117792125482E-002
  4.185954398964E+000  6.653315021009E-002  4.068060607090E-002 -3.408455083827E-002  2.937270474649E-002
  4.253185120935E+000  6.793475214960E-002  3.845413560437E-002 -3.216853997954E-002  2.764398741421E-002
  4.321837046422E+000  6.937578546490E-002  3.630952709845E-002 -3.032812042930E-002  2.599008899105E-002
  4.391950301120E+000  7.085764854355E-002  3.424568894042E-002 -2.856190540305E-002  2.440928956607E-002
  4.463566438835E+000  7.238179969882E-002  3.226147936513E-002 -2.686846927352E-002  2.289983261898E-002
  4.536728502895E+000  7.394976018725E-002  3.035570771348E-002 -2.524635010540E-002  2.145992829189E-002
  4.611481090679E+000  7.556311740127E-002  2.852713576252E-002 -2.369405229834E-002  2.008775688576E-002
  4.687870421430E+000  7.722352824817E-002  2.677447912061E-002 -2.221004932197E-002  1.878147256492E-002
  4.765944407533E+000  7.893272272784E-002  2.509640868089E-002 -2.079278652518E-002  1.753920724979E-002
  4.845752729492E+000  8.069250772248E-002  2.349155212674E-002 -1.944068400047E-002  1.635907467364E-002
  4.927346914797E+000  8.250477101257E-002  2.195849548289E-002 -1.815213948304E-002  1.523917457596E-002
  5.010780420931E+000  8.437148553436E-002  2.049578470658E-002 -1.692553126331E-002  1.417759700116E-002
  5.096108722763E+000  8.629471389541E-002  1.910192731388E-002 -1.575922109112E-002  1.317242666819E-002
  5.183389404586E+000  8.827661316581E-002  1.777539403730E-002 -1.465155704963E-002  1.222174737405E-002
  5.272682257105E+000  9.031943996425E-002  1.651462051187E-002 -1.360087637715E-002  1.132364639124E-002
  5.364049379651E+000  9.242555585946E-002  1.531800898869E-002 -1.260550821590E-002  1.047621881787E-002
  5.457555287978E+000  9.459743310926E-002  1.418393007612E-002 -1.166377626781E-002  9.677571837803E-003
  5.553267027968E+000  9.683766076100E-002  1.311072451120E-002 -1.077400133917E-002  8.925828847580E-003
  5.651254295630E+000  9.914895113938E-002  1.209670496539E-002 -9.934503758295E-003  8.219133407702E-003
  5.751589563796E+000  1.015341467494E-001  1.114015789124E-002 -9.143605652828E-003  7.555652976832E-003
  5.854348215936E+000  1.039962276248E-001  1.023934541867E-002 -8.399633076726E-003  6.933582389930E-003
  5.959608687557E+000  1.065383191537E-001  9.392507311765E-003 -7.700917980628E-003  6.351147044545E-003
  6.067452615683E+000  1.091637004188E-001  8.597862999019E-003 -7.045800023266E-003  5.806605763721E-003
  6.177964996951E+000  1.118758130872E-001  7.853613692265E-003 -6.432628226090E-003  5.298253309232E-003
  6.291234354880E+000  1.146782708938E-001  7.157944610843E-003 -5.859762477856E-003  4.824422524923E-003
  6.407352916949E+000  1.175748697626E-001  6.509027329203E-003 -5.325574900661E-003  4.383486096916E-003
  6.526416802128E+000  1.205695986129E-001  5.905022266927E-003 -4.828451093678E-003  3.973857925074E-003
  6.648526219580E+000  1.236666509049E-001  5.344081340444E-003 -4.366791275326E-003  3.593994108260E-003
  6.773785679311E+000  1.268704369821E-001  4.824350795352E-003 -3.939011348878E-003  3.242393554503E-003
  6.902304215570E+000  1.301855972713E-001  4.343974237049E-003 -3.543543920153E-003  2.917598235774E-003
  7.034195623922E+000  1.336170164087E-001  3.901095875271E-003 -3.178839298942E-003  2.618193115625E-003
  7.169578712934E+000  1.371698383673E-001  3.493863995067E-003 -2.843366517917E-003  2.342805786005E-003
  7.308577571516E+000  1.408494826628E-001  3.120434662623E-003 -2.535614403802E-003  2.090105856982E-003
  7.451321853057E+000  1.446616617293E-001  2.778975669171E-003 -2.254092735391E-003  1.858804149482E-003
  7.597947077547E+000  1.486123995567E-001  2.467670709966E-003 -1.997333521473E-003  1.647651746248E-003
  7.748594953021E+000  1.527080516973E-001  2.184723788069E-003 -1.763892428686E-003  1.455438959741E-003
  7.903413717736E+000  1.569553267535E-001  1.928363824505E-003 -1.552350384818E-003  1.280994277424E-003
  8.062558504629E+000  1.613613094717E-001  1.696849447395E-003 -1.361315377009E-003  1.123183344526E-003
  8.226191729726E+000  1.659334855793E-001  1.488473923183E-003 -1.189424456771E-003  9.809080419460E-004
  8.394483506327E+000  1.706797685137E-001  1.301570183197E-003 -1.035345954890E-003  8.531057121947E-004
  8.567612086926E+000  1.756085282071E-001  1.134515889000E-003 -8.977818991844E-004  7.387485793908E-004
  8.745764335025E+000  1.807286221064E-001  9.857384704649E-004 -7.754706172352E-004  6.368434002467E-004
  8.929136229160E+000  1.860494286260E-001  8.537200618337E-004 -6.671894946710E-004  5.464313720439E-004
  9.117933401693E+000  1.915808832504E-001  7.370022535074E-004 -5.717578480180E-004  4.665883110417E-004
  9.312371715124E+000  1.973335175235E-001  6.341905714805E-004 -4.880398598403E-004  3.964251010262E-004
  9.512677878945E+000  2.033185011886E-001  5.439585926299E-004 -4.149475134813E-004  3.350883972822E-004
  9.719090110332E+000  2.095476877688E-001  4.650516029171E-004 -3.514434556941E-004  2.817615567451E-004
  9.931858842267E+000  2.160336639044E-001  3.962897073701E-004 -2.965437083780E-004  2.356657510986E-004
  1.015124748302E+001  2.227898028021E-001  3.365703057817E-004 -2.493201460304E-004  1.960612068135E-004
  1.037753323129E+001  2.298303221843E-001  2.848698566206E-004 -2.089026538707E-004  1.622485052348E-004
  1.061100795175E+001  2.371703471699E-001  2.402448637714E-004 -1.744808832628E-004  1.335698674844E-004
  1.085197911611E+001  2.448259785618E-001  2.018320363490E-004 -1.453055263416E-004  1.094103437099E-004
  1.110077081537E+001  2.528143670735E-001  1.688475907090E-004 -1.206890407491E-004  8.919882455889E-005
  1.135772484956E+001  2.611537940784E-001  1.405856854769E-004 -1.000057680528E-004  7.240879500035E-005
  1.162320190175E+001  2.698637595360E-001  1.164160043067E-004 -8.269140551294E-005  5.855875688964E-005
  1.189758280382E+001  2.789650778206E-001  9.578052634076E-005 -6.824180991855E-005  4.721225691363E-005
  1.218126990242E+001  2.884799822596E-001  7.818954997278E-005 -5.621113357152E-005  3.797747045628E-005
  1.247468853413E+001  2.984322392826E-001  6.321706039842E-005 -4.620931530263E-005  3.050630897311E-005
  1.277828862002E+001  3.088472731875E-001  5.049555432784E-005 -3.789897263502E-005  2.449303790832E-005
  1.309254639077E+001  3.197523026463E-001  3.971045489097E-005 -3.099176372463E-005  1.967241309499E-005
  1.341796625462E+001  3.311764902095E-001  3.059426495885E-005 -2.524430829776E-005  1.581736485968E-005
  1.375508282195E+001  3.431511062169E-001  2.292061674455E-005 -2.045377426981E-005  1.273627952668E-005
  1.410446310162E+001  3.557097086969E-001  1.649837874472E-005 -1.645324995264E-005  1.026994648290E-005
  1.446670888596E+001  3.688883410292E-001  1.116597724422E-005 -1.310702979003E-005  8.288254277642E-006
  1.484245934302E+001  3.827257493700E-001  6.786078505389E-006 -1.030594370781E-005  6.686730391523E-006
  1.523239383723E+001  3.972636220891E-001  3.240759599562E-006 -7.962856050615E-006  5.383025539492E-006
  1.563723500136E+001  4.125468537596E-001  4.272712742864E-007 -6.008449709113E-006  4.313444193846E-006
  1.605775208607E+001  4.286238365683E-001 -1.745533590394E-006 -4.387394838423E-006  3.429618296903E-006
  1.649476461582E+001  4.455467823929E-001 -3.360065943171E-006 -3.054980364568E-006  2.695411133090E-006
  1.694914638379E+001  4.633720792263E-001 -4.492156315652E-006 -1.974261491004E-006  2.084123684472E-006
  1.742182982203E+001  4.821606861220E-001 -5.212530767974E-006 -1.113749186846E-006  1.576057490908E-006
  1.791381078784E+001  5.019785714107E-001 -5.587669851240E-006 -4.456399144652E-007  1.156467351100E-006
  1.842615381215E+001  5.228971995942E-001 -5.680141069216E-006  5.544252580651E-008  8.139155991685E-007
  1.895999786176E+001  5.449940730840E-001 -5.548516296550E-006  4.132444167474E-007  5.390187100056E-007
  1.951656267356E+001  5.683533358366E-001 -5.246998431819E-006  6.502887763265E-007  3.235581020221E-007
  2.009715572669E+001  5.930664469535E-001 -4.824885356401E-006  7.879739123212E-007  1.599115015156E-007
  2.070317992707E+001  6.192329335039E-001 -4.325993869788E-006  8.464526629689E-007  4.075008133664E-008
  2.133614208874E+001  6.469612332096E-001 -3.788152276857E-006  8.443804642619E-007 -4.105964153086E-008
  2.199766230782E+001  6.763696392388E-001 -3.242849055611E-006  7.986134090142E-007 -9.241135133461E-008
  2.268948433818E+001  7.075873612439E-001 -2.715098525094E-006  7.239251259479E-007 -1.198306073354E-007
  2.341348709294E+001  7.407557189842E-001 -2.223555129673E-006  6.327950354425E-007 -1.293138623303E-007
  2.417169741362E+001  7.760294874639E-001 -1.780878568621E-006  5.353020693340E-007 -1.261756914488E-007
  2.496630426925E+001  8.135784155747E-001 -1.394325211760E-006  4.391391402214E-007 -1.149331308862E-007
  2.579967457140E+001  8.535889438281E-001 -1.066519424333E-006  3.497463046682E-007 -9.924376196247E-008
  2.667437081864E+001  8.962661510291E-001 -7.963433786591E-007  2.705462143057E-007 -8.190283297837E-008
  2.759317081651E+001  9.418359647997E-001 -5.798766848826E-007  2.032551941437E-007 -6.489528270755E-008
  2.855908975674E+001  9.905476768748E-001 -4.113178696556E-007  1.482377000972E-007 -4.949168483968E-008
  2.957540498378E+001  1.042676811269E+000 -2.838276164741E-007  1.048709853798E-007 -3.637316814489E-008
  3.064568382919E+001  1.098528402000E+000 -1.902472140401E-007  7.189000436187E-008 -2.576920440141E-008
  3.177381495601E+001  1.158440747351E+000 -1.236627253672E-007  4.768892093765E-008 -1.759339174310E-008
  3.296404372807E+001  1.222789720048E+000 -7.780359616370E-008  3.056380511082E-008 -1.156535483726E-008
  3.422101220608E+001  1.291993727721E+000 -4.728142570152E-008  1.888984703388E-008 -7.310872134103E-009
  3.554980447538E+001  1.366519436102E+000 -2.768846277883E-008  1.123444987911E-008 -4.436559580243E-009
  3.695599813319E+001  1.446888389511E+000 -1.558473570102E-008  6.413914937481E-009 -2.579232939981E-009
  3.844572291106E+001  1.533684690030E+000 -8.407038362291E-009  3.505527727505E-009 -1.432970351158E-009
  4.002572758518E+001  1.627563929686E+000 -4.332536994012E-009  1.828549020815E-009 -7.586682913166E-010
  4.170345654134E+001  1.729263610453E+000 -2.125474561361E-009  9.071641795212E-010 -3.815237859379E-010
  4.348713762001E+001  1.839615336740E+000 -9.887129389218E-010  4.263988416915E-010 -1.815686315372E-010
  4.538588318162E+001  1.959559126947E+000 -4.341878529101E-010  1.890701419118E-010 -8.143182816501E-011
  4.740980671574E+001  2.090160267552E+000 -1.791233092815E-010  7.870636424398E-011 -3.425583607871E-011
  4.957015778746E+001  2.232629229408E+000 -6.904304025192E-011  3.059347907582E-011 -1.344486749331E-011
  5.187947869225E+001  2.388345286640E+000 -2.471305615968E-011  1.103692538814E-011 -4.894006578130E-012
  5.435178690397E+001  2.558884630889E+000 -8.158249112189E-012  3.670395815618E-012 -1.641101302874E-012
  5.700278828629E+001  2.746053966795E+000 -2.464850732297E-012  1.116606941811E-012 -5.031220950539E-013
  5.985012714155E+001  2.951930820846E+000 -6.756889084055E-013  3.080815204320E-013 -1.398162345821E-013
  6.291368055481E+001  3.178912111311E+000 -1.664261300157E-013  7.634474792654E-014 -3.488021412088E-014
  6.621590623276E+001  3.429772933797E+000 -3.642608690699E-014  1.680549657224E-014 -7.726215351368E-015
  6.978225524452E+001  3.707738044625E+000 -6.996326829676E-015  3.245218514670E-015 -1.500716035806E-015
  7.364166388185E+001  4.016569212832E+000 -1.162494275020E-015  5.419558042455E-016 -2.519970988243E-016
  7.782714245929E+001  4.360672516382E+000 -1.643956736488E-016  7.700804716740E-017 -3.599113883941E-017
  8.237648351994E+001  4.745230855210E+000 -1.942005167570E-017  9.137990380316E-018 -4.291410622522E-018
  8.733311794503E+001  5.176368549127E+000 -1.875569670021E-018  8.862936899216E-019 -4.181086819503E-019
  9.274715535088E+001  5.661357031559E+000 -1.444630952152E-019  6.853966895381E-020 -3.247110445681E-020
  9.867665554529E+001  6.208873552072E+000 -8.622240240581E-021  4.106280742877E-021 -1.953155425115E-021
  1.051891916055E+002  6.829328764649E+000 -3.856235711226E-022  1.843079533291E-022 -8.799587587157E-023
  1.123637836013E+002  7.535284543316E+000 -1.242657696401E-023  5.959335079012E-024 -2.855286994827E-024
  1.202933069206E+002  8.341990973528E+000 -2.755180854401E-025  1.325503225468E-025 -6.372005692254E-026
  1.290875131414E+002  9.268082166539E+000 -3.979908857140E-027  1.920486134622E-027 -9.261154041224E-028
  1.388768482001E+002  1.033648575811E+001 -3.510384858925E-029  1.698740972022E-029 -8.215987951790E-030
  1.498173177370E+002  1.157562284364E+001 -1.749424883049E-031  8.488536115034E-032 -4.116885517531E-032
  1.620967411853E+002  1.302100699722E+001 -4.486483169700E-034  2.182441903227E-034 -1.061233166950E-034
  1.759428668168E+002  1.471739812515E+001 -5.286279479903E-037  2.577644953681E-037 -1.256480880320E-037
  1.916340085825E+002  1.672173748087E+001 -2.491361819325E-040  1.217548148602E-040 -5.948665558633E-041
  2.095131417987E+002  1.910719757888E+001 -3.958817200256E-044  1.938803563023E-044 -9.493075277381E-045
  2.300068054477E+002  2.196884699990E+001 -1.714852659052E-048  8.415099606940E-049 -4.128706668175E-049
  2.536507797910E+002  2.543169216868E+001 -1.550367229875E-053  7.622166020673E-054 -3.746790258364E-054
  2.811254638474E+002  2.966227967912E+001 -2.083782907115E-059  1.026259030062E-059 -5.053719437846E-060
  3.133053780630E+002  3.488573552677E+001 -2.691885421050E-066  1.327923267076E-066 -6.550122258084E-067
  3.513296254502E+002  4.141128389041E+001 -1.893433004696E-074  9.354727780208E-075 -4.621479123313E-075
  3.967041014106E+002  4.967130404214E+001 -3.420484821621E-084  1.692342129965E-084 -8.372677644011E-085
  4.514529193349E+002  6.028257212519E+001 -5.778579976062E-096  2.862838459735E-096 -1.418254008263E-096
  5.183481233601E+002  7.414493328740E+001 -2.287975806758E-110  1.134905250934E-110 -5.629293274162E-111
  6.012676077950E+002  9.260523890243E+001 -3.062358461002E-128  1.520740507498E-128 -7.551686838232E-129
  7.057700503752E+002  1.177394213729E+002 -8.629996245173E-151  4.290028215932E-151 -2.132565278763E-151
  8.400513767914E+002  1.528577972397E+002 -8.538699472570E-180  4.248662697911E-180 -2.114012889579E-180
  1.016602135495E+003  2.034537342122E+002 -5.783952730967E-218  2.880432261917E-218 -1.434455599578E-218
  1.255220715580E+003  2.790860613466E+002 -1.356404787293E-269  6.760158422522E-270 -3.369164078163E-270
  1.588815776243E+003  3.973705897531E+002  0.000000000000E+000  0.000000000000E+000  0.000000000000E+000
  2.075392011604E+003  5.931596040112E+002  0.000000000000E+000  0.000000000000E+000  0.000000000000E+000
  2.825079847529E+003  9.419154890021E+002  0.000000000000E+000  0.000000000000E+000  0.000000000000E+000
  4.068408296184E+003  1.627629972033E+003  0.000000000000E+000  0.000000000000E+000  0.000000000000E+000
  6.357262947674E+003  3.178964796686E+003  0.000000000000E+000  0.000000000000E+000  0.000000000000E+000
  1.130231930164E+004  7.535323971013E+003  0.000000000000E+000  0.000000000000E+000  0.000000000000E+000
  2.543105175140E+004  2.543171841285E+004  0.000000000000E+000  0.000000000000E+000  0.000000000000E+000
  1.017262069958E+005  2.034537473226E+005  0.000000000000E+000  0.000000000000E+000  0.000000000000E+000
