# 1st line: number of mesh points
# abcissa weight wavefunction wavefunction_1st wavefunction_2nd
500
# Principal QN=   1 , l=   0 , Occupation=   1.0100
  9.830308526508E-006  1.966074589941E-005  1.919521345327E+000 -1.970897032547E+000  2.040911859984E+000
  3.932200719717E-005  3.932303800261E-005  1.919463221113E+000 -1.970836843361E+000  2.040859539027E+000
  8.847741541455E-005  5.898842277178E-005  1.919366346289E+000 -1.970736526220E+000  2.040772332610E+000
  1.573003992804E-004  7.865844718600E-005  1.919230719154E+000 -1.970596078381E+000  2.040650233503E+000
  2.457963722417E-004  9.833465899987E-005  1.919056337327E+000 -1.970415496000E+000  2.040493231585E+000
  3.539722959954E-004  1.180186070023E-004  1.918843197750E+000 -1.970194774140E+000  2.040301313846E+000
  4.818366816528E-004  1.377118412759E-004  1.918591296683E+000 -1.969933906769E+000  2.040074464386E+000
  6.293995911626E-004  1.574159134560E-004  1.918300629715E+000 -1.969632886761E+000  2.039812664421E+000
  7.966726389934E-004  1.771323769912E-004  1.917971191754E+000 -1.969291705901E+000  2.039515892285E+000
  9.836689940782E-004  1.968627874036E-004  1.917602977040E+000 -1.968910354882E+000  2.039184123429E+000
  1.190403382016E-003  2.166087025496E-004  1.917195979137E+000 -1.968488823315E+000  2.038817330429E+000
  1.416892087541E-003  2.363716828821E-004  1.916750190940E+000 -1.968027099724E+000  2.038415482987E+000
  1.663152957245E-003  2.561532917128E-004  1.916265604680E+000 -1.967525171554E+000  2.037978547937E+000
  1.929205402573E-003  2.759550954757E-004  1.915742211919E+000 -1.966983025174E+000  2.037506489247E+000
  2.215070403074E-003  2.957786639908E-004  1.915180003560E+000 -1.966400645879E+000  2.036999268025E+000
  2.520770509919E-003  3.156255707300E-004  1.914578969846E+000 -1.965778017894E+000  2.036456842526E+000
  2.846329849692E-003  3.354973930828E-004  1.913939100363E+000 -1.965115124382E+000  2.035879168155E+000
  3.191774128432E-003  3.553957126240E-004  1.913260384046E+000 -1.964411947445E+000  2.035266197476E+000
  3.557130635959E-003  3.753221153821E-004  1.912542809183E+000 -1.963668468128E+000  2.034617880214E+000
  3.942428250463E-003  3.952781921092E-004  1.911786363413E+000 -1.962884666429E+000  2.033934163268E+000
  4.347697443358E-003  4.152655385525E-004  1.910991033739E+000 -1.962060521301E+000  2.033214990714E+000
  4.772970284417E-003  4.352857557265E-004  1.910156806524E+000 -1.961196010659E+000  2.032460303815E+000
  5.218280447175E-003  4.553404501876E-004  1.909283667503E+000 -1.960291111386E+000  2.031670041026E+000
  5.683663214611E-003  4.754312343099E-004  1.908371601782E+000 -1.959345799339E+000  2.030844138009E+000
  6.169155485101E-003  4.955597265624E-004  1.907420593845E+000 -1.958360049359E+000  2.029982527635E+000
  6.674795778653E-003  5.157275517886E-004  1.906430627561E+000 -1.957333835275E+000  2.029085140000E+000
  7.200624243425E-003  5.359363414876E-004  1.905401686189E+000 -1.956267129911E+000  2.028151902430E+000
  7.746682662519E-003  5.561877340970E-004  1.904333752382E+000 -1.955159905099E+000  2.027182739495E+000
  8.313014461060E-003  5.764833752781E-004  1.903226808193E+000 -1.954012131680E+000  2.026177573020E+000
  8.899664713569E-003  5.968249182030E-004  1.902080835086E+000 -1.952823779519E+000  2.025136322092E+000
  9.506680151615E-003  6.172140238444E-004  1.900895813937E+000 -1.951594817511E+000  2.024058903081E+000
  1.013410917176E-002  6.376523612666E-004  1.899671725042E+000 -1.950325213591E+000  2.022945229641E+000
  1.078200184380E-002  6.581416079202E-004  1.898408548129E+000 -1.949014934744E+000  2.021795212735E+000
  1.145040991929E-002  6.786834499385E-004  1.897106262357E+000 -1.947663947013E+000  2.020608760639E+000
  1.213938684040E-002  6.992795824361E-004  1.895764846331E+000 -1.946272215512E+000  2.019385778963E+000
  1.284898774901E-002  7.199317098113E-004  1.894384278107E+000 -1.944839704437E+000  2.018126170662E+000
  1.357926949620E-002  7.406415460502E-004  1.892964535199E+000 -1.943366377075E+000  2.016829836050E+000
  1.433029065191E-002  7.614108150341E-004  1.891505594590E+000 -1.941852195817E+000  2.015496672821E+000
  1.510211151509E-002  7.822412508494E-004  1.890007432740E+000 -1.940297122169E+000  2.014126576061E+000
  1.589479412397E-002  8.031345981016E-004  1.888470025591E+000 -1.938701116766E+000  2.012719438268E+000
  1.670840226680E-002  8.240926122311E-004  1.886893348585E+000 -1.937064139385E+000  2.011275149366E+000
  1.754300149280E-002  8.451170598329E-004  1.885277376664E+000 -1.935386148953E+000  2.009793596726E+000
  1.839865912351E-002  8.662097189796E-004  1.883622084287E+000 -1.933667103569E+000  2.008274665186E+000
  1.927544426443E-002  8.873723795480E-004  1.881927445437E+000 -1.931906960511E+000  2.006718237065E+000
  2.017342781695E-002  9.086068435487E-004  1.880193433630E+000 -1.930105676254E+000  2.005124192192E+000
  2.109268249069E-002  9.299149254598E-004  1.878420021931E+000 -1.928263206483E+000  2.003492407916E+000
  2.203328281612E-002  9.512984525641E-004  1.876607182959E+000 -1.926379506111E+000  2.001822759138E+000
  2.299530515754E-002  9.727592652906E-004  1.874754888903E+000 -1.924454529290E+000  2.000115118324E+000
  2.397882772639E-002  9.942992175591E-004  1.872863111532E+000 -1.922488229433E+000  1.998369355537E+000
  2.498393059493E-002  1.015920177130E-003  1.870931822205E+000 -1.920480559227E+000  1.996585338451E+000
  2.601069571024E-002  1.037624025957E-003  1.868960991889E+000 -1.918431470648E+000  1.994762932383E+000
  2.705920690860E-002  1.059412660547E-003  1.866950591165E+000 -1.916340914986E+000  1.992902000315E+000
  2.812954993023E-002  1.081287992318E-003  1.864900590245E+000 -1.914208842856E+000  1.991002402918E+000
  2.922181243436E-002  1.103251947969E-003  1.862810958986E+000 -1.912035204218E+000  1.989063998584E+000
  3.033608401473E-002  1.125306469854E-003  1.860681666900E+000 -1.909819948398E+000  1.987086643447E+000
  3.147245621542E-002  1.147453516351E-003  1.858512683172E+000 -1.907563024109E+000  1.985070191416E+000
  3.263102254705E-002  1.169695062249E-003  1.856303976673E+000 -1.905264379464E+000  1.983014494202E+000
  3.381187850339E-002  1.192033099133E-003  1.854055515973E+000 -1.902923962004E+000  1.980919401348E+000
  3.501512157837E-002  1.214469635775E-003  1.851767269360E+000 -1.900541718716E+000  1.978784760260E+000
  3.624085128345E-002  1.237006698530E-003  1.849439204852E+000 -1.898117596055E+000  1.976610416239E+000
  3.748916916538E-002  1.259646331739E-003  1.847071290213E+000 -1.895651539964E+000  1.974396212513E+000
  3.876017882444E-002  1.282390598136E-003  1.844663492973E+000 -1.893143495902E+000  1.972141990272E+000
  4.005398593302E-002  1.305241579266E-003  1.842215780441E+000 -1.890593408861E+000  1.969847588698E+000
  4.137069825459E-002  1.328201375897E-003  1.839728119723E+000 -1.888001223393E+000  1.967512845008E+000
  4.271042566323E-002  1.351272108452E-003  1.837200477741E+000 -1.885366883637E+000  1.965137594481E+000
  4.407328016341E-002  1.374455917436E-003  1.834632821247E+000 -1.882690333338E+000  1.962721670503E+000
  4.545937591035E-002  1.397754963880E-003  1.832025116847E+000 -1.879971515877E+000  1.960264904603E+000
  4.686882923075E-002  1.421171429779E-003  1.829377331015E+000 -1.877210374296E+000  1.957767126490E+000
  4.830175864396E-002  1.444707518548E-003  1.826689430115E+000 -1.874406851325E+000  1.955228164096E+000
  4.975828488365E-002  1.468365455478E-003  1.823961380417E+000 -1.871560889408E+000  1.952647843618E+000
  5.123853091993E-002  1.492147488203E-003  1.821193148123E+000 -1.868672430734E+000  1.950025989558E+000
  5.274262198188E-002  1.516055887169E-003  1.818384699380E+000 -1.865741417262E+000  1.947362424768E+000
  5.427068558066E-002  1.540092946119E-003  1.815536000307E+000 -1.862767790754E+000  1.944656970497E+000
  5.582285153302E-002  1.564260982573E-003  1.812647017014E+000 -1.859751492802E+000  1.941909446433E+000
  5.739925198530E-002  1.588562338332E-003  1.809717715624E+000 -1.856692464862E+000  1.939119670755E+000
  5.900002143803E-002  1.612999379973E-003  1.806748062294E+000 -1.853590648280E+000  1.936287460175E+000
  6.062529677088E-002  1.637574499364E-003  1.803738023242E+000 -1.850445984332E+000  1.933412629996E+000
  6.227521726827E-002  1.662290114181E-003  1.800687564763E+000 -1.847258414248E+000  1.930494994154E+000
  6.394992464542E-002  1.687148668440E-003  1.797596653262E+000 -1.844027879253E+000  1.927534365278E+000
  6.564956307496E-002  1.712152633027E-003  1.794465255269E+000 -1.840754320597E+000  1.924530554740E+000
  6.737427921404E-002  1.737304506249E-003  1.791293337472E+000 -1.837437679590E+000  1.921483372708E+000
  6.912422223211E-002  1.762606814387E-003  1.788080866736E+000 -1.834077897642E+000  1.918392628206E+000
  7.089954383907E-002  1.788062112257E-003  1.784827810132E+000 -1.830674916292E+000  1.915258129169E+000
  7.270039831418E-002  1.813672983787E-003  1.781534134963E+000 -1.827228677253E+000  1.912079682504E+000
  7.452694253540E-002  1.839442042599E-003  1.778199808790E+000 -1.823739122445E+000  1.908857094149E+000
  7.637933600943E-002  1.865371932600E-003  1.774824799462E+000 -1.820206194036E+000  1.905590169134E+000
  7.825774090225E-002  1.891465328589E-003  1.771409075141E+000 -1.816629834482E+000  1.902278711647E+000
  8.016232207035E-002  1.917724936867E-003  1.767952604330E+000 -1.813009986566E+000  1.898922525097E+000
  8.209324709253E-002  1.944153495867E-003  1.764455355907E+000 -1.809346593439E+000  1.895521412182E+000
  8.405068630235E-002  1.970753776782E-003  1.760917299150E+000 -1.805639598666E+000  1.892075174955E+000
  8.603481282122E-002  1.997528584221E-003  1.757338403769E+000 -1.801888946265E+000  1.888583614893E+000
  8.804580259214E-002  2.024480756857E-003  1.753718639937E+000 -1.798094580750E+000  1.885046532973E+000
  9.008383441408E-002  2.051613168108E-003  1.750057978321E+000 -1.794256447182E+000  1.881463729738E+000
  9.214908997710E-002  2.078928726810E-003  1.746356390118E+000 -1.790374491209E+000  1.877835005379E+000
  9.424175389809E-002  2.106430377918E-003  1.742613847080E+000 -1.786448659114E+000  1.874160159803E+000
  9.636201375725E-002  2.134121103210E-003  1.738830321554E+000 -1.782478897863E+000  1.870438992720E+000
  9.851006013526E-002  2.162003922007E-003  1.735005786515E+000 -1.778465155153E+000  1.866671303712E+000
  1.006860866512E-001  2.190081891910E-003  1.731140215599E+000 -1.774407379464E+000  1.862856892326E+000
  1.028902900012E-001  2.218358109541E-003  1.727233583138E+000 -1.770305520106E+000  1.858995558149E+000
  1.051228699979E-001  2.246835711311E-003  1.723285864200E+000 -1.766159527270E+000  1.855087100895E+000
  1.073840296104E-001  2.275517874190E-003  1.719297034620E+000 -1.761969352084E+000  1.851131320493E+000
  1.096739750056E-001  2.304407816497E-003  1.715267071044E+000 -1.757734946664E+000  1.847128017179E+000
  1.119929155896E-001  2.333508798707E-003  1.711195950961E+000 -1.753456264168E+000  1.843076991578E+000
  1.143410640503E-001  2.362824124271E-003  1.707083652746E+000 -1.749133258852E+000  1.838978044806E+000
  1.167186364011E-001  2.392357140448E-003  1.702930155697E+000 -1.744765886126E+000  1.834830978559E+000
  1.191258520249E-001  2.422111239159E-003  1.698735440080E+000 -1.740354102614E+000  1.830635595214E+000
  1.215629337189E-001  2.452089857854E-003  1.694499487161E+000 -1.735897866209E+000  1.826391697921E+000
  1.240301077413E-001  2.482296480400E-003  1.690222279260E+000 -1.731397136132E+000  1.822099090713E+000
  1.265276038575E-001  2.512734637975E-003  1.685903799782E+000 -1.726851872998E+000  1.817757578601E+000
  1.290556553882E-001  2.543407909995E-003  1.681544033268E+000 -1.722262038873E+000  1.813366967682E+000
  1.316144992580E-001  2.574319925047E-003  1.677142965437E+000 -1.717627597339E+000  1.808927065248E+000
  1.342043760450E-001  2.605474361847E-003  1.672700583228E+000 -1.712948513556E+000  1.804437679892E+000
  1.368255300316E-001  2.636874950214E-003  1.668216874852E+000 -1.708224754330E+000  1.799898621622E+000
  1.394782092560E-001  2.668525472060E-003  1.663691829832E+000 -1.703456288177E+000  1.795309701973E+000
  1.421626655646E-001  2.700429762411E-003  1.659125439055E+000 -1.698643085391E+000  1.790670734125E+000
  1.448791546661E-001  2.732591710434E-003  1.654517694817E+000 -1.693785118115E+000  1.785981533018E+000
  1.476279361856E-001  2.765015260497E-003  1.649868590876E+000 -1.688882360406E+000  1.781241915477E+000
  1.504092737207E-001  2.797704413242E-003  1.645178122497E+000 -1.683934788311E+000  1.776451700330E+000
  1.532234348983E-001  2.830663226680E-003  1.640446286505E+000 -1.678942379935E+000  1.771610708536E+000
  1.560706914324E-001  2.863895817319E-003  1.635673081341E+000 -1.673905115518E+000  1.766718763315E+000
  1.589513191834E-001  2.897406361298E-003  1.630858507104E+000 -1.668822977506E+000  1.761775690271E+000
  1.618655982178E-001  2.931199095559E-003  1.626002565617E+000 -1.663695950632E+000  1.756781317532E+000
  1.648138128702E-001  2.965278319033E-003  1.621105260471E+000 -1.658524021987E+000  1.751735475878E+000
  1.677962518056E-001  2.999648393860E-003  1.616166597086E+000 -1.653307181102E+000  1.746637998884E+000
  1.708132080832E-001  3.034313746623E-003  1.611186582764E+000 -1.648045420029E+000  1.741488723055E+000
  1.738649792215E-001  3.069278869616E-003  1.606165226750E+000 -1.642738733417E+000  1.736287487974E+000
  1.769518672648E-001  3.104548322136E-003  1.601102540285E+000 -1.637387118598E+000  1.731034136439E+000
  1.800741788507E-001  3.140126731803E-003  1.595998536669E+000 -1.631990575671E+000  1.725728514617E+000
  1.832322252791E-001  3.176018795904E-003  1.590853231317E+000 -1.626549107583E+000  1.720370472190E+000
  1.864263225826E-001  3.212229282769E-003  1.585666641826E+000 -1.621062720219E+000  1.714959862508E+000
  1.896567915983E-001  3.248763033179E-003  1.580438788030E+000 -1.615531422487E+000  1.709496542744E+000
  1.929239580409E-001  3.285624961791E-003  1.575169692067E+000 -1.609955226407E+000  1.703980374055E+000
  1.962281525771E-001  3.322820058613E-003  1.569859378441E+000 -1.604334147201E+000  1.698411221734E+000
  1.995697109023E-001  3.360353390492E-003  1.564507874087E+000 -1.598668203386E+000  1.692788955379E+000
  2.029489738173E-001  3.398230102644E-003  1.559115208440E+000 -1.592957416865E+000  1.687113449060E+000
  2.063662873085E-001  3.436455420218E-003  1.553681413495E+000 -1.587201813018E+000  1.681384581477E+000
  2.098220026275E-001  3.475034649885E-003  1.548206523882E+000 -1.581401420806E+000  1.675602236143E+000
  2.133164763746E-001  3.513973181471E-003  1.542690576930E+000 -1.575556272857E+000  1.669766301546E+000
  2.168500705817E-001  3.553276489620E-003  1.537133612740E+000 -1.569666405571E+000  1.663876671333E+000
  2.204231527988E-001  3.592950135496E-003  1.531535674254E+000 -1.563731859219E+000  1.657933244484E+000
  2.240360961807E-001  3.632999768520E-003  1.525896807327E+000 -1.557752678039E+000  1.651935925493E+000
  2.276892795770E-001  3.673431128145E-003  1.520217060802E+000 -1.551728910342E+000  1.645884624551E+000
  2.313830876220E-001  3.714250045674E-003  1.514496486582E+000 -1.545660608614E+000  1.639779257738E+000
  2.351179108282E-001  3.755462446115E-003  1.508735139706E+000 -1.539547829622E+000  1.633619747201E+000
  2.388941456809E-001  3.797074350078E-003  1.502933078426E+000 -1.533390634516E+000  1.627406021356E+000
  2.427121947345E-001  3.839091875711E-003  1.497090364282E+000 -1.527189088941E+000  1.621138015075E+000
  2.465724667110E-001  3.881521240686E-003  1.491207062184E+000 -1.520943263143E+000  1.614815669884E+000
  2.504753766009E-001  3.924368764227E-003  1.485283240487E+000 -1.514653232078E+000  1.608438934163E+000
  2.544213457654E-001  3.967640869177E-003  1.479318971076E+000 -1.508319075526E+000  1.602007763347E+000
  2.584108020414E-001  4.011344084122E-003  1.473314329446E+000 -1.501940878201E+000  1.595522120130E+000
  2.624441798480E-001  4.055485045557E-003  1.467269394782E+000 -1.495518729864E+000  1.588981974668E+000
  2.665219202956E-001  4.100070500102E-003  1.461184250049E+000 -1.489052725443E+000  1.582387304793E+000
  2.706444712976E-001  4.145107306769E-003  1.455058982071E+000 -1.482542965141E+000  1.575738096220E+000
  2.748122876832E-001  4.190602439283E-003  1.448893681618E+000 -1.475989554562E+000  1.569034342763E+000
  2.790258313137E-001  4.236562988450E-003  1.442688443499E+000 -1.469392604824E+000  1.562276046549E+000
  2.832855712010E-001  4.282996164587E-003  1.436443366641E+000 -1.462752232678E+000  1.555463218237E+000
  2.875919836279E-001  4.329909300005E-003  1.430158554185E+000 -1.456068560636E+000  1.548595877234E+000
  2.919455522717E-001  4.377309851548E-003  1.423834113577E+000 -1.449341717085E+000  1.541674051927E+000
  2.963467683296E-001  4.425205403192E-003  1.417470156653E+000 -1.442571836415E+000  1.534697779895E+000
  3.007961306479E-001  4.473603668706E-003  1.411066799739E+000 -1.435759059141E+000  1.527667108144E+000
  3.052941458522E-001  4.522512494374E-003  1.404624163739E+000 -1.428903532033E+000  1.520582093334E+000
  3.098413284823E-001  4.571939861783E-003  1.398142374234E+000 -1.422005408234E+000  1.513442802005E+000
  3.144382011281E-001  4.621893890671E-003  1.391621561575E+000 -1.415064847397E+000  1.506249310814E+000
  3.190852945695E-001  4.672382841850E-003  1.385061860982E+000 -1.408082015806E+000  1.499001706764E+000
  3.237831479192E-001  4.723415120192E-003  1.378463412640E+000 -1.401057086511E+000  1.491700087444E+000
  3.285323087679E-001  4.774999277691E-003  1.371826361800E+000 -1.393990239453E+000  1.484344561261E+000
  3.333333333333E-001  4.827144016591E-003  1.365150858877E+000 -1.386881661602E+000  1.476935247685E+000
  3.381867866117E-001  4.879858192602E-003  1.358437059553E+000 -1.379731547080E+000  1.469472277479E+000
  3.430932425333E-001  4.933150818173E-003  1.351685124878E+000 -1.372540097304E+000  1.461955792949E+000
  3.480532841203E-001  4.987031065868E-003  1.344895221374E+000 -1.365307521111E+000  1.454385948181E+000
  3.530675036492E-001  5.041508271801E-003  1.338067521139E+000 -1.358034034899E+000  1.446762909285E+000
  3.581365028158E-001  5.096591939172E-003  1.331202201950E+000 -1.350719862754E+000  1.439086854639E+000
  3.632608929041E-001  5.152291741875E-003  1.324299447373E+000 -1.343365236596E+000  1.431357975135E+000
  3.684412949588E-001  5.208617528209E-003  1.317359446867E+000 -1.335970396306E+000  1.423576474420E+000
  3.736783399619E-001  5.265579324662E-003  1.310382395891E+000 -1.328535589866E+000  1.415742569147E+000
  3.789726690123E-001  5.323187339805E-003  1.303368496018E+000 -1.321061073497E+000  1.407856489217E+000
  3.843249335105E-001  5.381451968273E-003  1.296317955040E+000 -1.313547111795E+000  1.399918478026E+000
  3.897357953460E-001  5.440383794842E-003  1.289230987079E+000 -1.305993977868E+000  1.391928792713E+000
  3.952059270903E-001  5.499993598618E-003  1.282107812700E+000 -1.298401953476E+000  1.383887704403E+000
  4.007360121927E-001  5.560292357317E-003  1.274948659024E+000 -1.290771329165E+000  1.375795498455E+000
  4.063267451812E-001  5.621291251662E-003  1.267753759839E+000 -1.283102404411E+000  1.367652474705E+000
  4.119788318683E-001  5.683001669888E-003  1.260523355714E+000 -1.275395487753E+000  1.359458947712E+000
  4.176929895600E-001  5.745435212354E-003  1.253257694115E+000 -1.267650896933E+000  1.351215247000E+000
  4.234699472710E-001  5.808603696282E-003  1.245957029519E+000 -1.259868959032E+000  1.342921717301E+000
  4.293104459435E-001  5.872519160606E-003  1.238621623531E+000 -1.252050010611E+000  1.334578718795E+000
  4.352152386716E-001  5.937193870949E-003  1.231251745000E+000 -1.244194397845E+000  1.326186627348E+000
  4.411850909306E-001  6.002640324729E-003  1.223847670133E+000 -1.236302476661E+000  1.317745834753E+000
  4.472207808110E-001  6.068871256391E-003  1.216409682621E+000 -1.228374612874E+000  1.309256748962E+000
  4.533230992589E-001  6.135899642772E-003  1.208938073746E+000 -1.220411182323E+000  1.300719794321E+000
  4.594928503202E-001  6.203738708611E-003  1.201433142510E+000 -1.212412571004E+000  1.292135411797E+000
  4.657308513924E-001  6.272401932198E-003  1.193895195747E+000 -1.204379175206E+000  1.283504059211E+000
  4.720379334802E-001  6.341903051163E-003  1.186324548246E+000 -1.196311401644E+000  1.274826211455E+000
  4.784149414579E-001  6.412256068427E-003  1.178721522869E+000 -1.188209667589E+000  1.266102360720E+000
  4.848627343381E-001  6.483475258298E-003  1.171086450672E+000 -1.180074401000E+000  1.257333016711E+000
  4.913821855461E-001  6.555575172733E-003  1.163419671026E+000 -1.171906040652E+000  1.248518706857E+000
  4.979741832006E-001  6.628570647764E-003  1.155721531735E+000 -1.163705036269E+000  1.239659976525E+000
  5.046396304008E-001  6.702476810086E-003  1.147992389158E+000 -1.155471848640E+000  1.230757389220E+000
  5.113794455212E-001  6.777309083830E-003  1.140232608331E+000 -1.147206949756E+000  1.221811526787E+000
  5.181945625116E-001  6.853083197508E-003  1.132442563083E+000 -1.138910822923E+000  1.212822989606E+000
  5.250859312060E-001  6.929815191146E-003  1.124622636163E+000 -1.130583962887E+000  1.203792396776E+000
  5.320545176366E-001  7.007521423604E-003  1.116773219354E+000 -1.122226875953E+000  1.194720386302E+000
  5.391013043575E-001  7.086218580100E-003  1.108894713598E+000 -1.113840080099E+000  1.185607615271E+000
  5.462272907741E-001  7.165923679926E-003  1.100987529110E+000 -1.105424105094E+000  1.176454760018E+000
  5.534334934816E-001  7.246654084380E-003  1.093052085504E+000 -1.096979492603E+000  1.167262516290E+000
  5.607209466109E-001  7.328427504912E-003  1.085088811909E+000 -1.088506796302E+000  1.158031599403E+000
  5.680907021827E-001  7.411262011483E-003  1.077098147085E+000 -1.080006581979E+000  1.148762744388E+000
  5.755438304707E-001  7.495176041166E-003  1.069080539544E+000 -1.071479427641E+000  1.139456706127E+000
  5.830814203728E-001  7.580188406970E-003  1.061036447665E+000 -1.062925923608E+000  1.130114259487E+000
  5.907045797917E-001  7.666318306912E-003  1.052966339813E+000 -1.054346672613E+000  1.120736199439E+000
  5.984144360243E-001  7.753585333338E-003  1.044870694451E+000 -1.045742289894E+000  1.111323341171E+000
  6.062121361613E-001  7.842009482502E-003  1.036750000256E+000 -1.037113403280E+000  1.101876520189E+000
  6.140988474955E-001  7.931611164409E-003  1.028604756232E+000 -1.028460653278E+000  1.092396592406E+000
  6.220757579409E-001  8.022411212936E-003  1.020435471822E+000 -1.019784693152E+000  1.082884434229E+000
  6.301440764614E-001  8.114430896230E-003  1.012242667018E+000 -1.011086189002E+000  1.073340942622E+000
  6.383050335109E-001  8.207691927403E-003  1.004026872472E+000 -1.002365819831E+000  1.063767035165E+000
  6.465598814833E-001  8.302216475524E-003  9.957886296005E-001 -9.936242776147E-001  1.054163650104E+000
  6.549098951744E-001  8.398027176926E-003  9.875284906949E-001 -9.848622673648E-001  1.044531746379E+000
  6.633563722545E-001  8.495147146827E-003  9.792470190223E-001 -9.760805071826E-001  1.034872303646E+000
  6.719006337539E-001  8.593599991288E-003  9.709447889291E-001 -9.672797283129E-001  1.025186322284E+000
  6.805440245593E-001  8.693409819506E-003  9.626223859412E-001 -9.584606751890E-001  1.015474823387E+000
  6.892879139233E-001  8.794601256469E-003  9.542804068623E-001 -9.496241054734E-001  1.005738848745E+000
  6.981336959871E-001  8.897199455961E-003  9.459194598696E-001 -9.407707900923E-001  9.959794608025E-001
  7.070827903152E-001  9.001230113956E-003  9.375401646070E-001 -9.319015132635E-001  9.861977426107E-001
  7.161366424455E-001  9.106719482390E-003  9.291431522765E-001 -9.230170725186E-001  9.763947977588E-001
  7.252967244510E-001  9.213694383338E-003  9.207290657253E-001 -9.141182787185E-001  9.665717502903E-001
  7.345645355186E-001  9.322182223606E-003  9.122985595321E-001 -9.052059560613E-001  9.567297446025E-001
  7.439416025400E-001  9.432211009745E-003  9.038523000881E-001 -8.962809420847E-001  9.468699453293E-001
  7.534294807203E-001  9.543809363512E-003  8.953909656767E-001 -8.873440876600E-001  9.369935372061E-001
  7.630297542000E-001  9.657006537783E-003  8.869152465486E-001 -8.783962569791E-001  9.271017249168E-001
  7.727440366954E-001  9.771832432940E-003  8.784258449941E-001 -8.694383275340E-001  9.171957329229E-001
  7.825739721536E-001  9.888317613741E-003  8.699234754108E-001 -8.604711900882E-001  9.072768052731E-001
  7.925212354258E-001  1.000649332670E-002  8.614088643687E-001 -8.514957486403E-001  8.973462053942E-001
  8.025875329584E-001  1.012639151798E-002  8.528827506697E-001 -8.425129203791E-001  8.874052158621E-001
  8.127746035011E-001  1.024804485184E-002  8.443458854040E-001 -8.335236356307E-001  8.774551381536E-001
  8.230842188350E-001  1.037148672960E-002  8.357990320018E-001 -8.245288377960E-001  8.674972923767E-001
  8.335181845190E-001  1.049675130923E-002  8.272429662796E-001 -8.155294832805E-001  8.575330169815E-001
  8.440783406568E-001  1.062387352550E-002  8.186784764829E-001 -8.065265414140E-001  8.475636684491E-001
  8.547665626839E-001  1.075288911077E-002  8.101063633223E-001 -7.975209943617E-001  8.375906209600E-001
  8.655847621758E-001  1.088383461638E-002  8.015274400061E-001 -7.885138370254E-001  8.276152660406E-001
  8.765348876780E-001  1.101674743475E-002  7.929425322658E-001 -7.795060769351E-001  8.176390121879E-001
  8.876189255584E-001  1.115166582209E-002  7.843524783766E-001 -7.704987341312E-001  8.076632844722E-001
  8.988389008829E-001  1.128862892191E-002  7.757581291724E-001 -7.614928410356E-001  7.976895241177E-001
  9.101968783143E-001  1.142767678917E-002  7.671603480533E-001 -7.524894423137E-001  7.877191880602E-001
  9.216949630368E-001  1.156885041525E-002  7.585600109885E-001 -7.434895947254E-001  7.777537484828E-001
  9.333353017046E-001  1.171219175365E-002  7.499580065106E-001 -7.344943669656E-001  7.677946923288E-001
  9.451200834176E-001  1.185774374655E-002  7.413552357048E-001 -7.255048394937E-001  7.578435207911E-001
  9.570515407237E-001  1.200555035216E-002  7.327526121895E-001 -7.165221043526E-001  7.479017487798E-001
  9.691319506484E-001  1.215565657299E-002  7.241510620903E-001 -7.075472649768E-001  7.379709043665E-001
  9.813636357544E-001  1.230810848498E-002  7.155515240064E-001 -6.985814359882E-001  7.280525282053E-001
  9.937489652293E-001  1.246295326757E-002  7.069549489682E-001 -6.896257429819E-001  7.181481729319E-001
  1.006290356005E+000  1.262023923477E-002  6.983623003880E-001 -6.806813222995E-001  7.082594025398E-001
  1.018990273907E+000  1.278001586715E-002  6.897745540005E-001 -6.717493207915E-001  6.983877917330E-001
  1.031851234841E+000  1.294233384499E-002  6.811926977965E-001 -6.628308955672E-001  6.885349252584E-001
  1.044875806003E+000  1.310724508236E-002  6.726177319456E-001 -6.539272137331E-001  6.787023972142E-001
  1.058066607138E+000  1.327480276248E-002  6.640506687110E-001 -6.450394521199E-001  6.688918103374E-001
  1.071426311823E+000  1.344506137405E-002  6.554925323535E-001 -6.361687969964E-001  6.591047752704E-001
  1.084957648792E+000  1.361807674895E-002  6.469443590265E-001 -6.273164437716E-001  6.493429098052E-001
  1.098663403298E+000  1.379390610110E-002  6.384071966596E-001 -6.184835966853E-001  6.396078381083E-001
  1.112546418516E+000  1.397260806657E-002  6.298821048325E-001 -6.096714684850E-001  6.299011899250E-001
  1.126609596985E+000  1.415424274514E-002  6.213701546376E-001 -6.008812800919E-001  6.202245997641E-001
  1.140855902095E+000  1.433887174317E-002  6.128724285306E-001 -5.921142602531E-001  6.105797060636E-001
  1.155288359613E+000  1.452655821788E-002  6.043900201708E-001 -5.833716451823E-001  6.009681503389E-001
  1.169910059257E+000  1.471736692327E-002  5.959240342482E-001 -5.746546781874E-001  5.913915763121E-001
  1.184724156317E+000  1.491136425740E-002  5.874755862983E-001 -5.659646092858E-001  5.818516290258E-001
  1.199733873325E+000  1.510861831145E-002  5.790458025051E-001 -5.573026948069E-001  5.723499539406E-001
  1.214942501771E+000  1.530919892035E-002  5.706358194901E-001 -5.486701969821E-001  5.628881960171E-001
  1.230353403874E+000  1.551317771520E-002  5.622467840876E-001 -5.400683835217E-001  5.534679987840E-001
  1.245970014403E+000  1.572062817747E-002  5.538798531071E-001 -5.314985271801E-001  5.440910033936E-001
  1.261795842559E+000  1.593162569510E-002  5.455361930804E-001 -5.229619053072E-001  5.347588476648E-001
  1.277834473907E+000  1.614624762054E-002  5.372169799946E-001 -5.144597993876E-001  5.254731651148E-001
  1.294089572372E+000  1.636457333079E-002  5.289233990099E-001 -5.059934945674E-001  5.162355839815E-001
  1.310564882294E+000  1.658668428962E-002  5.206566441612E-001 -4.975642791676E-001  5.070477262371E-001
  1.327264230548E+000  1.681266411190E-002  5.124179180451E-001 -4.891734441853E-001  4.979112065943E-001
  1.344191528724E+000  1.704259863026E-002  5.042084314890E-001 -4.808222827821E-001  4.888276315063E-001
  1.361350775387E+000  1.727657596408E-002  4.960294032045E-001 -4.725120897596E-001  4.797985981621E-001
  1.378746058390E+000  1.751468659100E-002  4.878820594231E-001 -4.642441610224E-001  4.708256934781E-001
  1.396381557275E+000  1.775702342093E-002  4.797676335138E-001 -4.560197930280E-001  4.619104930878E-001
  1.414261545744E+000  1.800368187279E-002  4.716873655833E-001 -4.478402822248E-001  4.530545603312E-001
  1.432390394201E+000  1.825475995395E-002  4.636425020569E-001 -4.397069244762E-001  4.442594452438E-001
  1.450772572390E+000  1.851035834267E-002  4.556342952409E-001 -4.316210144728E-001  4.355266835493E-001
  1.469412652102E+000  1.877058047342E-002  4.476640028646E-001 -4.235838451313E-001  4.268577956542E-001
  1.488315309978E+000  1.903553262542E-002  4.397328876032E-001 -4.155967069809E-001  4.182542856493E-001
  1.507485330398E+000  1.930532401444E-002  4.318422165794E-001 -4.076608875366E-001  4.097176403159E-001
  1.526927608467E+000  1.958006688797E-002  4.239932608446E-001 -3.997776706593E-001  4.012493281410E-001
  1.546647153093E+000  1.985987662391E-002  4.161872948381E-001 -3.919483359033E-001  3.928507983418E-001
  1.566649090169E+000  2.014487183303E-002  4.084255958248E-001 -3.841741578503E-001  3.845234798999E-001
  1.586938665861E+000  2.043517446518E-002  4.007094433105E-001 -3.764564054305E-001  3.762687806091E-001
  1.607521250000E+000  2.073090991960E-002  3.930401184339E-001 -3.687963412297E-001  3.680880861344E-001
  1.628402339588E+000  2.103220715932E-002  3.854189033356E-001 -3.611952207836E-001  3.599827590875E-001
  1.649587562420E+000  2.133919883002E-002  3.778470805037E-001 -3.536542918579E-001  3.519541381169E-001
  1.671082680832E+000  2.165202138333E-002  3.703259320941E-001 -3.461747937148E-001  3.440035370143E-001
  1.692893595565E+000  2.197081520497E-002  3.628567392275E-001 -3.387579563652E-001  3.361322438403E-001
  1.715026349769E+000  2.229572474776E-002  3.554407812607E-001 -3.314049998070E-001  3.283415200666E-001
  1.737487133138E+000  2.262689866987E-002  3.480793350322E-001 -3.241171332484E-001  3.206325997397E-001
  1.760282286187E+000  2.296448997842E-002  3.407736740826E-001 -3.168955543167E-001  3.130066886629E-001
  1.783418304674E+000  2.330865617868E-002  3.335250678489E-001 -3.097414482524E-001  3.054649636002E-001
  1.806901844175E+000  2.365955942924E-002  3.263347808320E-001 -3.026559870869E-001  2.980085715004E-001
  1.830739724818E+000  2.401736670327E-002  3.192040717378E-001 -2.956403288062E-001  2.906386287427E-001
  1.854938936184E+000  2.438224995616E-002  3.121341925914E-001 -2.886956164970E-001  2.833562204039E-001
  1.879506642368E+000  2.475438629994E-002  3.051263878242E-001 -2.818229774779E-001  2.761623995469E-001
  1.904450187236E+000  2.513395818467E-002  2.981818933338E-001 -2.750235224133E-001  2.690581865299E-001
  1.929777099847E+000  2.552115358717E-002  2.913019355167E-001 -2.682983444106E-001  2.620445683367E-001
  1.955495100083E+000  2.591616620741E-002  2.844877302737E-001 -2.616485181005E-001  2.551224979271E-001
  1.981612104475E+000  2.631919567292E-002  2.777404819882E-001 -2.550750986998E-001  2.482928936068E-001
  2.008136232230E+000  2.673044775156E-002  2.710613824770E-001 -2.485791210562E-001  2.415566384155E-001
  2.035075811486E+000  2.715013457311E-002  2.644516099151E-001 -2.421615986752E-001  2.349145795329E-001
  2.062439385788E+000  2.757847486001E-002  2.579123277329E-001 -2.358235227296E-001  2.283675276998E-001
  2.090235720801E+000  2.801569416771E-002  2.514446834884E-001 -2.295658610497E-001  2.219162566550E-001
  2.118473811262E+000  2.846202513514E-002  2.450498077128E-001 -2.233895570961E-001  2.155615025848E-001
  2.147162888201E+000  2.891770774564E-002  2.387288127319E-001 -2.172955289133E-001  2.093039635831E-001
  2.176312426413E+000  2.938298959899E-002  2.324827914627E-001 -2.112846680654E-001  2.031442991217E-001
  2.205932152222E+000  2.985812619504E-002  2.263128161875E-001 -2.053578385543E-001  1.970831295272E-001
  2.236032051522E+000  3.034338122938E-002  2.202199373046E-001 -1.995158757188E-001  1.911210354636E-001
  2.266622378129E+000  3.083902690182E-002  2.142051820587E-001 -1.937595851175E-001  1.852585574168E-001
  2.297713662445E+000  3.134534423818E-002  2.082695532520E-001 -1.880897413945E-001  1.794961951807E-001
  2.329316720450E+000  3.186262342603E-002  2.024140279354E-001 -1.825070871288E-001  1.738344073406E-001
  2.361442663038E+000  3.239116416519E-002  1.966395560852E-001 -1.770123316690E-001  1.682736107526E-001
  2.394102905709E+000  3.293127603351E-002  1.909470592637E-001 -1.716061499534E-001  1.628141800167E-001
  2.427309178642E+000  3.348327886897E-002  1.853374292677E-001 -1.662891813189E-001  1.574564469409E-001
  2.461073537146E+000  3.404750316862E-002  1.798115267670E-001 -1.610620282969E-001  1.522006999942E-001
  2.495408372530E+000  3.462429050548E-002  1.743701799343E-001 -1.559252554018E-001  1.470471837472E-001
  2.530326423398E+000  3.521399396401E-002  1.690141830707E-001 -1.508793879119E-001  1.419960982978E-001
  2.565840787378E+000  3.581697859546E-002  1.637442952288E-001 -1.459249106454E-001  1.370475986798E-001
  2.601964933334E+000  3.643362189376E-002  1.585612388361E-001 -1.410622667361E-001  1.322017942560E-001
  2.638712714049E+000  3.706431429322E-002  1.534656983234E-001 -1.362918564091E-001  1.274587480913E-001
  2.676098379430E+000  3.770945968912E-002  1.484583187604E-001 -1.316140357623E-001  1.228184763083E-001
  2.714136590232E+000  3.836947598236E-002  1.435397045033E-001 -1.270291155570E-001  1.182809474240E-001
  2.752842432351E+000  3.904479564947E-002  1.387104178578E-001 -1.225373600216E-001  1.138460816688E-001
  2.792231431696E+000  3.973586633921E-002  1.339709777614E-001 -1.181389856724E-001  1.095137502889E-001
  2.832319569669E+000  4.044315149734E-002  1.293218584907E-001 -1.138341601588E-001  1.052837748345E-001
  2.873123299289E+000  4.116713102086E-002  1.247634883968E-001 -1.096230011362E-001  1.011559264359E-001
  2.914659561979E+000  4.190830194354E-002  1.202962486742E-001 -1.055055751730E-001  9.712992507079E-002
  2.956945805065E+000  4.266717915414E-002  1.159204721685E-001 -1.014818966990E-001  9.320543882805E-002
  3.000000000000E+000  4.344429614932E-002  1.116364422271E-001 -9.755192700124E-002  8.938208317248E-002
  3.043840661365E+000  4.424020582308E-002  1.074443915985E-001 -9.371557327357E-002  8.565942021645E-002
  3.088486866678E+000  4.505548129460E-002  1.033445013853E-001 -8.997268772895E-002  8.203695800586E-002
  3.133958277047E+000  4.589071677685E-002  9.933690005658E-002 -8.632306678089E-002  7.851414982822E-002
  3.180275158719E+000  4.674652848797E-002  9.542166252383E-002 -8.276645030266E-002  7.509039355175E-002
  3.227458405560E+000  4.762355560797E-002  9.159880928681E-002 -7.930252097228E-002  7.176503100540E-002
  3.275529562509E+000  4.852246128332E-002  8.786830565383E-002 -7.593090371160E-002  6.853734741052E-002
  3.324510850077E+000  4.944393368200E-002  8.423006104149E-002 -7.265116522806E-002  6.540657087587E-002
  3.374425189910E+000  5.038868710203E-002  8.068392835901E-002 -6.946281366751E-002  6.237187196849E-002
  3.425296231502E+000  5.135746313639E-002  7.722970348133E-002 -6.636529838639E-002  5.943236337351E-002
  3.477148380094E+000  5.235103189784E-002  7.386712481569E-002 -6.335800985168E-002  5.658709965682E-002
  3.530006825834E+000  5.337019330676E-002  7.059587296532E-002 -6.044027967641E-002  5.383507714497E-002
  3.583897574256E+000  5.441577844603E-002  6.741557049404E-002 -5.761138079831E-002  5.117523393695E-002
  3.638847478148E+000  5.548865098670E-002  6.432578179472E-002 -5.487052780864E-002  4.860645006284E-002
  3.694884270887E+000  5.658970868864E-002  6.132601306436E-002 -5.221687743768E-002  4.612754780411E-002
  3.752036601308E+000  5.771988498079E-002  5.841571238754E-002 -4.964952920236E-002  4.373729219053E-002
  3.810334070199E+000  5.888015062562E-002  5.559426993003E-002 -4.716752622083E-002  4.143439168764E-002
  3.869807268505E+000  6.007151547295E-002  5.286101824289E-002 -4.476985619768E-002  3.921749908866E-002
  3.930487817331E+000  6.129503030858E-002  5.021523267742E-002 -4.245545258217E-002  3.708521262325E-002
  3.992408409843E+000  6.255178880352E-002  4.765613191010E-002 -4.022319590074E-002  3.503607729452E-002
  4.055602855172E+000  6.384292957002E-002  4.518287857611E-002 -3.807191526343E-002  3.306858645409E-002
  4.120106124432E+000  6.516963833101E-002  4.279458000921E-002 -3.600039004237E-002  3.118118362322E-002
  4.185954398964E+000  6.653315021009E-002  4.049028908501E-002 -3.400735171882E-002  2.937226456558E-002
  4.253185120935E+000  6.793475214960E-002  3.826900516391E-002 -3.209148589332E-002  2.764017961520E-002
  4.321837046422E+000  6.937578546490E-002  3.612967512938E-002 -3.025143445201E-002  2.598323625998E-002
  4.391950301120E+000  7.085764854355E-002  3.407119451627E-002 -2.848579787981E-002  2.439970197839E-002
  4.463566438835E+000  7.238179969882E-002  3.209240872389E-002 -2.679313770974E-002  2.288780732353E-002
  4.536728502895E+000  7.394976018725E-002  3.019211430733E-002 -2.517197909544E-002  2.144574924541E-002
  4.611481090679E+000  7.556311740127E-002  2.836906034093E-002 -2.362081349226E-002  2.007169463848E-002
  4.687870421430E+000  7.722352824817E-002  2.662194984688E-002 -2.213810143054E-002  1.876378409782E-002
  4.765944407533E+000  7.893272272784E-002  2.494944128246E-002 -2.072227536310E-002  1.752013586347E-002
  4.845752729492E+000  8.069250772248E-002  2.335015007903E-002 -1.937174256762E-002  1.633884992882E-002
  4.927346914797E+000  8.250477101257E-002  2.182265022668E-002 -1.808488808320E-002  1.521801228485E-002
  5.010780420931E+000  8.437148553436E-002  2.036547589858E-002 -1.686007765990E-002  1.415569926896E-002
  5.096108722763E+000  8.629471389541E-002  1.897712311005E-002 -1.569566069903E-002  1.314998198369E-002
  5.183389404586E+000  8.827661316581E-002  1.765605140834E-002 -1.458997316224E-002  1.219893074770E-002
  5.272682257105E+000  9.031943996425E-002  1.640068559021E-002 -1.354134042737E-002  1.130061953905E-002
  5.364049379651E+000  9.242555585946E-002  1.520941744604E-002 -1.254808006982E-002  1.045313038922E-002
  5.457555287978E+000  9.459743310926E-002  1.408060753068E-002 -1.160850454958E-002  9.654557684736E-003
  5.553267027968E+000  9.683766076100E-002  1.301258696331E-002 -1.072092378544E-002  8.903012333286E-003
  5.651254295630E+000  9.914895113938E-002  1.200365926032E-002 -9.883647600397E-003  8.196625751375E-003
  5.751589563796E+000  1.015341467494E-001  1.105210220787E-002 -9.094988024863E-003  7.533553632109E-003
  5.854348215936E+000  1.039962276248E-001  1.015616978227E-002 -8.353261447535E-003  6.911979453875E-003
  5.959608687557E+000  1.065383191537E-001  9.314094129361E-003 -7.656790607520E-003  6.330117694050E-003
  6.067452615683E+000  1.091637004188E-001  8.524087615523E-003 -7.003906425348E-003  5.786216716113E-003
  6.177964996951E+000  1.118758130872E-001  7.784344965361E-003 -6.392949674933E-003  5.278561303789E-003
  6.291234354880E+000  1.146782708938E-001  7.093045502641E-003 -5.822272503201E-003  4.805474822017E-003
  6.407352916949E+000  1.175748697626E-001  6.448355512466E-003 -5.290239808820E-003  4.365320991483E-003
  6.526416802128E+000  1.205695986129E-001  5.848430743580E-003 -4.795230496264E-003  3.956505271137E-003
  6.648526219580E+000  1.236666509049E-001  5.291419069979E-003 -4.335638625936E-003  3.577475851328E-003
  6.773785679311E+000  1.268704369821E-001  4.775463330623E-003 -3.909874485344E-003  3.226724268734E-003
  6.902304215570E+000  1.301855972713E-001  4.298704364841E-003 -3.516365609997E-003  2.902785662914E-003
  7.034195623922E+000  1.336170164087E-001  3.859284258948E-003 -3.153557785675E-003  2.604238702865E-003
  7.169578712934E+000  1.371698383673E-001  3.455349816499E-003 -2.819916065866E-003  2.329705220062E-003
  7.308577571516E+000  1.408494826628E-001  3.085056260507E-003 -2.513925839164E-003  2.077849591866E-003
  7.451321853057E+000  1.446616617293E-001  2.746571170780E-003 -2.234093981261E-003  1.847377925588E-003
  7.597947077547E+000  1.486123995567E-001  2.438078653290E-003 -1.978950124630E-003  1.637037098610E-003
  7.748594953021E+000  1.527080516973E-001  2.157783731258E-003 -1.747048075967E-003  1.445613713442E-003
  7.903413717736E+000  1.569553267535E-001  1.903916939450E-003 -1.536967406962E-003  1.271933028377E-003
  8.062558504629E+000  1.613613094717E-001  1.674739094292E-003 -1.347315237885E-003  1.114857923990E-003
  8.226191729726E+000  1.659334855793E-001  1.468546202853E-003 -1.176728225981E-003  9.732879633306E-004
  8.394483506327E+000  1.706797685137E-001  1.283674463991E-003 -1.023874761762E-003  8.461585988740E-004
  8.567612086926E+000  1.756085282071E-001  1.118505305110E-003 -8.874573662544E-004  7.324405723919E-004
  8.745764335025E+000  1.807286221064E-001  9.714703885355E-004 -7.662152713603E-004  6.311395448245E-004
  8.929136229160E+000  1.860494286260E-001  8.410565128512E-004 -6.589271539975E-004  5.412959822832E-004
  9.117933401693E+000  1.915808832504E-001  7.258103270679E-004 -5.644139830987E-004  4.619853117440E-004
  9.312371715124E+000  1.973335175235E-001  6.243427697075E-004 -4.815419272908E-004  3.923183462445E-004
  9.512677878945E+000  2.033185011886E-001  5.353331412170E-004 -4.092252606702E-004  3.314419649656E-004
  9.719090110332E+000  2.095476877688E-001  4.575327170317E-004 -3.464291950875E-004  2.785400190418E-004
  9.931858842267E+000  2.160336639044E-001  3.897678104606E-004 -2.921725603020E-004  2.328344199566E-004
  1.015124748302E+001  2.227898028021E-001  3.309421996932E-004 -2.455302487920E-004  1.935863545992E-004
  1.037753323129E+001  2.298303221843E-001  2.800388418367E-004 -2.056353403710E-004  1.600975601824E-004
  1.061100795175E+001  2.371703471699E-001  2.361208090699E-004 -1.716808234698E-004  1.317115838819E-004
  1.085197911611E+001  2.448259785618E-001  1.983313976744E-004 -1.429208352474E-004  1.078149468339E-004
  1.110077081537E+001  2.528143670735E-001  1.658933796327E-004 -1.186713517298E-004  8.783813049000E-005
  1.135772484956E+001  2.611537940784E-001  1.381073882169E-004 -9.831027187097E-005  7.125630558563E-005
  1.162320190175E+001  2.698637595360E-001  1.143494529175E-004 -8.127685555489E-005  5.758973027144E-005
  1.189758280382E+001  2.789650778206E-001  9.406772433653E-005 -6.707049463303E-005  4.640375421540E-005
  1.218126990242E+001  2.884799822596E-001  7.677845530979E-005 -5.524881747020E-005  3.730837940503E-005
  1.247468853413E+001  2.984322392826E-001  6.206132939302E-005 -4.542515028706E-005  2.995734544303E-005
  1.277828862002E+001  3.088472731875E-001  4.955425070927E-005 -3.726538181947E-005  2.404672658685E-005
  1.309254639077E+001  3.197523026463E-001  3.894772876304E-005 -3.048430031898E-005  1.931304869707E-005
  1.341796625462E+001  3.311764902095E-001  2.997900695089E-005 -2.484149248565E-005  1.553095554041E-005
  1.375508282195E+001  3.431511062169E-001  2.242609304850E-005 -2.013691135209E-005  1.251047436030E-005
  1.410446310162E+001  3.557097086969E-001  1.610185304179E-005 -1.620623330911E-005  1.009394907704E-005
  1.446670888596E+001  3.688883410292E-001  1.084832570293E-005 -1.291613243121E-005  8.152724767237E-006
  1.484245934302E+001  3.827257493700E-001  6.531404066743E-006 -1.015960232802E-005  6.583678196535E-006
  1.523239383723E+001  3.972636220891E-001  3.036011643944E-006 -7.851451544546E-006  5.305695365377E-006
  1.563723500136E+001  4.125468537596E-001  2.618764813329E-007 -5.924088066346E-006  4.256197795070E-006
  1.605775208607E+001  4.286238365683E-001 -1.880023822314E-006 -4.323692179694E-006  3.387814505245E-006
  1.649476461582E+001  4.455467823929E-001 -3.470306750527E-006 -3.006855628602E-006  2.665286569506E-006
  1.694914638379E+001  4.633720792263E-001 -4.583315267821E-006 -1.937739925730E-006  2.062676424562E-006
  1.742182982203E+001  4.821606861220E-001 -5.288565237077E-006 -1.085779352699E-006  1.560935741379E-006
  1.791381078784E+001  5.019785714107E-001 -5.651573624007E-006 -4.239263846014E-007  1.145864923502E-006
  1.842615381215E+001  5.228971995942E-001 -5.734158965147E-006  7.258916406933E-008  8.064756465451E-007
  1.895999786176E+001  5.449940730840E-001 -5.594326560660E-006  4.270392697883E-007  5.337468343423E-007
  1.951656267356E+001  5.683533358366E-001 -5.285863640669E-006  6.615856948244E-007  3.197455603771E-007
  2.009715572669E+001  5.930664469535E-001 -4.857773469078E-006  7.973601211642E-007  1.570688535745E-007
  2.070317992707E+001  6.192329335039E-001 -4.353671829816E-006  8.543257627061E-007  3.855124856710E-008
  2.133614208874E+001  6.469612332096E-001 -3.811255191292E-006  8.510090789748E-007 -4.282327741624E-008
  2.199766230782E+001  6.763696392388E-001 -3.261928416650E-006  8.041831435058E-007 -9.386747943749E-008
  2.268948433818E+001  7.075873612439E-001 -2.730653181309E-006  7.285717726667E-007 -1.210540545914E-007
  2.341348709294E+001  7.407557189842E-001 -2.236048754924E-006  6.366271298063E-007 -1.303472725304E-007
  2.417169741362E+001  7.760294874639E-001 -1.790747226570E-006  5.384149303016E-007 -1.270439895008E-007
  2.496630426925E+001  8.135784155747E-001 -1.401978295513E-006  4.416224584425E-007 -1.156529710072E-007
  2.579967457140E+001  8.535889438281E-001 -1.072336798413E-006  3.516871683670E-007 -9.982911786128E-008
  2.667437081864E+001  8.962661510291E-001 -8.006710069666E-007  2.720292146084E-007 -8.236779145245E-008
  2.759317081651E+001  9.418359647997E-001 -5.830224414472E-007  2.043609526895E-007 -6.525496300159E-008
  2.855908975674E+001  9.905476768748E-001 -4.135486469703E-007  1.490408403194E-007 -4.976204024375E-008
  2.957540498378E+001  1.042676811269E+000 -2.853683130603E-007  1.054382519818E-007 -3.657024988581E-008
  3.064568382919E+001  1.098528402000E+000 -1.912817343892E-007  7.227894715243E-008 -2.590829610628E-008
  3.177381495601E+001  1.158440747351E+000 -1.243367854646E-007  4.794731775705E-008 -1.768826839104E-008
  3.296404372807E+001  1.222789720048E+000 -7.822890687569E-008  3.072981548025E-008 -1.162779238515E-008
  3.422101220608E+001  1.291993727721E+000 -4.754072106615E-008  1.899276720998E-008 -7.350437974899E-009
  3.554980447538E+001  1.366519436102E+000 -2.784083528312E-008  1.129587775241E-008 -4.460650532672E-009
  3.695599813319E+001  1.446888389511E+000 -1.567081165105E-008  6.449120353082E-009 -2.593293733368E-009
  3.844572291106E+001  1.533684690030E+000 -8.453644561342E-009  3.524847133009E-009 -1.440815957022E-009
  4.002572758518E+001  1.627563929686E+000 -4.356646227779E-009  1.838668202566E-009 -7.628408358044E-010
  4.170345654134E+001  1.729263610453E+000 -2.137347082298E-009  9.122054468939E-010 -3.836317893316E-010
  4.348713762001E+001  1.839615336740E+000 -9.942565853493E-010  4.287783148282E-010 -1.825764847847E-010
  4.538588318162E+001  1.959559126947E+000 -4.366314155974E-010  1.901295888599E-010 -8.188591510602E-011
  4.740980671574E+001  2.090160267552E+000 -1.801351050601E-010  7.914918379420E-011 -3.444771711001E-011
  4.957015778746E+001  2.232629229408E+000 -6.943444319727E-011  3.076628850550E-011 -1.352050879847E-011
  5.187947869225E+001  2.388345286640E+000 -2.485364733556E-011  1.109950940021E-011 -4.921657931276E-012
  5.435178690397E+001  2.558884630889E+000 -8.204820232973E-012  3.691286657792E-012 -1.650411861434E-012
  5.700278828629E+001  2.746053966795E+000 -2.478968199791E-012  1.122985455193E-012 -5.059878450235E-013
  5.985012714155E+001  2.951930820846E+000 -6.795714498824E-013  3.098475892509E-013 -1.406156666216E-013
  6.291368055481E+001  3.178912111311E+000 -1.673854193809E-013  7.678387465820E-014 -3.508038281159E-014
  6.621590623276E+001  3.429772933797E+000 -3.663668504422E-014  1.690247530395E-014 -7.770710352954E-015
  6.978225524452E+001  3.707738044625E+000 -7.036894575170E-015  3.264004306075E-015 -1.509387763127E-015
  7.364166388185E+001  4.016569212832E+000 -1.169253942888E-015  5.451025117786E-016 -2.534579361993E-016
  7.782714245929E+001  4.360672516382E+000 -1.653541997724E-016  7.745646510995E-017 -3.620042442002E-017
  8.237648351994E+001  4.745230855210E+000 -1.953357856834E-017  9.191348481507E-018 -4.316438330487E-018
  8.733311794503E+001  5.176368549127E+000 -1.886561569526E-018  8.914826426489E-019 -4.205539655752E-019
  9.274715535088E+001  5.661357031559E+000 -1.453117767025E-019  6.894196639513E-020 -3.266151887414E-020
  9.867665554529E+001  6.208873552072E+000 -8.673011047068E-021  4.130441426857E-021 -1.964638226966E-021
  1.051891916055E+002  6.829328764649E+000 -3.878993095016E-022  1.853949129094E-022 -8.851447188086E-023
  1.123637836013E+002  7.535284543316E+000 -1.250006804530E-023  5.994558422433E-024 -2.872153369896E-024
  1.202933069206E+002  8.341990973528E+000 -2.771508291109E-025  1.333354371059E-025 -6.409728536773E-026
  1.290875131414E+002  9.268082166539E+000 -4.003540128200E-027  1.931884437075E-027 -9.316095802811E-028
  1.388768482001E+002  1.033648575811E+001 -3.531267090023E-029  1.708842601792E-029 -8.264826307575E-030
  1.498173177370E+002  1.157562284364E+001 -1.759850185904E-031  8.539106015237E-032 -4.141403795949E-032
  1.620967411853E+002  1.302100699722E+001 -4.513264644020E-034  2.195466307784E-034 -1.067564710981E-034
  1.759428668168E+002  1.471739812515E+001 -5.317886115640E-037  2.593053304613E-037 -1.263990042271E-037
  1.916340085825E+002  1.672173748087E+001 -2.506280489439E-040  1.224837688762E-040 -5.984273954363E-041
  2.095131417987E+002  1.910719757888E+001 -3.982557713866E-044  1.950428558062E-044 -9.549986620145E-045
  2.300068054477E+002  2.196884699990E+001 -1.725150584811E-048  8.465627154364E-049 -4.153493897484E-049
  2.536507797910E+002  2.543169216868E+001 -1.559689537544E-053  7.667993215021E-054 -3.769314984420E-054
  2.811254638474E+002  2.966227967912E+001 -2.096328047197E-059  1.032436982179E-059 -5.084139678072E-060
  3.133053780630E+002  3.488573552677E+001 -2.708110346861E-066  1.335926598207E-066 -6.589596925985E-067
  3.513296254502E+002  4.141128389041E+001 -1.904857807308E-074  9.411170450532E-075 -4.649361819174E-075
  3.967041014106E+002  4.967130404214E+001 -3.441144764219E-084  1.702563572644E-084 -8.423245065303E-085
  4.514529193349E+002  6.028257212519E+001 -5.813516190518E-096  2.880146113877E-096 -1.426827977293E-096
  5.183481233601E+002  7.414493328740E+001 -2.301820728404E-110  1.141772592011E-110 -5.663355478132E-111
  6.012676077950E+002  9.260523890243E+001 -3.080904492759E-128  1.529950147521E-128 -7.597419241982E-129
  7.057700503752E+002  1.177394213729E+002 -8.682300069618E-151  4.316028471858E-151 -2.145489798453E-151
  8.400513767914E+002  1.528577972397E+002 -8.590485761238E-180  4.274430154084E-180 -2.126833926116E-180
  1.016602135495E+003  2.034537342122E+002 -5.819053831098E-218  2.897912651181E-218 -1.443160783929E-218
  1.255220715580E+003  2.790860613466E+002 -1.364641070638E-269  6.801206910676E-270 -3.389621965224E-270
  1.588815776243E+003  3.973705897531E+002  0.000000000000E+000  0.000000000000E+000  0.000000000000E+000
  2.075392011604E+003  5.931596040112E+002  0.000000000000E+000  0.000000000000E+000  0.000000000000E+000
  2.825079847529E+003  9.419154890021E+002  0.000000000000E+000  0.000000000000E+000  0.000000000000E+000
  4.068408296184E+003  1.627629972033E+003  0.000000000000E+000  0.000000000000E+000  0.000000000000E+000
  6.357262947674E+003  3.178964796686E+003  0.000000000000E+000  0.000000000000E+000  0.000000000000E+000
  1.130231930164E+004  7.535323971013E+003  0.000000000000E+000  0.000000000000E+000  0.000000000000E+000
  2.543105175140E+004  2.543171841285E+004  0.000000000000E+000  0.000000000000E+000  0.000000000000E+000
  1.017262069958E+005  2.034537473226E+005  0.000000000000E+000  0.000000000000E+000  0.000000000000E+000
