# 1st line: number of mesh points
# rho and r_seitz are calculated from total density
# zeta and r_seitz only correct of rho > 1d-12

# abcissa weight rho drho ddrho zeta r_seitz
500
  9.830308526508E-006  1.966074589941E-005  1.761396008003E+002 -1.074064053775E+003  6.834431390137E+003 -1.570696170911E-004  2.572891165049E-001
  3.932200719717E-005  3.932303800261E-005  1.761079277988E+002 -1.073862514444E+003  6.833098198532E+003 -1.570684417597E-004  2.573045400582E-001
  8.847741541455E-005  5.898842277178E-005  1.760551499029E+002 -1.073526685315E+003  6.830876693599E+003 -1.570664822885E-004  2.573302491149E-001
  1.573003992804E-004  7.865844718600E-005  1.759812827683E+002 -1.073056670996E+003  6.827767596739E+003 -1.570637378038E-004  2.573662483775E-001
  2.457963722417E-004  9.833465899987E-005  1.758863483049E+002 -1.072452617878E+003  6.823771917504E+003 -1.570602070773E-004  2.574125444324E-001
  3.539722959954E-004  1.180186070023E-004  1.757703746687E+002 -1.071714714081E+003  6.818890953175E+003 -1.570558885300E-004  2.574691457520E-001
  4.818366816528E-004  1.377118412759E-004  1.756333962516E+002 -1.070843189380E+003  6.813126288234E+003 -1.570507802304E-004  2.575360626980E-001
  6.293995911626E-004  1.574159134560E-004  1.754754536681E+002 -1.069838315112E+003  6.806479793712E+003 -1.570448798898E-004  2.576133075252E-001
  7.966726389934E-004  1.771323769912E-004  1.752965937409E+002 -1.068700404075E+003  6.798953626420E+003 -1.570381848670E-004  2.577008943862E-001
  9.836689940782E-004  1.968627874036E-004  1.750968694833E+002 -1.067429810398E+003  6.790550228067E+003 -1.570306921584E-004  2.577988393370E-001
  1.190403382016E-003  2.166087025496E-004  1.748763400797E+002 -1.066026929410E+003  6.781272324249E+003 -1.570223984034E-004  2.579071603425E-001
  1.416892087541E-003  2.363716828821E-004  1.746350708635E+002 -1.064492197478E+003  6.771122923337E+003 -1.570132998784E-004  2.580258772840E-001
  1.663152957245E-003  2.561532917128E-004  1.743731332932E+002 -1.062826091842E+003  6.760105315235E+003 -1.570033924909E-004  2.581550119662E-001
  1.929205402573E-003  2.759550954757E-004  1.740906049256E+002 -1.061029130422E+003  6.748223070030E+003 -1.569926717854E-004  2.582945881257E-001
  2.215070403074E-003  2.957786639908E-004  1.737875693874E+002 -1.059101871617E+003  6.735480036525E+003 -1.569811329321E-004  2.584446314399E-001
  2.520770509919E-003  3.156255707300E-004  1.734641163440E+002 -1.057044914089E+003  6.721880340648E+003 -1.569687707250E-004  2.586051695372E-001
  2.846329849692E-003  3.354973930828E-004  1.731203414665E+002 -1.054858896520E+003  6.707428383764E+003 -1.569555795814E-004  2.587762320067E-001
  3.191774128432E-003  3.553957126240E-004  1.727563463960E+002 -1.052544497370E+003  6.692128840855E+003 -1.569415535349E-004  2.589578504104E-001
  3.557130635959E-003  3.753221153821E-004  1.723722387057E+002 -1.050102434602E+003  6.675986658597E+003 -1.569266862328E-004  2.591500582944E-001
  3.942428250463E-003  3.952781921092E-004  1.719681318616E+002 -1.047533465404E+003  6.659007053320E+003 -1.569109709299E-004  2.593528912023E-001
  4.347697443358E-003  4.152655385525E-004  1.715441451797E+002 -1.044838385891E+003  6.641195508858E+003 -1.568944004854E-004  2.595663866889E-001
  4.772970284417E-003  4.352857557265E-004  1.711004037820E+002 -1.042018030790E+003  6.622557774287E+003 -1.568769673553E-004  2.597905843338E-001
  5.218280447175E-003  4.553404501876E-004  1.706370385499E+002 -1.039073273110E+003  6.603099861552E+003 -1.568586635905E-004  2.600255257575E-001
  5.683663214611E-003  4.754312343099E-004  1.701541860755E+002 -1.036005023800E+003  6.582828042979E+003 -1.568394808264E-004  2.602712546369E-001
  6.169155485101E-003  4.955597265624E-004  1.696519886108E+002 -1.032814231389E+003  6.561748848693E+003 -1.568194102827E-004  2.605278167224E-001
  6.674795778653E-003  5.157275517886E-004  1.691305940146E+002 -1.029501881610E+003  6.539869063908E+003 -1.567984427513E-004  2.607952598552E-001
  7.200624243425E-003  5.359363414876E-004  1.685901556974E+002 -1.026068997012E+003  6.517195726123E+003 -1.567765685918E-004  2.610736339864E-001
  7.746682662519E-003  5.561877340970E-004  1.680308325641E+002 -1.022516636555E+003  6.493736122213E+003 -1.567537777280E-004  2.613629911956E-001
  8.313014461060E-003  5.764833752781E-004  1.674527889549E+002 -1.018845895193E+003  6.469497785401E+003 -1.567300596328E-004  2.616633857118E-001
  8.899664713569E-003  5.968249182030E-004  1.668561945836E+002 -1.015057903435E+003  6.444488492143E+003 -1.567054033270E-004  2.619748739342E-001
  9.506680151615E-003  6.172140238444E-004  1.662412244745E+002 -1.011153826905E+003  6.418716258897E+003 -1.566797973693E-004  2.622975144543E-001
  1.013410917176E-002  6.376523612666E-004  1.656080588962E+002 -1.007134865873E+003  6.392189338797E+003 -1.566532298479E-004  2.626313680786E-001
  1.078200184380E-002  6.581416079202E-004  1.649568832951E+002 -1.003002254782E+003  6.364916218222E+003 -1.566256883718E-004  2.629764978528E-001
  1.145040991929E-002  6.786834499385E-004  1.642878882250E+002 -9.987572617568E+002  6.336905613270E+003 -1.565971600600E-004  2.633329690863E-001
  1.213938684040E-002  6.992795824361E-004  1.636012692758E+002 -9.944011881008E+002  6.308166466130E+003 -1.565676315358E-004  2.637008493781E-001
  1.284898774901E-002  7.199317098113E-004  1.628972270004E+002 -9.899353677772E+002  6.278707941354E+003 -1.565370889127E-004  2.640802086433E-001
  1.357926949620E-002  7.406415460502E-004  1.621759668389E+002 -9.853611668786E+002  6.248539422045E+003 -1.565055177871E-004  2.644711191412E-001
  1.433029065191E-002  7.614108150341E-004  1.614376990415E+002 -9.806799830823E+002  6.217670505936E+003 -1.564729032243E-004  2.648736555034E-001
  1.510211151509E-002  7.822412508494E-004  1.606826385892E+002 -9.758932450931E+002  6.186111001388E+003 -1.564392297551E-004  2.652878947641E-001
  1.589479412397E-002  8.031345981016E-004  1.599110051130E+002 -9.710024120726E+002  6.153870923286E+003 -1.564044813524E-004  2.657139163907E-001
  1.670840226680E-002  8.240926122311E-004  1.591230228106E+002 -9.660089730567E+002  6.120960488858E+003 -1.563686414303E-004  2.661518023156E-001
  1.754300149280E-002  8.451170598329E-004  1.583189203621E+002 -9.609144463595E+002  6.087390113392E+003 -1.563316928234E-004  2.666016369690E-001
  1.839865912351E-002  8.662097189796E-004  1.574989308431E+002 -9.557203789658E+002  6.053170405875E+003 -1.562936177800E-004  2.670635073133E-001
  1.927544426443E-002  8.873723795480E-004  1.566632916370E+002 -9.504283459113E+002  6.018312164547E+003 -1.562543979485E-004  2.675375028781E-001
  2.017342781695E-002  9.086068435487E-004  1.558122443447E+002 -9.450399496506E+002  5.982826372363E+003 -1.562140143551E-004  2.680237157964E-001
  2.109268249069E-002  9.299149254598E-004  1.549460346930E+002 -9.395568194142E+002  5.946724192384E+003 -1.561724474015E-004  2.685222408425E-001
  2.203328281612E-002  9.512984525641E-004  1.540649124411E+002 -9.339806105535E+002  5.910016963084E+003 -1.561296768422E-004  2.690331754706E-001
  2.299530515754E-002  9.727592652906E-004  1.531691312862E+002 -9.283130038750E+002  5.872716193573E+003 -1.560856817706E-004  2.695566198544E-001
  2.397882772639E-002  9.942992175591E-004  1.522589487664E+002 -9.225557049637E+002  5.834833558755E+003 -1.560404406077E-004  2.700926769289E-001
  2.498393059493E-002  1.015920177130E-003  1.513346261626E+002 -9.167104434952E+002  5.796380894399E+003 -1.559939310758E-004  2.706414524327E-001
  2.601069571024E-002  1.037624025957E-003  1.503964283994E+002 -9.107789725384E+002  5.757370192150E+003 -1.559461301925E-004  2.712030549520E-001
  2.705920690860E-002  1.059412660547E-003  1.494446239431E+002 -9.047630678471E+002  5.717813594461E+003 -1.558970142468E-004  2.717775959654E-001
  2.812954993023E-002  1.081287992318E-003  1.484794846999E+002 -8.986645271423E+002  5.677723389458E+003 -1.558465587819E-004  2.723651898911E-001
  2.922181243436E-002  1.103251947969E-003  1.475012859110E+002 -8.924851693844E+002  5.637112005739E+003 -1.557947385779E-004  2.729659541343E-001
  3.033608401473E-002  1.125306469854E-003  1.465103060480E+002 -8.862268340371E+002  5.595992007114E+003 -1.557415276310E-004  2.735800091373E-001
  3.147245621542E-002  1.147453516351E-003  1.455068267054E+002 -8.798913803205E+002  5.554376087272E+003 -1.556868991311E-004  2.742074784300E-001
  3.263102254705E-002  1.169695062249E-003  1.444911324928E+002 -8.734806864574E+002  5.512277064400E+003 -1.556308254484E-004  2.748484886825E-001
  3.381187850339E-002  1.192033099133E-003  1.434635109252E+002 -8.669966489095E+002  5.469707875733E+003 -1.555732781047E-004  2.755031697593E-001
  3.501512157837E-002  1.214469635775E-003  1.424242523128E+002 -8.604411816067E+002  5.426681572060E+003 -1.555142277535E-004  2.761716547749E-001
  3.624085128345E-002  1.237006698530E-003  1.413736496486E+002 -8.538162151675E+002  5.383211312165E+003 -1.554536441600E-004  2.768540801507E-001
  3.748916916538E-002  1.259646331739E-003  1.403119984959E+002 -8.471236961126E+002  5.339310357229E+003 -1.553914961722E-004  2.775505856746E-001
  3.876017882444E-002  1.282390598136E-003  1.392395968735E+002 -8.403655860710E+002  5.294992065173E+003 -1.553277517012E-004  2.782613145614E-001
  4.005398593302E-002  1.305241579266E-003  1.381567451411E+002 -8.335438609789E+002  5.250269884963E+003 -1.552623776937E-004  2.789864135153E-001
  4.137069825459E-002  1.328201375897E-003  1.370637458829E+002 -8.266605102728E+002  5.205157350868E+003 -1.551953401068E-004  2.797260327939E-001
  4.271042566323E-002  1.351272108452E-003  1.359609037900E+002 -8.197175360755E+002  5.159668076677E+003 -1.551266038809E-004  2.804803262751E-001
  4.407328016341E-002  1.374455917436E-003  1.348485255426E+002 -8.127169523764E+002  5.113815749880E+003 -1.550561329103E-004  2.812494515244E-001
  4.545937591035E-002  1.397754963880E-003  1.337269196909E+002 -8.056607842072E+002  5.067614125809E+003 -1.549838900200E-004  2.820335698655E-001
  4.686882923075E-002  1.421171429779E-003  1.325963965349E+002 -7.985510668105E+002  5.021077021751E+003 -1.549098369285E-004  2.828328464519E-001
  4.830175864396E-002  1.444707518548E-003  1.314572680040E+002 -7.913898448057E+002  4.974218311028E+003 -1.548339342240E-004  2.836474503415E-001
  4.975828488365E-002  1.468365455478E-003  1.303098475353E+002 -7.841791713487E+002  4.927051917048E+003 -1.547561413316E-004  2.844775545728E-001
  5.123853091993E-002  1.492147488203E-003  1.291544499513E+002 -7.769211072882E+002  4.879591807333E+003 -1.546764164749E-004  2.853233362429E-001
  5.274262198188E-002  1.516055887169E-003  1.279913913377E+002 -7.696177203185E+002  4.831851987527E+003 -1.545947166527E-004  2.861849765890E-001
  5.427068558066E-002  1.540092946119E-003  1.268209889189E+002 -7.622710841283E+002  4.783846495378E+003 -1.545109975945E-004  2.870626610708E-001
  5.582285153302E-002  1.564260982573E-003  1.256435609350E+002 -7.548832775471E+002  4.735589394709E+003 -1.544252137328E-004  2.879565794563E-001
  5.739925198530E-002  1.588562338332E-003  1.244594265169E+002 -7.474563836885E+002  4.687094769378E+003 -1.543373181628E-004  2.888669259094E-001
  5.900002143803E-002  1.612999379973E-003  1.232689055610E+002 -7.399924890914E+002  4.638376717218E+003 -1.542472626032E-004  2.897938990806E-001
  6.062529677088E-002  1.637574499364E-003  1.220723186046E+002 -7.324936828599E+002  4.589449343977E+003 -1.541549973608E-004  2.907377021999E-001
  6.227521726827E-002  1.662290114181E-003  1.208699866996E+002 -7.249620558010E+002  4.540326757251E+003 -1.540604712858E-004  2.916985431723E-001
  6.394992464542E-002  1.687148668440E-003  1.196622312867E+002 -7.173996995618E+002  4.491023060418E+003 -1.539636317350E-004  2.926766346764E-001
  6.564956307496E-002  1.712152633027E-003  1.184493740695E+002 -7.098087057659E+002  4.441552346567E+003 -1.538644245248E-004  2.936721942657E-001
  6.737427921404E-002  1.737304506249E-003  1.172317368876E+002 -7.021911651499E+002  4.391928692437E+003 -1.537627938906E-004  2.946854444724E-001
  6.912422223211E-002  1.762606814387E-003  1.160096415907E+002 -6.945491666995E+002  4.342166152362E+003 -1.536586824386E-004  2.957166129149E-001
  7.089954383907E-002  1.788062112257E-003  1.147834099115E+002 -6.868847967868E+002  4.292278752228E+003 -1.535520310978E-004  2.967659324079E-001
  7.270039831418E-002  1.813672983787E-003  1.135533633394E+002 -6.792001383089E+002  4.242280483439E+003 -1.534427790767E-004  2.978336410757E-001
  7.452694253540E-002  1.839442042599E-003  1.123198229942E+002 -6.714972698272E+002  4.192185296908E+003 -1.533308638109E-004  2.989199824692E-001
  7.637933600943E-002  1.865371932600E-003  1.110831094994E+002 -6.637782647091E+002  4.142007097060E+003 -1.532162209053E-004  3.000252056855E-001
  7.825774090225E-002  1.891465328589E-003  1.098435428560E+002 -6.560451902724E+002  4.091759735867E+003 -1.530987840933E-004  3.011495654919E-001
  8.016232207035E-002  1.917724936867E-003  1.086014423169E+002 -6.483001069318E+002  4.041457006899E+003 -1.529784851700E-004  3.022933224526E-001
  8.209324709253E-002  1.944153495867E-003  1.073571262608E+002 -6.405450673494E+002  3.991112639415E+003 -1.528552539456E-004  3.034567430598E-001
  8.405068630235E-002  1.970753776782E-003  1.061109120671E+002 -6.327821155880E+002  3.940740292484E+003 -1.527290181808E-004  3.046400998682E-001
  8.603481282122E-002  1.997528584221E-003  1.048631159910E+002 -6.250132862699E+002  3.890353549138E+003 -1.525997035306E-004  3.058436716334E-001
  8.804580259214E-002  2.024480756857E-003  1.036140530391E+002 -6.172406037385E+002  3.839965910575E+003 -1.524672334799E-004  3.070677434549E-001
  9.008383441408E-002  2.051613168108E-003  1.023640368453E+002 -6.094660812269E+002  3.789590790391E+003 -1.523315292843E-004  3.083126069224E-001
  9.214908997710E-002  2.078928726810E-003  1.011133795480E+002 -6.016917200305E+002  3.739241508871E+003 -1.521925098981E-004  3.095785602669E-001
  9.424175389809E-002  2.106430377918E-003  9.986239166711E+001 -5.939195086859E+002  3.688931287326E+003 -1.520500919141E-004  3.108659085166E-001
  9.636201375725E-002  2.134121103210E-003  9.861138198216E+001 -5.861514221572E+002  3.638673242479E+003 -1.519041894876E-004  3.121749636566E-001
  9.851006013526E-002  2.162003922007E-003  9.736065741155E+001 -5.783894210277E+002  3.588480380913E+003 -1.517547142731E-004  3.135060447940E-001
  1.006860866512E-001  2.190081891910E-003  9.611052289214E+001 -5.706354506999E+002  3.538365593575E+003 -1.516015753430E-004  3.148594783273E-001
  1.028902900012E-001  2.218358109541E-003  9.486128125999E+001 -5.628914406030E+002  3.488341650345E+003 -1.514446791101E-004  3.162355981215E-001
  1.051228699979E-001  2.246835711311E-003  9.361323313209E+001 -5.551593034086E+002  3.438421194672E+003 -1.512839292644E-004  3.176347456878E-001
  1.073840296104E-001  2.275517874190E-003  9.236667678912E+001 -5.474409342553E+002  3.388616738277E+003 -1.511192266744E-004  3.190572703689E-001
  1.096739750056E-001  2.304407816497E-003  9.112190805931E+001 -5.397382099823E+002  3.338940655931E+003 -1.509504693158E-004  3.205035295301E-001
  1.119929155896E-001  2.333508798707E-003  8.987922020355E+001 -5.320529883726E+002  3.289405180312E+003 -1.507775521832E-004  3.219738887558E-001
  1.143410640503E-001  2.362824124271E-003  8.863890380163E+001 -5.243871074064E+002  3.240022396934E+003 -1.506003672025E-004  3.234687220522E-001
  1.167186364011E-001  2.392357140448E-003  8.740124663995E+001 -5.167423845250E+002  3.190804239169E+003 -1.504188031428E-004  3.249884120554E-001
  1.191258520249E-001  2.422111239159E-003  8.616653360042E+001 -5.091206159057E+002  3.141762483343E+003 -1.502327455199E-004  3.265333502472E-001
  1.215629337189E-001  2.452089857854E-003  8.493504655099E+001 -5.015235757479E+002  3.092908743937E+003 -1.500420765078E-004  3.281039371760E-001
  1.240301077413E-001  2.482296480400E-003  8.370706423753E+001 -4.939530155718E+002  3.044254468864E+003 -1.498466748312E-004  3.297005826854E-001
  1.265276038575E-001  2.512734637975E-003  8.248286217740E+001 -4.864106635283E+002  2.995810934853E+003 -1.496464156749E-004  3.313237061492E-001
  1.290556553882E-001  2.543407909995E-003  8.126271255452E+001 -4.788982237229E+002  2.947589242928E+003 -1.494411705767E-004  3.329737367144E-001
  1.316144992580E-001  2.574319925047E-003  8.004688411631E+001 -4.714173755517E+002  2.899600313991E+003 -1.492308073167E-004  3.346511135506E-001
  1.342043760450E-001  2.605474361847E-003  7.883564207220E+001 -4.639697730522E+002  2.851854884506E+003 -1.490151898135E-004  3.363562861080E-001
  1.368255300316E-001  2.636874950214E-003  7.762924799415E+001 -4.565570442670E+002  2.804363502293E+003 -1.487941780136E-004  3.380897143830E-001
  1.394782092560E-001  2.668525472060E-003  7.642795971886E+001 -4.491807906231E+002  2.757136522437E+003 -1.485676277714E-004  3.398518691922E-001
  1.421626655646E-001  2.700429762411E-003  7.523203125213E+001 -4.418425863252E+002  2.710184103306E+003 -1.483353907314E-004  3.416432324550E-001
  1.448791546661E-001  2.732591710434E-003  7.404171267505E+001 -4.345439777651E+002  2.663516202688E+003 -1.480973142140E-004  3.434642974849E-001
  1.476279361856E-001  2.765015260497E-003  7.285725005238E+001 -4.272864829464E+002  2.617142574044E+003 -1.478532410824E-004  3.453155692901E-001
  1.504092737207E-001  2.797704413242E-003  7.167888534299E+001 -4.200715909256E+002  2.571072762893E+003 -1.476030096215E-004  3.471975648832E-001
  1.532234348983E-001  2.830663226680E-003  7.050685631252E+001 -4.129007612696E+002  2.525316103312E+003 -1.473464534043E-004  3.491108136019E-001
  1.560706914324E-001  2.863895817319E-003  6.934139644829E+001 -4.057754235302E+002  2.479881714570E+003 -1.470834011576E-004  3.510558574382E-001
  1.589513191834E-001  2.897406361298E-003  6.818273487650E+001 -3.986969767361E+002  2.434778497890E+003 -1.468136766289E-004  3.530332513794E-001
  1.618655982178E-001  2.931199095559E-003  6.703109628177E+001 -3.916667889022E+002  2.390015133344E+003 -1.465370984409E-004  3.550435637596E-001
  1.648138128702E-001  2.965278319033E-003  6.588670082917E+001 -3.846861965576E+002  2.345600076886E+003 -1.462534799515E-004  3.570873766226E-001
  1.677962518056E-001  2.999648393860E-003  6.474976408861E+001 -3.777565042915E+002  2.301541557522E+003 -1.459626291044E-004  3.591652860963E-001
  1.708132080832E-001  3.034313746623E-003  6.362049696187E+001 -3.708789843181E+002  2.257847574615E+003 -1.456643482856E-004  3.612779027794E-001
  1.738649792215E-001  3.069278869616E-003  6.249910561213E+001 -3.640548760602E+002  2.214525895342E+003 -1.453584341565E-004  3.634258521410E-001
  1.769518672648E-001  3.104548322136E-003  6.138579139618E+001 -3.572853857533E+002  2.171584052290E+003 -1.450446775137E-004  3.656097749325E-001
  1.800741788507E-001  3.140126731803E-003  6.028075079922E+001 -3.505716860682E+002  2.129029341196E+003 -1.447228631148E-004  3.678303276141E-001
  1.832322252791E-001  3.176018795904E-003  5.918417537254E+001 -3.439149157544E+002  2.086868818841E+003 -1.443927695276E-004  3.700881827942E-001
  1.864263225826E-001  3.212229282769E-003  5.809625167382E+001 -3.373161793038E+002  2.045109301091E+003 -1.440541689518E-004  3.723840296841E-001
  1.896567915983E-001  3.248763033179E-003  5.701716121032E+001 -3.307765466346E+002  2.003757361094E+003 -1.437068270614E-004  3.747185745679E-001
  1.929239580409E-001  3.285624961791E-003  5.594708038497E+001 -3.242970527966E+002  1.962819327626E+003 -1.433505028249E-004  3.770925412871E-001
  1.962281525771E-001  3.322820058613E-003  5.488618044528E+001 -3.178786976975E+002  1.922301283596E+003 -1.429849483343E-004  3.795066717430E-001
  1.995697109023E-001  3.360353390492E-003  5.383462743529E+001 -3.115224458504E+002  1.882209064703E+003 -1.426099086249E-004  3.819617264144E-001
  2.029489738173E-001  3.398230102644E-003  5.279258215042E+001 -3.052292261432E+002  1.842548258261E+003 -1.422251214964E-004  3.844584848939E-001
  2.063662873085E-001  3.436455420218E-003  5.176020009545E+001 -2.989999316296E+002  1.803324202172E+003 -1.418303173331E-004  3.869977464421E-001
  2.098220026275E-001  3.475034649885E-003  5.073763144541E+001 -2.928354193421E+002  1.764541984067E+003 -1.414252189144E-004  3.895803305603E-001
  2.133164763746E-001  3.513973181471E-003  4.972502100975E+001 -2.867365101276E+002  1.726206440605E+003 -1.410095412329E-004  3.922070775834E-001
  2.168500705817E-001  3.553276489620E-003  4.872250819947E+001 -2.807039885050E+002  1.688322156935E+003 -1.405829913023E-004  3.948788492925E-001
  2.204231527988E-001  3.592950135496E-003  4.773022699750E+001 -2.747386025452E+002  1.650893466323E+003 -1.401452679703E-004  3.975965295496E-001
  2.240360961807E-001  3.632999768520E-003  4.674830593227E+001 -2.688410637743E+002  1.613924449940E+003 -1.396960617283E-004  4.003610249532E-001
  2.276892795770E-001  3.673431128145E-003  4.577686805438E+001 -2.630120470989E+002  1.577418936815E+003 -1.392350545174E-004  4.031732655177E-001
  2.313830876220E-001  3.714250045674E-003  4.481603091667E+001 -2.572521907549E+002  1.541380503950E+003 -1.387619195411E-004  4.060342053755E-001
  2.351179108282E-001  3.755462446115E-003  4.386590655739E+001 -2.515620962788E+002  1.505812476607E+003 -1.382763210728E-004  4.089448235052E-001
  2.388941456809E-001  3.797074350078E-003  4.292660148671E+001 -2.459423285020E+002  1.470717928749E+003 -1.377779142621E-004  4.119061244837E-001
  2.427121947345E-001  3.839091875711E-003  4.199821667653E+001 -2.403934155686E+002  1.436099683657E+003 -1.372663449553E-004  4.149191392665E-001
  2.465724667110E-001  3.881521240686E-003  4.108084755358E+001 -2.349158489757E+002  1.401960314696E+003 -1.367412494947E-004  4.179849259951E-001
  2.504753766009E-001  3.924368764227E-003  4.017458399576E+001 -2.295100836370E+002  1.368302146263E+003 -1.362022545496E-004  4.211045708329E-001
  2.544213457654E-001  3.967640869177E-003  3.927951033195E+001 -2.241765379698E+002  1.335127254885E+003 -1.356489769234E-004  4.242791888319E-001
  2.584108020414E-001  4.011344084122E-003  3.839570534498E+001 -2.189155940044E+002  1.302437470480E+003 -1.350810233876E-004  4.275099248297E-001
  2.624441798480E-001  4.055485045557E-003  3.752324227807E+001 -2.137275975166E+002  1.270234377791E+003 -1.344979905059E-004  4.307979543801E-001
  2.665219202956E-001  4.100070500102E-003  3.666218884451E+001 -2.086128581838E+002  1.238519317966E+003 -1.338994644745E-004  4.341444847165E-001
  2.706444712976E-001  4.145107306769E-003  3.581260724069E+001 -2.035716497627E+002  1.207293390308E+003 -1.332850209658E-004  4.375507557507E-001
  2.748122876832E-001  4.190602439283E-003  3.497455416247E+001 -1.986042102908E+002  1.176557454175E+003 -1.326542249776E-004  4.410180411092E-001
  2.790258313137E-001  4.236562988450E-003  3.414808082488E+001 -1.937107423095E+002  1.146312131048E+003 -1.320066307070E-004  4.445476492063E-001
  2.832855712010E-001  4.282996164587E-003  3.333323298506E+001 -1.888914131105E+002  1.116557806739E+003 -1.313417814173E-004  4.481409243578E-001
  2.875919836279E-001  4.329909300005E-003  3.253005096856E+001 -1.841463550031E+002  1.087294633766E+003 -1.306592093353E-004  4.517992479361E-001
  2.919455522717E-001  4.377309851548E-003  3.173856969888E+001 -1.794756656050E+002  1.058522533870E+003 -1.299584355558E-004  4.555240395677E-001
  2.963467683296E-001  4.425205403192E-003  3.095881873027E+001 -1.748794081536E+002  1.030241200684E+003 -1.292389699704E-004  4.593167583765E-001
  3.007961306479E-001  4.473603668706E-003  3.019082228377E+001 -1.703576118397E+002  1.002450102552E+003 -1.285003112059E-004  4.631789042730E-001
  3.052941458522E-001  4.522512494374E-003  2.943459928647E+001 -1.659102721616E+002  9.751484854842E+002 -1.277419466006E-004  4.671120192929E-001
  3.098413284823E-001  4.571939861783E-003  2.869016341389E+001 -1.615373513007E+002  9.483353762633E+002 -1.269633522016E-004  4.711176889862E-001
  3.144382011281E-001  4.621893890671E-003  2.795752313560E+001 -1.572387785179E+002  9.220095856829E+002 -1.261639927772E-004  4.751975438594E-001
  3.190852945695E-001  4.672382841850E-003  2.723668176389E+001 -1.530144505694E+002  8.961697119248E+002 -1.253433218861E-004  4.793532608724E-001
  3.237831479192E-001  4.723415120192E-003  2.652763750552E+001 -1.488642321435E+002  8.708141440679E+002 -1.245007819657E-004  4.835865649939E-001
  3.285323087679E-001  4.774999277691E-003  2.583038351654E+001 -1.447879563163E+002  8.459410657280E+002 -1.236358044651E-004  4.878992308155E-001
  3.333333333333E-001  4.827144016591E-003  2.514490796006E+001 -1.407854250267E+002  8.215484588225E+002 -1.227478100245E-004  4.922930842300E-001
  3.381867866117E-001  4.879858192602E-003  2.447119406701E+001 -1.368564095701E+002  7.976341074587E+002 -1.218362087053E-004  4.967700041733E-001
  3.430932425333E-001  4.933150818173E-003  2.380922019974E+001 -1.330006511106E+002  7.741956019404E+002 -1.209004002727E-004  5.013319244354E-001
  3.480532841203E-001  4.987031065868E-003  2.315895991857E+001 -1.292178612105E+002  7.512303428902E+002 -1.199397745348E-004  5.059808355421E-001
  3.530675036492E-001  5.041508271801E-003  2.252038205097E+001 -1.255077223782E+002  7.287355454824E+002 -1.189537117633E-004  5.107187867111E-001
  3.581365028158E-001  5.096591939172E-003  2.189345076362E+001 -1.218698886313E+002  7.067082437833E+002 -1.179415831761E-004  5.155478878844E-001
  3.632608929041E-001  5.152291741875E-003  2.127812563705E+001 -1.183039860777E+002  6.851452951944E+002 -1.169027515012E-004  5.204703118427E-001
  3.684412949588E-001  5.208617528209E-003  2.067436174293E+001 -1.148096135114E+002  6.640433849931E+002 -1.158365716431E-004  5.254882964026E-001
  3.736783399619E-001  5.265579324662E-003  2.008210972387E+001 -1.113863430241E+002  6.433990309685E+002 -1.147423914364E-004  5.306041467028E-001
  3.789726690123E-001  5.323187339805E-003  1.950131587571E+001 -1.080337206306E+002  6.232085881453E+002 -1.136195525165E-004  5.358202375811E-001
  3.843249335105E-001  5.381451968273E-003  1.893192223219E+001 -1.047512669094E+002  6.034682535928E+002 -1.124673913030E-004  5.411390160471E-001
  3.897357953460E-001  5.440383794842E-003  1.837386665195E+001 -1.015384776559E+002  5.841740713134E+002 -1.112852401292E-004  5.465630038552E-001
  3.952059270903E-001  5.499993598618E-003  1.782708290776E+001 -9.839482454828E+001  5.653219372053E+002 -1.100724285059E-004  5.520948001812E-001
  4.007360121927E-001  5.560292357317E-003  1.729150077796E+001 -9.531975582638E+001  5.469076040953E+002 -1.088282845469E-004  5.577370844079E-001
  4.063267451812E-001  5.621291251662E-003  1.676704613989E+001 -9.231269698107E+001  5.289266868356E+002 -1.075521365716E-004  5.634926190240E-001
  4.119788318683E-001  5.683001669888E-003  1.625364106543E+001 -8.937305145501E+001  5.113746674595E+002 -1.062433149047E-004  5.693642526416E-001
  4.176929895600E-001  5.745435212354E-003  1.575120391833E+001 -8.650020135334E+001  4.942469003915E+002 -1.049011538858E-004  5.753549231369E-001
  4.234699472710E-001  5.808603696282E-003  1.525964945348E+001 -8.369350816372E+001  4.775386177049E+002 -1.035249941022E-004  5.814676609202E-001
  4.293104459435E-001  5.872519160606E-003  1.477888891776E+001 -8.095231348514E+001  4.612449344227E+002 -1.021141848861E-004  5.877055923400E-001
  4.352152386716E-001  5.937193870949E-003  1.430883015270E+001 -7.827593976464E+001  4.453608538555E+002 -1.006680870989E-004  5.940719432282E-001
  4.411850909306E-001  6.002640324729E-003  1.384937769850E+001 -7.566369104124E+001  4.298812729714E+002 -9.918607619961E-005  6.005700425908E-001
  4.472207808110E-001  6.068871256391E-003  1.340043289961E+001 -7.311485369630E+001  4.148009877913E+002 -9.766754566926E-005  6.072033264519E-001
  4.533230992589E-001  6.135899642772E-003  1.296189401163E+001 -7.062869720970E+001  4.001146988048E+002 -9.611191079272E-005  6.139753418569E-001
  4.594928503202E-001  6.203738708611E-003  1.253365630936E+001 -6.820447492082E+001  3.858170164009E+002 -9.451861285033E-005  6.208897510419E-001
  4.657308513924E-001  6.272401932198E-003  1.211561219615E+001 -6.584142479379E+001  3.719024663068E+002 -9.288712374856E-005  6.279503357755E-001
  4.720379334802E-001  6.341903051163E-003  1.170765131410E+001 -6.353877018608E+001  3.583654950303E+002 -9.121695114197E-005  6.351610018819E-001
  4.784149414579E-001  6.412256068427E-003  1.130966065535E+001 -6.129572061977E+001  3.452004752992E+002 -8.950764406787E-005  6.425257839516E-001
  4.848627343381E-001  6.483475258298E-003  1.092152467406E+001 -5.911147255452E+001  3.324017114922E+002 -8.775879919425E-005  6.500488502473E-001
  4.913821855461E-001  6.555575172733E-003  1.054312539922E+001 -5.698521016175E+001  3.199634450554E+002 -8.597006768371E-005  6.577345078143E-001
  4.979741832006E-001  6.628570647764E-003  1.017434254794E+001 -5.491610609893E+001  3.078798598992E+002 -8.414116275538E-005  6.655872078024E-001
  5.046396304008E-001  6.702476810086E-003  9.815053639398E+000 -5.290332228343E+001  2.961450877686E+002 -8.227186804294E-005  6.736115510084E-001
  5.113794455212E-001  6.777309083830E-003  9.465134109012E+000 -5.094601066498E+001  2.847532135832E+002 -8.036204675116E-005  6.818122936473E-001
  5.181945625116E-001  6.853083197508E-003  9.124457423010E+000 -4.904331399612E+001  2.736982807391E+002 -7.841165177796E-005  6.901943533621E-001
  5.250859312060E-001  6.929815191146E-003  8.792895193120E+000 -4.719436659965E+001  2.629742963694E+002 -7.642073681599E-005  6.987628154801E-001
  5.320545176366E-001  7.007521423604E-003  8.470317291327E+000 -4.539829513251E+001  2.525752365553E+002 -7.438946858549E-005  7.075229395252E-001
  5.391013043575E-001  7.086218580100E-003  8.156591964592E+000 -4.365421934523E+001  2.424950514848E+002 -7.231814026880E-005  7.164801659955E-001
  5.462272907741E-001  7.165923679926E-003  7.851585949402E+000 -4.196125283614E+001  2.327276705522E+002 -7.020718629411E-005  7.256401234158E-001
  5.534334934816E-001  7.246654084380E-003  7.555164586058E+000 -4.031850379970E+001  2.232670073933E+002 -6.805719856494E-005  7.350086356730E-001
  5.607209466109E-001  7.328427504912E-003  7.267191932588E+000 -3.872507576811E+001  2.141069648522E+002 -6.586894432243E-005  7.445917296454E-001
  5.680907021827E-001  7.411262011483E-003  6.987530878173E+000 -3.718006834554E+001  2.052414398728E+002 -6.364338574062E-005  7.543956431329E-001
  5.755438304707E-001  7.495176041166E-003  6.716043255991E+000 -3.568257793420E+001  1.966643283127E+002 -6.138170148550E-005  7.644268330982E-001
  5.830814203728E-001  7.580188406970E-003  6.452589955359E+000 -3.423169845159E+001  1.883695296716E+002 -5.908531037933E-005  7.746919842267E-001
  5.907045797917E-001  7.666318306912E-003  6.197031033074E+000 -3.282652203823E+001  1.803509517330E+002 -5.675589740450E-005  7.851980178129E-001
  5.984144360243E-001  7.753585333338E-003  5.949225823858E+000 -3.146613975520E+001  1.726025151118E+002 -5.439544226513E-005  7.959521009808E-001
  6.062121361613E-001  7.842009482502E-003  5.709033049794E+000 -3.014964227077E+001  1.651181577052E+002 -5.200625076353E-005  8.069616562442E-001
  6.140988474955E-001  7.931611164409E-003  5.476310928657E+000 -2.887612053563E+001  1.578918390422E+002 -4.959098926253E-005  8.182343714120E-001
  6.220757579409E-001  8.022411212936E-003  5.250917281041E+000 -2.764466644589E+001  1.509175445280E+002 -4.715272253884E-005  8.297782098427E-001
  6.301440764614E-001  8.114430896230E-003  5.032709636193E+000 -2.645437349350E+001  1.441892895791E+002 -4.469495535790E-005  8.416014210508E-001
  6.383050335109E-001  8.207691927403E-003  4.821545336448E+000 -2.530433740323E+001  1.377011236457E+002 -4.222167815926E-005  8.537125516637E-001
  6.465598814833E-001  8.302216475524E-003  4.617281640185E+000 -2.419365675596E+001  1.314471341185E+002 -3.973741721174E-005  8.661204567294E-001
  6.549098951744E-001  8.398027176926E-003  4.419775823202E+000 -2.312143359747E+001  1.254214501158E+002 -3.724728972557E-005  8.788343113689E-001
  6.633563722545E-001  8.495147146827E-003  4.228885278436E+000 -2.208677403242E+001  1.196182461483E+002 -3.475706439649E-005  8.918636227648E-001
  6.719006337539E-001  8.593599991288E-003  4.044467613940E+000 -2.108878880295E+001  1.140317456595E+002 -3.227322789306E-005  9.052182424757E-001
  6.805440245593E-001  8.693409819506E-003  3.866380749027E+000 -2.012659385145E+001  1.086562244379E+002 -2.980305793218E-005  9.189083790588E-001
  6.892879139233E-001  8.794601256469E-003  3.694483008515E+000 -1.919931086706E+001  1.034860138996E+002 -2.735470349757E-005  9.329446109787E-001
  6.981336959871E-001  8.897199455961E-003  3.528633214993E+000 -1.830606781562E+001  9.851550423861E+001 -2.493727304146E-005  9.473378997754E-001
  7.070827903152E-001  9.001230113956E-003  3.368690779030E+000 -1.744599945247E+001  9.373914744404E+001 -2.256093130183E-005  9.620996034548E-001
  7.161366424455E-001  9.106719482390E-003  3.214515787272E+000 -1.661824781796E+001  8.915146018065E+001 -2.023700569364E-005  9.772414900592E-001
  7.252967244510E-001  9.213694383338E-003  3.065969088343E+000 -1.582196271531E+001  8.474702653331E+001 -1.797810318473E-005  9.927757513628E-001
  7.345645355186E-001  9.322182223606E-003  2.922912376505E+000 -1.505630217040E+001  8.052050061303E+001 -1.579823862256E-005  1.008715016629E+000
  7.439416025400E-001  9.432211009745E-003  2.785208273011E+000 -1.432043287348E+001  7.646660902402E+001 -1.371297571477E-005  1.025072366348E+000
  7.534294807203E-001  9.543809363512E-003  2.652720405090E+000 -1.361353060230E+001  7.258015319100E+001 -1.173958181561E-005  1.041861345867E+000
  7.630297542000E-001  9.657006537783E-003  2.525313482528E+000 -1.293478062673E+001  6.885601154640E+001 -9.897197860480E-006  1.059095978799E+000
  7.727440366954E-001  9.771832432940E-003  2.402853371778E+000 -1.228337809450E+001  6.528914157713E+001 -8.207024924208E-006  1.076790780072E+000
  7.825739721536E-001  9.888317613741E-003  2.285207167579E+000 -1.165852839805E+001  6.187458173106E+001 -6.692528917983E-006  1.094960768487E+000
  7.925212354258E-001  1.000649332670E-002  2.172243262016E+000 -1.105944752234E+001  5.860745318343E+001 -5.379665148428E-006  1.113621478577E+000
  8.025875329584E-001  1.012639151798E-002  2.063831411008E+000 -1.048536237357E+001  5.548296146365E+001 -4.297124595678E-006  1.132788971576E+000
  8.127746035011E-001  1.024804485184E-002  1.959842798183E+000 -9.935511088785E+000  5.249639794339E+001 -3.476603800680E-006  1.152479845251E+000
  8.230842188350E-001  1.037148672960E-002  1.860150096104E+000 -9.409143326286E+000  4.964314118671E+001 -2.953100560797E-006  1.172711242304E+000
  8.335181845190E-001  1.049675130923E-002  1.764627524843E+000 -8.905520536980E+000  4.691865816361E+001 -2.765237632264E-006  1.193500857032E+000
  8.440783406568E-001  1.062387352550E-002  1.673150907847E+000 -8.423916216631E+000  4.431850532836E+001 -2.955616846503E-006  1.214866939844E+000
  8.547665626839E-001  1.075288911077E-002  1.585597725124E+000 -7.963616139141E+000  4.183832956416E+001 -3.571206118060E-006  1.236828299228E+000
  8.655847621758E-001  1.088383461638E-002  1.501847163689E+000 -7.523918570959E+000  3.947386899611E+001 -4.663762023945E-006  1.259404300643E+000
  8.765348876780E-001  1.101674743475E-002  1.421780165305E+000 -7.104134466748E+000  3.722095367445E+001 -6.290290668751E-006  1.282614861771E+000
  8.876189255584E-001  1.115166582209E-002  1.345279471473E+000 -6.703587646505E+000  3.507550613035E+001 -8.513549544878E-006  1.306480443488E+000
  8.988389008829E-001  1.128862892191E-002  1.272229665701E+000 -6.321614954297E+000  3.303354180664E+001 -1.140259325007E-005  1.331022035781E+000
  9.101968783143E-001  1.142767678917E-002  1.202517213038E+000 -5.957566398859E+000  3.109116936614E+001 -1.503336577350E-005  1.356261137786E+000
  9.216949630368E-001  1.156885041525E-002  1.136030496877E+000 -5.610805276281E+000  2.924459088040E+001 -1.948934195977E-005  1.382219730982E+000
  9.333353017046E-001  1.171219175365E-002  1.072659853047E+000 -5.280708275074E+000  2.749010190167E+001 -2.486222055049E-005  1.408920244438E+000
  9.451200834176E-001  1.185774374655E-002  1.012297601195E+000 -4.966665563886E+000  2.582409142140E+001 -3.125267081943E-005  1.436385510913E+000
  9.570515407237E-001  1.200555035216E-002  9.548380734803E-001 -4.668080862203E+000  2.424304171835E+001 -3.877113427685E-005  1.464638712417E+000
  9.691319506484E-001  1.215565657299E-002  9.001776405963E-001 -4.384371494371E+000  2.274352809985E+001 -4.753868225324E-005  1.493703313707E+000
  9.813636357544E-001  1.230810848498E-002  8.482147351475E-001 -4.114968427275E+000  2.132221853951E+001 -5.768792908928E-005  1.523602982012E+000
  9.937489652293E-001  1.246295326757E-002  7.988498723997E-001 -3.859316292087E+000  1.997587321530E+001 -6.936399940453E-005  1.554361491079E+000
  1.006290356005E+000  1.262023923477E-002  7.519856684362E-001 -3.616873390442E+000  1.870134395143E+001 -8.272554624645E-005  1.586002607478E+000
  1.018990273907E+000  1.278001586715E-002  7.075268557505E-001 -3.387111685471E+000  1.749557356802E+001 -9.794581470901E-005  1.618549956876E+000
  1.031851234841E+000  1.294233384499E-002  6.653802963074E-001 -3.169516778121E+000  1.635559514249E+001 -1.152137430431E-004  1.652026867801E+000
  1.044875806003E+000  1.310724508236E-002  6.254549921114E-001 -2.963587869178E+000  1.527853118649E+001 -1.347350897968E-004  1.686456190264E+000
  1.058066607138E+000  1.327480276248E-002  5.876620933189E-001 -2.768837707471E+000  1.426159274252E+001 -1.567335715356E-004  1.721860086381E+000
  1.071426311823E+000  1.344506137405E-002  5.519149039374E-001 -2.584792524699E+000  1.330207840425E+001 -1.814519908684E-004  1.758259790064E+000
  1.084957648792E+000  1.361807674895E-002  5.181288851540E-001 -2.410991957367E+000  1.239737326471E+001 -2.091533283312E-004  1.795675332701E+000
  1.098663403298E+000  1.379390610110E-002  4.862216563397E-001 -2.246988956299E+000  1.154494779642E+001 -2.401217650806E-004  1.834125231763E+000
  1.112546418516E+000  1.397260806657E-002  4.561129937765E-001 -2.092349684223E+000  1.074235666755E+001 -2.746635949968E-004  1.873626139324E+000
  1.126609596985E+000  1.415424274514E-002  4.277248271586E-001 -1.946653401925E+000  9.987237498474E+000 -3.131079756057E-004  1.914192447663E+000
  1.140855902095E+000  1.433887174317E-002  4.009812339165E-001 -1.809492343452E+000  9.277309562509E+000 -3.558074568547E-004  1.955835849467E+000
  1.155288359613E+000  1.452655821788E-002  3.758084314206E-001 -1.680471580885E+000  8.610372435258E+000 -4.031382150064E-004  1.998564850705E+000
  1.169910059257E+000  1.471736692327E-002  3.521347671160E-001 -1.559208879172E+000  7.984304596434E+000 -4.554999066385E-004  2.042384235023E+000
  1.184724156317E+000  1.491136425740E-002  3.298907066467E-001 -1.445334541520E+000  7.397061988275E+000 -5.133150446279E-004  2.087294479597E+000
  1.199733873325E+000  1.510861831145E-002  3.090088200272E-001 -1.338491245861E+000  6.846676534510E+000 -5.770277849784E-004  2.133291123824E+000
  1.214942501771E+000  1.530919892035E-002  2.894237659185E-001 -1.238333872882E+000  6.331254623779E+000 -6.471020011406E-004  2.180364094087E+000
  1.230353403874E+000  1.551317771520E-002  2.710722740710E-001 -1.144529326116E+000  5.848975561372E+000 -7.240185121369E-004  2.228496990134E+000
  1.245970014403E+000  1.572062817747E-002  2.538931259941E-001 -1.056756344598E+000  5.398089993022E+000 -8.082713236637E-004  2.277666341407E+000
  1.261795842559E+000  1.593162569510E-002  2.378271339168E-001 -9.747053085578E-001  4.976918304447E+000 -9.003627396752E-004  2.327840845013E+000
  1.277834473907E+000  1.614624762054E-002  2.228171180997E-001 -8.980780386517E-001  4.583849000203E+000 -1.000797207004E-003  2.378980600841E+000
  1.294089572372E+000  1.636457333079E-002  2.088078825665E-001 -8.265875891936E-001  4.217337065341E+000 -1.110073770945E-003  2.431036363654E+000
  1.310564882294E+000  1.658668428962E-002  1.957461893171E-001 -7.599580358655E-001  3.875902313207E+000 -1.228677047262E-003  2.483948836623E+000
  1.327264230548E+000  1.681266411190E-002  1.835807310900E-001 -6.979242583640E-001  3.558127722669E+000 -1.357066658795E-003  2.537648035604E+000
  1.344191528724E+000  1.704259863026E-002  1.722621027410E-001 -6.402317184380E-001  3.262657767880E+000 -1.495665145091E-003  2.592052758198E+000
  1.361350775387E+000  1.727657596408E-002  1.617427713040E-001 -5.866362337616E-001  2.988196743594E+000 -1.644844432967E-003  2.647070195912E+000
  1.378746058390E+000  1.751468659100E-002  1.519770448043E-001 -5.369037480768E-001  2.733507088920E+000 -1.804911054760E-003  2.702595731128E+000
  1.396381557275E+000  1.775702342093E-002  1.429210398918E-001 -4.908100980323E-001  2.497407712265E+000 -1.976090417916E-003  2.758512962488E+000
  1.414261545744E+000  1.800368187279E-002  1.345326483645E-001 -4.481407771329E-001  2.278772320086E+000 -2.158510560297E-003  2.814694002224E+000
  1.432390394201E+000  1.825475995395E-002  1.267715026508E-001 -4.086906972056E-001  2.076527751931E+000 -2.352185962982E-003  2.871000086121E+000
  1.450772572390E+000  1.851035834267E-002  1.195989403240E-001 -3.722639477769E-001  1.889652324148E+000 -2.557002126057E-003  2.927282530808E+000
  1.469412652102E+000  1.877058047342E-002  1.129779677175E-001 -3.386735537469E-001  1.717174184445E+000 -2.772701728925E-003  2.983384063402E+000
  1.488315309978E+000  1.903553262542E-002  1.068732227140E-001 -3.077412317342E-001  1.558169679420E+000 -2.998873279075E-003  3.039140535022E+000
  1.507485330398E+000  1.930532401444E-002  1.012509367800E-001 -2.792971454562E-001  1.411761737000E+000 -3.234943184605E-003  3.094383012541E+000
  1.526927608467E+000  1.958006688797E-002  9.607889631952E-002 -2.531796604995E-001  1.277118265615E+000 -3.480172149820E-003  3.148940222772E+000
  1.546647153093E+000  1.985987662391E-002  9.132640341861E-002 -2.292350988251E-001  1.153450571816E+000 -3.733656677900E-003  3.202641301070E+000
  1.566649090169E+000  2.014487183303E-002  8.696423605530E-002 -2.073174933424E-001  1.040011797890E+000 -3.994336263743E-003  3.255318773803E+000
  1.586938665861E+000  2.043517446518E-002  8.296460784842E-002 -1.872883428794E-001  9.360953809517E-001 -4.261006578292E-003  3.306811683021E+000
  1.607521250000E+000  2.073090991960E-002  7.930112741940E-002 -1.690163678639E-001  8.410335348240E-001 -4.532338596925E-003  3.356968744209E+000
  1.628402339588E+000  2.103220715932E-002  7.594875744156E-002 -1.523772670257E-001  7.541957559517E-001 -4.806903235442E-003  3.405651416279E+000
  1.649587562420E+000  2.133919883002E-002  7.288377345128E-002 -1.372534754165E-001  6.749873544537E-001 -5.083200662862E-003  3.452736758598E+000
  1.671082680832E+000  2.165202138333E-002  7.008372249584E-002 -1.235339240416E-001  6.028480113359E-001 -5.359693100920E-003  3.498119954117E+000
  1.692893595565E+000  2.197081520497E-002  6.752738169225E-002 -1.111138013850E-001  5.372503627827E-001 -5.634839636789E-003  3.541716390717E+000
  1.715026349769E+000  2.229572474776E-002  6.519471677170E-002 -9.989431710465E-002  4.776986123550E-001 -5.907131400816E-003  3.583463214073E+000
  1.737487133138E+000  2.262689866987E-002  6.306684068361E-002 -8.978246816647E-002  4.237271718380E-001 -6.175125418981E-003  3.623320293047E+000
  1.760282286187E+000  2.296448997842E-002  6.112597233308E-002 -8.069080767807E-002  3.748993314022E-001 -6.437475544251E-003  3.661270570440E+000
  1.783418304674E+000  2.330865617868E-002  5.935539552486E-002 -7.253721667748E-002  3.308059596663E-001 -6.692959093454E-003  3.697319805055E+000
  1.806901844175E+000  2.365955942924E-002  5.773941818608E-002 -6.524467912417E-002  2.910642341819E-001 -6.940498139442E-003  3.731495742539E+000
  1.830739724818E+000  2.401736670327E-002  5.626333193922E-002 -5.874106033331E-002  2.553164027987E-001 -7.179174795903E-003  3.763846779745E+000
  1.854938936184E+000  2.438224995616E-002  5.491337209543E-002 -5.295888908730E-002  2.232285763064E-001 -7.408240242147E-003  3.794440208438E+000
  1.879506642368E+000  2.475438629994E-002  5.367667813696E-002 -4.783514365175E-002  1.944895527022E-001 -7.627117626459E-003  3.823360137768E+000
  1.904450187236E+000  2.513395818467E-002  5.254125475575E-002 -4.331104191555E-002  1.688096733778E-001 -7.835399325502E-003  3.850705200888E+000
  1.929777099847E+000  2.552115358717E-002  5.149593351326E-002 -3.933183586773E-002  1.459197114791E-001 -8.032839299079E-003  3.876586149677E+000
  1.955495100083E+000  2.591616620741E-002  5.053033518449E-002 -3.584661061559E-002  1.255697926499E-001 -8.219341453052E-003  3.901123434038E+000
  1.981612104475E+000  2.631919567292E-002  4.963483284648E-002 -3.280808814038E-002  1.075283483311E-001 -8.394945006795E-003  3.924444850062E+000
  2.008136232230E+000  2.673044775156E-002  4.880051576870E-002 -3.017243597826E-002  9.158110175446E-002 -8.559807864578E-003  3.946683326178E+000
  2.035075811486E+000  2.715013457311E-002  4.801915415995E-002 -2.789908100443E-002  7.753008673385E-002 -8.714188927295E-003  3.967974899930E+000
  2.062439385788E+000  2.757847486001E-002  4.728316482234E-002 -2.595052848855E-002  6.519269932806E-002 -8.858430170108E-003  3.988456921533E+000
  2.090235720801E+000  2.801569416771E-002  4.658557775969E-002 -2.429218657843E-002  5.440078241660E-002 -8.992939172147E-003  4.008266505066E+000
  2.118473811262E+000  2.846202513514E-002  4.592000378324E-002 -2.289219635733E-002  4.499974320081E-002 -9.118172632376E-003  4.027539234813E+000
  2.147162888201E+000  2.891770774564E-002  4.528060315325E-002 -2.172126760756E-002  3.684770361258E-002 -9.234621255972E-003  4.046408123185E+000
  2.176312426413E+000  2.938298959899E-002  4.466205529030E-002 -2.075252039961E-002  2.981468358182E-002 -9.342796257105E-003  4.065002808194E+000
  2.205932152222E+000  2.985812619504E-002  4.405952958520E-002 -1.996133261124E-002  2.378181708267E-002 -9.443217604429E-003  4.083448972319E+000
  2.236032051522E+000  3.034338122938E-002  4.346865733104E-002 -1.932519346600E-002  1.864060084517E-002 -9.536404037191E-003  4.101867960701E+000
  2.266622378129E+000  3.083902690182E-002  4.288550479530E-002 -1.882356316363E-002  1.429217558420E-002 -9.622864803911E-003  4.120376574616E+000
  2.297713662445E+000  3.134534423818E-002  4.230654744443E-002 -1.843773865785E-002  1.064663956070E-002 -9.703093020565E-003  4.139087015603E+000
  2.329316720450E+000  3.186262342603E-002  4.172864532721E-002 -1.815072561855E-002  7.622394250631E-003 -9.777560508789E-003  4.158106956320E+000
  2.361442663038E+000  3.239116416519E-002  4.114901961709E-002 -1.794711659639E-002  5.145521855447E-003 -9.846713953851E-003  4.177539715631E+000
  2.394102905709E+000  3.293127603351E-002  4.056523030784E-002 -1.781297538771E-002  3.149194343054E-003 -9.910972213791E-003  4.197484517423E+000
  2.427309178642E+000  3.348327886897E-002  3.997515505015E-002 -1.773572757736E-002  1.573113661243E-003 -9.970724612141E-003  4.218036814991E+000
  2.461073537146E+000  3.404750316862E-002  3.937696911117E-002 -1.770405721576E-002  3.629827156096E-004 -1.002633005445E-002  4.239288665198E+000
  2.495408372530E+000  3.462429050548E-002  3.876912643236E-002 -1.770780956501E-002 -5.299933482615E-004 -1.007811682087E-002  4.261329139055E+000
  2.530326423398E+000  3.521399396401E-002  3.815034175535E-002 -1.773789982707E-002 -1.149576073174E-003 -1.012638290190E-002  4.284244757628E+000
  2.565840787378E+000  3.581697859546E-002  3.751957377950E-002 -1.778622774517E-002 -1.534933400465E-003 -1.017139675996E-002  4.308119944310E+000
  2.601964933334E+000  3.643362189376E-002  3.687600930945E-002 -1.784559794790E-002 -1.721050791232E-003 -1.021339841568E-002  4.333037486372E+000
  2.638712714049E+000  3.706431429322E-002  3.621904834551E-002 -1.790964588371E-002 -1.739114446962E-003 -1.025260077266E-002  4.359079000403E+000
  2.676098379430E+000  3.770945968912E-002  3.554829006530E-002 -1.797276917300E-002 -1.616867377616E-003 -1.028919110901E-002  4.386325397714E+000
  2.714136590232E+000  3.836947598236E-002  3.486351964019E-002 -1.803006418437E-002 -1.378939124727E-003 -1.032333267636E-002  4.414857347001E+000
  2.752842432351E+000  3.904479564947E-002  3.416469582693E-002 -1.807726762279E-002 -1.047150006029E-003 -1.035516635870E-002  4.444755732656E+000
  2.792231431696E+000  3.973586633921E-002  3.345193927109E-002 -1.811070289910E-002 -6.407908056542E-004 -1.038481235286E-002  4.476102107957E+000
  2.832319569669E+000  4.044315149734E-002  3.272552145688E-002 -1.812723103404E-002 -1.768788892690E-004 -1.041237184102E-002  4.508979143147E+000
  2.873123299289E+000  4.116713102086E-002  3.198585423585E-002 -1.812420583507E-002  3.296082238908E-004 -1.043792863274E-002  4.543471068985E+000
  2.914659561979E+000  4.190830194354E-002  3.123347986630E-002 -1.809943307145E-002  8.655207513116E-004 -1.046155075948E-002  4.579664116872E+000
  2.956945805065E+000  4.266717915414E-002  3.046906149486E-002 -1.805113336217E-002  1.419344874590E-003 -1.048329200994E-002  4.617646957061E+000
  3.000000000000E+000  4.344429614932E-002  2.969337401263E-002 -1.797790848345E-002  1.981030139442E-003 -1.050319339778E-002  4.657511136823E+000
  3.043840661365E+000  4.424020582308E-002  2.890729521983E-002 -1.787871079617E-002  2.541834830572E-003 -1.052128455693E-002  4.699351520703E+000
  3.088486866678E+000  4.505548129460E-002  2.811179723563E-002 -1.775281549121E-002  3.094188097009E-003 -1.053758506178E-002  4.743266735289E+000
  3.133958277047E+000  4.589071677685E-002  2.730793809307E-002 -1.759979534998E-002  3.631567584196E-003 -1.055210567157E-002  4.789359621115E+000
  3.180275158719E+000  4.674652848797E-002  2.649685346381E-002 -1.741949772079E-002  4.148391317762E-003 -1.056484949960E-002  4.837737694556E+000
  3.227458405560E+000  4.762355560797E-002  2.567974846235E-002 -1.721202341710E-002  4.639922581010E-003 -1.057581310912E-002  4.888513622746E+000
  3.275529562509E+000  4.852246128332E-002  2.485788948571E-002 -1.697770725306E-002  5.102186534156E-003 -1.058498753828E-002  4.941805714791E+000
  3.324510850077E+000  4.944393368200E-002  2.403259605137E-002 -1.671709994355E-002  5.531897338637E-003 -1.059235925714E-002  4.997738432739E+000
  3.374425189910E+000  5.038868710203E-002  2.320523260399E-002 -1.643095111098E-002  5.926394574567E-003 -1.059791106008E-002  5.056442926011E+000
  3.425296231502E+000  5.135746313639E-002  2.237720026939E-002 -1.612019315909E-002  6.283587773732E-003 -1.060162289686E-002  5.118057593262E+000
  3.477148380094E+000  5.235103189784E-002  2.154992854322E-002 -1.578592579438E-002  6.601907934395E-003 -1.060347264604E-002  5.182728675917E+000
  3.530006825834E+000  5.337019330676E-002  2.072486691053E-002 -1.542940099891E-002  6.880264937361E-003 -1.060343683371E-002  5.250610887959E+000
  3.583897574256E+000  5.441577844603E-002  1.990347640168E-002 -1.505200828348E-002  7.118009844904E-003 -1.060149130119E-002  5.321868086921E+000
  3.638847478148E+000  5.548865098670E-002  1.908722109954E-002 -1.465526007697E-002  7.314901134698E-003 -1.059761182413E-002  5.396673991440E+000
  3.694884270887E+000  5.658970868864E-002  1.827755962155E-002 -1.424077713615E-002  7.471073999194E-003 -1.059177468617E-002  5.475212951243E+000
  3.752036601308E+000  5.771988498079E-002  1.747593660966E-002 -1.381027388977E-002  7.587011925906E-003 -1.058395720911E-002  5.557680775963E+000
  3.810334070199E+000  5.888015062562E-002  1.668377426869E-002 -1.336554366021E-002  7.663519864902E-003 -1.057413824186E-002  5.644285629830E+000
  3.869807268505E+000  6.007151547295E-002  1.590246400201E-002 -1.290844373627E-002  7.701698385064E-003 -1.056229860955E-002  5.735249000001E+000
  3.930487817331E+000  6.129503030858E-002  1.513335819974E-002 -1.244088029933E-002  7.702918319077E-003 -1.054842152412E-002  5.830806747143E+000
  3.992408409843E+000  6.255178880352E-002  1.437776224037E-002 -1.196479323343E-002  7.668795497071E-003 -1.053249295704E-002  5.931210247801E+000
  4.055602855172E+000  6.384292957002E-002  1.363692677156E-002 -1.148214087620E-002  7.601165268749E-003 -1.051450197448E-002  6.036727639204E+000
  4.120106124432E+000  6.516963833101E-002  1.291204033853E-002 -1.099488479097E-002  7.502056611964E-003 -1.049444103455E-002  6.147645178392E+000
  4.185954398964E+000  6.653315021009E-002  1.220422243061E-002 -1.050497466221E-002  7.373665720342E-003 -1.047230624614E-002  6.264268728973E+000
  4.253185120935E+000  6.793475214960E-002  1.151451701634E-002 -1.001433343379E-002  7.218329051903E-003 -1.044809758784E-002  6.386925390458E+000
  4.321837046422E+000  6.937578546490E-002  1.084388663618E-002 -9.524842823784E-003  7.038495903057E-003 -1.042181908529E-002  6.515965286989E+000
  4.391950301120E+000  7.085764854355E-002  1.019320711874E-002 -9.038329359525E-003  6.836700646262E-003 -1.039347894467E-002  6.651763534416E+000
  4.463566438835E+000  7.238179969882E-002  9.563262981635E-003 -8.556551082364E-003  6.615534833544E-003 -1.036308963932E-002  6.794722407139E+000
  4.536728502895E+000  7.394976018725E-002  8.954743571894E-003 -8.081185072594E-003  6.377619420868E-003 -1.033066794634E-002  6.945273728948E+000
  4.611481090679E+000  7.556311740127E-002  8.368239992946E-003 -7.613815941762E-003  6.125577408970E-003 -1.029623492901E-002  7.103881515323E+000
  4.687870421430E+000  7.722352824817E-002  7.804242856155E-003 -7.155925431695E-003  5.862007224065E-003 -1.025981586088E-002  7.271044898379E+000
  4.765944407533E+000  7.893272272784E-002  7.263140884638E-003 -6.708883247527E-003  5.589457176533E-003 -1.022144008652E-002  7.447301369921E+000
  4.845752729492E+000  8.069250772248E-002  6.745220385880E-003 -6.273939235974E-003  5.310401337236E-003 -1.018114081394E-002  7.633230382969E+000
  4.927346914797E+000  8.250477101257E-002  6.250665597810E-003 -5.852217000622E-003  5.027217159931E-003 -1.013895483290E-002  7.829457357821E+000
  5.010780420931E+000  8.437148553436E-002  5.779559900684E-003 -5.444709023530E-003  4.742165155119E-003 -1.009492215367E-002  8.036658145233E+000
  5.096108722763E+000  8.629471389541E-002  5.331887874736E-003 -5.052273337705E-003  4.457370886672E-003 -1.004908556005E-002  8.255564006873E+000
  5.183389404586E+000  8.827661316581E-002  4.907538171287E-003 -4.675631768670E-003  4.174809519178E-003 -1.000149007103E-002  8.486967181955E+000
  5.272682257105E+000  9.031943996425E-002  4.506307153253E-003 -4.315369736170E-003  3.896293092860E-003 -9.952182305293E-003  8.731727119103E+000
  5.364049379651E+000  9.242555585946E-002  4.127903249960E-003 -3.971937579870E-003  3.623460646101E-003 -9.901209742952E-003  8.990777464257E+000
  5.457555287978E+000  9.459743310926E-002  3.771951961235E-003 -3.645653346451E-003  3.357771245129E-003 -9.848619879749E-003  9.265133909155E+000
  5.553267027968E+000  9.683766076100E-002  3.438001437012E-003 -3.336706950630E-003  3.100499918465E-003 -9.794459269119E-003  9.555903020853E+000
  5.651254295630E+000  9.914895113938E-002  3.125528551541E-003 -3.045165599907E-003  2.852736432525E-003 -9.738772448525E-003  9.864292191410E+000
  5.751589563796E+000  1.015341467494E-001  2.833945385687E-003 -2.770980353094E-003  2.615386786280E-003 -9.681600747322E-003  1.019162086867E+001
  5.854348215936E+000  1.039962276248E-001  2.562606027084E-003 -2.513993666225E-003  2.389177249161E-003 -9.622980974397E-003  1.053933325464E+001
  5.959608687557E+000  1.065383191537E-001  2.310813595959E-003 -2.273947766883E-003  2.174660719050E-003 -9.562943985021E-003  1.090901268804E+001
  6.067452615683E+000  1.091637004188E-001  2.077827404341E-003 -2.050493689406E-003  1.972225137605E-003 -9.501513127468E-003  1.130239796303E+001
  6.177964996951E+000  1.118758130872E-001  1.862870158112E-003 -1.843200799156E-003  1.782103669423E-003 -9.438702571171E-003  1.172140187814E+001
  6.291234354880E+000  1.146782708938E-001  1.665135114772E-003 -1.651566633849E-003  1.604386330254E-003 -9.374515519227E-003  1.216813235865E+001
  6.407352916949E+000  1.175748697626E-001  1.483793114742E-003 -1.475026893865E-003  1.439032737915E-003 -9.308942309024E-003  1.264491655512E+001
  6.526416802128E+000  1.205695986129E-001  1.317999410421E-003 -1.312965421076E-003  1.285885657639E-003 -9.241958405388E-003  1.315432839047E+001
  6.648526219580E+000  1.236666509049E-001  1.166900224660E-003 -1.164724016694E-003  1.144685020807E-003 -9.173522290941E-003  1.369922011221E+001
  6.773785679311E+000  1.268704369821E-001  1.029638978725E-003 -1.029611962454E-003  1.015082111545E-003 -9.103573258134E-003  1.428275850651E+001
  6.902304215570E+000  1.301855972713E-001  9.053621388204E-004 -9.069151255274E-004  8.966536384945E-004 -9.032029106562E-003  1.490846655181E+001
  7.034195623922E+000  1.336170164087E-001  7.932246396343E-004 -7.959045452626E-004  7.889154378698E-004 -8.958783747546E-003  1.558027143483E+001
  7.169578712934E+000  1.371698383673E-001  6.923948528073E-004 -6.958444186079E-004  6.913355872147E-004 -8.883704715412E-003  1.630256002779E+001
  7.308577571516E+000  1.408494826628E-001  6.020590775505E-004 -6.059994201843E-004  6.033467457369E-004 -8.806630581287E-003  1.708024313890E+001
  7.451321853057E+000  1.446616617293E-001  5.214255395407E-004 -5.256413118709E-004  5.243575750386E-004 -8.727368260394E-003  1.791883010750E+001
  7.597947077547E+000  1.486123995567E-001  4.497278925541E-004 -4.540548149109E-004  4.537631322114E-004 -8.645690197594E-003  1.882451563219E+001
  7.748594953021E+000  1.527080516973E-001  3.862282248755E-004 -3.905427344460E-004  3.909541642393E-004 -8.561331408143E-003  1.980428110815E+001
  7.903413717736E+000  1.569553267535E-001  3.302195792309E-004 -3.344303416601E-004  3.353252673474E-004 -8.473986341086E-003  2.086601322696E+001
  8.062558504629E+000  1.613613094717E-001  2.810280007511E-004 -2.850690320720E-004  2.862819064207E-004 -8.383305521224E-003  2.201864318099E+001
  8.226191729726E+000  1.659334855793E-001  2.380141322506E-004 -2.418392897582E-004  2.432463171837E-004 -8.288891911832E-003  2.327231054318E+001
  8.394483506327E+000  1.706797685137E-001  2.005743799102E-004 -2.041529963198E-004  2.056623370099E-004 -8.190296924028E-003  2.463855679995E+001
  8.567612086926E+000  1.756085282071E-001  1.681416753142E-004 -1.714551302396E-004  1.729992287808E-004 -8.087015979393E-003  2.613055464625E+001
  8.745764335025E+000  1.807286221064E-001  1.401858618071E-004 -1.432249069779E-004  1.447545761078E-004 -7.978483509617E-003  2.776338057093E+001
  8.929136229160E+000  1.860494286260E-001  1.162137343852E-004 -1.189764129095E-004  1.204563376360E-004 -7.864067249783E-003  2.955434004701E+001
  9.117933401693E+000  1.915808832504E-001  9.576876295656E-005 -9.825878720764E-005  9.966415340007E-005 -7.743061649455E-003  3.152335690145E+001
  9.312371715124E+000  1.973335175235E-001  7.843052891108E-005 -8.065600532347E-005  8.196999776339E-005 -7.614680186561E-003  3.369344131099E+001
  9.512677878945E+000  2.033185011886E-001  6.381390467506E-005 -6.578631605581E-005  6.699827189146E-005 -7.478046321366E-003  3.609125453965E+001
  9.719090110332E+000  2.095476877688E-001  5.156800540081E-005 -5.330138167592E-005  5.440542461215E-005 -7.332182769158E-003  3.874779324297E+001
  9.931858842267E+000  2.160336639044E-001  4.137494127664E-005 -4.288516744308E-005  4.387918452214E-005 -7.175998697136E-003  4.169922224412E+001
  1.015124748302E+001  2.227898028021E-001  3.294839821808E-005 -3.425262339271E-005  3.513747893133E-005 -7.008274359049E-003  4.498789257991E+001
  1.037753323129E+001  2.298303221843E-001  2.603207398576E-005 -2.714819772992E-005  2.792710726908E-005 -6.827642564076E-003  4.866359192157E+001
  1.061100795175E+001  2.371703471699E-001  2.039799610192E-005 -2.134421770414E-005  2.202222840976E-005 -6.632566225953E-003  5.278508802047E+001
  1.085197911611E+001  2.448259785618E-001  1.584474731492E-005 -1.663917061075E-005  1.722271342852E-005 -6.421311042924E-003  5.742204374518E+001
  1.110077081537E+001  2.528143670735E-001  1.219562376909E-005 -1.285591464404E-005  1.335240788865E-005 -6.191912102895E-003  6.265740614114E+001
  1.135772484956E+001  2.611537940784E-001  9.296750434967E-006 -9.839846742083E-006  1.025734110322E-005 -5.942132868920E-003  6.859040396415E+001
  1.162320190175E+001  2.698637595360E-001  7.015177682962E-006 -7.457052300512E-006  7.803914019392E-006 -5.669414546921E-003  7.534033143654E+001
  1.189758280382E+001  2.789650778206E-001  5.236982073672E-006 -5.592459632988E-006  5.877092465436E-006 -5.370813225991E-003  8.305135500441E+001
  1.218126990242E+001  2.884799822596E-001  3.865393420746E-006 -4.148020238354E-006  4.378628421216E-006 -5.042921348201E-003  9.189866105948E+001
  1.247468853413E+001  2.984322392826E-001  2.818968894094E-006 -3.040934200671E-006  3.225328609000E-006 -4.681768917242E-003  1.020963752906E+002
  1.277828862002E+001  3.088472731875E-001  2.029833324521E-006 -2.201938299625E-006  2.347386900345E-006 -4.282698257362E-003  1.139078423509E+002
  1.309254639077E+001  3.197523026463E-001  1.442002918785E-006 -1.573672557053E-006  1.686794629313E-006 -3.840203882930E-003  1.276590784754E+002
  1.341796625462E+001  3.311764902095E-001  1.009807296456E-006 -1.109138924063E-006  1.195840729770E-006 -3.347725827308E-003  1.437565307366E+002
  1.375508282195E+001  3.431511062169E-001  6.964221454248E-007 -7.702635851349E-007  8.357115351343E-007 -2.797380135350E-003  1.627107426594E+002
  1.410446310162E+001  3.557097086969E-001  4.725219187171E-007 -5.265719171136E-007  5.751979882209E-007 -2.179603409428E-003  1.851682115620E+002
  1.446670888596E+001  3.688883410292E-001  3.150589446321E-007 -3.539825230975E-007  3.895158459229E-007 -1.482678143544E-003  2.119547466792E+002
  1.484245934302E+001  3.827257493700E-001  2.061721986892E-007 -2.337240261528E-007  2.592422129739E-007 -6.920901907322E-004  2.441351901896E+002
  1.523239383723E+001  3.972636220891E-001  1.322259061505E-007 -1.513755431913E-007  1.693694280752E-007  2.103540323898E-004  2.830967612826E+002
  1.563723500136E+001  4.125468537596E-001  8.297522881876E-008 -9.602906907789E-008  1.084750159980E-007  1.247760329721E-003  3.306670584494E+002
  1.605775208607E+001  4.286238365683E-001  5.085365508005E-008 -5.956949511560E-008  6.800419633925E-008  2.449899109146E-003  3.892838265050E+002
  1.649476461582E+001  4.455467823929E-001  3.037445907907E-008 -3.606576964771E-008  4.165939969741E-008  3.855745064697E-003  4.622435934762E+002
  1.694914638379E+001  4.633720792263E-001  1.763680246206E-008 -2.126487189649E-008  2.488947919001E-008  5.517235911261E-003  5.540731877811E+002
  1.742182982203E+001  4.821606861220E-001  9.925770889020E-009 -1.217888027149E-008  1.446989945950E-008  7.504961709231E-003  6.710975749011E+002
  1.791381078784E+001  5.019785714107E-001  5.394886180126E-009 -6.754510964993E-009  8.164193318007E-009  9.916980597476E-003  8.223303567202E+002
  1.842615381215E+001  5.228971995942E-001  2.819399588199E-009 -3.614087382448E-009  4.456425212335E-009  1.289279707847E-002  1.020911762467E+003
  1.895999786176E+001  5.449940730840E-001  1.408908005923E-009 -1.856949916893E-009  2.344286488603E-009  1.663595261954E-002  1.286509129892E+003
  1.951656267356E+001  5.683533358366E-001  6.684732079404E-010 -9.107747523485E-010  1.182735561195E-009  2.145074101204E-002  1.649475045853E+003
  2.009715572669E+001  5.930664469535E-001  2.983763205110E-010 -4.230637111944E-010  5.687265197960E-010  2.779970462515E-002  2.158335564024E+003
  2.070317992707E+001  6.192329335039E-001  1.238073897830E-010 -1.841045121051E-010  2.584641428482E-010  3.637660931678E-002  2.893731481336E+003
  2.133614208874E+001  6.469612332096E-001  4.707365350912E-011 -7.388668905426E-011  1.096935666644E-010  4.808891939039E-002  3.994365323436E+003
  2.199766230782E+001  6.763696392388E-001  1.621731621062E-011 -2.670059549856E-011  4.268983184944E-011  6.320751276700E-002  5.697890383241E+003
  2.268948433818E+001  7.075873612439E-001  5.185456189808E-012 -8.363885406892E-012  1.477419683549E-011  7.565590686178E-002  8.332553199390E+003
  2.341348709294E+001  7.407557189842E-001  1.830812314859E-012 -2.146455446511E-012  4.282049569780E-012  5.538711175284E-002  1.178942099842E+004
  2.417169741362E+001  7.760294874639E-001  1.003044834542E-012 -4.554182487798E-013  8.907876322873E-013 -1.184980282824E-002  1.440788730879E+004
  2.496630426925E+001  8.135784155747E-001  7.966443125396E-013 -1.708590391798E-013  5.391342580258E-014  0.000000000000E+000  0.000000000000E+000
  2.579967457140E+001  8.535889438281E-001  6.531780376007E-013 -1.841338499735E-013 -3.280119331102E-014  0.000000000000E+000  0.000000000000E+000
  2.667437081864E+001  8.962661510291E-001  4.854544705443E-013 -1.917421724880E-013  1.738386369596E-014  0.000000000000E+000  0.000000000000E+000
  2.759317081651E+001  9.418359647997E-001  3.223406543540E-013 -1.585434597049E-013  4.862591650659E-014  0.000000000000E+000  0.000000000000E+000
  2.855908975674E+001  9.905476768748E-001  1.928862703240E-013 -1.094711713280E-013  4.919247563700E-014  0.000000000000E+000  0.000000000000E+000
  2.957540498378E+001  1.042676811269E+000  1.049964420604E-013 -6.576658357626E-014  3.596081950439E-014  0.000000000000E+000  0.000000000000E+000
  3.064568382919E+001  1.098528402000E+000  5.232849570081E-014 -3.520594408817E-014  2.171324064332E-014  0.000000000000E+000  0.000000000000E+000
  3.177381495601E+001  1.158440747351E+000  2.396443079496E-014 -1.701785806174E-014  1.138866422646E-014  0.000000000000E+000  0.000000000000E+000
  3.296404372807E+001  1.222789720048E+000  1.009857258487E-014 -7.480487414488E-015  5.311147933832E-015  0.000000000000E+000  0.000000000000E+000
  3.422101220608E+001  1.291993727721E+000  3.914301470182E-015 -2.999477515447E-015  2.227497983306E-015  0.000000000000E+000  0.000000000000E+000
  3.554980447538E+001  1.366519436102E+000  1.393074860182E-015 -1.097631270368E-015  8.444741334492E-016  0.000000000000E+000  0.000000000000E+000
  3.695599813319E+001  1.446888389511E+000  4.538652038921E-016 -3.660387187924E-016  2.897917738767E-016  0.000000000000E+000  0.000000000000E+000
  3.844572291106E+001  1.533684690030E+000  1.348204052681E-016 -1.109068713445E-016  8.990917027545E-017  0.000000000000E+000  0.000000000000E+000
  4.002572758518E+001  1.627563929686E+000  3.633042318160E-017 -3.040095397966E-017  2.514224753313E-017  0.000000000000E+000  0.000000000000E+000
  4.170345654134E+001  1.729263610453E+000  8.827836918041E-018 -7.497828592402E-018  6.307765034862E-018  0.000000000000E+000  0.000000000000E+000
  4.348713762001E+001  1.839615336740E+000  1.920678044531E-018 -1.652836151574E-018  1.411262308669E-018  0.000000000000E+000  0.000000000000E+000
  4.538588318162E+001  1.959559126947E+000  3.611606373598E-019 -3.131449627571E-019  2.695256877571E-019  0.000000000000E+000  0.000000000000E+000
  4.740980671574E+001  2.090160267552E+000  6.179937913918E-020 -4.506732848466E-020  3.832470127128E-020  0.000000000000E+000  0.000000000000E+000
  4.957015778746E+001  2.232629229408E+000  8.070447994158E-021 -1.050042528177E-020  6.871469409906E-021  0.000000000000E+000  0.000000000000E+000
  5.187947869225E+001  2.388345286640E+000  1.149851344570E-021 -1.024336038773E-021  2.603578122493E-021  0.000000000000E+000  0.000000000000E+000
  5.435178690397E+001  2.558884630889E+000  3.113038698746E-022 -2.883935747320E-022  0.000000000000E+000  0.000000000000E+000  0.000000000000E+000
  5.700278828629E+001  2.746053966795E+000  0.000000000000E+000  0.000000000000E+000  0.000000000000E+000  0.000000000000E+000  0.000000000000E+000
  5.985012714155E+001  2.951930820846E+000  0.000000000000E+000  0.000000000000E+000  0.000000000000E+000  0.000000000000E+000  0.000000000000E+000
  6.291368055481E+001  3.178912111311E+000  0.000000000000E+000  0.000000000000E+000  0.000000000000E+000  0.000000000000E+000  0.000000000000E+000
  6.621590623276E+001  3.429772933797E+000  0.000000000000E+000  0.000000000000E+000  0.000000000000E+000  0.000000000000E+000  0.000000000000E+000
  6.978225524452E+001  3.707738044625E+000  0.000000000000E+000  0.000000000000E+000  0.000000000000E+000  0.000000000000E+000  0.000000000000E+000
  7.364166388185E+001  4.016569212832E+000  0.000000000000E+000  0.000000000000E+000  0.000000000000E+000  0.000000000000E+000  0.000000000000E+000
  7.782714245929E+001  4.360672516382E+000  0.000000000000E+000  0.000000000000E+000  0.000000000000E+000  0.000000000000E+000  0.000000000000E+000
  8.237648351994E+001  4.745230855210E+000  0.000000000000E+000  0.000000000000E+000  0.000000000000E+000  0.000000000000E+000  0.000000000000E+000
  8.733311794503E+001  5.176368549127E+000  0.000000000000E+000  0.000000000000E+000  0.000000000000E+000  0.000000000000E+000  0.000000000000E+000
  9.274715535088E+001  5.661357031559E+000  0.000000000000E+000  0.000000000000E+000  0.000000000000E+000  0.000000000000E+000  0.000000000000E+000
  9.867665554529E+001  6.208873552072E+000  0.000000000000E+000  0.000000000000E+000  0.000000000000E+000  0.000000000000E+000  0.000000000000E+000
  1.051891916055E+002  6.829328764649E+000  0.000000000000E+000  0.000000000000E+000  0.000000000000E+000  0.000000000000E+000  0.000000000000E+000
  1.123637836013E+002  7.535284543316E+000  0.000000000000E+000  0.000000000000E+000  0.000000000000E+000  0.000000000000E+000  0.000000000000E+000
  1.202933069206E+002  8.341990973528E+000  0.000000000000E+000  0.000000000000E+000  0.000000000000E+000  0.000000000000E+000  0.000000000000E+000
  1.290875131414E+002  9.268082166539E+000  0.000000000000E+000  0.000000000000E+000  0.000000000000E+000  0.000000000000E+000  0.000000000000E+000
  1.388768482001E+002  1.033648575811E+001  0.000000000000E+000  0.000000000000E+000  0.000000000000E+000  0.000000000000E+000  0.000000000000E+000
  1.498173177370E+002  1.157562284364E+001  0.000000000000E+000  0.000000000000E+000  0.000000000000E+000  0.000000000000E+000  0.000000000000E+000
  1.620967411853E+002  1.302100699722E+001  0.000000000000E+000  0.000000000000E+000  0.000000000000E+000  0.000000000000E+000  0.000000000000E+000
  1.759428668168E+002  1.471739812515E+001  0.000000000000E+000  0.000000000000E+000  0.000000000000E+000  0.000000000000E+000  0.000000000000E+000
  1.916340085825E+002  1.672173748087E+001  0.000000000000E+000  0.000000000000E+000  0.000000000000E+000  0.000000000000E+000  0.000000000000E+000
  2.095131417987E+002  1.910719757888E+001  0.000000000000E+000  0.000000000000E+000  0.000000000000E+000  0.000000000000E+000  0.000000000000E+000
  2.300068054477E+002  2.196884699990E+001  0.000000000000E+000  0.000000000000E+000  0.000000000000E+000  0.000000000000E+000  0.000000000000E+000
  2.536507797910E+002  2.543169216868E+001  0.000000000000E+000  0.000000000000E+000  0.000000000000E+000  0.000000000000E+000  0.000000000000E+000
  2.811254638474E+002  2.966227967912E+001  0.000000000000E+000  0.000000000000E+000  0.000000000000E+000  0.000000000000E+000  0.000000000000E+000
  3.133053780630E+002  3.488573552677E+001  0.000000000000E+000  0.000000000000E+000  0.000000000000E+000  0.000000000000E+000  0.000000000000E+000
  3.513296254502E+002  4.141128389041E+001  0.000000000000E+000  0.000000000000E+000  0.000000000000E+000  0.000000000000E+000  0.000000000000E+000
  3.967041014106E+002  4.967130404214E+001  0.000000000000E+000  0.000000000000E+000  0.000000000000E+000  0.000000000000E+000  0.000000000000E+000
  4.514529193349E+002  6.028257212519E+001  0.000000000000E+000  0.000000000000E+000  0.000000000000E+000  0.000000000000E+000  0.000000000000E+000
  5.183481233601E+002  7.414493328740E+001  0.000000000000E+000  0.000000000000E+000  0.000000000000E+000  0.000000000000E+000  0.000000000000E+000
  6.012676077950E+002  9.260523890243E+001  0.000000000000E+000  0.000000000000E+000  0.000000000000E+000  0.000000000000E+000  0.000000000000E+000
  7.057700503752E+002  1.177394213729E+002  0.000000000000E+000  0.000000000000E+000  0.000000000000E+000  0.000000000000E+000  0.000000000000E+000
  8.400513767914E+002  1.528577972397E+002  0.000000000000E+000  0.000000000000E+000  0.000000000000E+000  0.000000000000E+000  0.000000000000E+000
  1.016602135495E+003  2.034537342122E+002  0.000000000000E+000  0.000000000000E+000  0.000000000000E+000  0.000000000000E+000  0.000000000000E+000
  1.255220715580E+003  2.790860613466E+002  0.000000000000E+000  0.000000000000E+000  0.000000000000E+000  0.000000000000E+000  0.000000000000E+000
  1.588815776243E+003  3.973705897531E+002  0.000000000000E+000  0.000000000000E+000  0.000000000000E+000  0.000000000000E+000  0.000000000000E+000
  2.075392011604E+003  5.931596040112E+002  0.000000000000E+000  0.000000000000E+000  0.000000000000E+000  0.000000000000E+000  0.000000000000E+000
  2.825079847529E+003  9.419154890021E+002  0.000000000000E+000  0.000000000000E+000  0.000000000000E+000  0.000000000000E+000  0.000000000000E+000
  4.068408296184E+003  1.627629972033E+003  0.000000000000E+000  0.000000000000E+000  0.000000000000E+000  0.000000000000E+000  0.000000000000E+000
  6.357262947674E+003  3.178964796686E+003  0.000000000000E+000  0.000000000000E+000  0.000000000000E+000  0.000000000000E+000  0.000000000000E+000
  1.130231930164E+004  7.535323971013E+003  0.000000000000E+000  0.000000000000E+000  0.000000000000E+000  0.000000000000E+000  0.000000000000E+000
  2.543105175140E+004  2.543171841285E+004  0.000000000000E+000  0.000000000000E+000  0.000000000000E+000  0.000000000000E+000  0.000000000000E+000
  1.017262069958E+005  2.034537473226E+005  0.000000000000E+000  0.000000000000E+000  0.000000000000E+000  0.000000000000E+000  0.000000000000E+000
