# 1st line: number of mesh points
# abcissa weight wavefunction wavefunction_1st wavefunction_2nd
500
# Principal QN=   2 , l=   0 , Occupation=   0.9900
  9.830308526508E-006  1.966074589941E-005 -1.643646295400E+000  5.089510231608E+000 -1.579926852135E+001
  3.932200719717E-005  3.932303800261E-005 -1.643496203969E+000  5.089044309616E+000 -1.579755454930E+001
  8.847741541455E-005  5.898842277178E-005 -1.643246069003E+000  5.088267844577E+000 -1.579469824879E+001
  1.573003992804E-004  7.865844718600E-005 -1.642895916630E+000  5.087180943903E+000 -1.579070009908E+001
  2.457963722417E-004  9.833465899987E-005 -1.642445783429E+000  5.085783757953E+000 -1.578556077110E+001
  3.539722959954E-004  1.180186070023E-004 -1.641895716422E+000  5.084076480013E+000 -1.577928112728E+001
  4.818366816528E-004  1.377118412759E-004 -1.641245773076E+000  5.082059346275E+000 -1.577186222148E+001
  6.293995911626E-004  1.574159134560E-004 -1.640496021297E+000  5.079732635804E+000 -1.576330529880E+001
  7.966726389934E-004  1.771323769912E-004 -1.639646539422E+000  5.077096670508E+000 -1.575361179546E+001
  9.836689940782E-004  1.968627874036E-004 -1.638697416220E+000  5.074151815096E+000 -1.574278333856E+001
  1.190403382016E-003  2.166087025496E-004 -1.637648750882E+000  5.070898477032E+000 -1.573082174589E+001
  1.416892087541E-003  2.363716828821E-004 -1.636500653011E+000  5.067337106488E+000 -1.571772902562E+001
  1.663152957245E-003  2.561532917128E-004 -1.635253242620E+000  5.063468196287E+000 -1.570350737610E+001
  1.929205402573E-003  2.759550954757E-004 -1.633906650121E+000  5.059292281839E+000 -1.568815918548E+001
  2.215070403074E-003  2.957786639908E-004 -1.632461016315E+000  5.054809941080E+000 -1.567168703143E+001
  2.520770509919E-003  3.156255707300E-004 -1.630916492382E+000  5.050021794397E+000 -1.565409368075E+001
  2.846329849692E-003  3.354973930828E-004 -1.629273239870E+000  5.044928504551E+000 -1.563538208901E+001
  3.191774128432E-003  3.553957126240E-004 -1.627531430685E+000  5.039530776593E+000 -1.561555540009E+001
  3.557130635959E-003  3.753221153821E-004 -1.625691247079E+000  5.033829357782E+000 -1.559461694578E+001
  3.942428250463E-003  3.952781921092E-004 -1.623752881634E+000  5.027825037483E+000 -1.557257024529E+001
  4.347697443358E-003  4.152655385525E-004 -1.621716537249E+000  5.021518647073E+000 -1.554941900476E+001
  4.772970284417E-003  4.352857557265E-004 -1.619582427126E+000  5.014911059836E+000 -1.552516711674E+001
  5.218280447175E-003  4.553404501876E-004 -1.617350774757E+000  5.008003190852E+000 -1.549981865960E+001
  5.683663214611E-003  4.754312343099E-004 -1.615021813902E+000  5.000795996878E+000 -1.547337789699E+001
  6.169155485101E-003  4.955597265624E-004 -1.612595788576E+000  4.993290476233E+000 -1.544584927720E+001
  6.674795778653E-003  5.157275517886E-004 -1.610072953031E+000  4.985487668664E+000 -1.541723743255E+001
  7.200624243425E-003  5.359363414876E-004 -1.607453571734E+000  4.977388655218E+000 -1.538754717868E+001
  7.746682662519E-003  5.561877340970E-004 -1.604737919351E+000  4.968994558099E+000 -1.535678351388E+001
  8.313014461060E-003  5.764833752781E-004 -1.601926280727E+000  4.960306540528E+000 -1.532495161835E+001
  8.899664713569E-003  5.968249182030E-004 -1.599018950861E+000  4.951325806586E+000 -1.529205685344E+001
  9.506680151615E-003  6.172140238444E-004 -1.596016234886E+000  4.942053601065E+000 -1.525810476090E+001
  1.013410917176E-002  6.376523612666E-004 -1.592918448047E+000  4.932491209301E+000 -1.522310106197E+001
  1.078200184380E-002  6.581416079202E-004 -1.589725915676E+000  4.922639957005E+000 -1.518705165665E+001
  1.145040991929E-002  6.786834499385E-004 -1.586438973167E+000  4.912501210094E+000 -1.514996262272E+001
  1.213938684040E-002  6.992795824361E-004 -1.583057965952E+000  4.902076374504E+000 -1.511184021488E+001
  1.284898774901E-002  7.199317098113E-004 -1.579583249473E+000  4.891366896008E+000 -1.507269086380E+001
  1.357926949620E-002  7.406415460502E-004 -1.576015189156E+000  4.880374260020E+000 -1.503252117516E+001
  1.433029065191E-002  7.614108150341E-004 -1.572354160382E+000  4.869099991399E+000 -1.499133792859E+001
  1.510211151509E-002  7.822412508494E-004 -1.568600548457E+000  4.857545654243E+000 -1.494914807672E+001
  1.589479412397E-002  8.031345981016E-004 -1.564754748585E+000  4.845712851676E+000 -1.490595874402E+001
  1.670840226680E-002  8.240926122311E-004 -1.560817165834E+000  4.833603225630E+000 -1.486177722576E+001
  1.754300149280E-002  8.451170598329E-004 -1.556788215104E+000  4.821218456624E+000 -1.481661098684E+001
  1.839865912351E-002  8.662097189796E-004 -1.552668321097E+000  4.808560263528E+000 -1.477046766066E+001
  1.927544426443E-002  8.873723795480E-004 -1.548457918282E+000  4.795630403332E+000 -1.472335504787E+001
  2.017342781695E-002  9.086068435487E-004 -1.544157450857E+000  4.782430670895E+000 -1.467528111516E+001
  2.109268249069E-002  9.299149254598E-004 -1.539767372720E+000  4.768962898699E+000 -1.462625399397E+001
  2.203328281612E-002  9.512984525641E-004 -1.535288147425E+000  4.755228956593E+000 -1.457628197923E+001
  2.299530515754E-002  9.727592652906E-004 -1.530720248149E+000  4.741230751523E+000 -1.452537352795E+001
  2.397882772639E-002  9.942992175591E-004 -1.526064157653E+000  4.726970227268E+000 -1.447353725792E+001
  2.498393059493E-002  1.015920177130E-003 -1.521320368240E+000  4.712449364155E+000 -1.442078194623E+001
  2.601069571024E-002  1.037624025957E-003 -1.516489381716E+000  4.697670178784E+000 -1.436711652787E+001
  2.705920690860E-002  1.059412660547E-003 -1.511571709348E+000  4.682634723727E+000 -1.431255009421E+001
  2.812954993023E-002  1.081287992318E-003 -1.506567871821E+000  4.667345087234E+000 -1.425709189153E+001
  2.922181243436E-002  1.103251947969E-003 -1.501478399195E+000  4.651803392930E+000 -1.420075131940E+001
  3.033608401473E-002  1.125306469854E-003 -1.496303830858E+000  4.636011799495E+000 -1.414353792914E+001
  3.147245621542E-002  1.147453516351E-003 -1.491044715484E+000  4.619972500351E+000 -1.408546142214E+001
  3.263102254705E-002  1.169695062249E-003 -1.485701610981E+000  4.603687723332E+000 -1.402653164825E+001
  3.381187850339E-002  1.192033099133E-003 -1.480275084447E+000  4.587159730348E+000 -1.396675860400E+001
  3.501512157837E-002  1.214469635775E-003 -1.474765712119E+000  4.570390817049E+000 -1.390615243091E+001
  3.624085128345E-002  1.237006698530E-003 -1.469174079323E+000  4.553383312467E+000 -1.384472341369E+001
  3.748916916538E-002  1.259646331739E-003 -1.463500780424E+000  4.536139578669E+000 -1.378248197840E+001
  3.876017882444E-002  1.282390598136E-003 -1.457746418771E+000  4.518662010386E+000 -1.371943869058E+001
  4.005398593302E-002  1.305241579266E-003 -1.451911606645E+000  4.500953034646E+000 -1.365560425339E+001
  4.137069825459E-002  1.328201375897E-003 -1.445996965203E+000  4.483015110391E+000 -1.359098950562E+001
  4.271042566323E-002  1.351272108452E-003 -1.440003124427E+000  4.464850728097E+000 -1.352560541972E+001
  4.407328016341E-002  1.374455917436E-003 -1.433930723058E+000  4.446462409370E+000 -1.345946309977E+001
  4.545937591035E-002  1.397754963880E-003 -1.427780408548E+000  4.427852706553E+000 -1.339257377944E+001
  4.686882923075E-002  1.421171429779E-003 -1.421552836993E+000  4.409024202312E+000 -1.332494881985E+001
  4.830175864396E-002  1.444707518548E-003 -1.415248673075E+000  4.389979509221E+000 -1.325659970741E+001
  4.975828488365E-002  1.468365455478E-003 -1.408868590003E+000  4.370721269332E+000 -1.318753805169E+001
  5.123853091993E-002  1.492147488203E-003 -1.402413269447E+000  4.351252153750E+000 -1.311777558311E+001
  5.274262198188E-002  1.516055887169E-003 -1.395883401476E+000  4.331574862185E+000 -1.304732415074E+001
  5.427068558066E-002  1.540092946119E-003 -1.389279684489E+000  4.311692122507E+000 -1.297619571990E+001
  5.582285153302E-002  1.564260982573E-003 -1.382602825155E+000  4.291606690289E+000 -1.290440236988E+001
  5.739925198530E-002  1.588562338332E-003 -1.375853538341E+000  4.271321348342E+000 -1.283195629148E+001
  5.900002143803E-002  1.612999379973E-003 -1.369032547045E+000  4.250838906244E+000 -1.275886978458E+001
  6.062529677088E-002  1.637574499364E-003 -1.362140582323E+000  4.230162199859E+000 -1.268515525566E+001
  6.227521726827E-002  1.662290114181E-003 -1.355178383225E+000  4.209294090848E+000 -1.261082521525E+001
  6.394992464542E-002  1.687148668440E-003 -1.348146696714E+000  4.188237466173E+000 -1.253589227537E+001
  6.564956307496E-002  1.712152633027E-003 -1.341046277599E+000  4.166995237596E+000 -1.246036914690E+001
  6.737427921404E-002  1.737304506249E-003 -1.333877888458E+000  4.145570341165E+000 -1.238426863690E+001
  6.912422223211E-002  1.762606814387E-003 -1.326642299561E+000  4.123965736690E+000 -1.230760364593E+001
  7.089954383907E-002  1.788062112257E-003 -1.319340288796E+000  4.102184407224E+000 -1.223038716528E+001
  7.270039831418E-002  1.813672983787E-003 -1.311972641586E+000  4.080229358521E+000 -1.215263227419E+001
  7.452694253540E-002  1.839442042599E-003 -1.304540150815E+000  4.058103618492E+000 -1.207435213697E+001
  7.637933600943E-002  1.865371932600E-003 -1.297043616743E+000  4.035810236657E+000 -1.199556000016E+001
  7.825774090225E-002  1.891465328589E-003 -1.289483846926E+000  4.013352283586E+000 -1.191626918959E+001
  8.016232207035E-002  1.917724936867E-003 -1.281861656135E+000  3.990732850327E+000 -1.183649310738E+001
  8.209324709253E-002  1.944153495867E-003 -1.274177866265E+000  3.967955047837E+000 -1.175624522897E+001
  8.405068630235E-002  1.970753776782E-003 -1.266433306258E+000  3.945022006395E+000 -1.167553910001E+001
  8.603481282122E-002  1.997528584221E-003 -1.258628812011E+000  3.921936875016E+000 -1.159438833331E+001
  8.804580259214E-002  2.024480756857E-003 -1.250765226289E+000  3.898702820850E+000 -1.151280660563E+001
  9.008383441408E-002  2.051613168108E-003 -1.242843398639E+000  3.875323028576E+000 -1.143080765455E+001
  9.214908997710E-002  2.078928726810E-003 -1.234864185294E+000  3.851800699795E+000 -1.134840527520E+001
  9.424175389809E-002  2.106430377918E-003 -1.226828449091E+000  3.828139052402E+000 -1.126561331700E+001
  9.636201375725E-002  2.134121103210E-003 -1.218737059368E+000  3.804341319965E+000 -1.118244568032E+001
  9.851006013526E-002  2.162003922007E-003 -1.210590891878E+000  3.780410751088E+000 -1.109891631315E+001
  1.006860866512E-001  2.190081891910E-003 -1.202390828694E+000  3.756350608768E+000 -1.101503920769E+001
  1.028902900012E-001  2.218358109541E-003 -1.194137758108E+000  3.732164169746E+000 -1.093082839687E+001
  1.051228699979E-001  2.246835711311E-003 -1.185832574541E+000  3.707854723858E+000 -1.084629795092E+001
  1.073840296104E-001  2.275517874190E-003 -1.177476178440E+000  3.683425573361E+000 -1.076146197381E+001
  1.096739750056E-001  2.304407816497E-003 -1.169069476184E+000  3.658880032275E+000 -1.067633459969E+001
  1.119929155896E-001  2.333508798707E-003 -1.160613379979E+000  3.634221425701E+000 -1.059092998929E+001
  1.143410640503E-001  2.362824124271E-003 -1.152108807761E+000  3.609453089141E+000 -1.050526232629E+001
  1.167186364011E-001  2.392357140448E-003 -1.143556683092E+000  3.584578367810E+000 -1.041934581360E+001
  1.191258520249E-001  2.422111239159E-003 -1.134957935059E+000  3.559600615940E+000 -1.033319466968E+001
  1.215629337189E-001  2.452089857854E-003 -1.126313498170E+000  3.534523196085E+000 -1.024682312478E+001
  1.240301077413E-001  2.482296480400E-003 -1.117624312246E+000  3.509349478407E+000 -1.016024541714E+001
  1.265276038575E-001  2.512734637975E-003 -1.108891322321E+000  3.484082839974E+000 -1.007347578914E+001
  1.290556553882E-001  2.543407909995E-003 -1.100115478531E+000  3.458726664036E+000 -9.986528483492E+000
  1.316144992580E-001  2.574319925047E-003 -1.091297736009E+000  3.433284339307E+000 -9.899417739315E+000
  1.342043760450E-001  2.605474361847E-003 -1.082439054776E+000  3.407759259237E+000 -9.812157788212E+000
  1.368255300316E-001  2.636874950214E-003 -1.073540399632E+000  3.382154821283E+000 -9.724762850317E+000
  1.394782092560E-001  2.668525472060E-003 -1.064602740047E+000  3.356474426170E+000 -9.637247130315E+000
  1.421626655646E-001  2.700429762411E-003 -1.055627050052E+000  3.330721477153E+000 -9.549624813421E+000
  1.448791546661E-001  2.732591710434E-003 -1.046614308122E+000  3.304899379275E+000 -9.461910061340E+000
  1.476279361856E-001  2.765015260497E-003 -1.037565497073E+000  3.279011538615E+000 -9.374117008201E+000
  1.504092737207E-001  2.797704413242E-003 -1.028481603940E+000  3.253061361541E+000 -9.286259756463E+000
  1.532234348983E-001  2.830663226680E-003 -1.019363619874E+000  3.227052253956E+000 -9.198352372800E+000
  1.560706914324E-001  2.863895817319E-003 -1.010212540019E+000  3.200987620539E+000 -9.110408883963E+000
  1.589513191834E-001  2.897406361298E-003 -1.001029363404E+000  3.174870863988E+000 -9.022443272622E+000
  1.618655982178E-001  2.931199095559E-003 -9.918150928257E-001  3.148705384259E+000 -8.934469473190E+000
  1.648138128702E-001  2.965278319033E-003 -9.825707347354E-001  3.122494577799E+000 -8.846501367630E+000
  1.677962518056E-001  2.999648393860E-003 -9.732972991208E-001  3.096241836787E+000 -8.758552781246E+000
  1.708132080832E-001  3.034313746623E-003 -9.639957993920E-001  3.069950548365E+000 -8.670637478459E+000
  1.738649792215E-001  3.069278869616E-003 -9.546672522646E-001  3.043624093870E+000 -8.582769158579E+000
  1.769518672648E-001  3.104548322136E-003 -9.453126776433E-001  3.017265848073E+000 -8.494961451557E+000
  1.800741788507E-001  3.140126731803E-003 -9.359330985051E-001  2.990879178406E+000 -8.407227913739E+000
  1.832322252791E-001  3.176018795904E-003 -9.265295407821E-001  2.964467444198E+000 -8.319582023606E+000
  1.864263225826E-001  3.212229282769E-003 -9.171030332445E-001  2.938033995910E+000 -8.232037177519E+000
  1.896567915983E-001  3.248763033179E-003 -9.076546073833E-001  2.911582174369E+000 -8.144606685461E+000
  1.929239580409E-001  3.285624961791E-003 -8.981852972924E-001  2.885115310006E+000 -8.057303766773E+000
  1.962281525771E-001  3.322820058613E-003 -8.886961395521E-001  2.858636722096E+000 -7.970141545905E+000
  1.995697109023E-001  3.360353390492E-003 -8.791881731106E-001  2.832149718000E+000 -7.883133048169E+000
  2.029489738173E-001  3.398230102644E-003 -8.696624391675E-001  2.805657592407E+000 -7.796291195495E+000
  2.063662873085E-001  3.436455420218E-003 -8.601199810558E-001  2.779163626585E+000 -7.709628802210E+000
  2.098220026275E-001  3.475034649885E-003 -8.505618441253E-001  2.752671087634E+000 -7.623158570819E+000
  2.133164763746E-001  3.513973181471E-003 -8.409890756253E-001  2.726183227738E+000 -7.536893087816E+000
  2.168500705817E-001  3.553276489620E-003 -8.314027245881E-001  2.699703283432E+000 -7.450844819501E+000
  2.204231527988E-001  3.592950135496E-003 -8.218038417124E-001  2.673234474868E+000 -7.365026107832E+000
  2.240360961807E-001  3.632999768520E-003 -8.121934792472E-001  2.646780005084E+000 -7.279449166296E+000
  2.276892795770E-001  3.673431128145E-003 -8.025726908762E-001  2.620343059288E+000 -7.194126075811E+000
  2.313830876220E-001  3.714250045674E-003 -7.929425316024E-001  2.593926804143E+000 -7.109068780658E+000
  2.351179108282E-001  3.755462446115E-003 -7.833040576331E-001  2.567534387060E+000 -7.024289084453E+000
  2.388941456809E-001  3.797074350078E-003 -7.736583262657E-001  2.541168935501E+000 -6.939798646151E+000
  2.427121947345E-001  3.839091875711E-003 -7.640063957740E-001  2.514833556292E+000 -6.855608976099E+000
  2.465724667110E-001  3.881521240686E-003 -7.543493252944E-001  2.488531334937E+000 -6.771731432128E+000
  2.504753766009E-001  3.924368764227E-003 -7.446881747141E-001  2.462265334953E+000 -6.688177215699E+000
  2.544213457654E-001  3.967640869177E-003 -7.350240045587E-001  2.436038597210E+000 -6.604957368096E+000
  2.584108020414E-001  4.011344084122E-003 -7.253578758808E-001  2.409854139277E+000 -6.522082766683E+000
  2.624441798480E-001  4.055485045557E-003 -7.156908501499E-001  2.383714954791E+000 -6.439564121209E+000
  2.665219202956E-001  4.100070500102E-003 -7.060239891425E-001  2.357624012827E+000 -6.357411970188E+000
  2.706444712976E-001  4.145107306769E-003 -6.963583548330E-001  2.331584257284E+000 -6.275636677341E+000
  2.748122876832E-001  4.190602439283E-003 -6.866950092858E-001  2.305598606289E+000 -6.194248428108E+000
  2.790258313137E-001  4.236562988450E-003 -6.770350145481E-001  2.279669951610E+000 -6.113257226234E+000
  2.832855712010E-001  4.282996164587E-003 -6.673794325433E-001  2.253801158082E+000 -6.032672890440E+000
  2.875919836279E-001  4.329909300005E-003 -6.577293249659E-001  2.227995063053E+000 -5.952505051171E+000
  2.919455522717E-001  4.377309851548E-003 -6.480857531765E-001  2.202254475838E+000 -5.872763147432E+000
  2.963467683296E-001  4.425205403192E-003 -6.384497780985E-001  2.176582177200E+000 -5.793456423716E+000
  3.007961306479E-001  4.473603668706E-003 -6.288224601154E-001  2.150980918838E+000 -5.714593927026E+000
  3.052941458522E-001  4.522512494374E-003 -6.192048589691E-001  2.125453422893E+000 -5.636184503994E+000
  3.098413284823E-001  4.571939861783E-003 -6.095980336590E-001  2.100002381478E+000 -5.558236798110E+000
  3.144382011281E-001  4.621893890671E-003 -6.000030423424E-001  2.074630456220E+000 -5.480759247048E+000
  3.190852945695E-001  4.672382841850E-003 -5.904209422357E-001  2.049340277823E+000 -5.403760080111E+000
  3.237831479192E-001  4.723415120192E-003 -5.808527895163E-001  2.024134445651E+000 -5.327247315790E+000
  3.285323087679E-001  4.774999277691E-003 -5.712996392255E-001  1.999015527329E+000 -5.251228759438E+000
  3.333333333333E-001  4.827144016591E-003 -5.617625451731E-001  1.973986058364E+000 -5.175712001074E+000
  3.381867866117E-001  4.879858192602E-003 -5.522425598414E-001  1.949048541791E+000 -5.100704413309E+000
  3.430932425333E-001  4.933150818173E-003 -5.427407342916E-001  1.924205447833E+000 -5.026213149410E+000
  3.480532841203E-001  4.987031065868E-003 -5.332581180697E-001  1.899459213585E+000 -4.952245141490E+000
  3.530675036492E-001  5.041508271801E-003 -5.237957591143E-001  1.874812242728E+000 -4.878807098850E+000
  3.581365028158E-001  5.096591939172E-003 -5.143547036640E-001  1.850266905251E+000 -4.805905506453E+000
  3.632608929041E-001  5.152291741875E-003 -5.049359961667E-001  1.825825537203E+000 -4.733546623552E+000
  3.684412949588E-001  5.208617528209E-003 -4.955406791885E-001  1.801490440475E+000 -4.661736482470E+000
  3.736783399619E-001  5.265579324662E-003 -4.861697933235E-001  1.777263882589E+000 -4.590480887530E+000
  3.789726690123E-001  5.323187339805E-003 -4.768243771042E-001  1.753148096525E+000 -4.519785414145E+000
  3.843249335105E-001  5.381451968273E-003 -4.675054669121E-001  1.729145280562E+000 -4.449655408075E+000
  3.897357953460E-001  5.440383794842E-003 -4.582140968887E-001  1.705257598150E+000 -4.380095984841E+000
  3.952059270903E-001  5.499993598618E-003 -4.489512988466E-001  1.681487177802E+000 -4.311112029315E+000
  4.007360121927E-001  5.560292357317E-003 -4.397181021803E-001  1.657836113009E+000 -4.242708195476E+000
  4.063267451812E-001  5.621291251662E-003 -4.305155337783E-001  1.634306462181E+000 -4.174888906347E+000
  4.119788318683E-001  5.683001669888E-003 -4.213446179329E-001  1.610900248614E+000 -4.107658354102E+000
  4.176929895600E-001  5.745435212354E-003 -4.122063762519E-001  1.587619460479E+000 -4.041020500360E+000
  4.234699472710E-001  5.808603696282E-003 -4.031018275683E-001  1.564466050831E+000 -3.974979076658E+000
  4.293104459435E-001  5.872519160606E-003 -3.940319878502E-001  1.541441937650E+000 -3.909537585111E+000
  4.352152386716E-001  5.937193870949E-003 -3.849978701095E-001  1.518549003902E+000 -3.844699299254E+000
  4.411850909306E-001  6.002640324729E-003 -3.760004843102E-001  1.495789097619E+000 -3.780467265082E+000
  4.472207808110E-001  6.068871256391E-003 -3.670408372749E-001  1.473164032009E+000 -3.716844302271E+000
  4.533230992589E-001  6.135899642772E-003 -3.581199325908E-001  1.450675585588E+000 -3.653833005596E+000
  4.594928503202E-001  6.203738708611E-003 -3.492387705138E-001  1.428325502325E+000 -3.591435746543E+000
  4.657308513924E-001  6.272401932198E-003 -3.403983478705E-001  1.406115491826E+000 -3.529654675110E+000
  4.720379334802E-001  6.341903051163E-003 -3.315996579594E-001  1.384047229519E+000 -3.468491721805E+000
  4.784149414579E-001  6.412256068427E-003 -3.228436904490E-001  1.362122356880E+000 -3.407948599838E+000
  4.848627343381E-001  6.483475258298E-003 -3.141314312737E-001  1.340342481662E+000 -3.348026807508E+000
  4.913821855461E-001  6.555575172733E-003 -3.054638625278E-001  1.318709178151E+000 -3.288727630783E+000
  4.979741832006E-001  6.628570647764E-003 -2.968419623558E-001  1.297223987444E+000 -3.230052146073E+000
  5.046396304008E-001  6.702476810086E-003 -2.882667048400E-001  1.275888417737E+000 -3.172001223192E+000
  5.113794455212E-001  6.777309083830E-003 -2.797390598849E-001  1.254703944631E+000 -3.114575528516E+000
  5.181945625116E-001  6.853083197508E-003 -2.712599930977E-001  1.233672011459E+000 -3.057775528328E+000
  5.250859312060E-001  6.929815191146E-003 -2.628304656651E-001  1.212794029620E+000 -3.001601492339E+000
  5.320545176366E-001  7.007521423604E-003 -2.544514342258E-001  1.192071378932E+000 -2.946053497407E+000
  5.391013043575E-001  7.086218580100E-003 -2.461238507386E-001  1.171505407990E+000 -2.891131431428E+000
  5.462272907741E-001  7.165923679926E-003 -2.378486623456E-001  1.151097434544E+000 -2.836834997399E+000
  5.534334934816E-001  7.246654084380E-003 -2.296268112308E-001  1.130848745877E+000 -2.783163717662E+000
  5.607209466109E-001  7.328427504912E-003 -2.214592344729E-001  1.110760599195E+000 -2.730116938309E+000
  5.680907021827E-001  7.411262011483E-003 -2.133468638927E-001  1.090834222020E+000 -2.677693833750E+000
  5.755438304707E-001  7.495176041166E-003 -2.052906258944E-001  1.071070812590E+000 -2.625893411438E+000
  5.830814203728E-001  7.580188406970E-003 -1.972914413007E-001  1.051471540263E+000 -2.574714516749E+000
  5.907045797917E-001  7.666318306912E-003 -1.893502251818E-001  1.032037545913E+000 -2.524155837995E+000
  5.984144360243E-001  7.753585333338E-003 -1.814678866770E-001  1.012769942334E+000 -2.474215911584E+000
  6.062121361613E-001  7.842009482502E-003 -1.736453288093E-001  9.936698146344E-001 -2.424893127300E+000
  6.140988474955E-001  7.931611164409E-003 -1.658834482928E-001  9.747382206322E-001 -2.376185733715E+000
  6.220757579409E-001  8.022411212936E-003 -1.581831353326E-001  9.559761912346E-001 -2.328091843700E+000
  6.301440764614E-001  8.114430896230E-003 -1.505452734160E-001  9.373847308138E-001 -2.280609440044E+000
  6.383050335109E-001  8.207691927403E-003 -1.429707390964E-001  9.189648175690E-001 -2.233736381169E+000
  6.465598814833E-001  8.302216475524E-003 -1.354604017684E-001  9.007174038738E-001 -2.187470406924E+000
  6.549098951744E-001  8.398027176926E-003 -1.280151234339E-001  8.826434166074E-001 -2.141809144444E+000
  6.633563722545E-001  8.495147146827E-003 -1.206357584596E-001  8.647437574665E-001 -2.096750114082E+000
  6.719006337539E-001  8.593599991288E-003 -1.133231533258E-001  8.470193032561E-001 -2.052290735376E+000
  6.805440245593E-001  8.693409819506E-003 -1.060781463650E-001  8.294709061559E-001 -2.008428333059E+000
  6.892879139233E-001  8.794601256469E-003 -9.890156749229E-002  8.120993939610E-001 -1.965160143087E+000
  6.981336959871E-001  8.897199455961E-003 -9.179423792491E-002  7.949055702929E-001 -1.922483318677E+000
  7.070827903152E-001  9.001230113956E-003 -8.475696989323E-002  7.778902147800E-001 -1.880394936339E+000
  7.161366424455E-001  9.106719482390E-003 -7.779056634148E-002  7.610540832035E-001 -1.838892001890E+000
  7.252967244510E-001  9.213694383338E-003 -7.089582061896E-002  7.443979076077E-001 -1.797971456428E+000
  7.345645355186E-001  9.322182223606E-003 -6.407351616137E-002  7.279223963707E-001 -1.757630182260E+000
  7.439416025400E-001  9.432211009745E-003 -5.732442616259E-002  7.116282342343E-001 -1.717865008766E+000
  7.534294807203E-001  9.543809363512E-003 -5.064931323681E-002  6.955160822908E-001 -1.678672718170E+000
  7.630297542000E-001  9.657006537783E-003 -4.404892907116E-002  6.795865779225E-001 -1.640050051229E+000
  7.727440366954E-001  9.771832432940E-003 -3.752401406911E-002  6.638403346948E-001 -1.601993712790E+000
  7.825739721536E-001  9.888317613741E-003 -3.107529698475E-002  6.482779421972E-001 -1.564500377228E+000
  7.925212354258E-001  1.000649332670E-002 -2.470349454835E-002  6.328999658333E-001 -1.527566693726E+000
  8.025875329584E-001  1.012639151798E-002 -1.840931108348E-002  6.177069465556E-001 -1.491189291392E+000
  8.127746035011E-001  1.024804485184E-002 -1.219343811604E-002  6.026994005447E-001 -1.455364784192E+000
  8.230842188350E-001  1.037148672960E-002 -6.056553975805E-003  5.878778188301E-001 -1.420089775680E+000
  8.335181845190E-001  1.049675130923E-002  6.766090939192E-007  5.732426668522E-001 -1.385360863511E+000
  8.440783406568E-001  1.062387352550E-002  5.977602924110E-003  5.587943839633E-001 -1.351174643717E+000
  8.547665626839E-001  1.075288911077E-002  1.187358868598E-002  5.445333828670E-001 -1.317527714730E+000
  8.655847621758E-001  1.088383461638E-002  1.768801246540E-002  5.304600489949E-001 -1.284416681131E+000
  8.765348876780E-001  1.101674743475E-002  2.342026811394E-002  5.165747398200E-001 -1.251838157120E+000
  8.876189255584E-001  1.115166582209E-002  2.906976519413E-002  5.028777841064E-001 -1.219788769676E+000
  8.988389008829E-001  1.128862892191E-002  3.463592941191E-002  4.893694810949E-001 -1.188265161400E+000
  9.101968783143E-001  1.142767678917E-002  4.011820305026E-002  4.760500996251E-001 -1.157263993023E+000
  9.216949630368E-001  1.156885041525E-002  4.551604540284E-002  4.629198771947E-001 -1.126781945570E+000
  9.333353017046E-001  1.171219175365E-002  5.082893320654E-002  4.499790189560E-001 -1.096815722153E+000
  9.451200834176E-001  1.185774374655E-002  5.605636107140E-002  4.372276966507E-001 -1.067362049396E+000
  9.570515407237E-001  1.200555035216E-002  6.119784190664E-002  4.246660474868E-001 -1.038417678468E+000
  9.691319506484E-001  1.215565657299E-002  6.625290734121E-002  4.122941729559E-001 -1.009979385718E+000
  9.813636357544E-001  1.230810848498E-002  7.122110813740E-002  4.001121375963E-001 -9.820439729008E-001
  9.937489652293E-001  1.246295326757E-002  7.610201459555E-002  3.881199677041E-001 -9.546082669871E-001
  1.006290356005E+000  1.262023923477E-002  8.089521694846E-002  3.763176499933E-001 -9.276691195470E-001
  1.018990273907E+000  1.278001586715E-002  8.560032574334E-002  3.647051302126E-001 -9.012234057033E-001
  1.031851234841E+000  1.294233384499E-002  9.021697220958E-002  3.532823117193E-001 -8.752680226505E-001
  1.044875806003E+000  1.310724508236E-002  9.474480861019E-002  3.420490540173E-001 -8.497998877357E-001
  1.058066607138E+000  1.327480276248E-002  9.918350857504E-002  3.310051712636E-001 -8.248159361010E-001
  1.071426311823E+000  1.344506137405E-002  1.035327674135E-001  3.201504307490E-001 -8.003131178897E-001
  1.084957648792E+000  1.361807674895E-002  1.077923024043E-001  3.094845513596E-001 -7.762883950172E-001
  1.098663403298E+000  1.379390610110E-002  1.119618530612E-001  2.990072020253E-001 -7.527387375135E-001
  1.112546418516E+000  1.397260806657E-002  1.160411813703E-001  2.887180001630E-001 -7.296611194447E-001
  1.126609596985E+000  1.415424274514E-002  1.200300719986E-001  2.786165101223E-001 -7.070525144214E-001
  1.140855902095E+000  1.433887174317E-002  1.239283324710E-001  2.687022416422E-001 -6.849098907090E-001
  1.155288359613E+000  1.452655821788E-002  1.277357933120E-001  2.589746483270E-001 -6.632302059514E-001
  1.169910059257E+000  1.471736692327E-002  1.314523081518E-001  2.494331261512E-001 -6.420104015280E-001
  1.184724156317E+000  1.491136425740E-002  1.350777537930E-001  2.400770120043E-001 -6.212473965611E-001
  1.199733873325E+000  1.510861831145E-002  1.386120302364E-001  2.309055822832E-001 -6.009380815984E-001
  1.214942501771E+000  1.530919892035E-002  1.420550606626E-001  2.219180515465E-001 -5.810793119938E-001
  1.230353403874E+000  1.551317771520E-002  1.454067913690E-001  2.131135712385E-001 -5.616679010162E-001
  1.245970014403E+000  1.572062817747E-002  1.486671916581E-001  2.044912284976E-001 -5.427006127145E-001
  1.261795842559E+000  1.593162569510E-002  1.518362536765E-001  1.960500450583E-001 -5.241741545744E-001
  1.277834473907E+000  1.614624762054E-002  1.549139922019E-001  1.877889762615E-001 -5.060851700017E-001
  1.294089572372E+000  1.636457333079E-002  1.579004443769E-001  1.797069101843E-001 -4.884302306716E-001
  1.310564882294E+000  1.658668428962E-002  1.607956693884E-001  1.718026669018E-001 -4.712058287844E-001
  1.327264230548E+000  1.681266411190E-002  1.635997480896E-001  1.640749978952E-001 -4.544083692731E-001
  1.344191528724E+000  1.704259863026E-002  1.663127825657E-001  1.565225856184E-001 -4.380341620085E-001
  1.361350775387E+000  1.727657596408E-002  1.689348956409E-001  1.491440432351E-001 -4.220794140502E-001
  1.378746058390E+000  1.751468659100E-002  1.714662303268E-001  1.419379145416E-001 -4.065402219963E-001
  1.396381557275E+000  1.775702342093E-002  1.739069492120E-001  1.349026740856E-001 -3.914125644832E-001
  1.414261545744E+000  1.800368187279E-002  1.762572337924E-001  1.280367274958E-001 -3.766922948919E-001
  1.432390394201E+000  1.825475995395E-002  1.785172837436E-001  1.213384120323E-001 -3.623751343173E-001
  1.450772572390E+000  1.851035834267E-002  1.806873161356E-001  1.148059973711E-001 -3.484566648580E-001
  1.469412652102E+000  1.877058047342E-002  1.827675645915E-001  1.084376866328E-001 -3.349323232872E-001
  1.488315309978E+000  1.903553262542E-002  1.847582783923E-001  1.022316176666E-001 -3.217973951641E-001
  1.507485330398E+000  1.930532401444E-002  1.866597215291E-001  9.618586459834E-002 -3.090470094467E-001
  1.526927608467E+000  1.958006688797E-002  1.884721717069E-001  9.029843965235E-002 -2.966761336676E-001
  1.546647153093E+000  1.985987662391E-002  1.901959193030E-001  8.456729525339E-002 -2.846795697322E-001
  1.566649090169E+000  2.014487183303E-002  1.918312662831E-001  7.899032641600E-002 -2.730519504010E-001
  1.586938665861E+000  2.043517446518E-002  1.933785250818E-001  7.356537342564E-002 -2.617877365140E-001
  1.607521250000E+000  2.073090991960E-002  1.948380174506E-001  6.829022481543E-002 -2.508812150149E-001
  1.628402339588E+000  2.103220715932E-002  1.962100732814E-001  6.316262064006E-002 -2.403264978312E-001
  1.649587562420E+000  2.133919883002E-002  1.974950294104E-001  5.818025604715E-002 -2.301175216616E-001
  1.671082680832E+000  2.165202138333E-002  1.986932284114E-001  5.334078514395E-002 -2.202480487230E-001
  1.692893595565E+000  2.197081520497E-002  1.998050173856E-001  4.864182515570E-002 -2.107116685006E-001
  1.715026349769E+000  2.229572474776E-002  2.008307467570E-001  4.408096086920E-002 -2.015018005453E-001
  1.737487133138E+000  2.262689866987E-002  2.017707690832E-001  3.965574935351E-002 -1.926116983543E-001
  1.760282286187E+000  2.296448997842E-002  2.026254378915E-001  3.536372494651E-002 -1.840344543680E-001
  1.783418304674E+000  2.330865617868E-002  2.033951065513E-001  3.120240449417E-002 -1.757630061077E-001
  1.806901844175E+000  2.365955942924E-002  2.040801271953E-001  2.716929282629E-002 -1.677901434744E-001
  1.830739724818E+000  2.401736670327E-002  2.046808497002E-001  2.326188844989E-002 -1.601085172220E-001
  1.854938936184E+000  2.438224995616E-002  2.051976207414E-001  1.947768943865E-002 -1.527106486070E-001
  1.879506642368E+000  2.475438629994E-002  2.056307829341E-001  1.581419949397E-002 -1.455889402142E-001
  1.904450187236E+000  2.513395818467E-002  2.059806740757E-001  1.226893415020E-002 -1.387356879435E-001
  1.929777099847E+000  2.552115358717E-002  2.062476265029E-001  8.839427093814E-003 -1.321430941390E-001
  1.955495100083E+000  2.591616620741E-002  2.064319665792E-001  5.523236563501E-003 -1.258032818269E-001
  1.981612104475E+000  2.631919567292E-002  2.065340143277E-001  2.317951795112E-003 -1.197083100235E-001
  2.008136232230E+000  2.673044775156E-002  2.065540832243E-001 -7.788005271322E-004 -1.138501900605E-001
  2.035075811486E+000  2.715013457311E-002  2.064924801661E-001 -3.769349854529E-003 -1.082209028669E-001
  2.062439385788E+000  2.757847486001E-002  2.063495056320E-001 -6.655975436682E-003 -1.028124171343E-001
  2.090235720801E+000  2.801569416771E-002  2.061254540480E-001 -9.440900109323E-003 -9.761670828302E-002
  2.118473811262E+000  2.846202513514E-002  2.058206143751E-001 -1.212628425538E-002 -9.262577813439E-002
  2.147162888201E+000  2.891770774564E-002  2.054352709305E-001 -1.471421998938E-002 -8.783167518555E-002
  2.176312426413E+000  2.938298959899E-002  2.049697044587E-001 -1.720672561676E-002 -8.322651537059E-002
  2.205932152222E+000  2.985812619504E-002  2.044241934631E-001 -1.960574042093E-002 -7.880250318380E-002
  2.236032051522E+000  3.034338122938E-002  2.037990158110E-001 -2.191311983168E-002 -7.455195302987E-002
  2.266622378129E+000  3.083902690182E-002  2.030944506215E-001 -2.413063102894E-002 -7.046731065767E-002
  2.297713662445E+000  3.134534423818E-002  2.023107804454E-001 -2.625994903591E-002 -6.654117452544E-002
  2.329316720450E+000  3.186262342603E-002  2.014482937442E-001 -2.830265335481E-002 -6.276631693830E-002
  2.361442663038E+000  3.239116416519E-002  2.005072876736E-001 -3.026022519755E-002 -5.913570479252E-002
  2.394102905709E+000  3.293127603351E-002  1.994880711741E-001 -3.213404536192E-002 -5.564251975573E-002
  2.427309178642E+000  3.348327886897E-002  1.983909683702E-001 -3.392539280123E-002 -5.228017770862E-002
  2.461073537146E+000  3.404750316862E-002  1.972163222747E-001 -3.563544393301E-002 -4.904234727124E-002
  2.495408372530E+000  3.462429050548E-002  1.959644987950E-001 -3.726527272801E-002 -4.592296723625E-002
  2.530326423398E+000  3.521399396401E-002  1.946358910324E-001 -3.881585161695E-002 -4.291626273235E-002
  2.565840787378E+000  3.581697859546E-002  1.932309238638E-001 -4.028805324719E-002 -4.001675994405E-002
  2.601964933334E+000  3.643362189376E-002  1.917500587908E-001 -4.168265311578E-002 -3.721929921873E-002
  2.638712714049E+000  3.706431429322E-002  1.901937990387E-001 -4.300033309904E-002 -3.451904639843E-002
  2.676098379430E+000  3.770945968912E-002  1.885626948827E-001 -4.424168589149E-002 -3.191150222304E-002
  2.714136590232E+000  3.836947598236E-002  1.868573491763E-001 -4.540722035943E-002 -2.939250966258E-002
  2.752842432351E+000  3.904479564947E-002  1.850784230509E-001 -4.649736780579E-002 -2.695825904921E-002
  2.792231431696E+000  3.973586633921E-002  1.832266417546E-001 -4.751248913407E-002 -2.460529089541E-002
  2.832319569669E+000  4.044315149734E-002  1.813028005913E-001 -4.845288288964E-002 -2.233049630225E-002
  2.873123299289E+000  4.116713102086E-002  1.793077709176E-001 -4.931879414671E-002 -2.013111488112E-002
  2.914659561979E+000  4.190830194354E-002  1.772425061543E-001 -5.011042419875E-002 -1.800473013452E-002
  2.956945805065E+000  4.266717915414E-002  1.751080477607E-001 -5.082794100002E-002 -1.594926226440E-002
  3.000000000000E+000  4.344429614932E-002  1.729055311201E-001 -5.147149029455E-002 -1.396295840244E-002
  3.043840661365E+000  4.424020582308E-002  1.706361912805E-001 -5.204120735860E-002 -1.204438028298E-002
  3.088486866678E+000  4.505548129460E-002  1.683013684906E-001 -5.253722927161E-002 -1.019238940747E-002
  3.133958277047E+000  4.589071677685E-002  1.659025134706E-001 -5.295970762049E-002 -8.406129778368E-003
  3.180275158719E+000  4.674652848797E-002  1.634411923534E-001 -5.330882153190E-002 -6.685008309763E-003
  3.227458405560E+000  4.762355560797E-002  1.609190912311E-001 -5.358479091784E-002 -5.028673052087E-003
  3.275529562509E+000  4.852246128332E-002  1.583380202418E-001 -5.378788981117E-002 -3.436989397924E-003
  3.324510850077E+000  4.944393368200E-002  1.556999171292E-001 -5.391845965986E-002 -1.910014465112E-003
  3.374425189910E+000  5.038868710203E-002  1.530068502096E-001 -5.397692244228E-002 -4.479698815694E-004
  3.425296231502E+000  5.135746313639E-002  1.502610206824E-001 -5.396379346035E-002  9.487867770136E-004
  3.477148380094E+000  5.235103189784E-002  1.474647642214E-001 -5.387969366355E-002  2.279791620696E-003
  3.530006825834E+000  5.337019330676E-002  1.446205517871E-001 -5.372536135462E-002  3.544504851751E-003
  3.583897574256E+000  5.441577844603E-002  1.417309896056E-001 -5.350166312712E-002  4.742341626407E-003
  3.638847478148E+000  5.548865098670E-002  1.387988182631E-001 -5.320960388684E-002  5.872703038177E-003
  3.694884270887E+000  5.658970868864E-002  1.358269108716E-001 -5.285033581218E-002  6.935006876967E-003
  3.752036601308E+000  5.771988498079E-002  1.328182702681E-001 -5.242516611477E-002  7.928717810259E-003
  3.810334070199E+000  5.888015062562E-002  1.297760252173E-001 -5.193556346901E-002  8.853376629509E-003
  3.869807268505E+000  6.007151547295E-002  1.267034255960E-001 -5.138316298987E-002  9.708628206629E-003
  3.930487817331E+000  6.129503030858E-002  1.236038365488E-001 -5.076976965036E-002  1.049424781250E-002
  3.992408409843E+000  6.255178880352E-002  1.204807316115E-001 -5.009736004499E-002  1.121016546193E-002
  4.055602855172E+000  6.384292957002E-002  1.173376848135E-001 -4.936808242205E-002  1.185648796735E-002
  4.120106124432E+000  6.516963833101E-002  1.141783617786E-001 -4.858425492664E-002  1.243351840728E-002
  4.185954398964E+000  6.653315021009E-002  1.110065098584E-001 -4.774836201681E-002  1.294177274419E-002
  4.253185120935E+000  6.793475214960E-002  1.078259473418E-001 -4.686304903748E-002  1.338199336092E-002
  4.321837046422E+000  6.937578546490E-002  1.046405517992E-001 -4.593111496033E-002  1.375515932338E-002
  4.391950301120E+000  7.085764854355E-002  1.014542476297E-001 -4.495550332253E-002  1.406249322113E-002
  4.463566438835E+000  7.238179969882E-002  9.827099289352E-002 -4.393929142236E-002  1.430546448434E-002
  4.536728502895E+000  7.394976018725E-002  9.509476552136E-002 -4.288567785527E-002  1.448578912650E-002
  4.611481090679E+000  7.556311740127E-002  9.192954900471E-002 -4.179796849932E-002  1.460542591457E-002
  4.687870421430E+000  7.722352824817E-002  8.877931767911E-002 -4.067956108347E-002  1.466656902332E-002
  4.765944407533E+000  7.893272272784E-002  8.564802172206E-002 -3.953392849571E-002  1.467163728492E-002
  4.845752729492E+000  8.069250772248E-002  8.253957199332E-002 -3.836460101018E-002  1.462326019967E-002
  4.927346914797E+000  8.250477101257E-002  7.945782485118E-002 -3.717514763159E-002  1.452426092634E-002
  5.010780420931E+000  8.437148553436E-002  7.640656708145E-002 -3.596915677301E-002  1.437763652097E-002
  5.096108722763E+000  8.629471389541E-002  7.338950107754E-002 -3.475021649662E-002  1.418653573920E-002
  5.183389404586E+000  8.827661316581E-002  7.041023040931E-002 -3.352189455775E-002  1.395423475877E-002
  5.272682257105E+000  9.031943996425E-002  6.747224591529E-002 -3.228771849909E-002  1.368411121427E-002
  5.364049379651E+000  9.242555585946E-002  6.457891244798E-002 -3.105115604451E-002  1.337961696520E-002
  5.457555287978E+000  9.459743310926E-002  6.173345639407E-002 -2.981559603963E-002  1.304425003920E-002
  5.553267027968E+000  9.683766076100E-002  5.893895408195E-002 -2.858433018005E-002  1.268152620530E-002
  5.651254295630E+000  9.914895113938E-002  5.619832117678E-002 -2.736053575674E-002  1.229495063559E-002
  5.751589563796E+000  1.015341467494E-001  5.351430314954E-002 -2.614725963250E-002  1.188799010875E-002
  5.854348215936E+000  1.039962276248E-001  5.088946689077E-002 -2.494740364320E-002  1.146404619414E-002
  5.959608687557E+000  1.065383191537E-001  4.832619352266E-002 -2.376371159348E-002  1.102642983150E-002
  6.067452615683E+000  1.091637004188E-001  4.582667244444E-002 -2.259875798873E-002  1.057833768878E-002
  6.177964996951E+000  1.118758130872E-001  4.339289662755E-002 -2.145493861434E-002  1.012283064047E-002
  6.291234354880E+000  1.146782708938E-001  4.102665915697E-002 -2.033446303976E-002  9.662814660365E-003
  6.407352916949E+000  1.175748697626E-001  3.872955099626E-002 -1.923934908976E-002  9.201024369082E-003
  6.526416802128E+000  1.205695986129E-001  3.650295993505E-002 -1.817141928959E-002  8.740009417605E-003
  6.648526219580E+000  1.236666509049E-001  3.434807066002E-002 -1.713229925413E-002  8.282123825483E-003
  6.773785679311E+000  1.268704369821E-001  3.226586587483E-002 -1.612341795635E-002  7.829518328154E-003
  6.902304215570E+000  1.301855972713E-001  3.025712838041E-002 -1.514600977684E-002  7.384135723155E-003
  7.034195623922E+000  1.336170164087E-001  2.832244401577E-002 -1.420111820539E-002  6.947709141947E-003
  7.169578712934E+000  1.371698383673E-001  2.646220535146E-002 -1.328960103846E-002  6.521763114155E-003
  7.308577571516E+000  1.408494826628E-001  2.467661602244E-002 -1.241213689369E-002  6.107617236001E-003
  7.451321853057E+000  1.446616617293E-001  2.296569558572E-002 -1.156923284455E-002  5.706392205982E-003
  7.597947077547E+000  1.486123995567E-001  2.132928479025E-002 -1.076123296607E-002  5.319017949872E-003
  7.748594953021E+000  1.527080516973E-001  1.976705115213E-002 -9.988327576326E-003  4.946243524885E-003
  7.903413717736E+000  1.569553267535E-001  1.827849473730E-002 -9.250562957893E-003  4.588648470292E-003
  8.062558504629E+000  1.613613094717E-001  1.686295406658E-002 -8.547851349414E-003  4.246655259293E-003
  8.226191729726E+000  1.659334855793E-001  1.551961207304E-002 -7.879981009220E-003  3.920542504865E-003
  8.394483506327E+000  1.706797685137E-001  1.424750205942E-002 -7.246626169968E-003  3.610458580261E-003
  8.567612086926E+000  1.756085282071E-001  1.304551362299E-002 -6.647356725349E-003  3.316435332481E-003
  8.745764335025E+000  1.807286221064E-001  1.191239853568E-002 -6.081647515897E-003  3.038401593317E-003
  8.929136229160E+000  1.860494286260E-001  1.084677658806E-002 -5.548887109965E-003  2.776196226480E-003
  9.117933401693E+000  1.915808832504E-001  9.847141426293E-003 -5.048386006968E-003  2.529580489241E-003
  9.312371715124E+000  1.973335175235E-001  8.911866429610E-003 -4.579384221708E-003  2.298249531394E-003
  9.512677878945E+000  2.033185011886E-001  8.039210692872E-003 -4.141058239931E-003  2.081842901334E-003
  9.719090110332E+000  2.095476877688E-001  7.227325191691E-003 -3.732527364847E-003  1.879953976771E-003
  9.931858842267E+000  2.160336639044E-001  6.474259217564E-003 -3.352859501179E-003  1.692138284189E-003
  1.015124748302E+001  2.227898028021E-001  5.777967175401E-003 -3.001076446206E-003  1.517920714900E-003
  1.037753323129E+001  2.298303221843E-001  5.136315836141E-003 -2.676158775496E-003  1.356801684773E-003
  1.061100795175E+001  2.371703471699E-001  4.547092132187E-003 -2.377050423796E-003  1.208262318167E-003
  1.085197911611E+001  2.448259785618E-001  4.008011573146E-003 -2.102663068520E-003  1.071768763219E-003
  1.110077081537E+001  2.528143670735E-001  3.516727343962E-003 -1.851880424208E-003  9.467757646918E-004
  1.135772484956E+001  2.611537940784E-001  3.070840127322E-003 -1.623562551346E-003  8.327296318731E-004
  1.162320190175E+001  2.698637595360E-001  2.667908667698E-003 -1.416550272402E-003  7.290707425166E-004
  1.189758280382E+001  2.789650778206E-001  2.305461066357E-003 -1.229669772387E-003  6.352357200366E-004
  1.218126990242E+001  2.884799822596E-001  1.981006766004E-003 -1.061737441610E-003  5.506594108348E-004
  1.247468853413E+001  2.984322392826E-001  1.692049151506E-003 -9.115649954404E-004  4.747767728271E-004
  1.277828862002E+001  3.088472731875E-001  1.436098660541E-003 -7.779648810341E-004  4.070247661800E-004
  1.309254639077E+001  3.197523026463E-001  1.210686266286E-003 -6.597559552179E-004  3.468443143380E-004
  1.341796625462E+001  3.311764902095E-001  1.013377164651E-003 -5.557693923632E-004  2.936823790472E-004
  1.375508282195E+001  3.431511062169E-001  8.417844723782E-004 -4.648547571631E-004  2.469941686321E-004
  1.410446310162E+001  3.557097086969E-001  6.935827207281E-004 -3.858861559277E-004  2.062454755390E-004
  1.446670888596E+001  3.688883410292E-001  5.665209136062E-004 -3.177683622111E-004  1.709151182224E-004
  1.484245934302E+001  3.827257493700E-001  4.584349097956E-004 -2.594427990907E-004  1.404974447076E-004
  1.523239383723E+001  3.972636220891E-001  3.672588872610E-004 -2.098932518191E-004  1.145048412698E-004
  1.563723500136E+001  4.125468537596E-001  2.910356538651E-004 -1.681511812628E-004  9.247018002545E-005
  1.605775208607E+001  4.286238365683E-001  2.279255836414E-004 -1.333005107288E-004  7.394913400892E-005
  1.649476461582E+001  4.455467823929E-001  1.762139810617E-004 -1.044817664454E-004  5.852228744277E-005
  1.694914638379E+001  4.633720792263E-001  1.343167072980E-004 -8.089546491516E-005  4.579697218044E-005
  1.742182982203E+001  4.821606861220E-001  1.007839417240E-004 -6.180465819590E-005  3.540876830034E-005
  1.791381078784E+001  5.019785714107E-001  7.430199790696E-005 -4.653657030864E-005  2.702261705970E-005
  1.842615381215E+001  5.228971995942E-001  5.369316479909E-005 -3.448328366960E-005  2.033350727153E-005
  1.895999786176E+001  5.449940730840E-001  3.791359905909E-005 -2.510146276305E-005  1.506671098752E-005
  1.951656267356E+001  5.683533358366E-001  2.604935139140E-005 -1.791113212967E-005  1.097756044473E-005
  2.009715572669E+001  5.930664469535E-001  1.731066612702E-005 -1.249355591480E-005  7.850774823750E-006
  2.070317992707E+001  6.192329335039E-001  1.102474641453E-005 -8.488295369943E-006  5.499361713578E-006
  2.133614208874E+001  6.469612332096E-001  6.627224650429E-006 -5.589547432943E-006  3.763133522412E-006
  2.199766230782E+001  6.763696392388E-001  3.652616501307E-006 -3.541890435044E-006  2.506892669629E-006
  2.268948433818E+001  7.075873612439E-001  1.724064624380E-006 -2.135580786163E-006  1.618350547288E-006
  2.341348709294E+001  7.407557189842E-001  5.426929701090E-007 -1.201556043191E-006  1.005853335967E-006
  2.417169741362E+001  7.760294874639E-001 -1.231070215216E-007 -6.063042229419E-007  5.959923175027E-007
  2.496630426925E+001  8.135784155747E-001 -4.481514843546E-007 -2.467561196727E-007  3.311770403949E-007
  2.579967457140E+001  8.535889438281E-001 -5.604225251952E-007 -4.534673663287E-008  1.672464797724E-007
  2.667437081864E+001  8.962661510291E-001 -5.502739208327E-007  5.462571988773E-008  7.118636725916E-008
  2.759317081651E+001  9.418359647997E-001 -4.787003845349E-007  9.323842789883E-008  1.901059441542E-008
  2.855908975674E+001  9.905476768748E-001 -3.845459492954E-007  9.770320812374E-008 -6.148273126826E-009
  2.957540498378E+001  1.042676811269E+000 -2.905891282780E-007  8.559986956980E-008 -1.570886292569E-008
  3.064568382919E+001  1.098528402000E+000 -2.085030172682E-007  6.756755955007E-008 -1.705584606943E-008
  3.177381495601E+001  1.158440747351E+000 -1.427430676517E-007  4.946648140978E-008 -1.469892859872E-008
  3.296404372807E+001  1.222789720048E+000 -9.346012536609E-008  3.404671227940E-008 -1.118807553676E-008
  3.422101220608E+001  1.291993727721E+000 -5.856874861167E-008  2.217955840225E-008 -7.807481974053E-009
  3.554980447538E+001  1.366519436102E+000 -3.511936064240E-008  1.371895941370E-008 -5.078113957146E-009
  3.695599813319E+001  1.446888389511E+000 -2.012752895489E-008  8.065656985613E-009 -3.102584053281E-009
  3.844572291106E+001  1.533684690030E+000 -1.100609894946E-008  4.505678518526E-009 -1.786824414592E-009
  4.002572758518E+001  1.627563929686E+000 -5.728746673792E-009  2.388295475610E-009 -9.709361694507E-010
  4.170345654134E+001  1.729263610453E+000 -2.830201002125E-009  1.198587604409E-009 -4.974457549618E-010
  4.348713762001E+001  1.839615336740E+000 -1.322579265814E-009  5.678554753960E-010 -2.398374665193E-010
  4.538588318162E+001  1.959559126947E+000 -5.823028768158E-010  2.530638102060E-010 -1.085046226409E-010
  4.740980671574E+001  2.090160267552E+000 -2.404482413474E-010  1.056312019176E-010 -4.588865608405E-011
  4.957015778746E+001  2.232629229408E+000 -9.263774193265E-011  4.109300578400E-011 -1.805903374755E-011
  5.187947869225E+001  2.388345286640E+000 -3.310503612790E-011  1.481419639968E-011 -6.577478996187E-012
  5.435178690397E+001  2.558884630889E+000 -1.090056460174E-011  4.916902122749E-012 -2.203247787782E-012
  5.700278828629E+001  2.746053966795E+000 -3.282330386204E-012  1.491372066574E-012 -6.738411712227E-013
  5.985012714155E+001  2.951930820846E+000 -8.961747953722E-013  4.099202999824E-013 -1.866115383419E-013
  6.291368055481E+001  3.178912111311E+000 -2.197287139905E-013  1.011278208331E-013 -4.635449995883E-014
  6.621590623276E+001  3.429772933797E+000 -4.785258358054E-014  2.214967275404E-014 -1.021700151868E-014
  6.978225524452E+001  3.707738044625E+000 -9.141884883898E-015  4.254016236220E-015 -1.973667916888E-015
  7.364166388185E+001  4.016569212832E+000 -1.510450182530E-015  7.063395921991E-016 -3.294708464060E-016
  7.782714245929E+001  4.360672516382E+000 -2.123541124695E-016  9.976308504466E-017 -4.676630373353E-017
  8.237648351994E+001  4.745230855210E+000 -2.493470367549E-017  1.176487787693E-017 -5.540636353930E-018
  8.733311794503E+001  5.176368549127E+000 -2.393428118850E-018  1.133864879164E-018 -5.362992468277E-019
  9.274715535088E+001  5.661357031559E+000 -1.832085200158E-019  8.712405204708E-020 -4.137473631794E-020
  9.867665554529E+001  6.208873552072E+000 -1.086662790735E-020  5.186103765404E-021 -2.472170597960E-021
  1.051891916055E+002  6.829328764649E+000 -4.829729209294E-022  2.312774604691E-022 -1.106391838697E-022
  1.123637836013E+002  7.535284543316E+000 -1.546701311197E-023  7.430154515399E-024 -3.566305625311E-024
  1.202933069206E+002  8.341990973528E+000 -3.408184838952E-025  1.642169319431E-025 -7.906741463728E-026
  1.290875131414E+002  9.268082166539E+000 -4.893240020047E-027  2.364407586408E-027 -1.141776070522E-027
  1.388768482001E+002  1.033648575811E+001 -4.290121559898E-029  2.078540855548E-029 -1.006518409525E-029
  1.498173177370E+002  1.157562284364E+001 -2.125448716086E-031  1.032378155824E-031 -5.012298335796E-032
  1.620967411853E+002  1.302100699722E+001 -5.419483323169E-034  2.638668516828E-034 -1.284258663926E-034
  1.759428668168E+002  1.471739812515E+001 -6.349811517427E-037  3.098626486624E-037 -1.511627582455E-037
  1.916340085825E+002  1.672173748087E+001 -2.976284377033E-040  1.455491543439E-040 -7.115981723193E-041
  2.095131417987E+002  1.910719757888E+001 -4.704387686792E-044  2.305223870661E-044 -1.129359940168E-044
  2.300068054477E+002  2.196884699990E+001 -2.027412966810E-048  9.953527537850E-049 -4.885821533575E-049
  2.536507797910E+002  2.543169216868E+001 -1.823935978377E-053  8.970593879666E-054 -4.411360632633E-054
  2.811254638474E+002  2.966227967912E+001 -2.439903542350E-059  1.202028615938E-059 -5.921183329989E-060
  3.133053780630E+002  3.488573552677E+001 -3.137696035668E-066  1.548242034325E-066 -7.638855002360E-067
  3.513296254502E+002  4.141128389041E+001 -2.197507285356E-074  1.085927478467E-074 -5.365880063347E-075
  3.967041014106E+002  4.967130404214E+001 -3.953564574657E-084  1.956409510865E-084 -9.680707681455E-085
  4.514529193349E+002  6.028257212519E+001 -6.653348339195E-096  3.296633299828E-096 -1.633363945541E-096
  5.183481233601E+002  7.414493328740E+001 -2.624749891755E-110  1.302080287199E-110 -6.459129828430E-111
  6.012676077950E+002  9.260523890243E+001 -3.501154632860E-128  1.738767340590E-128 -8.634985862712E-129
  7.057700503752E+002  1.177394213729E+002 -9.835305273179E-151  4.889450332385E-151 -2.430664427085E-151
  8.400513767914E+002  1.528577972397E+002 -9.702770276356E-180  4.828056220013E-180 -2.402391685984E-180
  1.016602135495E+003  2.034537342122E+002 -6.554835376211E-218  3.264417588578E-218 -1.625721632698E-218
  1.255220715580E+003  2.790860613466E+002 -1.533440492803E-269  7.642610284401E-270 -3.809028768677E-270
  1.588815776243E+003  3.973705897531E+002  0.000000000000E+000  0.000000000000E+000  0.000000000000E+000
  2.075392011604E+003  5.931596040112E+002  0.000000000000E+000  0.000000000000E+000  0.000000000000E+000
  2.825079847529E+003  9.419154890021E+002  0.000000000000E+000  0.000000000000E+000  0.000000000000E+000
  4.068408296184E+003  1.627629972033E+003  0.000000000000E+000  0.000000000000E+000  0.000000000000E+000
  6.357262947674E+003  3.178964796686E+003  0.000000000000E+000  0.000000000000E+000  0.000000000000E+000
  1.130231930164E+004  7.535323971013E+003  0.000000000000E+000  0.000000000000E+000  0.000000000000E+000
  2.543105175140E+004  2.543171841285E+004  0.000000000000E+000  0.000000000000E+000  0.000000000000E+000
  1.017262069958E+005  2.034537473226E+005  0.000000000000E+000  0.000000000000E+000  0.000000000000E+000
