# 1st line: number of mesh points
# abcissa weight wavefunction wavefunction_1st wavefunction_2nd
500
# Principal QN=   2 , l=   0 , Occupation=   0.9900
  9.830308526508E-006  1.966074589941E-005 -1.642915979302E+000  5.087154544941E+000 -1.579414758187E+001
  3.932200719717E-005  3.932303800261E-005 -1.642765957341E+000  5.086688773981E+000 -1.579243316725E+001
  8.847741541455E-005  5.898842277178E-005 -1.642515938156E+000  5.085912560703E+000 -1.578957612970E+001
  1.573003992804E-004  7.865844718600E-005 -1.642165947869E+000  5.084826012585E+000 -1.578557694940E+001
  2.457963722417E-004  9.833465899987E-005 -1.641716023050E+000  5.083429280071E+000 -1.578043629850E+001
  3.539722959954E-004  1.180186070023E-004 -1.641166210711E+000  5.081722556563E+000 -1.577415504105E+001
  4.818366816528E-004  1.377118412759E-004 -1.640516568306E+000  5.079706078391E+000 -1.576673423285E+001
  6.293995911626E-004  1.574159134560E-004 -1.639767163725E+000  5.077380124782E+000 -1.575817512133E+001
  7.966726389934E-004  1.771323769912E-004 -1.638918075291E+000  5.074745017834E+000 -1.574847914538E+001
  9.836689940782E-004  1.968627874036E-004 -1.637969391750E+000  5.071801122466E+000 -1.573764793509E+001
  1.190403382016E-003  2.166087025496E-004 -1.636921212270E+000  5.068548846380E+000 -1.572568331162E+001
  1.416892087541E-003  2.363716828821E-004 -1.635773646433E+000  5.064988640009E+000 -1.571258728687E+001
  1.663152957245E-003  2.561532917128E-004 -1.634526814222E+000  5.061120996457E+000 -1.569836206323E+001
  1.929205402573E-003  2.759550954757E-004 -1.633180846019E+000  5.056946451443E+000 -1.568301003326E+001
  2.215070403074E-003  2.957786639908E-004 -1.631735882593E+000  5.052465583233E+000 -1.566653377937E+001
  2.520770509919E-003  3.156255707300E-004 -1.630192075089E+000  5.047679012566E+000 -1.564893607345E+001
  2.846329849692E-003  3.354973930828E-004 -1.628549585018E+000  5.042587402577E+000 -1.563021987647E+001
  3.191774128432E-003  3.553957126240E-004 -1.626808584246E+000  5.037191458716E+000 -1.561038833808E+001
  3.557130635959E-003  3.753221153821E-004 -1.624969254980E+000  5.031491928655E+000 -1.558944479615E+001
  3.942428250463E-003  3.952781921092E-004 -1.623031789756E+000  5.025489602199E+000 -1.556739277630E+001
  4.347697443358E-003  4.152655385525E-004 -1.620996391426E+000  5.019185311183E+000 -1.554423599141E+001
  4.772970284417E-003  4.352857557265E-004 -1.618863273139E+000  5.012579929368E+000 -1.551997834107E+001
  5.218280447175E-003  4.553404501876E-004 -1.616632658331E+000  5.005674372330E+000 -1.549462391105E+001
  5.683663214611E-003  4.754312343099E-004 -1.614304780705E+000  4.998469597343E+000 -1.546817697266E+001
  6.169155485101E-003  4.955597265624E-004 -1.611879884215E+000  4.990966603256E+000 -1.544064198222E+001
  6.674795778653E-003  5.157275517886E-004 -1.609358223047E+000  4.983166430366E+000 -1.541202358031E+001
  7.200624243425E-003  5.359363414876E-004 -1.606740061602E+000  4.975070160287E+000 -1.538232659120E+001
  7.746682662519E-003  5.561877340970E-004 -1.604025674475E+000  4.966678915803E+000 -1.535155602208E+001
  8.313014461060E-003  5.764833752781E-004 -1.601215346435E+000  4.957993860731E+000 -1.531971706232E+001
  8.899664713569E-003  5.968249182030E-004 -1.598309372401E+000  4.949016199764E+000 -1.528681508277E+001
  9.506680151615E-003  6.172140238444E-004 -1.595308057427E+000  4.939747178317E+000 -1.525285563491E+001
  1.013410917176E-002  6.376523612666E-004 -1.592211716671E+000  4.930188082361E+000 -1.521784445004E+001
  1.078200184380E-002  6.581416079202E-004 -1.589020675375E+000  4.920340238257E+000 -1.518178743845E+001
  1.145040991929E-002  6.786834499385E-004 -1.585735268840E+000  4.910205012578E+000 -1.514469068848E+001
  1.213938684040E-002  6.992795824361E-004 -1.582355842400E+000  4.899783811930E+000 -1.510656046568E+001
  1.284898774901E-002  7.199317098113E-004 -1.578882751396E+000  4.889078082761E+000 -1.506740321179E+001
  1.357926949620E-002  7.406415460502E-004 -1.575316361147E+000  4.878089311172E+000 -1.502722554381E+001
  1.433029065191E-002  7.614108150341E-004 -1.571657046923E+000  4.866819022713E+000 -1.498603425296E+001
  1.510211151509E-002  7.822412508494E-004 -1.567905193917E+000  4.855268782180E+000 -1.494383630365E+001
  1.589479412397E-002  8.031345981016E-004 -1.564061197213E+000  4.843440193400E+000 -1.490063883239E+001
  1.670840226680E-002  8.240926122311E-004 -1.560125461753E+000  4.831334899013E+000 -1.485644914671E+001
  1.754300149280E-002  8.451170598329E-004 -1.556098402310E+000  4.818954580246E+000 -1.481127472398E+001
  1.839865912351E-002  8.662097189796E-004 -1.551980443452E+000  4.806300956682E+000 -1.476512321025E+001
  1.927544426443E-002  8.873723795480E-004 -1.547772019508E+000  4.793375786021E+000 -1.471800241906E+001
  2.017342781695E-002  9.086068435487E-004 -1.543473574533E+000  4.780180863836E+000 -1.466992033014E+001
  2.109268249069E-002  9.299149254598E-004 -1.539085562275E+000  4.766718023317E+000 -1.462088508821E+001
  2.203328281612E-002  9.512984525641E-004 -1.534608446135E+000  4.752989135021E+000 -1.457090500160E+001
  2.299530515754E-002  9.727592652906E-004 -1.530042699128E+000  4.738996106596E+000 -1.451998854092E+001
  2.397882772639E-002  9.942992175591E-004 -1.525388803850E+000  4.724740882519E+000 -1.446814433771E+001
  2.498393059493E-002  1.015920177130E-003 -1.520647252432E+000  4.710225443810E+000 -1.441538118296E+001
  2.601069571024E-002  1.037624025957E-003 -1.515818546504E+000  4.695451807750E+000 -1.436170802571E+001
  2.705920690860E-002  1.059412660547E-003 -1.510903197148E+000  4.680422027588E+000 -1.430713397152E+001
  2.812954993023E-002  1.081287992318E-003 -1.505901724861E+000  4.665138192238E+000 -1.425166828097E+001
  2.922181243436E-002  1.103251947969E-003 -1.500814659507E+000  4.649602425977E+000 -1.419532036804E+001
  3.033608401473E-002  1.125306469854E-003 -1.495642540272E+000  4.633816888125E+000 -1.413809979860E+001
  3.147245621542E-002  1.147453516351E-003 -1.490385915621E+000  4.617783772731E+000 -1.408001628867E+001
  3.263102254705E-002  1.169695062249E-003 -1.485045343248E+000  4.601505308238E+000 -1.402107970280E+001
  3.381187850339E-002  1.192033099133E-003 -1.479621390029E+000  4.584983757150E+000 -1.396130005235E+001
  3.501512157837E-002  1.214469635775E-003 -1.474114631973E+000  4.568221415692E+000 -1.390068749369E+001
  3.624085128345E-002  1.237006698530E-003 -1.468525654171E+000  4.551220613451E+000 -1.383925232646E+001
  3.748916916538E-002  1.259646331739E-003 -1.462855050743E+000  4.533983713029E+000 -1.377700499169E+001
  3.876017882444E-002  1.282390598136E-003 -1.457103424790E+000  4.516513109669E+000 -1.371395606996E+001
  4.005398593302E-002  1.305241579266E-003 -1.451271388337E+000  4.498811230887E+000 -1.365011627947E+001
  4.137069825459E-002  1.328201375897E-003 -1.445359562276E+000  4.480880536088E+000 -1.358549647406E+001
  4.271042566323E-002  1.351272108452E-003 -1.439368576316E+000  4.462723516183E+000 -1.352010764128E+001
  4.407328016341E-002  1.374455917436E-003 -1.433299068921E+000  4.444342693187E+000 -1.345396090028E+001
  4.545937591035E-002  1.397754963880E-003 -1.427151687253E+000  4.425740619822E+000 -1.338706749978E+001
  4.686882923075E-002  1.421171429779E-003 -1.420927087115E+000  4.406919879100E+000 -1.331943881594E+001
  4.830175864396E-002  1.444707518548E-003 -1.414625932886E+000  4.387883083909E+000 -1.325108635020E+001
  4.975828488365E-002  1.468365455478E-003 -1.408248897463E+000  4.368632876585E+000 -1.318202172705E+001
  5.123853091993E-002  1.492147488203E-003 -1.401796662198E+000  4.349171928475E+000 -1.311225669184E+001
  5.274262198188E-002  1.516055887169E-003 -1.395269916831E+000  4.329502939500E+000 -1.304180310846E+001
  5.427068558066E-002  1.540092946119E-003 -1.388669359428E+000  4.309628637700E+000 -1.297067295699E+001
  5.582285153302E-002  1.564260982573E-003 -1.381995696311E+000  4.289551778777E+000 -1.289887833137E+001
  5.739925198530E-002  1.588562338332E-003 -1.375249641997E+000  4.269275145634E+000 -1.282643143697E+001
  5.900002143803E-002  1.612999379973E-003 -1.368431919120E+000  4.248801547893E+000 -1.275334458812E+001
  6.062529677088E-002  1.637574499364E-003 -1.361543258370E+000  4.228133821421E+000 -1.267963020560E+001
  6.227521726827E-002  1.662290114181E-003 -1.354584398414E+000  4.207274827836E+000 -1.260530081413E+001
  6.394992464542E-002  1.687148668440E-003 -1.347556085832E+000  4.186227454011E+000 -1.253036903977E+001
  6.564956307496E-002  1.712152633027E-003 -1.340459075034E+000  4.164994611570E+000 -1.245484760725E+001
  6.737427921404E-002  1.737304506249E-003 -1.333294128193E+000  4.143579236369E+000 -1.237874933733E+001
  6.912422223211E-002  1.762606814387E-003 -1.326062015167E+000  4.121984287983E+000 -1.230208714408E+001
  7.089954383907E-002  1.788062112257E-003 -1.318763513418E+000  4.100212749170E+000 -1.222487403210E+001
  7.270039831418E-002  1.813672983787E-003 -1.311399407940E+000  4.078267625338E+000 -1.214712309372E+001
  7.452694253540E-002  1.839442042599E-003 -1.303970491174E+000  4.056151943998E+000 -1.206884750612E+001
  7.637933600943E-002  1.865371932600E-003 -1.296477562930E+000  4.033868754211E+000 -1.199006052850E+001
  7.825774090225E-002  1.891465328589E-003 -1.288921430304E+000  4.011421126030E+000 -1.191077549906E+001
  8.016232207035E-002  1.917724936867E-003 -1.281302907599E+000  3.988812149929E+000 -1.183100583206E+001
  8.209324709253E-002  1.944153495867E-003 -1.273622816232E+000  3.966044936228E+000 -1.175076501478E+001
  8.405068630235E-002  1.970753776782E-003 -1.265881984659E+000  3.943122614510E+000 -1.167006660447E+001
  8.603481282122E-002  1.997528584221E-003 -1.258081248279E+000  3.920048333026E+000 -1.158892422520E+001
  8.804580259214E-002  2.024480756857E-003 -1.250221449353E+000  3.896825258102E+000 -1.150735156469E+001
  9.008383441408E-002  2.051613168108E-003 -1.242303436913E+000  3.873456573529E+000 -1.142536237118E+001
  9.214908997710E-002  2.078928726810E-003 -1.234328066670E+000  3.849945479947E+000 -1.134297045009E+001
  9.424175389809E-002  2.106430377918E-003 -1.226296200926E+000  3.826295194230E+000 -1.126018966081E+001
  9.636201375725E-002  2.134121103210E-003 -1.218208708479E+000  3.802508948850E+000 -1.117703391332E+001
  9.851006013526E-002  2.162003922007E-003 -1.210066464532E+000  3.778589991249E+000 -1.109351716484E+001
  1.006860866512E-001  2.190081891910E-003 -1.201870350597E+000  3.754541583189E+000 -1.100965341640E+001
  1.028902900012E-001  2.218358109541E-003 -1.193621254399E+000  3.730367000108E+000 -1.092545670940E+001
  1.051228699979E-001  2.246835711311E-003 -1.185320069782E+000  3.706069530460E+000 -1.084094112212E+001
  1.073840296104E-001  2.275517874190E-003 -1.176967696608E+000  3.681652475055E+000 -1.075612076614E+001
  1.096739750056E-001  2.304407816497E-003 -1.168565040659E+000  3.657119146384E+000 -1.067100978282E+001
  1.119929155896E-001  2.333508798707E-003 -1.160113013542E+000  3.632472867948E+000 -1.058562233963E+001
  1.143410640503E-001  2.362824124271E-003 -1.151612532581E+000  3.607716973573E+000 -1.049997262655E+001
  1.167186364011E-001  2.392357140448E-003 -1.143064520719E+000  3.582854806720E+000 -1.041407485233E+001
  1.191258520249E-001  2.422111239159E-003 -1.134469906416E+000  3.557889719793E+000 -1.032794324079E+001
  1.215629337189E-001  2.452089857854E-003 -1.125829623545E+000  3.532825073436E+000 -1.024159202704E+001
  1.240301077413E-001  2.482296480400E-003 -1.117144611286E+000  3.507664235828E+000 -1.015503545367E+001
  1.265276038575E-001  2.512734637975E-003 -1.108415814022E+000  3.482410581972E+000 -1.006828776695E+001
  1.290556553882E-001  2.543407909995E-003 -1.099644181232E+000  3.457067492976E+000 -9.981363212911E+000
  1.316144992580E-001  2.574319925047E-003 -1.090830667385E+000  3.431638355331E+000 -9.894276033484E+000
  1.342043760450E-001  2.605474361847E-003 -1.081976231831E+000  3.406126560188E+000 -9.807040462537E+000
  1.368255300316E-001  2.636874950214E-003 -1.073081838692E+000  3.380535502622E+000 -9.719670721924E+000
  1.394782092560E-001  2.668525472060E-003 -1.064148456756E+000  3.354868580899E+000 -9.632181017481E+000
  1.421626655646E-001  2.700429762411E-003 -1.055177059359E+000  3.329129195735E+000 -9.544585535012E+000
  1.448791546661E-001  2.732591710434E-003 -1.046168624286E+000  3.303320749553E+000 -9.456898436227E+000
  1.476279361856E-001  2.765015260497E-003 -1.037124133647E+000  3.277446645735E+000 -9.369133854677E+000
  1.504092737207E-001  2.797704413242E-003 -1.028044573773E+000  3.251510287871E+000 -9.281305891643E+000
  1.532234348983E-001  2.830663226680E-003 -1.018930935101E+000  3.225515079010E+000 -9.193428612019E+000
  1.560706914324E-001  2.863895817319E-003 -1.009784212061E+000  3.199464420896E+000 -9.105516040162E+000
  1.589513191834E-001  2.897406361298E-003 -1.000605402960E+000  3.173361713215E+000 -9.017582155731E+000
  1.618655982178E-001  2.931199095559E-003 -9.913955098718E-001  3.147210352835E+000 -8.929640889498E+000
  1.648138128702E-001  2.965278319033E-003 -9.821555385182E-001  3.121013733039E+000 -8.841706119155E+000
  1.677962518056E-001  2.999648393860E-003 -9.728864981564E-001  3.094775242763E+000 -8.753791665092E+000
  1.708132080832E-001  3.034313746623E-003 -9.635894014626E-001  3.068498265836E+000 -8.665911286175E+000
  1.738649792215E-001  3.069278869616E-003 -9.542652644161E-001  3.042186180205E+000 -8.578078675502E+000
  1.769518672648E-001  3.104548322136E-003 -9.449151061836E-001  3.015842357180E+000 -8.490307456161E+000
  1.800741788507E-001  3.140126731803E-003 -9.355399490024E-001  2.989470160659E+000 -8.402611176971E+000
  1.832322252791E-001  3.176018795904E-003 -9.261408180640E-001  2.963072946369E+000 -8.315003308222E+000
  1.864263225826E-001  3.212229282769E-003 -9.167187413974E-001  2.936654061100E+000 -8.227497237418E+000
  1.896567915983E-001  3.248763033179E-003 -9.072747497521E-001  2.910216841940E+000 -8.140106265010E+000
  1.929239580409E-001  3.285624961791E-003 -8.978098764815E-001  2.883764615516E+000 -8.052843600135E+000
  1.962281525771E-001  3.322820058613E-003 -8.883251574255E-001  2.857300697238E+000 -7.965722356365E+000
  1.995697109023E-001  3.360353390492E-003 -8.788216307942E-001  2.830828390534E+000 -7.878755547453E+000
  2.029489738173E-001  3.398230102644E-003 -8.693003370502E-001  2.804350986108E+000 -7.791956083094E+000
  2.063662873085E-001  3.436455420218E-003 -8.597623187928E-001  2.777871761180E+000 -7.705336764703E+000
  2.098220026275E-001  3.475034649885E-003 -8.502086206407E-001  2.751393978749E+000 -7.618910281194E+000
  2.133164763746E-001  3.513973181471E-003 -8.406402891158E-001  2.724920886847E+000 -7.532689204792E+000
  2.168500705817E-001  3.553276489620E-003 -8.310583725273E-001  2.698455717803E+000 -7.446685986857E+000
  2.204231527988E-001  3.592950135496E-003 -8.214639208555E-001  2.672001687516E+000 -7.360912953731E+000
  2.240360961807E-001  3.632999768520E-003 -8.118579856367E-001  2.645561994730E+000 -7.275382302618E+000
  2.276892795770E-001  3.673431128145E-003 -8.022416198475E-001  2.619139820313E+000 -7.190106097485E+000
  2.313830876220E-001  3.714250045674E-003 -7.926158777907E-001  2.592738326551E+000 -7.105096265004E+000
  2.351179108282E-001  3.755462446115E-003 -7.829818149806E-001  2.566360656441E+000 -7.020364590525E+000
  2.388941456809E-001  3.797074350078E-003 -7.733404880295E-001  2.540009933002E+000 -6.935922714088E+000
  2.427121947345E-001  3.839091875711E-003 -7.636929545347E-001  2.513689258582E+000 -6.851782126483E+000
  2.465724667110E-001  3.881521240686E-003 -7.540402729654E-001  2.487401714188E+000 -6.767954165347E+000
  2.504753766009E-001  3.924368764227E-003 -7.443835025513E-001  2.461150358815E+000 -6.684450011323E+000
  2.544213457654E-001  3.967640869177E-003 -7.347237031710E-001  2.434938228794E+000 -6.601280684260E+000
  2.584108020414E-001  4.011344084122E-003 -7.250619352414E-001  2.408768337142E+000 -6.518457039477E+000
  2.624441798480E-001  4.055485045557E-003 -7.153992596083E-001  2.382643672933E+000 -6.435989764086E+000
  2.665219202956E-001  4.100070500102E-003 -7.057367374366E-001  2.356567200672E+000 -6.353889373378E+000
  2.706444712976E-001  4.145107306769E-003 -6.960754301029E-001  2.330541859693E+000 -6.272166207280E+000
  2.748122876832E-001  4.190602439283E-003 -6.864163990873E-001  2.304570563556E+000 -6.190830426880E+000
  2.790258313137E-001  4.236562988450E-003 -6.767607058674E-001  2.278656199471E+000 -6.109892011030E+000
  2.832855712010E-001  4.282996164587E-003 -6.671094118122E-001  2.252801627729E+000 -6.029360753029E+000
  2.875919836279E-001  4.329909300005E-003 -6.574635780778E-001  2.227009681151E+000 -5.949246257390E+000
  2.919455522717E-001  4.377309851548E-003 -6.478242655028E-001  2.201283164551E+000 -5.869557936692E+000
  2.963467683296E-001  4.425205403192E-003 -6.381925345060E-001  2.175624854213E+000 -5.790305008526E+000
  3.007961306479E-001  4.473603668706E-003 -6.285694449842E-001  2.150037497395E+000 -5.711496492538E+000
  3.052941458522E-001  4.522512494374E-003 -6.189560562109E-001  2.124523811834E+000 -5.633141207570E+000
  3.098413284823E-001  4.571939861783E-003 -6.093534267366E-001  2.099086485282E+000 -5.555247768904E+000
  3.144382011281E-001  4.621893890671E-003 -5.997626142892E-001  2.073728175056E+000 -5.477824585616E+000
  3.190852945695E-001  4.672382841850E-003 -5.901846756761E-001  2.048451507605E+000 -5.400879858043E+000
  3.237831479192E-001  4.723415120192E-003 -5.806206666867E-001  2.023259078100E+000 -5.324421575362E+000
  3.285323087679E-001  4.774999277691E-003 -5.710716419960E-001  1.998153450037E+000 -5.248457513298E+000
  3.333333333333E-001  4.827144016591E-003 -5.615386550693E-001  1.973137154872E+000 -5.172995231944E+000
  3.381867866117E-001  4.879858192602E-003 -5.520227580673E-001  1.948212691661E+000 -5.098042073723E+000
  3.430932425333E-001  4.933150818173E-003 -5.425250017524E-001  1.923382526737E+000 -5.023605161473E+000
  3.480532841203E-001  4.987031065868E-003 -5.330464353957E-001  1.898649093400E+000 -4.949691396673E+000
  3.530675036492E-001  5.041508271801E-003 -5.235881066845E-001  1.874014791625E+000 -4.876307457809E+000
  3.581365028158E-001  5.096591939172E-003 -5.141510616312E-001  1.849481987806E+000 -4.803459798882E+000
  3.632608929041E-001  5.152291741875E-003 -5.047363444817E-001  1.825053014504E+000 -4.731154648070E+000
  3.684412949588E-001  5.208617528209E-003 -4.953449976257E-001  1.800730170238E+000 -4.659398006537E+000
  3.736783399619E-001  5.265579324662E-003 -4.859780615062E-001  1.776515719282E+000 -4.588195647396E+000
  3.789726690123E-001  5.323187339805E-003 -4.766365745304E-001  1.752411891496E+000 -4.517553114843E+000
  3.843249335105E-001  5.381451968273E-003 -4.673215729807E-001  1.728420882178E+000 -4.447475723438E+000
  3.897357953460E-001  5.440383794842E-003 -4.580340909252E-001  1.704544851935E+000 -4.377968557562E+000
  3.952059270903E-001  5.499993598618E-003 -4.487751601298E-001  1.680785926588E+000 -4.309036471043E+000
  4.007360121927E-001  5.560292357317E-003 -4.395458099688E-001  1.657146197089E+000 -4.240684086953E+000
  4.063267451812E-001  5.621291251662E-003 -4.303470673364E-001  1.633627719472E+000 -4.172915797577E+000
  4.119788318683E-001  5.683001669888E-003 -4.211799565575E-001  1.610232514824E+000 -4.105735764569E+000
  4.176929895600E-001  5.745435212354E-003 -4.120454992984E-001  1.586962569280E+000 -4.039147919278E+000
  4.234699472710E-001  5.808603696282E-003 -4.029447144772E-001  1.563819834039E+000 -3.973155963269E+000
  4.293104459435E-001  5.872519160606E-003 -3.938786181725E-001  1.540806225413E+000 -3.907763369018E+000
  4.352152386716E-001  5.937193870949E-003 -3.848482235327E-001  1.517923624886E+000 -3.842973380804E+000
  4.411850909306E-001  6.002640324729E-003 -3.758545406834E-001  1.495173879213E+000 -3.778789015786E+000
  4.472207808110E-001  6.068871256391E-003 -3.668985766339E-001  1.472558800523E+000 -3.715213065272E+000
  4.533230992589E-001  6.135899642772E-003 -3.579813351823E-001  1.450080166462E+000 -3.652248096177E+000
  4.594928503202E-001  6.203738708611E-003 -3.491038168189E-001  1.427739720347E+000 -3.589896452682E+000
  4.657308513924E-001  6.272401932198E-003 -3.402670186283E-001  1.405539171346E+000 -3.528160258078E+000
  4.720379334802E-001  6.341903051163E-003 -3.314719341890E-001  1.383480194677E+000 -3.467041416810E+000
  4.784149414579E-001  6.412256068427E-003 -3.227195534708E-001  1.361564431832E+000 -3.406541616715E+000
  4.848627343381E-001  6.483475258298E-003 -3.140108627305E-001  1.339793490814E+000 -3.346662331454E+000
  4.913821855461E-001  6.555575172733E-003 -3.053468444038E-001  1.318168946398E+000 -3.287404823135E+000
  4.979741832006E-001  6.628570647764E-003 -2.967284769952E-001  1.296692340410E+000 -3.228770145133E+000
  5.046396304008E-001  6.702476810086E-003 -2.881567349642E-001  1.275365182018E+000 -3.170759145102E+000
  5.113794455212E-001  6.777309083830E-003 -2.796325886083E-001  1.254188948045E+000 -3.113372468171E+000
  5.181945625116E-001  6.853083197508E-003 -2.711570039421E-001  1.233165083297E+000 -3.056610560333E+000
  5.250859312060E-001  6.929815191146E-003 -2.627309425724E-001  1.212295000897E+000 -3.000473672022E+000
  5.320545176366E-001  7.007521423604E-003 -2.543553615694E-001  1.191580082645E+000 -2.944961861865E+000
  5.391013043575E-001  7.086218580100E-003 -2.460312133327E-001  1.171021679374E+000 -2.890075000617E+000
  5.462272907741E-001  7.165923679926E-003 -2.377594454531E-001  1.150621111332E+000 -2.835812775277E+000
  5.534334934816E-001  7.246654084380E-003 -2.295410005686E-001  1.130379668555E+000 -2.782174693361E+000
  5.607209466109E-001  7.328427504912E-003 -2.213768162156E-001  1.110298611265E+000 -2.729160087360E+000
  5.680907021827E-001  7.411262011483E-003 -2.132678246736E-001  1.090379170257E+000 -2.676768119339E+000
  5.755438304707E-001  7.495176041166E-003 -2.052149528049E-001  1.070622547305E+000 -2.624997785712E+000
  5.830814203728E-001  7.580188406970E-003 -1.972191218867E-001  1.051029915552E+000 -2.573847922146E+000
  5.907045797917E-001  7.666318306912E-003 -1.892812474376E-001  1.031602419919E+000 -2.523317208625E+000
  5.984144360243E-001  7.753585333338E-003 -1.814022390367E-001  1.012341177496E+000 -2.473404174635E+000
  6.062121361613E-001  7.842009482502E-003 -1.735830001352E-001  9.932472779401E-001 -2.424107204488E+000
  6.140988474955E-001  7.931611164409E-003 -1.658244278613E-001  9.743217838609E-001 -2.375424542754E+000
  6.220757579409E-001  8.022411212936E-003 -1.581274128165E-001  9.555657311996E-001 -2.327354299811E+000
  6.301440764614E-001  8.114430896230E-003 -1.504928388644E-001  9.369801295988E-001 -2.279894457493E+000
  6.383050335109E-001  8.207691927403E-003 -1.429215829107E-001  9.185659627583E-001 -2.233042874825E+000
  6.465598814833E-001  8.302216475524E-003 -1.354145146753E-001  9.003241887764E-001 -2.186797293846E+000
  6.549098951744E-001  8.398027176926E-003 -1.279724964548E-001  8.822557404734E-001 -2.141155345490E+000
  6.633563722545E-001  8.495147146827E-003 -1.205963828768E-001  8.643615256957E-001 -2.096114555533E+000
  6.719006337539E-001  8.593599991288E-003 -1.132870206447E-001  8.466424275977E-001 -2.051672350581E+000
  6.805440245593E-001  8.693409819506E-003 -1.060452482728E-001  8.290993048987E-001 -2.007826064093E+000
  6.892879139233E-001  8.794601256469E-003 -9.887189581286E-002  8.117329921131E-001 -1.964572942418E+000
  6.981336959871E-001  8.897199455961E-003 -9.176778456967E-002  7.945442997500E-001 -1.921910150842E+000
  7.070827903152E-001  9.001230113956E-003 -8.473372680827E-002  7.775340144820E-001 -1.879834779627E+000
  7.161366424455E-001  9.106719482390E-003 -7.777052545061E-002  7.607028992780E-001 -1.838343850020E+000
  7.252967244510E-001  9.213694383338E-003 -7.087897376266E-002  7.440516934997E-001 -1.797434320233E+000
  7.345645355186E-001  9.322182223606E-003 -6.405985503174E-002  7.275811129579E-001 -1.757103091362E+000
  7.439416025400E-001  9.432211009745E-003 -5.731394223414E-002  7.112918499270E-001 -1.717347013236E+000
  7.534294807203E-001  9.543809363512E-003 -5.064199769310E-002  6.951845731152E-001 -1.678162890185E+000
  7.630297542000E-001  9.657006537783E-003 -4.404477272731E-002  6.792599275876E-001 -1.639547486704E+000
  7.727440366954E-001  9.771832432940E-003 -3.752300729019E-002  6.635185346403E-001 -1.601497532992E+000
  7.825739721536E-001  9.888317613741E-003 -3.107742960001E-002  6.479609916239E-001 -1.564009730364E+000
  7.925212354258E-001  1.000649332670E-002 -2.470875576138E-002  6.325878717129E-001 -1.527080756500E+000
  8.025875329584E-001  1.012639151798E-002 -1.841768937832E-002  6.173997236207E-001 -1.490707270530E+000
  8.127746035011E-001  1.024804485184E-002 -1.220492115935E-002  6.023970712574E-001 -1.454885917925E+000
  8.230842188350E-001  1.037148672960E-002 -6.071128515120E-003  5.875804133289E-001 -1.419613335190E+000
  8.335181845190E-001  1.049675130923E-002 -1.697514912896E-005  5.729502228759E-001 -1.384886154321E+000
  8.440783406568E-001  1.062387352550E-002  5.956889357905E-003  5.585069467522E-001 -1.350701007034E+000
  8.547665626839E-001  1.075288911077E-002  1.184982996923E-002  5.442510050395E-001 -1.317054528729E+000
  8.655847621758E-001  1.088383461638E-002  1.766122661812E-002  5.301827904000E-001 -1.283943362178E+000
  8.765348876780E-001  1.101674743475E-002  2.339047463791E-002  5.163026673642E-001 -1.251364160926E+000
  8.876189255584E-001  1.115166582209E-002  2.903698519508E-002  5.026109715548E-001 -1.219313592381E+000
  8.988389008829E-001  1.128862892191E-002  3.460018572440E-002  4.891080088470E-001 -1.187788340581E+000
  9.101968783143E-001  1.142767678917E-002  4.007952036502E-002  4.757940544631E-001 -1.156785108618E+000
  9.216949630368E-001  1.156885041525E-002  4.547445039629E-002  4.626693520049E-001 -1.126300620720E+000
  9.333353017046E-001  1.171219175365E-002  5.078445467215E-002  4.497341124235E-001 -1.096331623950E+000
  9.451200834176E-001  1.185774374655E-002  5.600903005257E-002  4.369885129265E-001 -1.066874889537E+000
  9.570515407237E-001  1.200555035216E-002  6.114769183070E-002  4.244326958268E-001 -1.037927213809E+000
  9.691319506484E-001  1.215565657299E-002  6.619997415425E-002  4.120667673328E-001 -1.009485418722E+000
  9.813636357544E-001  1.230810848498E-002  7.116543043927E-002  3.998907962843E-001 -9.815463519831E-001
  9.937489652293E-001  1.246295326757E-002  7.604363377484E-002  3.879048128349E-001 -9.541068867404E-001
  1.006290356005E+000  1.262023923477E-002  8.083417731679E-002  3.761088070865E-001 -9.271639208550E-001
  1.018990273907E+000  1.278001586715E-002  8.553667466850E-002  3.645027276781E-001 -9.007143757323E-001
  1.031851234841E+000  1.294233384499E-002  9.015076024693E-002  3.530864803338E-001 -8.747551947173E-001
  1.044875806003E+000  1.310724508236E-002  9.467608963184E-002  3.418599263752E-001 -8.492833410486E-001
  1.058066607138E+000  1.327480276248E-002  9.911233989604E-002  3.308228812024E-001 -8.242957953710E-001
  1.071426311823E+000  1.344506137405E-002  1.034592099145E-001  3.199751127509E-001 -7.997895528084E-001
  1.084957648792E+000  1.361807674895E-002  1.077164206501E-001  3.093163399294E-001 -7.757616196003E-001
  1.098663403298E+000  1.379390610110E-002  1.118837154142E-001  2.988462310467E-001 -7.522090093074E-001
  1.112546418516E+000  1.397260806657E-002  1.159608600981E-001  2.885644022335E-001 -7.291287385936E-001
  1.126609596985E+000  1.415424274514E-002  1.199476433760E-001  2.784704158689E-001 -7.065178225958E-001
  1.140855902095E+000  1.433887174317E-002  1.238438768738E-001  2.685637790188E-001 -6.843732698930E-001
  1.155288359613E+000  1.452655821788E-002  1.276493953031E-001  2.588439418958E-001 -6.626920770895E-001
  1.169910059257E+000  1.471736692327E-002  1.313640565589E-001  2.493102963498E-001 -6.414712230310E-001
  1.184724156317E+000  1.491136425740E-002  1.349877417759E-001  2.399621743998E-001 -6.207076626727E-001
  1.199733873325E+000  1.510861831145E-002  1.385203553442E-001  2.307988468168E-001 -6.003983206227E-001
  1.214942501771E+000  1.530919892035E-002  1.419618248793E-001  2.218195217693E-001 -5.805400843869E-001
  1.230353403874E+000  1.551317771520E-002  1.453121011465E-001  2.130233435426E-001 -5.611297973422E-001
  1.245970014403E+000  1.572062817747E-002  1.485711579362E-001  2.044093913437E-001 -5.421642514716E-001
  1.261795842559E+000  1.593162569510E-002  1.517389918884E-001  1.959766782041E-001 -5.236401798929E-001
  1.277834473907E+000  1.614624762054E-002  1.548156222649E-001  1.877241499920E-001 -5.055542492186E-001
  1.294089572372E+000  1.636457333079E-002  1.578010906671E-001  1.796506845486E-001 -4.879030517871E-001
  1.310564882294E+000  1.658668428962E-002  1.606954606976E-001  1.717550909594E-001 -4.706830978060E-001
  1.327264230548E+000  1.681266411190E-002  1.634988175655E-001  1.640361089745E-001 -4.538908074534E-001
  1.344191528724E+000  1.704259863026E-002  1.662112676325E-001  1.564924085909E-001 -4.375225029836E-001
  1.361350775387E+000  1.727657596408E-002  1.688329379010E-001  1.491225898104E-001 -4.215744008874E-001
  1.378746058390E+000  1.751468659100E-002  1.713639754412E-001  1.419251825847E-001 -4.060426041581E-001
  1.396381557275E+000  1.775702342093E-002  1.738045467602E-001  1.348986469626E-001 -3.909230947183E-001
  1.414261545744E+000  1.800368187279E-002  1.761548371101E-001  1.280413734496E-001 -3.762117260621E-001
  1.432390394201E+000  1.825475995395E-002  1.784150497376E-001  1.213516835946E-001 -3.619042161712E-001
  1.450772572390E+000  1.851035834267E-002  1.805854050755E-001  1.148278308128E-001 -3.479961407629E-001
  1.469412652102E+000  1.877058047342E-002  1.826661398776E-001  1.084680014586E-001 -3.344829269311E-001
  1.488315309978E+000  1.903553262542E-002  1.846575062987E-001  1.022703161563E-001 -3.213598472398E-001
  1.507485330398E+000  1.930532401444E-002  1.865597709227E-001  9.623283140017E-002 -3.086220143323E-001
  1.526927608467E+000  1.958006688797E-002  1.883732137404E-001  9.035354143193E-002 -2.962643761158E-001
  1.546647153093E+000  1.985987662391E-002  1.900981270831E-001  8.463038040240E-002 -2.842817115840E-001
  1.566649090169E+000  2.014487183303E-002  1.917348145132E-001  7.906122482458E-002 -2.726686273377E-001
  1.586938665861E+000  2.043517446518E-002  1.932835896787E-001  7.364389632248E-002 -2.614195548627E-001
  1.607521250000E+000  2.073090991960E-002  1.947447751367E-001  6.837616467919E-002 -2.505287486239E-001
  1.628402339588E+000  2.103220715932E-002  1.961187011507E-001  6.325575118587E-002 -2.399902850299E-001
  1.649587562420E+000  2.133919883002E-002  1.974057044708E-001  5.828033229149E-002 -2.297980623226E-001
  1.671082680832E+000  2.165202138333E-002  1.986061271022E-001  5.344754355124E-002 -2.199458014412E-001
  1.692893595565E+000  2.197081520497E-002  1.997203150721E-001  4.875498386948E-002 -2.104270479065E-001
  1.715026349769E+000  2.229572474776E-002  2.007486172020E-001  4.420022003063E-002 -2.012351747692E-001
  1.737487133138E+000  2.262689866987E-002  2.016913838976E-001  3.978079150951E-002 -1.923633866568E-001
  1.760282286187E+000  2.296448997842E-002  2.025489659647E-001  3.549421554963E-002 -1.838047249529E-001
  1.783418304674E+000  2.330865617868E-002  2.033217134628E-001  3.133799249574E-002 -1.755520741341E-001
  1.806901844175E+000  2.365955942924E-002  2.040099746092E-001  2.730961136404E-002 -1.675981692829E-001
  1.830739724818E+000  2.401736670327E-002  2.046140947445E-001  2.340655563085E-002 -1.599356047884E-001
  1.854938936184E+000  2.438224995616E-002  2.051344153748E-001  1.962630921754E-002 -1.525568442398E-001
  1.879506642368E+000  2.475438629994E-002  2.055712733014E-001  1.596636264681E-002 -1.454542315078E-001
  1.904450187236E+000  2.513395818467E-002  2.059249998552E-001  1.242421934223E-002 -1.386200030004E-001
  1.929777099847E+000  2.552115358717E-002  2.061959202483E-001  8.997402040387E-003 -1.320463010713E-001
  1.955495100083E+000  2.591616620741E-002  2.063843530591E-001  5.683459281861E-003 -1.257251885486E-001
  1.981612104475E+000  2.631919567292E-002  2.064906098655E-001  2.479971944312E-003 -1.196486643415E-001
  2.008136232230E+000  2.673044775156E-002  2.065149950417E-001 -6.154402214958E-004 -1.138086800727E-001
  2.035075811486E+000  2.715013457311E-002  2.064578057350E-001 -3.605112094862E-003 -1.081971576725E-001
  2.062439385788E+000  2.757847486001E-002  2.063193320366E-001 -6.491326771981E-003 -1.028060078610E-001
  2.090235720801E+000  2.801569416771E-002  2.060998573633E-001 -9.276309283309E-003 -9.762714943380E-002
  2.118473811262E+000  2.846202513514E-002  2.057996590632E-001 -1.196222049041E-002 -9.265252925402E-002
  2.147162888201E+000  2.891770774564E-002  2.054190092619E-001 -1.455115121308E-002 -8.787414284551E-002
  2.176312426413E+000  2.938298959899E-002  2.049581759606E-001 -1.704511663909E-002 -8.328405546905E-002
  2.205932152222E+000  2.985812619504E-002  2.044174244006E-001 -1.944605107005E-002 -7.887442355478E-002
  2.236032051522E+000  3.034338122938E-002  2.037970187048E-001 -2.175580305777E-002 -7.463751635364E-002
  2.266622378129E+000  3.083902690182E-002  2.030972238075E-001 -2.397613098572E-002 -7.056573766207E-002
  2.297713662445E+000  3.134534423818E-002  2.023183076808E-001 -2.610869915029E-002 -6.665164746550E-002
  2.329316720450E+000  3.186262342603E-002  2.014605438638E-001 -2.815507439576E-002 -6.288798333920E-002
  2.361442663038E+000  3.239116416519E-002  2.005242143024E-001 -3.011672335575E-002 -5.926768143831E-002
  2.394102905709E+000  3.293127603351E-002  1.995096124996E-001 -3.199501035222E-002 -5.578389690428E-002
  2.427309178642E+000  3.348327886897E-002  1.984170469789E-001 -3.379119600067E-002 -5.243002351059E-002
  2.461073537146E+000  3.404750316862E-002  1.972468450576E-001 -3.550643656710E-002 -4.919971236875E-002
  2.495408372530E+000  3.462429050548E-002  1.959993569258E-001 -3.714178411854E-002 -4.608688951474E-002
  2.530326423398E+000  3.521399396401E-002  1.946749600224E-001 -3.869818750475E-002 -4.308577219712E-002
  2.565840787378E+000  3.581697859546E-002  1.932740636959E-001 -4.017649420325E-002 -4.019088369102E-002
  2.601964933334E+000  3.643362189376E-002  1.917971141378E-001 -4.157745305424E-002 -3.739706646707E-002
  2.638712714049E+000  3.706431429322E-002  1.902445995663E-001 -4.290171790538E-002 -3.469949355145E-002
  2.676098379430E+000  3.770945968912E-002  1.886170556411E-001 -4.414985217894E-002 -3.209367792220E-002
  2.714136590232E+000  3.836947598236E-002  1.869150710810E-001 -4.532233436633E-002 -2.957547979835E-002
  2.752842432351E+000  3.904479564947E-002  1.851392934550E-001 -4.641956444607E-002 -2.714111169191E-002
  2.792231431696E+000  3.973586633921E-002  1.832904351119E-001 -4.744187121238E-002 -2.478714110850E-002
  2.832319569669E+000  4.044315149734E-002  1.813692792106E-001 -4.838952049177E-002 -2.251049080033E-002
  2.873123299289E+000  4.116713102086E-002  1.793766858081E-001 -4.926272421513E-002 -2.030843649531E-002
  2.914659561979E+000  4.190830194354E-002  1.773135979591E-001 -5.006165030191E-002 -1.817860204794E-002
  2.956945805065E+000  4.266717915414E-002  1.751810477767E-001 -5.078643330287E-002 -1.611895198201E-002
  3.000000000000E+000  4.344429614932E-002  1.729801624020E-001 -5.143718573632E-002 -1.412778142015E-002
  3.043840661365E+000  4.424020582308E-002  1.707121698227E-001 -5.201401004241E-002 -1.220370342309E-002
  3.088486866678E+000  4.505548129460E-002  1.683784044843E-001 -5.251701106879E-002 -1.034563378941E-002
  3.133958277047E+000  4.589071677685E-002  1.659803126292E-001 -5.294630899084E-002 -8.552773396175E-003
  3.180275158719E+000  4.674652848797E-002  1.635194572991E-001 -5.330205255913E-002 -6.824588190701E-003
  3.227458405560E+000  4.762355560797E-002  1.609975229369E-001 -5.358443255756E-002 -5.160786974072E-003
  3.275529562509E+000  4.852246128332E-002  1.584163195181E-001 -5.379369534676E-002 -3.561297147016E-003
  3.324510850077E+000  4.944393368200E-002  1.557777861480E-001 -5.393015635943E-002 -2.026238618346E-003
  3.374425189910E+000  5.038868710203E-002  1.530839940553E-001 -5.399421340790E-002 -5.558961046789E-004
  3.425296231502E+000  5.135746313639E-002  1.503371489180E-001 -5.398635965845E-002  8.493099228694E-004
  3.477148380094E+000  5.235103189784E-002  1.475395924600E-001 -5.390719612347E-002  2.188853364288E-003
  3.530006825834E+000  5.337019330676E-002  1.446938032555E-001 -5.375744352005E-002  3.462133385337E-003
  3.583897574256E+000  5.441577844603E-002  1.418023966886E-001 -5.353795334324E-002  4.668505758502E-003
  3.638847478148E+000  5.548865098670E-002  1.388681240150E-001 -5.324971800407E-002  5.807314311381E-003
  3.694884270887E+000  5.658970868864E-002  1.358938704820E-001 -5.289387988571E-002  6.877922131522E-003
  3.752036601308E+000  5.771988498079E-002  1.328826524690E-001 -5.247173917729E-002  7.879742168916E-003
  3.810334070199E+000  5.888015062562E-002  1.298376136175E-001 -5.198476035282E-002  8.812266874299E-003
  3.869807268505E+000  6.007151547295E-002  1.267620199316E-001 -5.143457717332E-002  9.675096513425E-003
  3.930487817331E+000  6.129503030858E-002  1.236592538342E-001 -5.082299610249E-002  1.046796580477E-002
  3.992408409843E+000  6.255178880352E-002  1.205328071817E-001 -5.015199804174E-002  1.119076854102E-002
  4.055602855172E+000  6.384292957002E-002  1.173862732439E-001 -4.942373830705E-002  1.184357987297E-002
  4.120106124432E+000  6.516963833101E-002  1.142233376726E-001 -4.864054478949E-002  1.242667595879E-002
  4.185954398964E+000  6.653315021009E-002  1.110477684926E-001 -4.780491426208E-002  1.294055071067E-002
  4.253185120935E+000  6.793475214960E-002  1.078634051604E-001 -4.691950681845E-002  1.338592940618E-002
  4.321837046422E+000  6.937578546490E-002  1.046741467505E-001 -4.598713845241E-002  1.376377897084E-002
  4.391950301120E+000  7.085764854355E-002  1.014839393383E-001 -4.501077181282E-002  1.407531478300E-002
  4.463566438835E+000  7.238179969882E-002  9.829676266501E-002 -4.399350519358E-002  1.432200389996E-002
  4.536728502895E+000  7.394976018725E-002  9.511661617622E-002 -4.293855984433E-002  1.450556465564E-002
  4.611481090679E+000  7.556311740127E-002  9.194750454160E-002 -4.184926571348E-002  1.462796263369E-002
  4.687870421430E+000  7.722352824817E-002  8.879342276867E-002 -4.072904575964E-002  1.469140307526E-002
  4.765944407533E+000  7.893272272784E-002  8.565834103468E-002 -3.958139899177E-002  1.469831983608E-002
  4.845752729492E+000  8.069250772248E-002  8.254618936659E-002 -3.840988242018E-002  1.465136106310E-002
  4.927346914797E+000  8.250477101257E-002  7.946084230439E-002 -3.721809212073E-002  1.455337181404E-002
  5.010780420931E+000  8.437148553436E-002  7.640610368681E-002 -3.600964363141E-002  1.440737389420E-002
  5.096108722763E+000  8.629471389541E-002  7.338569169968E-002 -3.478815191522E-002  1.421654323184E-002
  5.183389404586E+000  8.827661316581E-002  7.040322432626E-002 -3.355721113301E-002  1.398418515528E-002
  5.272682257105E+000  9.031943996425E-002  6.746220533618E-002 -3.232037447742E-002  1.371370797063E-002
  5.364049379651E+000  9.242555585946E-002  6.456601094388E-002 -3.108113432048E-002  1.340859526847E-002
  5.457555287978E+000  9.459743310926E-002  6.171787725997E-002 -2.984290292597E-002  1.307237740831E-002
  5.553267027968E+000  9.683766076100E-002  5.892088864874E-002 -2.860899397046E-002  1.270860264299E-002
  5.651254295630E+000  9.914895113938E-002  5.617796709294E-002 -2.738260510548E-002  1.232080834822E-002
  5.751589563796E+000  1.015341467494E-001  5.349186265280E-002 -2.616680177723E-002  1.191249281736E-002
  5.854348215936E+000  1.039962276248E-001  5.086514509005E-002 -2.496450249976E-002  1.148708806622E-002
  5.959608687557E+000  1.065383191537E-001  4.830019671038E-002 -2.377846575278E-002  1.104793406838E-002
  6.067452615683E+000  1.091637004188E-001  4.579920645908E-002 -2.261127864706E-002  1.059825480852E-002
  6.177964996951E+000  1.118758130872E-001  4.336416528489E-002 -2.146534746880E-002  1.014113649973E-002
  6.291234354880E+000  1.146782708938E-001  4.099686276786E-002 -2.034289018047E-002  9.679508262138E-003
  6.407352916949E+000  1.175748697626E-001  3.869888498671E-002 -1.924593091991E-002  9.216125504970E-003
  6.526416802128E+000  1.205695986129E-001  3.647161358284E-002 -1.817629650282E-002  8.753556194359E-003
  6.648526219580E+000  1.236666509049E-001  3.431622595993E-002 -1.713561489712E-002  8.294170125528E-003
  6.773785679311E+000  1.268704369821E-001  3.223369654210E-002 -1.612531560194E-002  7.840131252677E-003
  6.902304215570E+000  1.301855972713E-001  3.022479899952E-002 -1.514663183019E-002  7.393393064250E-003
  7.034195623922E+000  1.336170164087E-001  2.829010933918E-002 -1.420060436226E-002  6.955696927216E-003
  7.169578712934E+000  1.371698383673E-001  2.643000974989E-002 -1.328808691120E-002  6.528573263284E-003
  7.308577571516E+000  1.408494826628E-001  2.464469308578E-002 -1.240975281642E-002  6.113345364102E-003
  7.451321853057E+000  1.446616617293E-001  2.293416787090E-002 -1.156610286507E-002  5.711135603244E-003
  7.597947077547E+000  1.486123995567E-001  2.129826370984E-002 -1.075747402797E-002  5.322873761257E-003
  7.748594953021E+000  1.527080516973E-001  1.973663699505E-002 -9.984048890458E-003  4.949307147570E-003
  7.903413717736E+000  1.569553267535E-001  1.824877681101E-002 -9.245865558668E-003  4.591012180324E-003
  8.062558504629E+000  1.613613094717E-001  1.683401094824E-002 -8.542827827688E-003  4.248407072798E-003
  8.226191729726E+000  1.659334855793E-001  1.549151195568E-002 -7.874715410152E-003  3.921765273169E-003
  8.394483506327E+000  1.706797685137E-001  1.422030317821E-002 -7.241194041456E-003  3.611229312741E-003
  8.567612086926E+000  1.756085282071E-001  1.301926474597E-002 -6.641825300263E-003  3.316824735896E-003
  8.745764335025E+000  1.807286221064E-001  1.188713950312E-002 -6.076076009548E-003  3.038473811996E-003
  8.929136229160E+000  1.860494286260E-001  1.082253888503E-002 -5.543327113084E-003  2.776008764086E-003
  9.117933401693E+000  1.915808832504E-001  9.823948773422E-003 -5.042881953886E-003  2.529184290029E-003
  9.312371715124E+000  1.973335175235E-001  8.889735378331E-003 -4.573973913480E-003  2.297689196960E-003
  9.512677878945E+000  2.033185011886E-001  8.018151212641E-003 -4.135773402784E-003  2.081157017779E-003
  9.719090110332E+000  2.095476877688E-001  7.207341238529E-003 -3.727394225498E-003  1.879175527049E-003
  9.931858842267E+000  2.160336639044E-001  6.455349275109E-003 -3.347899362207E-003  1.691295121022E-003
  1.015124748302E+001  2.227898028021E-001  5.760124761779E-003 -2.996306246719E-003  1.517036070999E-003
  1.037753323129E+001  2.298303221843E-001  5.119529972136E-003 -2.671591624649E-003  1.355894699116E-003
  1.061100795175E+001  2.371703471699E-001  4.531347768334E-003 -2.372696097270E-003  1.207348559575E-003
  1.085197911611E+001  2.448259785618E-001  3.993289975466E-003 -2.098528460701E-003  1.070860735322E-003
  1.110077081537E+001  2.528143670735E-001  3.503006439977E-003 -1.847969951427E-003  9.458833794906E-004
  1.135772484956E+001  2.611537940784E-001  3.058094815676E-003 -1.619878504068E-003  8.318606422753E-004
  1.162320190175E+001  2.698637595360E-001  2.656111096122E-003 -1.413093116554E-003  7.282311273441E-004
  1.189758280382E+001  2.789650778206E-001  2.294580883785E-003 -1.226438402079E-003  6.344300179702E-004
  1.218126990242E+001  2.884799822596E-001  1.971011355341E-003 -1.058729387202E-003  5.498910024343E-004
  1.247468853413E+001  2.984322392826E-001  1.682903849896E-003 -9.087765922511E-004  4.740481120906E-004
  1.277828862002E+001  3.088472731875E-001  1.427766973903E-003 -7.753914049047E-004  4.063375650110E-004
  1.309254639077E+001  3.197523026463E-001  1.203130084466E-003 -6.573917317002E-004  3.461996847478E-004
  1.341796625462E+001  3.311764902095E-001  1.006556982770E-003 -5.536078864136E-004  2.930809389212E-004
  1.375508282195E+001  3.431511062169E-001  8.356596229117E-004 -4.628886500189E-004  2.464361174525E-004
  1.410446310162E+001  3.557097086969E-001  6.881116195430E-004 -3.841074152977E-004  2.057306466111E-004
  1.446670888596E+001  3.688883410292E-001  5.616613217259E-004 -3.161683111141E-004  1.704430137536E-004
  1.484245934302E+001  3.827257493700E-001  4.541442110987E-004 -2.580121876784E-004  1.400672595957E-004
  1.523239383723E+001  3.972636220891E-001  3.634943807248E-004 -2.086223353848E-004  1.141154807401E-004
  1.563723500136E+001  4.125468537596E-001  2.877548574292E-004 -1.670298064408E-004  9.212027538387E-005
  1.605775208607E+001  4.286238365683E-001  2.250865453523E-004 -1.323182106858E-004  7.363705981587E-005
  1.649476461582E+001  4.455467823929E-001  1.737755919413E-004 -1.036278647229E-004  5.824618243022E-005
  1.694914638379E+001  4.633720792263E-001  1.322390094197E-004 -8.015918654865E-005  4.555476527813E-005
  1.742182982203E+001  4.821606861220E-001  9.902842432789E-005 -6.117524585912E-005  3.519821025852E-005
  1.791381078784E+001  5.019785714107E-001  7.283187408933E-005 -4.600340254516E-005  2.684131738837E-005
  1.842615381215E+001  5.228971995942E-001  5.247362138675E-005 -3.403599180705E-005  2.017897558597E-005
  1.895999786176E+001  5.449940730840E-001  3.691201274306E-005 -2.473004286844E-005  1.493640137341E-005
  1.951656267356E+001  5.683533358366E-001  2.523546503419E-005 -1.760604836534E-005  1.086891713996E-005
  2.009715572669E+001  5.930664469535E-001  1.665672034500E-005 -1.224583188515E-005  7.761277358429E-006
  2.070317992707E+001  6.192329335039E-001  1.050556302309E-005 -8.289590490763E-006  5.426567645746E-006
  2.133614208874E+001  6.469612332096E-001  6.220240275485E-006 -5.432215979925E-006  3.704717040538E-006
  2.199766230782E+001  6.763696392388E-001  3.337866520567E-006 -3.419021695980E-006  2.460677584429E-006
  2.268948433818E+001  7.075873612439E-001  1.484119504473E-006 -2.041019605015E-006  1.582336539054E-006
  2.341348709294E+001  7.407557189842E-001  3.625509017427E-007 -1.129903949112E-006  9.782347312394E-007
  2.417169741362E+001  7.760294874639E-001 -2.561656309696E-007 -5.529022249824E-007  5.751691087624E-007
  2.496630426925E+001  8.135784155747E-001 -5.447407295872E-007 -2.076510598808E-007  3.157583021243E-007
  2.579967457140E+001  8.535889438281E-001 -6.292510074443E-007 -1.724377602119E-008  1.560467419569E-007
  2.667437081864E+001  8.962661510291E-001 -5.983595640291E-007  7.442140235082E-008  6.321585458972E-008
  2.759317081651E+001  9.418359647997E-001 -5.115915245231E-007  1.068873465396E-007  1.346050266438E-008
  2.855908975674E+001  9.905476768748E-001 -4.065405770351E-007  1.069012442856E-007 -9.924128911273E-009
  2.957540498378E+001  1.042676811269E+000 -3.049450332877E-007  9.164861214697E-008 -1.821463777377E-008
  3.064568382919E+001  1.098528402000E+000 -2.176328121670E-007  7.144237014556E-008 -1.867514996311E-008
  3.177381495601E+001  1.158440747351E+000 -1.483895703655E-007  5.187985726241E-008 -1.571600586057E-008
  3.296404372807E+001  1.222789720048E+000 -9.684920263528E-008  3.550514392518E-008 -1.180769074612E-008
  3.422101220608E+001  1.291993727721E+000 -6.053834509957E-008  2.303274987606E-008 -8.172783089965E-009
  3.554980447538E+001  1.366519436102E+000 -3.622492162599E-008  1.420093416219E-008 -5.286018598364E-009
  3.695599813319E+001  1.446888389511E+000 -2.072526276352E-008  8.327856385914E-009 -3.216498585692E-009
  3.844572291106E+001  1.533684690030E+000 -1.131644356922E-008  4.642628693436E-009 -1.846733781951E-009
  4.002572758518E+001  1.627563929686E+000 -5.882970210966E-009  2.456746187310E-009 -1.001078499352E-009
  4.170345654134E+001  1.729263610453E+000 -2.903287393713E-009  1.231208014533E-009 -5.119015380202E-010
  4.348713762001E+001  1.839615336740E+000 -1.355475247745E-009  5.826173042890E-010 -2.464191473394E-010
  4.538588318162E+001  1.959559126947E+000 -5.963026360070E-010  2.593789542586E-010 -1.113367951273E-010
  4.740980671574E+001  2.090160267552E+000 -2.460536236211E-010  1.081725045053E-010 -4.703478114325E-011
  4.957015778746E+001  2.232629229408E+000 -9.473759055092E-011  4.204965493093E-011 -1.849281501101E-011
  5.187947869225E+001  2.388345286640E+000 -3.383648107894E-011  1.514899760826E-011 -6.730079006969E-012
  5.435178690397E+001  2.558884630889E+000 -1.113584261157E-011  5.025084477983E-012 -2.252802381709E-012
  5.700278828629E+001  2.746053966795E+000 -3.351675907021E-012  1.523397438117E-012 -6.885811024154E-013
  5.985012714155E+001  2.951930820846E+000 -9.147402856723E-013  4.185305474183E-013 -1.905926809810E-013
  6.291368055481E+001  3.178912111311E+000 -2.241994341472E-013  1.032096960515E-013 -4.732134683410E-014
  6.621590623276E+001  3.429772933797E+000 -4.881023421706E-014  2.259737428921E-014 -1.042579908630E-014
  6.978225524452E+001  3.707738044625E+000 -9.322072482457E-015  4.338573044964E-015 -2.013263338905E-015
  7.364166388185E+001  4.016569212832E+000 -1.539806951488E-015  7.201661374863E-016 -3.359706151696E-016
  7.782714245929E+001  4.360672516382E+000 -2.164284306753E-016  1.016887609111E-016 -4.767493151193E-017
  8.237648351994E+001  4.745230855210E+000 -2.540745189320E-017  1.198907163989E-017 -5.646800544056E-018
  8.733311794503E+001  5.176368549127E+000 -2.438310920718E-018  1.155219062453E-018 -5.464459398770E-019
  9.274715535088E+001  5.661357031559E+000 -1.866095361252E-019  8.874723115761E-020 -4.214854299182E-020
  9.867665554529E+001  6.208873552072E+000 -1.106647651889E-020  5.281770363847E-021 -2.517920510110E-021
  1.051891916055E+002  6.829328764649E+000 -4.917790573138E-022  2.355050615675E-022 -1.126670027876E-022
  1.123637836013E+002  7.535284543316E+000 -1.574679134461E-023  7.564840090392E-024 -3.631095123002E-024
  1.202933069206E+002  8.341990973528E+000 -3.469383482583E-025  1.671708460127E-025 -8.049228242195E-026
  1.290875131414E+002  9.268082166539E+000 -4.980511523731E-027  2.406638342680E-027 -1.162200276404E-027
  1.388768482001E+002  1.033648575811E+001 -4.366159513817E-029  2.115424995674E-029 -1.024401539914E-029
  1.498173177370E+002  1.157562284364E+001 -2.162903476273E-031  1.050588687143E-031 -5.100802446091E-032
  1.620967411853E+002  1.302100699722E+001 -5.514479258528E-034  2.684957906388E-034 -1.306806764418E-034
  1.759428668168E+002  1.471739812515E+001 -6.460570686554E-037  3.152710928248E-037 -1.538029809678E-037
  1.916340085825E+002  1.672173748087E+001 -3.027965615350E-040  1.480778587966E-040 -7.239678738722E-041
  2.095131417987E+002  1.910719757888E+001 -4.785737609894E-044  2.345103573089E-044 -1.148906050975E-044
  2.300068054477E+002  2.196884699990E+001 -2.062337991248E-048  1.012504919578E-048 -4.970044425127E-049
  2.536507797910E+002  2.543169216868E+001 -1.855245707507E-053  9.124624715147E-054 -4.487127272477E-054
  2.811254638474E+002  2.966227967912E+001 -2.481652250649E-059  1.222600631678E-059 -6.022542667221E-060
  3.133053780630E+002  3.488573552677E+001 -3.191226226881E-066  1.574659918816E-066 -7.769219632331E-067
  3.513296254502E+002  4.141128389041E+001 -2.234896366451E-074  1.104406121975E-074 -5.457200030119E-075
  3.967041014106E+002  4.967130404214E+001 -4.020665981042E-084  1.989617621807E-084 -9.845044021819E-085
  4.514529193349E+002  6.028257212519E+001 -6.766017877897E-096  3.352463355976E-096 -1.661027747591E-096
  5.183481233601E+002  7.414493328740E+001 -2.669107358701E-110  1.324086207821E-110 -6.568298733879E-111
  6.012676077950E+002  9.260523890243E+001 -3.560213649786E-128  1.768098754852E-128 -8.780655785434E-129
  7.057700503752E+002  1.177394213729E+002 -1.000093465889E-150  4.971792317773E-151 -2.471599740629E-151
  8.400513767914E+002  1.528577972397E+002 -9.865922827153E-180  4.909241732114E-180 -2.442789528354E-180
  1.016602135495E+003  2.034537342122E+002 -6.664907742459E-218  3.319236149568E-218 -1.653022317259E-218
  1.255220715580E+003  2.790860613466E+002 -1.559160314752E-269  7.770797944849E-270 -3.872917203362E-270
  1.588815776243E+003  3.973705897531E+002  0.000000000000E+000  0.000000000000E+000  0.000000000000E+000
  2.075392011604E+003  5.931596040112E+002  0.000000000000E+000  0.000000000000E+000  0.000000000000E+000
  2.825079847529E+003  9.419154890021E+002  0.000000000000E+000  0.000000000000E+000  0.000000000000E+000
  4.068408296184E+003  1.627629972033E+003  0.000000000000E+000  0.000000000000E+000  0.000000000000E+000
  6.357262947674E+003  3.178964796686E+003  0.000000000000E+000  0.000000000000E+000  0.000000000000E+000
  1.130231930164E+004  7.535323971013E+003  0.000000000000E+000  0.000000000000E+000  0.000000000000E+000
  2.543105175140E+004  2.543171841285E+004  0.000000000000E+000  0.000000000000E+000  0.000000000000E+000
  1.017262069958E+005  2.034537473226E+005  0.000000000000E+000  0.000000000000E+000  0.000000000000E+000
