# 1st line: number of mesh points
# abcissa weight wavefunction wavefunction_1st wavefunction_2nd
500
# Principal QN=   2 , l=   0 , Occupation=   1.0000
  9.830308526508E-006  1.966074589941E-005 -1.635529760214E+000  5.062780799761E+000 -1.570175968349E+001
  3.932200719717E-005  3.932303800261E-005 -1.635380457037E+000  5.062317753270E+000 -1.570005928662E+001
  8.847741541455E-005  5.898842277178E-005 -1.635131635707E+000  5.061546080094E+000 -1.569722560790E+001
  1.573003992804E-004  7.865844718600E-005 -1.634783322176E+000  5.060465886689E+000 -1.569325912138E+001
  2.457963722417E-004  9.833465899987E-005 -1.634335552768E+000  5.059077322072E+000 -1.568816049062E+001
  3.539722959954E-004  1.180186070023E-004 -1.633788374185E+000  5.057380577808E+000 -1.568193056865E+001
  4.818366816528E-004  1.377118412759E-004 -1.633141843499E+000  5.055375887983E+000 -1.567457039779E+001
  6.293995911626E-004  1.574159134560E-004 -1.632396028149E+000  5.053063529179E+000 -1.566608120954E+001
  7.966726389934E-004  1.771323769912E-004 -1.631551005937E+000  5.050443820436E+000 -1.565646442444E+001
  9.836689940782E-004  1.968627874036E-004 -1.630606865023E+000  5.047517123215E+000 -1.564572165179E+001
  1.190403382016E-003  2.166087025496E-004 -1.629563703918E+000  5.044283841356E+000 -1.563385468952E+001
  1.416892087541E-003  2.363716828821E-004 -1.628421631475E+000  5.040744421026E+000 -1.562086552391E+001
  1.663152957245E-003  2.561532917128E-004 -1.627180766886E+000  5.036899350665E+000 -1.560675632927E+001
  1.929205402573E-003  2.759550954757E-004 -1.625841239671E+000  5.032749160926E+000 -1.559152946771E+001
  2.215070403074E-003  2.957786639908E-004 -1.624403189668E+000  5.028294424611E+000 -1.557518748877E+001
  2.520770509919E-003  3.156255707300E-004 -1.622866767023E+000  5.023535756598E+000 -1.555773312908E+001
  2.846329849692E-003  3.354973930828E-004 -1.621232132184E+000  5.018473813767E+000 -1.553916931199E+001
  3.191774128432E-003  3.553957126240E-004 -1.619499455884E+000  5.013109294920E+000 -1.551949914711E+001
  3.557130635959E-003  3.753221153821E-004 -1.617668919131E+000  5.007442940691E+000 -1.549872592996E+001
  3.942428250463E-003  3.952781921092E-004 -1.615740713196E+000  5.001475533456E+000 -1.547685314142E+001
  4.347697443358E-003  4.152655385525E-004 -1.613715039597E+000  4.995207897236E+000 -1.545388444732E+001
  4.772970284417E-003  4.352857557265E-004 -1.611592110089E+000  4.988640897594E+000 -1.542982369785E+001
  5.218280447175E-003  4.553404501876E-004 -1.609372146643E+000  4.981775441524E+000 -1.540467492707E+001
  5.683663214611E-003  4.754312343099E-004 -1.607055381435E+000  4.974612477341E+000 -1.537844235231E+001
  6.169155485101E-003  4.955597265624E-004 -1.604642056826E+000  4.967152994558E+000 -1.535113037356E+001
  6.674795778653E-003  5.157275517886E-004 -1.602132425345E+000  4.959398023762E+000 -1.532274357287E+001
  7.200624243425E-003  5.359363414876E-004 -1.599526749673E+000  4.951348636486E+000 -1.529328671369E+001
  7.746682662519E-003  5.561877340970E-004 -1.596825302621E+000  4.943005945068E+000 -1.526276474013E+001
  8.313014461060E-003  5.764833752781E-004 -1.594028367111E+000  4.934371102510E+000 -1.523118277631E+001
  8.899664713569E-003  5.968249182030E-004 -1.591136236156E+000  4.925445302333E+000 -1.519854612559E+001
  9.506680151615E-003  6.172140238444E-004 -1.588149212835E+000  4.916229778419E+000 -1.516486026978E+001
  1.013410917176E-002  6.376523612666E-004 -1.585067610276E+000  4.906725804856E+000 -1.513013086834E+001
  1.078200184380E-002  6.581416079202E-004 -1.581891751628E+000  4.896934695768E+000 -1.509436375758E+001
  1.145040991929E-002  6.786834499385E-004 -1.578621970040E+000  4.886857805145E+000 -1.505756494975E+001
  1.213938684040E-002  6.992795824361E-004 -1.575258608633E+000  4.876496526669E+000 -1.501974063216E+001
  1.284898774901E-002  7.199317098113E-004 -1.571802020475E+000  4.865852293524E+000 -1.498089716626E+001
  1.357926949620E-002  7.406415460502E-004 -1.568252568557E+000  4.854926578213E+000 -1.494104108668E+001
  1.433029065191E-002  7.614108150341E-004 -1.564610625762E+000  4.843720892358E+000 -1.490017910025E+001
  1.510211151509E-002  7.822412508494E-004 -1.560876574836E+000  4.832236786500E+000 -1.485831808495E+001
  1.589479412397E-002  8.031345981016E-004 -1.557050808362E+000  4.820475849891E+000 -1.481546508890E+001
  1.670840226680E-002  8.240926122311E-004 -1.553133728727E+000  4.808439710278E+000 -1.477162732923E+001
  1.754300149280E-002  8.451170598329E-004 -1.549125748091E+000  4.796130033683E+000 -1.472681219100E+001
  1.839865912351E-002  8.662097189796E-004 -1.545027288356E+000  4.783548524181E+000 -1.468102722605E+001
  1.927544426443E-002  8.873723795480E-004 -1.540838781130E+000  4.770696923656E+000 -1.463428015176E+001
  2.017342781695E-002  9.086068435487E-004 -1.536560667697E+000  4.757577011570E+000 -1.458657884993E+001
  2.109268249069E-002  9.299149254598E-004 -1.532193398977E+000  4.744190604715E+000 -1.453793136543E+001
  2.203328281612E-002  9.512984525641E-004 -1.527737435496E+000  4.730539556955E+000 -1.448834590500E+001
  2.299530515754E-002  9.727592652906E-004 -1.523193247344E+000  4.716625758972E+000 -1.443783083586E+001
  2.397882772639E-002  9.942992175591E-004 -1.518561314137E+000  4.702451137997E+000 -1.438639468442E+001
  2.498393059493E-002  1.015920177130E-003 -1.513842124982E+000  4.688017657536E+000 -1.433404613484E+001
  2.601069571024E-002  1.037624025957E-003 -1.509036178435E+000  4.673327317092E+000 -1.428079402763E+001
  2.705920690860E-002  1.059412660547E-003 -1.504143982456E+000  4.658382151877E+000 -1.422664735820E+001
  2.812954993023E-002  1.081287992318E-003 -1.499166054375E+000  4.643184232517E+000 -1.417161527534E+001
  2.922181243436E-002  1.103251947969E-003 -1.494102920842E+000  4.627735664754E+000 -1.411570707970E+001
  3.033608401473E-002  1.125306469854E-003 -1.488955117787E+000  4.612038589138E+000 -1.405893222221E+001
  3.147245621542E-002  1.147453516351E-003 -1.483723190370E+000  4.596095180707E+000 -1.400130030251E+001
  3.263102254705E-002  1.169695062249E-003 -1.478407692943E+000  4.579907648672E+000 -1.394282106725E+001
  3.381187850339E-002  1.192033099133E-003 -1.473009188994E+000  4.563478236085E+000 -1.388350440847E+001
  3.501512157837E-002  1.214469635775E-003 -1.467528251104E+000  4.546809219500E+000 -1.382336036183E+001
  3.624085128345E-002  1.237006698530E-003 -1.461965460897E+000  4.529902908635E+000 -1.376239910486E+001
  3.748916916538E-002  1.259646331739E-003 -1.456321408986E+000  4.512761646014E+000 -1.370063095522E+001
  3.876017882444E-002  1.282390598136E-003 -1.450596694926E+000  4.495387806615E+000 -1.363806636878E+001
  4.005398593302E-002  1.305241579266E-003 -1.444791927159E+000  4.477783797503E+000 -1.357471593779E+001
  4.137069825459E-002  1.328201375897E-003 -1.438907722961E+000  4.459952057451E+000 -1.351059038900E+001
  4.271042566323E-002  1.351272108452E-003 -1.432944708383E+000  4.441895056567E+000 -1.344570058162E+001
  4.407328016341E-002  1.374455917436E-003 -1.426903518203E+000  4.423615295903E+000 -1.338005750541E+001
  4.545937591035E-002  1.397754963880E-003 -1.420784795862E+000  4.405115307057E+000 -1.331367227858E+001
  4.686882923075E-002  1.421171429779E-003 -1.414589193407E+000  4.386397651771E+000 -1.324655614579E+001
  4.830175864396E-002  1.444707518548E-003 -1.408317371434E+000  4.367464921521E+000 -1.317872047593E+001
  4.975828488365E-002  1.468365455478E-003 -1.401969999025E+000  4.348319737098E+000 -1.311017676007E+001
  5.123853091993E-002  1.492147488203E-003 -1.395547753685E+000  4.328964748179E+000 -1.304093660918E+001
  5.274262198188E-002  1.516055887169E-003 -1.389051321284E+000  4.309402632897E+000 -1.297101175194E+001
  5.427068558066E-002  1.540092946119E-003 -1.382481395987E+000  4.289636097393E+000 -1.290041403244E+001
  5.582285153302E-002  1.564260982573E-003 -1.375838680192E+000  4.269667875373E+000 -1.282915540783E+001
  5.739925198530E-002  1.588562338332E-003 -1.369123884463E+000  4.249500727646E+000 -1.275724794599E+001
  5.900002143803E-002  1.612999379973E-003 -1.362337727463E+000  4.229137441659E+000 -1.268470382312E+001
  6.062529677088E-002  1.637574499364E-003 -1.355480935883E+000  4.208580831026E+000 -1.261153532125E+001
  6.227521726827E-002  1.662290114181E-003 -1.348554244371E+000  4.187833735044E+000 -1.253775482577E+001
  6.394992464542E-002  1.687148668440E-003 -1.341558395467E+000  4.166899018205E+000 -1.246337482290E+001
  6.564956307496E-002  1.712152633027E-003 -1.334494139524E+000  4.145779569700E+000 -1.238840789710E+001
  6.737427921404E-002  1.737304506249E-003 -1.327362234636E+000  4.124478302914E+000 -1.231286672842E+001
  6.912422223211E-002  1.762606814387E-003 -1.320163446565E+000  4.102998154913E+000 -1.223676408988E+001
  7.089954383907E-002  1.788062112257E-003 -1.312898548663E+000  4.081342085922E+000 -1.216011284471E+001
  7.270039831418E-002  1.813672983787E-003 -1.305568321796E+000  4.059513078801E+000 -1.208292594362E+001
  7.452694253540E-002  1.839442042599E-003 -1.298173554265E+000  4.037514138505E+000 -1.200521642200E+001
  7.637933600943E-002  1.865371932600E-003 -1.290715041725E+000  4.015348291540E+000 -1.192699739709E+001
  7.825774090225E-002  1.891465328589E-003 -1.283193587107E+000  3.993018585416E+000 -1.184828206505E+001
  8.016232207035E-002  1.917724936867E-003 -1.275610000535E+000  3.970528088082E+000 -1.176908369807E+001
  8.209324709253E-002  1.944153495867E-003 -1.267965099240E+000  3.947879887362E+000 -1.168941564140E+001
  8.405068630235E-002  1.970753776782E-003 -1.260259707481E+000  3.925077090380E+000 -1.160929131030E+001
  8.603481282122E-002  1.997528584221E-003 -1.252494656454E+000  3.902122822979E+000 -1.152872418702E+001
  8.804580259214E-002  2.024480756857E-003 -1.244670784208E+000  3.879020229126E+000 -1.144772781765E+001
  9.008383441408E-002  2.051613168108E-003 -1.236788935559E+000  3.855772470320E+000 -1.136631580903E+001
  9.214908997710E-002  2.078928726810E-003 -1.228849961995E+000  3.832382724987E+000 -1.128450182554E+001
  9.424175389809E-002  2.106430377918E-003 -1.220854721594E+000  3.808854187864E+000 -1.120229958584E+001
  9.636201375725E-002  2.134121103210E-003 -1.212804078926E+000  3.785190069384E+000 -1.111972285964E+001
  9.851006013526E-002  2.162003922007E-003 -1.204698904963E+000  3.761393595046E+000 -1.103678546437E+001
  1.006860866512E-001  2.190081891910E-003 -1.196540076985E+000  3.737468004783E+000 -1.095350126183E+001
  1.028902900012E-001  2.218358109541E-003 -1.188328478489E+000  3.713416552323E+000 -1.086988415479E+001
  1.051228699979E-001  2.246835711311E-003 -1.180064999087E+000  3.689242504537E+000 -1.078594808352E+001
  1.073840296104E-001  2.275517874190E-003 -1.171750534414E+000  3.664949140791E+000 -1.070170702240E+001
  1.096739750056E-001  2.304407816497E-003 -1.163385986028E+000  3.640539752280E+000 -1.061717497631E+001
  1.119929155896E-001  2.333508798707E-003 -1.154972261313E+000  3.616017641362E+000 -1.053236597713E+001
  1.143410640503E-001  2.362824124271E-003 -1.146510273377E+000  3.591386120886E+000 -1.044729408013E+001
  1.167186364011E-001  2.392357140448E-003 -1.138000940953E+000  3.566648513510E+000 -1.036197336033E+001
  1.191258520249E-001  2.422111239159E-003 -1.129445188295E+000  3.541808151016E+000 -1.027641790885E+001
  1.215629337189E-001  2.452089857854E-003 -1.120843945078E+000  3.516868373620E+000 -1.019064182919E+001
  1.240301077413E-001  2.482296480400E-003 -1.112198146293E+000  3.491832529269E+000 -1.010465923350E+001
  1.265276038575E-001  2.512734637975E-003 -1.103508732142E+000  3.466703972946E+000 -1.001848423881E+001
  1.290556553882E-001  2.543407909995E-003 -1.094776647931E+000  3.441486065953E+000 -9.932130963183E+000
  1.316144992580E-001  2.574319925047E-003 -1.086002843969E+000  3.416182175204E+000 -9.845613521928E+000
  1.342043760450E-001  2.605474361847E-003 -1.077188275453E+000  3.390795672503E+000 -9.758946023687E+000
  1.368255300316E-001  2.636874950214E-003 -1.068333902368E+000  3.365329933823E+000 -9.672142566544E+000
  1.394782092560E-001  2.668525472060E-003 -1.059440689371E+000  3.339788338577E+000 -9.585217234091E+000
  1.421626655646E-001  2.700429762411E-003 -1.050509605687E+000  3.314174268886E+000 -9.498184091461E+000
  1.448791546661E-001  2.732591710434E-003 -1.041541624995E+000  3.288491108845E+000 -9.411057181342E+000
  1.476279361856E-001  2.765015260497E-003 -1.032537725320E+000  3.262742243780E+000 -9.323850519955E+000
  1.504092737207E-001  2.797704413242E-003 -1.023498888918E+000  3.236931059509E+000 -9.236578093019E+000
  1.532234348983E-001  2.830663226680E-003 -1.014426102167E+000  3.211060941595E+000 -9.149253851681E+000
  1.560706914324E-001  2.863895817319E-003 -1.005320355451E+000  3.185135274593E+000 -9.061891708433E+000
  1.589513191834E-001  2.897406361298E-003 -9.961826430498E-001  3.159157441305E+000 -8.974505533001E+000
  1.618655982178E-001  2.931199095559E-003 -9.870139630224E-001  3.133130822021E+000 -8.887109148224E+000
  1.648138128702E-001  2.965278319033E-003 -9.778153170940E-001  3.107058793765E+000 -8.799716325909E+000
  1.677962518056E-001  2.999648393860E-003 -9.685877105405E-001  3.080944729539E+000 -8.712340782672E+000
  1.708132080832E-001  3.034313746623E-003 -9.593321520732E-001  3.054791997561E+000 -8.624996175767E+000
  1.738649792215E-001  3.069278869616E-003 -9.500496537234E-001  3.028603960511E+000 -8.537696098903E+000
  1.769518672648E-001  3.104548322136E-003 -9.407412307264E-001  3.002383974764E+000 -8.450454078049E+000
  1.800741788507E-001  3.140126731803E-003 -9.314079014047E-001  2.976135389638E+000 -8.363283567234E+000
  1.832322252791E-001  3.176018795904E-003 -9.220506870522E-001  2.949861546626E+000 -8.276197944341E+000
  1.864263225826E-001  3.212229282769E-003 -9.126706118166E-001  2.923565778644E+000 -8.189210506895E+000
  1.896567915983E-001  3.248763033179E-003 -9.032687025832E-001  2.897251409267E+000 -8.102334467852E+000
  1.929239580409E-001  3.285624961791E-003 -8.938459888576E-001  2.870921751976E+000 -8.015582951387E+000
  1.962281525771E-001  3.322820058613E-003 -8.844035026483E-001  2.844580109403E+000 -7.928968988689E+000
  1.995697109023E-001  3.360353390492E-003 -8.749422783500E-001  2.818229772578E+000 -7.842505513756E+000
  2.029489738173E-001  3.398230102644E-003 -8.654633526263E-001  2.791874020176E+000 -7.756205359204E+000
  2.063662873085E-001  3.436455420218E-003 -8.559677642924E-001  2.765516117779E+000 -7.670081252082E+000
  2.098220026275E-001  3.475034649885E-003 -8.464565541985E-001  2.739159317124E+000 -7.584145809706E+000
  2.133164763746E-001  3.513973181471E-003 -8.369307651127E-001  2.712806855372E+000 -7.498411535503E+000
  2.168500705817E-001  3.553276489620E-003 -8.273914416043E-001  2.686461954369E+000 -7.412890814878E+000
  2.204231527988E-001  3.592950135496E-003 -8.178396299279E-001  2.660127819922E+000 -7.327595911103E+000
  2.240360961807E-001  3.632999768520E-003 -8.082763779066E-001  2.633807641074E+000 -7.242538961228E+000
  2.276892795770E-001  3.673431128145E-003 -7.987027348166E-001  2.607504589386E+000 -7.157731972023E+000
  2.313830876220E-001  3.714250045674E-003 -7.891197512717E-001  2.581221818230E+000 -7.073186815950E+000
  2.351179108282E-001  3.755462446115E-003 -7.795284791085E-001  2.554962462085E+000 -6.988915227168E+000
  2.388941456809E-001  3.797074350078E-003 -7.699299712713E-001  2.528729635844E+000 -6.904928797576E+000
  2.427121947345E-001  3.839091875711E-003 -7.603252816985E-001  2.502526434125E+000 -6.821238972899E+000
  2.465724667110E-001  3.881521240686E-003 -7.507154652090E-001  2.476355930595E+000 -6.737857048814E+000
  2.504753766009E-001  3.924368764227E-003 -7.411015773890E-001  2.450221177302E+000 -6.654794167125E+000
  2.544213457654E-001  3.967640869177E-003 -7.314846744802E-001  2.424125204017E+000 -6.572061311991E+000
  2.584108020414E-001  4.011344084122E-003 -7.218658132672E-001  2.398071017587E+000 -6.489669306209E+000
  2.624441798480E-001  4.055485045557E-003 -7.122460509675E-001  2.372061601297E+000 -6.407628807548E+000
  2.665219202956E-001  4.100070500102E-003 -7.026264451207E-001  2.346099914248E+000 -6.325950305154E+000
  2.706444712976E-001  4.145107306769E-003 -6.930080534787E-001  2.320188890742E+000 -6.244644116014E+000
  2.748122876832E-001  4.190602439283E-003 -6.833919338976E-001  2.294331439684E+000 -6.163720381495E+000
  2.790258313137E-001  4.236562988450E-003 -6.737791442293E-001  2.268530443996E+000 -6.083189063952E+000
  2.832855712010E-001  4.282996164587E-003 -6.641707422142E-001  2.242788760044E+000 -6.003059943409E+000
  2.875919836279E-001  4.329909300005E-003 -6.545677853756E-001  2.217109217080E+000 -5.923342614336E+000
  2.919455522717E-001  4.377309851548E-003 -6.449713309137E-001  2.191494616701E+000 -5.844046482490E+000
  2.963467683296E-001  4.425205403192E-003 -6.353824356010E-001  2.165947732321E+000 -5.765180761863E+000
  3.007961306479E-001  4.473603668706E-003 -6.258021556792E-001  2.140471308660E+000 -5.686754471713E+000
  3.052941458522E-001  4.522512494374E-003 -6.162315467560E-001  2.115068061250E+000 -5.608776433693E+000
  3.098413284823E-001  4.571939861783E-003 -6.066716637035E-001  2.089740675959E+000 -5.531255269085E+000
  3.144382011281E-001  4.621893890671E-003 -5.971235605573E-001  2.064491808532E+000 -5.454199396135E+000
  3.190852945695E-001  4.672382841850E-003 -5.875882904161E-001  2.039324084147E+000 -5.377617027494E+000
  3.237831479192E-001  4.723415120192E-003 -5.780669053430E-001  2.014240096999E+000 -5.301516167784E+000
  3.285323087679E-001  4.774999277691E-003 -5.685604562673E-001  1.989242409891E+000 -5.225904611268E+000
  3.333333333333E-001  4.827144016591E-003 -5.590699928866E-001  1.964333553856E+000 -5.150789939646E+000
  3.381867866117E-001  4.879858192602E-003 -5.495965635708E-001  1.939516027791E+000 -5.076179519979E+000
  3.430932425333E-001  4.933150818173E-003 -5.401412152661E-001  1.914792298115E+000 -5.002080502741E+000
  3.480532841203E-001  4.987031065868E-003 -5.307049933999E-001  1.890164798452E+000 -4.928499819997E+000
  3.530675036492E-001  5.041508271801E-003 -5.212889417871E-001  1.865635929324E+000 -4.855444183731E+000
  3.581365028158E-001  5.096591939172E-003 -5.118941025360E-001  1.841208057881E+000 -4.782920084303E+000
  3.632608929041E-001  5.152291741875E-003 -5.025215159554E-001  1.816883517639E+000 -4.710933789059E+000
  3.684412949588E-001  5.208617528209E-003 -4.931722204628E-001  1.792664608250E+000 -4.639491341082E+000
  3.736783399619E-001  5.265579324662E-003 -4.838472524922E-001  1.768553595290E+000 -4.568598558103E+000
  3.789726690123E-001  5.323187339805E-003 -4.745476464024E-001  1.744552710073E+000 -4.498261031561E+000
  3.843249335105E-001  5.381451968273E-003 -4.652744343867E-001  1.720664149484E+000 -4.428484125829E+000
  3.897357953460E-001  5.440383794842E-003 -4.560286463814E-001  1.696890075840E+000 -4.359272977592E+000
  3.952059270903E-001  5.499993598618E-003 -4.468113099757E-001  1.673232616774E+000 -4.290632495404E+000
  4.007360121927E-001  5.560292357317E-003 -4.376234503206E-001  1.649693865136E+000 -4.222567359402E+000
  4.063267451812E-001  5.621291251662E-003 -4.284660900390E-001  1.626275878927E+000 -4.155082021199E+000
  4.119788318683E-001  5.683001669888E-003 -4.193402491341E-001  1.602980681253E+000 -4.088180703950E+000
  4.176929895600E-001  5.745435212354E-003 -4.102469448990E-001  1.579810260300E+000 -4.021867402594E+000
  4.234699472710E-001  5.808603696282E-003 -4.011871918249E-001  1.556766569336E+000 -3.956145884276E+000
  4.293104459435E-001  5.872519160606E-003 -3.921620015087E-001  1.533851526734E+000 -3.891019688954E+000
  4.352152386716E-001  5.937193870949E-003 -3.831723825606E-001  1.511067016022E+000 -3.826492130184E+000
  4.411850909306E-001  6.002640324729E-003 -3.742193405100E-001  1.488414885952E+000 -3.762566296095E+000
  4.472207808110E-001  6.068871256391E-003 -3.653038777110E-001  1.465896950596E+000 -3.699245050556E+000
  4.533230992589E-001  6.135899642772E-003 -3.564269932459E-001  1.443514989457E+000 -3.636531034520E+000
  4.594928503202E-001  6.203738708611E-003 -3.475896828277E-001  1.421270747614E+000 -3.574426667568E+000
  4.657308513924E-001  6.272401932198E-003 -3.387929387012E-001  1.399165935876E+000 -3.512934149643E+000
  4.720379334802E-001  6.341903051163E-003 -3.300377495417E-001  1.377202230964E+000 -3.452055462968E+000
  4.784149414579E-001  6.412256068427E-003 -3.213251003516E-001  1.355381275715E+000 -3.391792374166E+000
  4.848627343381E-001  6.483475258298E-003 -3.126559723557E-001  1.333704679299E+000 -3.332146436560E+000
  4.913821855461E-001  6.555575172733E-003 -3.040313428923E-001  1.312174017461E+000 -3.273118992676E+000
  4.979741832006E-001  6.628570647764E-003 -2.954521853032E-001  1.290790832779E+000 -3.214711176930E+000
  5.046396304008E-001  6.702476810086E-003 -2.869194688195E-001  1.269556634939E+000 -3.156923918498E+000
  5.113794455212E-001  6.777309083830E-003 -2.784341584450E-001  1.248472901028E+000 -3.099757944390E+000
  5.181945625116E-001  6.853083197508E-003 -2.699972148349E-001  1.227541075838E+000 -3.043213782695E+000
  5.250859312060E-001  6.929815191146E-003 -2.616095941723E-001  1.206762572192E+000 -2.987291766012E+000
  5.320545176366E-001  7.007521423604E-003 -2.532722480392E-001  1.186138771273E+000 -2.931992035073E+000
  5.391013043575E-001  7.086218580100E-003 -2.449861232837E-001  1.165671022977E+000 -2.877314542527E+000
  5.462272907741E-001  7.165923679926E-003 -2.367521618830E-001  1.145360646263E+000 -2.823259056911E+000
  5.534334934816E-001  7.246654084380E-003 -2.285713008005E-001  1.125208929522E+000 -2.769825166785E+000
  5.607209466109E-001  7.328427504912E-003 -2.204444718387E-001  1.105217130951E+000 -2.717012285033E+000
  5.680907021827E-001  7.411262011483E-003 -2.123726014859E-001  1.085386478930E+000 -2.664819653326E+000
  5.755438304707E-001  7.495176041166E-003 -2.043566107572E-001  1.065718172405E+000 -2.613246346741E+000
  5.830814203728E-001  7.580188406970E-003 -1.963974150302E-001  1.046213381279E+000 -2.562291278525E+000
  5.907045797917E-001  7.666318306912E-003 -1.884959238729E-001  1.026873246791E+000 -2.511953205005E+000
  5.984144360243E-001  7.753585333338E-003 -1.806530408662E-001  1.007698881911E+000 -2.462230730634E+000
  6.062121361613E-001  7.842009482502E-003 -1.728696634191E-001  9.886913717122E-001 -2.413122313160E+000
  6.140988474955E-001  7.931611164409E-003 -1.651466825762E-001  9.698517737587E-001 -2.364626268922E+000
  6.220757579409E-001  8.022411212936E-003 -1.574849828185E-001  9.511811184696E-001 -2.316740778255E+000
  6.301440764614E-001  8.114430896230E-003 -1.498854418557E-001  9.326804094826E-001 -2.269463890990E+000
  6.383050335109E-001  8.207691927403E-003 -1.423489304111E-001  9.143506240039E-001 -2.222793532059E+000
  6.465598814833E-001  8.302216475524E-003 -1.348763119979E-001  8.961927131441E-001 -2.176727507176E+000
  6.549098951744E-001  8.398027176926E-003 -1.274684426874E-001  8.782076022384E-001 -2.131263508587E+000
  6.633563722545E-001  8.495147146827E-003 -1.201261708677E-001  8.603961911487E-001 -2.086399120884E+000
  6.719006337539E-001  8.593599991288E-003 -1.128503369950E-001  8.427593545451E-001 -2.042131826869E+000
  6.805440245593E-001  8.693409819506E-003 -1.056417733340E-001  8.252979421634E-001 -1.998459013452E+000
  6.892879139233E-001  8.794601256469E-003 -9.850130369099E-002  8.080127790384E-001 -1.955377977571E+000
  6.981336959871E-001  8.897199455961E-003 -9.142974313625E-002  7.909046657084E-001 -1.912885932128E+000
  7.070827903152E-001  9.001230113956E-003 -8.442789771774E-002  7.739743783894E-001 -1.870980011916E+000
  7.161366424455E-001  9.106719482390E-003 -7.749656416517E-002  7.572226691169E-001 -1.829657279528E+000
  7.252967244510E-001  9.213694383338E-003 -7.063652958459E-002  7.406502658516E-001 -1.788914731243E+000
  7.345645355186E-001  9.322182223606E-003 -6.384857114346E-002  7.242578725487E-001 -1.748749302849E+000
  7.439416025400E-001  9.432211009745E-003 -5.713345574634E-002  7.080461691855E-001 -1.709157875417E+000
  7.534294807203E-001  9.543809363512E-003 -5.049193970124E-002  6.920158117480E-001 -1.670137280994E+000
  7.630297542000E-001  9.657006537783E-003 -4.392476837665E-002  6.761674321721E-001 -1.631684308191E+000
  7.727440366954E-001  9.771832432940E-003 -3.743267584966E-002  6.605016382381E-001 -1.593795707673E+000
  7.825739721536E-001  9.888317613741E-003 -3.101638454518E-002  6.450190134162E-001 -1.556468197515E+000
  7.925212354258E-001  1.000649332670E-002 -2.467660486662E-002  6.297201166608E-001 -1.519698468415E+000
  8.025875329584E-001  1.012639151798E-002 -1.841403481845E-002  6.146054821522E-001 -1.483483188740E+000
  8.127746035011E-001  1.024804485184E-002 -1.222935962088E-002  5.996756189830E-001 -1.447819009406E+000
  8.230842188350E-001  1.037148672960E-002 -6.123251317233E-003  5.849310107889E-001 -1.412702568547E+000
  8.335181845190E-001  1.049675130923E-002 -9.636837453444E-005  5.703721153208E-001 -1.378130495982E+000
  8.440783406568E-001  1.062387352550E-002  5.850644722184E-003  5.559993639583E-001 -1.344099417451E+000
  8.547665626839E-001  1.075288911077E-002  1.171715788108E-002  5.418131611627E-001 -1.310605958596E+000
  8.655847621758E-001  1.088383461638E-002  1.750255581955E-002  5.278138838693E-001 -1.277646748688E+000
  8.765348876780E-001  1.101674743475E-002  2.320623848428E-002  5.140018808168E-001 -1.245218424071E+000
  8.876189255584E-001  1.115166582209E-002  2.882762147436E-002  5.003774718159E-001 -1.213317631310E+000
  8.988389008829E-001  1.128862892191E-002  3.436613646666E-002  4.869409469545E-001 -1.181941030024E+000
  9.101968783143E-001  1.142767678917E-002  3.982123164214E-002  4.736925657414E-001 -1.151085295400E+000
  9.216949630368E-001  1.156885041525E-002  4.519237211224E-002  4.606325561875E-001 -1.120747120360E+000
  9.333353017046E-001  1.171219175365E-002  5.047904034393E-002  4.477611138273E-001 -1.090923217376E+000
  9.451200834176E-001  1.185774374655E-002  5.568073658219E-002  4.350784006792E-001 -1.061610319917E+000
  9.570515407237E-001  1.200555035216E-002  6.079697926852E-002  4.225845441490E-001 -1.032805183519E+000
  9.691319506484E-001  1.215565657299E-002  6.582730545399E-002  4.102796358762E-001 -1.004504586461E+000
  9.813636357544E-001  1.230810848498E-002  7.077127120526E-002  3.981637305263E-001 -9.767053300421E-001
  9.937489652293E-001  1.246295326757E-002  7.562845200196E-002  3.862368445326E-001 -9.494042384520E-001
  1.006290356005E+000  1.262023923477E-002  8.039844312358E-002  3.744989547890E-001 -9.225981582235E-001
  1.018990273907E+000  1.278001586715E-002  8.508086002421E-002  3.629499972988E-001 -8.962839572637E-001
  1.031851234841E+000  1.294233384499E-002  8.967533869315E-002  3.515898657836E-001 -8.704585234591E-001
  1.044875806003E+000  1.310724508236E-002  9.418153599941E-002  3.404184102555E-001 -8.451187628521E-001
  1.058066607138E+000  1.327480276248E-002  9.859913001806E-002  3.294354355597E-001 -8.202615973875E-001
  1.071426311823E+000  1.344506137405E-002  1.029278203364E-001  3.186406998913E-001 -7.958839622304E-001
  1.084957648792E+000  1.361807674895E-002  1.071673283379E-001  3.080339132934E-001 -7.719828026584E-001
  1.098663403298E+000  1.379390610110E-002  1.113173974610E-001  2.976147361431E-001 -7.485550705332E-001
  1.112546418516E+000  1.397260806657E-002  1.153777934319E-001  2.873827776323E-001 -7.255977203577E-001
  1.126609596985E+000  1.415424274514E-002  1.193483044672E-001  2.773375942504E-001 -7.031077049299E-001
  1.140855902095E+000  1.433887174317E-002  1.232287414464E-001  2.674786882787E-001 -6.810819706039E-001
  1.155288359613E+000  1.452655821788E-002  1.270189380492E-001  2.578055063035E-001 -6.595174521719E-001
  1.169910059257E+000  1.471736692327E-002  1.307187508576E-001  2.483174377581E-001 -6.384110673857E-001
  1.184724156317E+000  1.491136425740E-002  1.343280594197E-001  2.390138135027E-001 -6.177597111350E-001
  1.199733873325E+000  1.510861831145E-002  1.378467662721E-001  2.298939044535E-001 -5.975602493052E-001
  1.214942501771E+000  1.530919892035E-002  1.412747969203E-001  2.209569202700E-001 -5.778095123393E-001
  1.230353403874E+000  1.551317771520E-002  1.446120997733E-001  2.122020081134E-001 -5.585042885306E-001
  1.245970014403E+000  1.572062817747E-002  1.478586460313E-001  2.036282514853E-001 -5.396413170766E-001
  1.261795842559E+000  1.593162569510E-002  1.510144295250E-001  1.952346691608E-001 -5.212172809260E-001
  1.277834473907E+000  1.614624762054E-002  1.540794665026E-001  1.870202142264E-001 -5.032287994555E-001
  1.294089572372E+000  1.636457333079E-002  1.570537953654E-001  1.789837732356E-001 -4.856724210120E-001
  1.310564882294E+000  1.658668428962E-002  1.599374763487E-001  1.711241654952E-001 -4.685446153636E-001
  1.327264230548E+000  1.681266411190E-002  1.627305911472E-001  1.634401424940E-001 -4.518417660999E-001
  1.344191528724E+000  1.704259863026E-002  1.654332424839E-001  1.559303874873E-001 -4.355601630293E-001
  1.361350775387E+000  1.727657596408E-002  1.680455536219E-001  1.485935152505E-001 -4.196959946198E-001
  1.378746058390E+000  1.751468659100E-002  1.705676678178E-001  1.414280720132E-001 -4.042453405339E-001
  1.396381557275E+000  1.775702342093E-002  1.729997477172E-001  1.344325355872E-001 -3.892041643104E-001
  1.414261545744E+000  1.800368187279E-002  1.753419746919E-001  1.276053157007E-001 -3.745683062459E-001
  1.432390394201E+000  1.825475995395E-002  1.775945481200E-001  1.209447545506E-001 -3.603334765331E-001
  1.450772572390E+000  1.851035834267E-002  1.797576846084E-001  1.144491275837E-001 -3.464952487117E-001
  1.469412652102E+000  1.877058047342E-002  1.818316171611E-001  1.081166445189E-001 -3.330490534918E-001
  1.488315309978E+000  1.903553262542E-002  1.838165942927E-001  1.019454506197E-001 -3.199901730071E-001
  1.507485330398E+000  1.930532401444E-002  1.857128790917E-001  9.593362822688E-002 -3.073137355593E-001
  1.526927608467E+000  1.958006688797E-002  1.875207482349E-001  9.007919855947E-002 -2.950147109121E-001
  1.546647153093E+000  1.985987662391E-002  1.892404909561E-001  8.438012379235E-002 -2.830879061955E-001
  1.566649090169E+000  2.014487183303E-002  1.908724079755E-001  7.883430941550E-002 -2.715279624795E-001
  1.586938665861E+000  2.043517446518E-002  1.924168103904E-001  7.343960688084E-002 -2.603293520744E-001
  1.607521250000E+000  2.073090991960E-002  1.938740185366E-001  6.819381653959E-002 -2.494863766148E-001
  1.628402339588E+000  2.103220715932E-002  1.952443608234E-001  6.309469087218E-002 -2.389931659821E-001
  1.649587562420E+000  2.133919883002E-002  1.965281725503E-001  5.813993801078E-002 -2.288436781171E-001
  1.671082680832E+000  2.165202138333E-002  1.977257947120E-001  5.332722555269E-002 -2.190316997723E-001
  1.692893595565E+000  2.197081520497E-002  1.988375727999E-001  4.865418466067E-002 -2.095508482487E-001
  1.715026349769E+000  2.229572474776E-002  1.998638556094E-001  4.411841444443E-002 -2.003945741593E-001
  1.737487133138E+000  2.262689866987E-002  2.008049940606E-001  3.971748661483E-002 -1.915561652561E-001
  1.760282286187E+000  2.296448997842E-002  2.016613400453E-001  3.544895040038E-002 -1.830287513511E-001
  1.783418304674E+000  2.330865617868E-002  2.024332453078E-001  3.131033771264E-002 -1.748053103585E-001
  1.806901844175E+000  2.365955942924E-002  2.031210603739E-001  2.729916854503E-002 -1.668786754756E-001
  1.830739724818E+000  2.401736670327E-002  2.037251335387E-001  2.341295658644E-002 -1.592415435173E-001
  1.854938936184E+000  2.438224995616E-002  2.042458099258E-001  1.964921502846E-002 -1.518864844062E-001
  1.879506642368E+000  2.475438629994E-002  2.046834306318E-001  1.600546254242E-002 -1.448059518173E-001
  1.904450187236E+000  2.513395818467E-002  2.050383319699E-001  1.247922939916E-002 -1.379922949643E-001
  1.929777099847E+000  2.552115358717E-002  2.053108448263E-001  9.068063702102E-003 -1.314377715080E-001
  1.955495100083E+000  2.591616620741E-002  2.055012941445E-001  5.769537700923E-003 -1.251345615555E-001
  1.981612104475E+000  2.631919567292E-002  2.056099985517E-001  2.581254150765E-003 -1.190747827108E-001
  2.008136232230E+000  2.673044775156E-002  2.056372701436E-001 -4.991473211462E-004 -1.132505061272E-001
  2.035075811486E+000  2.715013457311E-002  2.055834144415E-001 -3.473983881967E-003 -1.076537735005E-001
  2.062439385788E+000  2.757847486001E-002  2.054487305372E-001 -6.345523235848E-003 -1.022766149327E-001
  2.090235720801E+000  2.801569416771E-002  2.052335114409E-001 -9.115977487996E-003 -9.711106758437E-002
  2.118473811262E+000  2.846202513514E-002  2.049380446459E-001 -1.178749717760E-002 -9.214919502360E-002
  2.147162888201E+000  2.891770774564E-002  2.045626129257E-001 -1.436216552879E-002 -8.738310716992E-002
  2.176312426413E+000  2.938298959899E-002  2.041074953745E-001 -1.684199297047E-002 -8.280498071918E-002
  2.205932152222E+000  2.985812619504E-002  2.035729687058E-001 -1.922891197676E-002 -7.840707992771E-002
  2.236032051522E+000  3.034338122938E-002  2.029593088201E-001 -2.152477228113E-002 -7.418177762327E-002
  2.266622378129E+000  3.083902690182E-002  2.022667926504E-001 -2.373133651702E-002 -7.012157630191E-002
  2.297713662445E+000  3.134534423818E-002  2.014957002972E-001 -2.585027633835E-002 -6.621912916180E-002
  2.329316720450E+000  3.186262342603E-002  2.006463174573E-001 -2.788316907234E-002 -6.246726091759E-002
  2.361442663038E+000  3.239116416519E-002  1.997189381534E-001 -2.983149495619E-002 -5.885898823277E-002
  2.394102905709E+000  3.293127603351E-002  1.987138677670E-001 -3.169663500731E-002 -5.538753960251E-002
  2.427309178642E+000  3.348327886897E-002  1.976314263756E-001 -3.347986957486E-002 -5.204637451532E-002
  2.461073537146E+000  3.404750316862E-002  1.964719523923E-001 -3.518237761707E-002 -4.882920171991E-002
  2.495408372530E+000  3.462429050548E-002  1.952358065030E-001 -3.680523674558E-002 -4.572999642242E-002
  2.530326423398E+000  3.521399396401E-002  1.939233758946E-001 -3.834942407363E-002 -4.274301624049E-002
  2.565840787378E+000  3.581697859546E-002  1.925350787625E-001 -3.981581790002E-002 -3.986281574290E-002
  2.601964933334E+000  3.643362189376E-002  1.910713690829E-001 -4.120520025534E-002 -3.708425940844E-002
  2.638712714049E+000  3.706431429322E-002  1.895327416342E-001 -4.251826033032E-002 -3.440253284412E-002
  2.676098379430E+000  3.770945968912E-002  1.879197372441E-001 -4.375559879958E-002 -3.181315211152E-002
  2.714136590232E+000  3.836947598236E-002  1.862329482376E-001 -4.491773304613E-002 -2.931197102088E-002
  2.752842432351E+000  3.904479564947E-002  1.844730240584E-001 -4.600510328387E-002 -2.689518626553E-002
  2.792231431696E+000  3.973586633921E-002  1.826406770284E-001 -4.701807956647E-002 -2.455934028418E-002
  2.832319569669E+000  4.044315149734E-002  1.807366882101E-001 -4.795696966178E-002 -2.230132175613E-002
  2.873123299289E+000  4.116713102086E-002  1.787619133304E-001 -4.882202776086E-002 -2.011836365333E-002
  2.914659561979E+000  4.190830194354E-002  1.767172887206E-001 -4.961346398107E-002 -1.800803879484E-002
  2.956945805065E+000  4.266717915414E-002  1.746038372261E-001 -5.033145461164E-002 -1.596825287207E-002
  3.000000000000E+000  4.344429614932E-002  1.724226740309E-001 -5.097615304018E-002 -1.399723493813E-002
  3.043840661365E+000  4.424020582308E-002  1.701750123454E-001 -5.154770128750E-002 -1.209352538079E-002
  3.088486866678E+000  4.505548129460E-002  1.678621688964E-001 -5.204624206787E-002 -1.025596142588E-002
  3.133958277047E+000  4.589071677685E-002  1.654855691609E-001 -5.247193128156E-002 -8.483660246732E-003
  3.180275158719E+000  4.674652848797E-002  1.630467522804E-001 -5.282495083659E-002 -6.775999783959E-003
  3.227458405560E+000  4.762355560797E-002  1.605473755918E-001 -5.310552168722E-002 -5.132597409382E-003
  3.275529562509E+000  4.852246128332E-002  1.579892187098E-001 -5.331391696845E-002 -3.553286597164E-003
  3.324510850077E+000  4.944393368200E-002  1.553741870956E-001 -5.345047509777E-002 -2.038091793811E-003
  3.374425189910E+000  5.038868710203E-002  1.527043150475E-001 -5.351561270901E-002 -5.872017065271E-004
  3.425296231502E+000  5.135746313639E-002  1.499817680491E-001 -5.350983727794E-002  7.990587443175E-004
  3.477148380094E+000  5.235103189784E-002  1.472088444144E-001 -5.343375929510E-002  2.120257538416E-003
  3.530006825834E+000  5.337019330676E-002  1.443879761706E-001 -5.328810383923E-002  3.375885442237E-003
  3.583897574256E+000  5.441577844603E-002  1.415217291236E-001 -5.307372140431E-002  4.565386357821E-003
  3.638847478148E+000  5.548865098670E-002  1.386128020577E-001 -5.279159783414E-002  5.688187806431E-003
  3.694884270887E+000  5.658970868864E-002  1.356640250230E-001 -5.244286322232E-002  6.743731207762E-003
  3.752036601308E+000  5.771988498079E-002  1.326783566742E-001 -5.202879964041E-002  7.731501607501E-003
  3.810334070199E+000  5.888015062562E-002  1.296588806315E-001 -5.155084756534E-002  8.651056502777E-003
  3.869807268505E+000  6.007151547295E-002  1.266088008393E-001 -5.101061088643E-002  9.502053416548E-003
  3.930487817331E+000  6.129503030858E-002  1.235314359132E-001 -5.040986038490E-002  1.028427587874E-002
  3.992408409843E+000  6.255178880352E-002  1.204302124711E-001 -4.975053559294E-002  1.099765748396E-002
  4.055602855172E+000  6.384292957002E-002  1.173086574582E-001 -4.903474495556E-002  1.164230371305E-002
  4.120106124432E+000  6.516963833101E-002  1.141703894834E-001 -4.826476423730E-002  1.221851122866E-002
  4.185954398964E+000  6.653315021009E-002  1.110191092013E-001 -4.744303313541E-002  1.272678438328E-002
  4.253185120935E+000  6.793475214960E-002  1.078585887804E-001 -4.657215008354E-002  1.316784871124E-002
  4.321837046422E+000  6.937578546490E-002  1.046926605145E-001 -4.565486525252E-002  1.354266121470E-002
  4.391950301120E+000  7.085764854355E-002  1.015252046434E-001 -4.469407177913E-002  1.385241729564E-002
  4.463566438835E+000  7.238179969882E-002  9.836013646323E-002 -4.369279527862E-002  1.409855423270E-002
  4.536728502895E+000  7.394976018725E-002  9.520139281401E-002 -4.265418172151E-002  1.428275115043E-002
  4.611481090679E+000  7.556311740127E-002  9.205291804776E-002 -4.158148378015E-002  1.440692548105E-002
  4.687870421430E+000  7.722352824817E-002  8.891864958475E-002 -4.047804577482E-002  1.447322597151E-002
  4.765944407533E+000  7.893272272784E-002  8.580250317728E-002 -3.934728737217E-002  1.448402234282E-002
  4.845752729492E+000  8.069250772248E-002  8.270835800558E-002 -3.819268621024E-002  1.444189176200E-002
  4.927346914797E+000  8.250477101257E-002  7.964004173639E-002 -3.701775964403E-002  1.434960233871E-002
  5.010780420931E+000  8.437148553436E-002  7.660131567796E-002 -3.582604582220E-002  1.421009390818E-002
  5.096108722763E+000  8.629471389541E-002  7.359586016690E-002 -3.462108431942E-002  1.402645640751E-002
  5.183389404586E+000  8.827661316581E-002  7.062726032178E-002 -3.340639655954E-002  1.380190619314E-002
  5.272682257105E+000  9.031943996425E-002  6.769899229555E-002 -3.218546627118E-002  1.353976068280E-002
  5.364049379651E+000  9.242555585946E-002  6.481441015404E-002 -3.096172021994E-002  1.324341173314E-002
  5.457555287978E+000  9.459743310926E-002  6.197673350027E-002 -2.973850945988E-002  1.291629818565E-002
  5.553267027968E+000  9.683766076100E-002  5.918903595531E-002 -2.851909134024E-002  1.256187802588E-002
  5.651254295630E+000  9.914895113938E-002  5.645423459446E-002 -2.730661249325E-002  1.218360060538E-002
  5.751589563796E+000  1.015341467494E-001  5.377508042423E-002 -2.610409301298E-002  1.178487937065E-002
  5.854348215936E+000  1.039962276248E-001  5.115414997040E-002 -2.491441201628E-002  1.136906552972E-002
  5.959608687557E+000  1.065383191537E-001  4.859383803046E-002 -2.374029475305E-002  1.093942306393E-002
  6.067452615683E+000  1.091637004188E-001  4.609635162632E-002 -2.258430140619E-002  1.049910546112E-002
  6.177964996951E+000  1.118758130872E-001  4.366370517401E-002 -2.144881769136E-002  1.005113450700E-002
  6.291234354880E+000  1.146782708938E-001  4.129771686868E-002 -2.033604733432E-002  9.598381424858E-003
  6.407352916949E+000  1.175748697626E-001  3.900000626401E-002 -1.924800646905E-002  9.143550601104E-003
  6.526416802128E+000  1.205695986129E-001  3.677199300702E-002 -1.818651996496E-002  8.689166076578E-003
  6.648526219580E+000  1.236666509049E-001  3.461489667216E-002 -1.715321965605E-002  8.237560922496E-003
  6.773785679311E+000  1.268704369821E-001  3.252973762291E-002 -1.614954441036E-002  7.790869557043E-003
  6.902304215570E+000  1.301855972713E-001  3.051733881574E-002 -1.517674194557E-002  7.351022995394E-003
  7.034195623922E+000  1.336170164087E-001  2.857832845008E-002 -1.423587226615E-002  6.919746964189E-003
  7.169578712934E+000  1.371698383673E-001  2.671314335989E-002 -1.332781257110E-002  6.498562752764E-003
  7.308577571516E+000  1.408494826628E-001  2.492203303747E-002 -1.245326345854E-002  6.088790619447E-003
  7.451321853057E+000  1.446616617293E-001  2.320506417846E-002 -1.161275623619E-002  5.691555523394E-003
  7.597947077547E+000  1.486123995567E-001  2.156212563899E-002 -1.080666113412E-002  5.307794912060E-003
  7.748594953021E+000  1.527080516973E-001  1.999293370146E-002 -1.003519621039E-002  4.938268262642E-003
  7.903413717736E+000  1.569553267535E-001  1.849703755419E-002 -9.298436738886E-003  4.583568053410E-003
  8.062558504629E+000  1.613613094717E-001  1.707382490261E-002 -8.596324875160E-003  4.244131828368E-003
  8.226191729726E+000  1.659334855793E-001  1.572252764415E-002 -7.928679406400E-003  3.920255016217E-003
  8.394483506327E+000  1.706797685137E-001  1.444222755684E-002 -7.295205408960E-003  3.612104172129E-003
  8.567612086926E+000  1.756085282071E-001  1.323186197005E-002 -6.695503657820E-003  3.319730327684E-003
  8.745764335025E+000  1.807286221064E-001  1.209022940657E-002 -6.129079657774E-003  3.043082159755E-003
  8.929136229160E+000  1.860494286260E-001  1.101599520500E-002 -5.595352194389E-003  2.782018721984E-003
  9.117933401693E+000  1.915808832504E-001  1.000769715178E-002 -5.093661332997E-003  2.536321521263E-003
  9.312371715124E+000  1.973335175235E-001  9.063751170160E-003 -4.623275824944E-003  2.305705764846E-003
  9.512677878945E+000  2.033185011886E-001  8.182457130075E-003 -4.183399910924E-003  2.089830649487E-003
  9.719090110332E+000  2.095476877688E-001  7.362004855714E-003 -3.773179540149E-003  1.888308610554E-003
  9.931858842267E+000  2.160336639044E-001  6.600480417195E-003 -3.391708050356E-003  1.700713494573E-003
  1.015124748302E+001  2.227898028021E-001  5.895872797820E-003 -3.038031376125E-003  1.526587661430E-003
  1.037753323129E+001  2.298303221843E-001  5.246081028620E-003 -2.711152870863E-003  1.365448060842E-003
  1.061100795175E+001  2.371703471699E-001  4.648921877129E-003 -2.410037840403E-003  1.216791360535E-003
  1.085197911611E+001  2.448259785618E-001  4.102138167306E-003 -2.133617893095E-003  1.080098229702E-003
  1.110077081537E+001  2.528143670735E-001  3.603407792419E-003 -1.880795212272E-003  9.548369001139E-004
  1.135772484956E+001  2.611537940784E-001  3.150353462869E-003 -1.650446852204E-003  8.404661384820E-004
  1.162320190175E+001  2.698637595360E-001  2.740553206809E-003 -1.441429148420E-003  7.364377672660E-004
  1.189758280382E+001  2.789650778206E-001  2.371551613799E-003 -1.252582318159E-003  6.421988676249E-004
  1.218126990242E+001  2.884799822596E-001  2.040871781467E-003 -1.082735307476E-003  5.571937882803E-004
  1.247468853413E+001  2.984322392826E-001  1.746027893281E-003 -9.307109191980E-004  4.808660687526E-004
  1.277828862002E+001  3.088472731875E-001  1.484538323227E-003 -7.953312315070E-004  4.126603659439E-004
  1.309254639077E+001  3.197523026463E-001  1.253939131636E-003 -6.754232916447E-004  3.520244507032E-004
  1.341796625462E+001  3.311764902095E-001  1.051797786880E-003 -5.698250442176E-004  2.984113172151E-004
  1.375508282195E+001  3.431511062169E-001  8.757269213766E-004 -4.773914299914E-004  2.512814241452E-004
  1.410446310162E+001  3.557097086969E-001  7.233979085732E-004 -3.970005699454E-004  2.101050636901E-004
  1.446670888596E+001  3.688883410292E-001  5.925540312970E-004 -3.275599316459E-004  1.743648341197E-004
  1.484245934302E+001  3.827257493700E-001  4.810230021753E-004 -2.680123614627E-004  1.435581739141E-004
  1.523239383723E+001  3.972636220891E-001  3.867285944526E-004 -2.173418573931E-004  1.171999018560E-004
  1.563723500136E+001  4.125468537596E-001  3.077011471162E-004 -1.745789536824E-004  9.482469782858E-005
  1.605775208607E+001  4.286238365683E-001  2.420867221507E-004 -1.388055902417E-004  7.598945377598E-005
  1.649476461582E+001  4.455467823929E-001  1.881547140802E-004 -1.091593470830E-004  6.027542325884E-005
  1.694914638379E+001  4.633720792263E-001  1.443037425249E-004 -8.483693643411E-005  4.729010107147E-005
  1.742182982203E+001  4.821606861220E-001  1.090656967826E-004 -6.509686250020E-005  3.666877110073E-005
  1.791381078784E+001  5.019785714107E-001  8.110784654400E-005 -4.926118044857E-005  2.807567051897E-005
  1.842615381215E+001  5.228971995942E-001  5.923298353186E-005 -3.671631139090E-005  2.120473093459E-005
  1.895999786176E+001  5.449940730840E-001  4.237761346180E-005 -2.691289801831E-005  1.577987163505E-005
  1.951656267356E+001  5.683533358366E-001  2.960827429113E-005 -1.936471505561E-005  1.155483585881E-005
  2.009715572669E+001  5.930664469535E-001  2.011611292895E-005 -1.364667864276E-005  8.312577403513E-006
  2.070317992707E+001  6.192329335039E-001  1.320990589445E-005 -9.392027809701E-006  5.864221073393E-006
  2.133614208874E+001  6.469612332096E-001  8.307757154793E-006 -6.288778007478E-006  4.047635739244E-006
  2.199766230782E+001  6.763696392388E-001  4.927745902741E-006 -4.075569806694E-006  2.725672392492E-006
  2.268948433818E+001  7.075873612439E-001  2.677825897390E-006 -2.537054062929E-006  1.784130825506E-006
  2.341348709294E+001  7.407557189842E-001  1.245294145832E-006 -1.498966935574E-006  1.129526848067E-006
  2.417169741362E+001  7.760294874639E-001  3.861487168757E-007 -8.230532614436E-007  6.867367625876E-007
  2.496630426925E+001  8.135784155747E-001 -8.535727383660E-008 -4.019944323237E-007  3.965968487617E-007
  2.579967457140E+001  8.535889438281E-001 -3.066856478646E-007 -1.544870728112E-007  2.135327497832E-007
  2.667437081864E+001  8.962661510291E-001 -3.762674808923E-007 -2.060194912377E-008  1.032870582979E-007
  2.759317081651E+001  9.418359647997E-001 -3.618529565059E-007  4.247031396266E-008  4.080349237352E-008
  2.855908975674E+001  9.905476768748E-001 -3.078260678094E-007  6.420744791274E-008  8.313513544862E-009
  2.957540498378E+001  1.042676811269E+000 -2.414148123334E-007  6.402828204952E-008 -6.343022265822E-009
  3.064568382919E+001  1.098528402000E+000 -1.777877023842E-007  5.403083098101E-008 -1.114651281371E-008
  3.177381495601E+001  1.158440747351E+000 -1.240821236531E-007  4.120492950133E-008 -1.107335266182E-008
  3.296404372807E+001  1.222789720048E+000 -8.245554394379E-008  2.915313703188E-008 -9.029508754571E-009
  3.422101220608E+001  1.291993727721E+000 -5.228398512266E-008  1.937268454639E-008 -6.563191578101E-009
  3.554980447538E+001  1.366519436102E+000 -3.165199842394E-008  1.216381089147E-008 -4.385376751363E-009
  3.695599813319E+001  1.446888389511E+000 -1.828456098675E-008  7.235638882588E-009 -2.731115248633E-009
  3.844572291106E+001  1.533684690030E+000 -1.006520748095E-008  4.080211688822E-009 -1.595539361870E-009
  4.002572758518E+001  1.627563929686E+000 -5.268885949588E-009  2.179525047473E-009 -8.766584301257E-010
  4.170345654134E+001  1.729263610453E+000 -2.615817913721E-009  1.100884016980E-009 -4.531337280072E-010
  4.348713762001E+001  1.839615336740E+000 -1.227633399545E-009  5.244209672750E-010 -2.200557184930E-010
  4.538588318162E+001  1.959559126947E+000 -5.425346165170E-010  2.348039907303E-010 -1.001544752019E-010
  4.740980671574E+001  2.090160267552E+000 -2.247731402106E-010  9.840792844603E-011 -4.257238286000E-011
  4.957015778746E+001  2.232629229408E+000 -8.685556981081E-011  3.841912604919E-011 -1.682669899530E-011
  5.187947869225E+001  2.388345286640E+000 -3.112125442683E-011  1.389367112269E-011 -6.151639101569E-012
  5.435178690397E+001  2.558884630889E+000 -1.027190369628E-011  4.624208286923E-012 -2.067353136739E-012
  5.700278828629E+001  2.746053966795E+000 -3.099733906981E-012  1.406079824867E-012 -6.341008030881E-013
  5.985012714155E+001  2.951930820846E+000 -8.479869506017E-013  3.873394779787E-013 -1.760542578479E-013
  6.291368055481E+001  3.178912111311E+000 -2.082871325120E-013  9.574959699477E-014 -4.383160929542E-014
  6.621590623276E+001  3.429772933797E+000 -4.543536639872E-014  2.100998776563E-014 -9.680649713001E-015
  6.978225524452E+001  3.707738044625E+000 -8.693182861332E-015  4.041833732224E-015 -1.873497670936E-015
  7.364166388185E+001  4.016569212832E+000 -1.438307464575E-015  6.721264685498E-016 -3.132697001436E-016
  7.782714245929E+001  4.360672516382E+000 -2.024704294931E-016  9.506269139758E-017 -4.453390720508E-017
  8.237648351994E+001  4.745230855210E+000 -2.380229346615E-017  1.122486875064E-017 -5.283429141285E-018
  8.733311794503E+001  5.176368549127E+000 -2.287235068751E-018  1.083090785192E-018 -5.120481965239E-019
  9.274715535088E+001  5.661357031559E+000 -1.752578976001E-019  8.331284114835E-020 -3.954949803094E-020
  9.867665554529E+001  6.208873552072E+000 -1.040487920325E-020  4.964207283128E-021 -2.365624494155E-021
  1.051891916055E+002  6.829328764649E+000 -4.628570154214E-022  2.215872233943E-022 -1.059745786946E-022
  1.123637836013E+002  7.535284543316E+000 -1.483495512518E-023  7.124965361297E-024 -3.419038415995E-024
  1.202933069206E+002  8.341990973528E+000 -3.271407408176E-025  1.575976437030E-025 -7.586580622007E-026
  1.290875131414E+002  9.268082166539E+000 -4.700213421010E-027  2.270788145340E-027 -1.096391658318E-027
  1.388768482001E+002  1.033648575811E+001 -4.123630416478E-029  1.997620194142E-029 -9.672043477112E-030
  1.498173177370E+002  1.157562284364E+001 -2.044235031681E-031  9.928247147252E-032 -4.819729987716E-032
  1.620967411853E+002  1.302100699722E+001 -5.215433781303E-034  2.539094779489E-034 -1.235682622422E-034
  1.759428668168E+002  1.471739812515E+001 -6.114053186131E-037  2.983361425699E-037 -1.455287637873E-037
  1.916340085825E+002  1.672173748087E+001 -2.867234103374E-040  1.402078646400E-040 -6.854421803275E-041
  2.095131417987E+002  1.910719757888E+001 -4.534168485045E-044  2.221705136751E-044 -1.088388582141E-044
  2.300068054477E+002  2.196884699990E+001 -1.954919639860E-048  9.597243353810E-049 -4.710744332245E-049
  2.536507797910E+002  2.543169216868E+001 -1.759444232524E-053  8.653131020691E-054 -4.255107805080E-054
  2.811254638474E+002  2.966227967912E+001 -2.354537297773E-059  1.159943135628E-059 -5.713723233247E-060
  3.133053780630E+002  3.488573552677E+001 -3.028999378549E-066  1.494577595604E-066 -7.373930756261E-067
  3.513296254502E+002  4.141128389041E+001 -2.122086075268E-074  1.048640681242E-074 -5.181553214534E-075
  3.967041014106E+002  4.967130404214E+001 -3.819049876592E-084  1.889822531540E-084 -9.351107935160E-085
  4.514529193349E+002  6.028257212519E+001 -6.428808632269E-096  3.185348093801E-096 -1.578211507929E-096
  5.183481233601E+002  7.414493328740E+001 -2.536835102461E-110  1.258459091154E-110 -6.242698414244E-111
  6.012676077950E+002  9.260523890243E+001 -3.384701567351E-128  1.680925186980E-128 -8.347690647763E-129
  7.057700503752E+002  1.177394213729E+002 -9.510267829464E-151  4.727846635604E-151 -2.350318803421E-151
  8.400513767914E+002  1.528577972397E+002 -9.383995665650E-180  4.669423643519E-180 -2.323451868795E-180
  1.016602135495E+003  2.034537342122E+002 -6.340632499939E-218  3.157735620532E-218 -1.572589973023E-218
  1.255220715580E+003  2.790860613466E+002 -1.483570874520E-269  7.394053817083E-270 -3.685145718782E-270
  1.588815776243E+003  3.973705897531E+002  0.000000000000E+000  0.000000000000E+000  0.000000000000E+000
  2.075392011604E+003  5.931596040112E+002  0.000000000000E+000  0.000000000000E+000  0.000000000000E+000
  2.825079847529E+003  9.419154890021E+002  0.000000000000E+000  0.000000000000E+000  0.000000000000E+000
  4.068408296184E+003  1.627629972033E+003  0.000000000000E+000  0.000000000000E+000  0.000000000000E+000
  6.357262947674E+003  3.178964796686E+003  0.000000000000E+000  0.000000000000E+000  0.000000000000E+000
  1.130231930164E+004  7.535323971013E+003  0.000000000000E+000  0.000000000000E+000  0.000000000000E+000
  2.543105175140E+004  2.543171841285E+004  0.000000000000E+000  0.000000000000E+000  0.000000000000E+000
  1.017262069958E+005  2.034537473226E+005  0.000000000000E+000  0.000000000000E+000  0.000000000000E+000
