500
   9.830308526508E-06   1.966074589941E-05   7.577760471376E-05   7.708367001750E+00  -4.095473198003E+01
   3.932200719717E-05   3.932303800261E-05   3.030926317514E-04   7.707159236025E+00  -4.095073826109E+01
   8.847741541455E-05   5.898842277178E-05   6.818917191797E-04   7.705146449392E+00  -4.094408065389E+01
   1.573003992804E-04   7.865844718600E-05   1.212085928381E-03   7.702328876414E+00  -4.093475704825E+01
   2.457963722417E-04   9.833465899987E-05   1.893550740981E-03   7.698706845876E+00  -4.092276449650E+01
   3.539722959954E-04   1.180186070023E-04   2.726126054623E-03   7.694280781182E+00  -4.090809922001E+01
   4.818366816528E-04   1.377118412759E-04   3.709616177619E-03   7.689051200863E+00  -4.089075661766E+01
   6.293995911626E-04   1.574159134560E-04   4.843789822578E-03   7.683018719199E+00  -4.087073127608E+01
   7.966726389934E-04   1.771323769912E-04   6.128380099088E-03   7.676184046947E+00  -4.084801698178E+01
   9.836689940782E-04   1.968627874036E-04   7.563084505578E-03   7.668547992181E+00  -4.082260673510E+01
   1.190403382016E-03   2.166087025496E-04   9.147564920455E-03   7.660111461236E+00  -4.079449276594E+01
   1.416892087541E-03   2.363716828821E-04   1.088144759270E-02   7.650875459764E+00  -4.076366655135E+01
   1.663152957245E-03   2.561532917128E-04   1.276432313205E-02   7.640841093884E+00  -4.073011883484E+01
   1.929205402573E-03   2.759550954757E-04   1.479574649892E-02   7.630009571443E+00  -4.069383964746E+01
   2.215070403074E-03   2.957786639908E-04   1.697523699436E-02   7.618382203373E+00  -4.065481833060E+01
   2.520770509919E-03   3.156255707300E-04   1.930227825007E-02   7.605960405139E+00  -4.061304356050E+01
   2.846329849692E-03   3.354973930828E-04   2.177631821889E-02   7.592745698292E+00  -4.056850337447E+01
   3.191774128432E-03   3.553957126240E-04   2.439676916584E-02   7.578739712107E+00  -4.052118519869E+01
   3.557130635959E-03   3.753221153821E-04   2.716300766012E-02   7.563944185307E+00  -4.047107587765E+01
   3.942428250463E-03   3.952781921092E-04   3.007437456809E-02   7.548360967879E+00  -4.041816170522E+01
   4.347697443358E-03   4.152655385525E-04   3.313017504786E-02   7.531992022968E+00  -4.036242845718E+01
   4.772970284417E-03   4.352857557265E-04   3.632967854540E-02   7.514839428847E+00  -4.030386142534E+01
   5.218280447175E-03   4.553404501876E-04   3.967211879276E-02   7.496905380965E+00  -4.024244545304E+01
   5.683663214611E-03   4.754312343099E-04   4.315669380865E-02   7.478192194068E+00  -4.017816497218E+01
   6.169155485101E-03   4.955597265624E-04   4.678256590154E-02   7.458702304379E+00  -4.011100404153E+01
   6.674795778653E-03   5.157275517886E-04   5.054886167591E-02   7.438438271844E+00  -4.004094638646E+01
   7.200624243425E-03   5.359363414876E-04   5.445467204180E-02   7.417402782441E+00  -3.996797543992E+01
   7.746682662519E-03   5.561877340970E-04   5.849905222805E-02   7.395598650534E+00  -3.989207438466E+01
   8.313014461060E-03   5.764833752781E-04   6.268102179967E-02   7.373028821282E+00  -3.981322619670E+01
   8.899664713569E-03   5.968249182030E-04   6.699956467975E-02   7.349696373086E+00  -3.973141368986E+01
   9.506680151615E-03   6.172140238444E-04   7.145362917614E-02   7.325604520083E+00  -3.964661956142E+01
   1.013410917176E-02   6.376523612666E-04   7.604212801356E-02   7.300756614665E+00  -3.955882643884E+01
   1.078200184380E-02   6.581416079202E-04   8.076393837125E-02   7.275156150033E+00  -3.946801692742E+01
   1.145040991929E-02   6.786834499385E-04   8.561790192692E-02   7.248806762772E+00  -3.937417365889E+01
   1.213938684040E-02   6.992795824361E-04   9.060282490714E-02   7.221712235441E+00  -3.927727934085E+01
   1.284898774901E-02   7.199317098113E-04   9.571747814476E-02   7.193876499183E+00  -3.917731680701E+01
   1.357926949620E-02   7.406415460502E-04   1.009605971438E-01   7.165303636329E+00  -3.907426906821E+01
   1.433029065191E-02   7.614108150341E-04   1.063308821521E-01   7.135997883016E+00  -3.896811936405E+01
   1.510211151509E-02   7.822412508494E-04   1.118269982426E-01   7.105963631789E+00  -3.885885121515E+01
   1.589479412397E-02   8.031345981016E-04   1.174475754031E-01   7.075205434196E+00  -3.874644847596E+01
   1.670840226680E-02   8.240926122311E-04   1.231912086352E-01   7.043728003370E+00  -3.863089538804E+01
   1.754300149280E-02   8.451170598329E-04   1.290564580636E-01   7.011536216574E+00  -3.851217663373E+01
   1.839865912351E-02   8.662097189796E-04   1.350418490548E-01   6.978635117735E+00  -3.839027739020E+01
   1.927544426443E-02   8.873723795480E-04   1.411458723470E-01   6.945029919922E+00  -3.826518338366E+01
   2.017342781695E-02   9.086068435487E-04   1.473669841908E-01   6.910726007796E+00  -3.813688094390E+01
   2.109268249069E-02   9.299149254598E-04   1.537036065015E-01   6.875728940004E+00  -3.800535705884E+01
   2.203328281612E-02   9.512984525641E-04   1.601541270240E-01   6.840044451518E+00  -3.787059942917E+01
   2.299530515754E-02   9.727592652906E-04   1.667168995092E-01   6.803678455917E+00  -3.773259652296E+01
   2.397882772639E-02   9.942992175591E-04   1.733902439044E-01   6.766637047591E+00  -3.759133763014E+01
   2.498393059493E-02   1.015920177130E-03   1.801724465565E-01   6.728926503877E+00  -3.744681291684E+01
   2.601069571024E-02   1.037624025957E-03   1.870617604292E-01   6.690553287113E+00  -3.729901347943E+01
   2.705920690860E-02   1.059412660547E-03   1.940564053348E-01   6.651524046600E+00  -3.714793139824E+01
   2.812954993023E-02   1.081287992318E-03   2.011545681801E-01   6.611845620471E+00  -3.699355979089E+01
   2.922181243436E-02   1.103251947969E-03   2.083544032288E-01   6.571525037457E+00  -3.683589286509E+01
   3.033608401473E-02   1.125306469854E-03   2.156540323776E-01   6.530569518552E+00  -3.667492597090E+01
   3.147245621542E-02   1.147453516351E-03   2.230515454503E-01   6.488986478550E+00  -3.651065565234E+01
   3.263102254705E-02   1.169695062249E-03   2.305450005072E-01   6.446783527473E+00  -3.634307969822E+01
   3.381187850339E-02   1.192033099133E-03   2.381324241712E-01   6.403968471866E+00  -3.617219719227E+01
   3.501512157837E-02   1.214469635775E-03   2.458118119723E-01   6.360549315961E+00  -3.599800856227E+01
   3.624085128345E-02   1.237006698530E-03   2.535811287080E-01   6.316534262695E+00  -3.582051562833E+01
   3.748916916538E-02   1.259646331739E-03   2.614383088231E-01   6.271931714589E+00  -3.563972165001E+01
   3.876017882444E-02   1.282390598136E-03   2.693812568073E-01   6.226750274469E+00  -3.545563137239E+01
   4.005398593302E-02   1.305241579266E-03   2.774078476107E-01   6.180998746032E+00  -3.526825107096E+01
   4.137069825459E-02   1.328201375897E-03   2.855159270795E-01   6.134686134247E+00  -3.507758859520E+01
   4.271042566323E-02   1.351272108452E-03   2.937033124095E-01   6.087821645579E+00  -3.488365341076E+01
   4.407328016341E-02   1.374455917436E-03   3.019677926204E-01   6.040414688050E+00  -3.468645664031E+01
   4.545937591035E-02   1.397754963880E-03   3.103071290487E-01   5.992474871105E+00  -3.448601110283E+01
   4.686882923075E-02   1.421171429779E-03   3.187190558610E-01   5.944012005303E+00  -3.428233135129E+01
   4.830175864396E-02   1.444707518548E-03   3.272012805878E-01   5.895036101804E+00  -3.407543370877E+01
   4.975828488365E-02   1.468365455478E-03   3.357514846766E-01   5.845557371669E+00  -3.386533630273E+01
   5.123853091993E-02   1.492147488203E-03   3.443673240667E-01   5.795586224953E+00  -3.365205909760E+01
   5.274262198188E-02   1.516055887169E-03   3.530464297835E-01   5.745133269592E+00  -3.343562392539E+01
   5.427068558066E-02   1.540092946119E-03   3.617864085542E-01   5.694209310077E+00  -3.321605451449E+01
   5.582285153302E-02   1.564260982573E-03   3.705848434443E-01   5.642825345918E+00  -3.299337651631E+01
   5.739925198530E-02   1.588562338332E-03   3.794392945142E-01   5.590992569883E+00  -3.276761753002E+01
   5.900002143803E-02   1.612999379973E-03   3.883472994977E-01   5.538722366015E+00  -3.253880712497E+01
   6.062529677088E-02   1.637574499364E-03   3.973063745005E-01   5.486026307426E+00  -3.230697686107E+01
   6.227521726827E-02   1.662290114181E-03   4.063140147199E-01   5.432916153855E+00  -3.207216030683E+01
   6.394992464542E-02   1.687148668440E-03   4.153676951852E-01   5.379403848997E+00  -3.183439305509E+01
   6.564956307496E-02   1.712152633027E-03   4.244648715186E-01   5.325501517598E+00  -3.159371273635E+01
   6.737427921404E-02   1.737304506249E-03   4.336029807171E-01   5.271221462302E+00  -3.135015902978E+01
   6.912422223211E-02   1.762606814387E-03   4.427794419537E-01   5.216576160275E+00  -3.110377367159E+01
   7.089954383907E-02   1.788062112257E-03   4.519916573999E-01   5.161578259569E+00  -3.085460046099E+01
   7.270039831418E-02   1.813672983787E-03   4.612370130672E-01   5.106240575252E+00  -3.060268526352E+01
   7.452694253540E-02   1.839442042599E-03   4.705128796688E-01   5.050576085293E+00  -3.034807601177E+01
   7.637933600943E-02   1.865371932600E-03   4.798166135000E-01   4.994597926202E+00  -3.009082270344E+01
   7.825774090225E-02   1.891465328589E-03   4.891455573384E-01   4.938319388418E+00  -2.983097739668E+01
   8.016232207035E-02   1.917724936867E-03   4.984970413617E-01   4.881753911458E+00  -2.956859420273E+01
   8.209324709253E-02   1.944153495867E-03   5.078683840841E-01   4.824915078819E+00  -2.930372927574E+01
   8.405068630235E-02   1.970753776782E-03   5.172568933105E-01   4.767816612630E+00  -2.903644079982E+01
   8.603481282122E-02   1.997528584221E-03   5.266598671075E-01   4.710472368070E+00  -2.876678897329E+01
   8.804580259214E-02   2.024480756857E-03   5.360745947915E-01   4.652896327531E+00  -2.849483599002E+01
   9.008383441408E-02   2.051613168108E-03   5.454983579318E-01   4.595102594555E+00  -2.822064601797E+01
   9.214908997710E-02   2.078928726810E-03   5.549284313708E-01   4.537105387517E+00  -2.794428517479E+01
   9.424175389809E-02   2.106430377918E-03   5.643620842568E-01   4.478919033090E+00  -2.766582150063E+01
   9.636201375725E-02   2.134121103210E-03   5.737965810929E-01   4.420557959462E+00  -2.738532492787E+01
   9.851006013526E-02   2.162003922007E-03   5.832291827977E-01   4.362036689334E+00  -2.710286724818E+01
   1.006860866512E-01   2.190081891910E-03   5.926571477792E-01   4.303369832690E+00  -2.681852207647E+01
   1.028902900012E-01   2.218358109541E-03   6.020777330199E-01   4.244572079352E+00  -2.653236481211E+01
   1.051228699979E-01   2.246835711311E-03   6.114881951733E-01   4.185658191310E+00  -2.624447259713E+01
   1.073840296104E-01   2.275517874190E-03   6.208857916699E-01   4.126642994852E+00  -2.595492427165E+01
   1.096739750056E-01   2.304407816497E-03   6.302677818318E-01   4.067541372488E+00  -2.566380032640E+01
   1.119929155896E-01   2.333508798707E-03   6.396314279962E-01   4.008368254675E+00  -2.537118285244E+01
   1.143410640503E-01   2.362824124271E-03   6.489739966447E-01   3.949138611350E+00  -2.507715548802E+01
   1.167186364011E-01   2.392357140448E-03   6.582927595395E-01   3.889867443284E+00  -2.478180336281E+01
   1.191258520249E-01   2.422111239159E-03   6.675849948635E-01   3.830569773263E+00  -2.448521303917E+01
   1.215629337189E-01   2.452089857854E-03   6.768479883646E-01   3.771260637089E+00  -2.418747245097E+01
   1.240301077413E-01   2.482296480400E-03   6.860790345024E-01   3.711955074441E+00  -2.388867083960E+01
   1.265276038575E-01   2.512734637975E-03   6.952754375956E-01   3.652668119570E+00  -2.358889868741E+01
   1.290556553882E-01   2.543407909995E-03   7.044345129705E-01   3.593414791867E+00  -2.328824764871E+01
   1.316144992580E-01   2.574319925047E-03   7.135535881068E-01   3.534210086295E+00  -2.298681047817E+01
   1.342043760450E-01   2.605474361847E-03   7.226300037825E-01   3.475068963701E+00  -2.268468095687E+01
   1.368255300316E-01   2.636874950214E-03   7.316611152133E-01   3.416006341025E+00  -2.238195381602E+01
   1.394782092560E-01   2.668525472060E-03   7.406442931882E-01   3.357037081412E+00  -2.207872465838E+01
   1.421626655646E-01   2.700429762411E-03   7.495769251974E-01   3.298175984236E+00  -2.177508987755E+01
   1.448791546661E-01   2.732591710434E-03   7.584564165529E-01   3.239437775050E+00  -2.147114657508E+01
   1.476279361856E-01   2.765015260497E-03   7.672801914992E-01   3.180837095490E+00  -2.116699247571E+01
   1.504092737207E-01   2.797704413242E-03   7.760456943137E-01   3.122388493111E+00  -2.086272584054E+01
   1.532234348983E-01   2.830663226680E-03   7.847503903938E-01   3.064106411213E+00  -2.055844537855E+01
   1.560706914324E-01   2.863895817319E-03   7.933917673314E-01   3.006005178630E+00  -2.025425015629E+01
   1.589513191834E-01   2.897406361298E-03   8.019673359715E-01   2.948098999524E+00  -1.995023950607E+01
   1.618655982178E-01   2.931199095559E-03   8.104746314533E-01   2.890401943188E+00  -1.964651293266E+01
   1.648138128702E-01   2.965278319033E-03   8.189112142349E-01   2.832927933873E+00  -1.934317001857E+01
   1.677962518056E-01   2.999648393860E-03   8.272746710960E-01   2.775690740652E+00  -1.904031032823E+01
   1.708132080832E-01   3.034313746623E-03   8.355626161213E-01   2.718703967345E+00  -1.873803331092E+01
   1.738649792215E-01   3.069278869616E-03   8.437726916596E-01   2.661981042515E+00  -1.843643820288E+01
   1.769518672648E-01   3.104548322136E-03   8.519025692596E-01   2.605535209545E+00  -1.813562392848E+01
   1.800741788507E-01   3.140126731803E-03   8.599499505792E-01   2.549379516831E+00  -1.783568900078E+01
   1.832322252791E-01   3.176018795904E-03   8.679125682685E-01   2.493526808085E+00  -1.753673142152E+01
   1.864263225826E-01   3.212229282769E-03   8.757881868232E-01   2.437989712776E+00  -1.723884858072E+01
   1.896567915983E-01   3.248763033179E-03   8.835746034083E-01   2.382780636734E+00  -1.694213715607E+01
   1.929239580409E-01   3.285624961791E-03   8.912696486503E-01   2.327911752913E+00  -1.664669301221E+01
   1.962281525771E-01   3.322820058613E-03   8.988711873963E-01   2.273394992351E+00  -1.635261110013E+01
   1.995697109023E-01   3.360353390492E-03   9.063771194391E-01   2.219242035329E+00  -1.605998535678E+01
   2.029489738173E-01   3.398230102644E-03   9.137853802067E-01   2.165464302755E+00  -1.576890860514E+01
   2.063662873085E-01   3.436455420218E-03   9.210939414146E-01   2.112072947786E+00  -1.547947245481E+01
   2.098220026275E-01   3.475034649885E-03   9.283008116805E-01   2.059078847704E+00  -1.519176720339E+01
   2.133164763746E-01   3.513973181471E-03   9.354040370993E-01   2.006492596070E+00  -1.490588173882E+01
   2.168500705817E-01   3.553276489620E-03   9.424017017786E-01   1.954324495161E+00  -1.462190344274E+01
   2.204231527988E-01   3.592950135496E-03   9.492919283314E-01   1.902584548717E+00  -1.433991809518E+01
   2.240360961807E-01   3.632999768520E-03   9.560728783278E-01   1.851282455010E+00  -1.406000978069E+01
   2.276892795770E-01   3.673431128145E-03   9.627427527025E-01   1.800427600250E+00  -1.378226079613E+01
   2.313830876220E-01   3.714250045674E-03   9.692997921182E-01   1.750029052347E+00  -1.350675156017E+01
   2.351179108282E-01   3.755462446115E-03   9.757422772841E-01   1.700095555042E+00  -1.323356052495E+01
   2.388941456809E-01   3.797074350078E-03   9.820685292287E-01   1.650635522418E+00  -1.296276408971E+01
   2.427121947345E-01   3.839091875711E-03   9.882769095263E-01   1.601657033823E+00  -1.269443651693E+01
   2.465724667110E-01   3.881521240686E-03   9.943658204767E-01   1.553167829191E+00  -1.242864985086E+01
   2.504753766009E-01   3.924368764227E-03   1.000333705237E+00   1.505175304800E+00  -1.216547383887E+01
   2.544213457654E-01   3.967640869177E-03   1.006179047907E+00   1.457686509465E+00  -1.190497585552E+01
   2.584108020414E-01   4.011344084122E-03   1.011900373566E+00   1.410708141192E+00  -1.164722082982E+01
   2.624441798480E-01   4.055485045557E-03   1.017496248260E+00   1.364246544281E+00  -1.139227117558E+01
   2.665219202956E-01   4.100070500102E-03   1.022965278944E+00   1.318307706917E+00  -1.114018672517E+01
   2.706444712976E-01   4.145107306769E-03   1.028306113377E+00   1.272897259246E+00  -1.089102466685E+01
   2.748122876832E-01   4.190602439283E-03   1.033517439962E+00   1.228020471935E+00  -1.064483948572E+01
   2.790258313137E-01   4.236562988450E-03   1.038597987548E+00   1.183682255244E+00  -1.040168290855E+01
   2.832855712010E-01   4.282996164587E-03   1.043546525180E+00   1.139887158613E+00  -1.016160385257E+01
   2.875919836279E-01   4.329909300005E-03   1.048361861804E+00   1.096639370752E+00  -9.924648378452E+00
   2.919455522717E-01   4.377309851548E-03   1.053042845925E+00   1.053942720269E+00  -9.690859647468E+00
   2.963467683296E-01   4.425205403192E-03   1.057588365223E+00   1.011800676818E+00  -9.460277883097E+00
   3.007961306479E-01   4.473603668706E-03   1.061997346122E+00   9.702163527796E-01  -9.232940337131E+00
   3.052941458522E-01   4.522512494374E-03   1.066268753322E+00   9.291925054763E-01  -9.008881260414E+00
   3.098413284823E-01   4.571939861783E-03   1.070401589279E+00   8.887315399227E-01  -8.788131878315E+00
   3.144382011281E-01   4.621893890671E-03   1.074394893661E+00   8.488355121101E-01  -8.570720371031E+00
   3.190852945695E-01   4.672382841850E-03   1.078247742750E+00   8.095061328250E-01  -8.356671858817E+00
   3.237831479192E-01   4.723415120192E-03   1.081959248815E+00   7.707447719987E-01  -8.146008392221E+00
   3.285323087679E-01   4.774999277691E-03   1.085528559454E+00   7.325524635842E-01  -7.938748947385E+00
   3.333333333333E-01   4.827144016591E-03   1.088954856893E+00   6.949299109554E-01  -7.734909426485E+00
   3.381867866117E-01   4.879858192602E-03   1.092237357264E+00   6.578774928213E-01  -7.534502663348E+00
   3.430932425333E-01   4.933150818173E-03   1.095375309848E+00   6.213952696481E-01  -7.337538434288E+00
   3.480532841203E-01   4.987031065868E-03   1.098367996295E+00   5.854829905790E-01  -7.144023474192E+00
   3.530675036492E-01   5.041508271801E-03   1.101214729824E+00   5.501401008419E-01  -6.953961497858E+00
   3.581365028158E-01   5.096591939172E-03   1.103914854393E+00   5.153657496310E-01  -6.767353226605E+00
   3.632608929041E-01   5.152291741875E-03   1.106467743859E+00   4.811587984509E-01  -6.584196420123E+00
   3.684412949588E-01   5.208617528209E-03   1.108872801120E+00   4.475178299056E-01  -6.404485913560E+00
   3.736783399619E-01   5.265579324662E-03   1.111129457249E+00   4.144411569174E-01  -6.228213659796E+00
   3.789726690123E-01   5.323187339805E-03   1.113237170610E+00   3.819268323569E-01  -6.055368776856E+00
   3.843249335105E-01   5.381451968273E-03   1.115195425978E+00   3.499726590650E-01  -5.885937600406E+00
   3.897357953460E-01   5.440383794842E-03   1.117003733652E+00   3.185762002450E-01  -5.719903741242E+00
   3.952059270903E-01   5.499993598618E-03   1.118661628571E+00   2.877347902034E-01  -5.557248147695E+00
   4.007360121927E-01   5.560292357317E-03   1.120168669433E+00   2.574455454152E-01  -5.397949172824E+00
   4.063267451812E-01   5.621291251662E-03   1.121524437825E+00   2.277053758884E-01  -5.241982646307E+00
   4.119788318683E-01   5.683001669888E-03   1.122728537367E+00   1.985109968017E-01  -5.089321950866E+00
   4.176929895600E-01   5.745435212354E-03   1.123780592861E+00   1.698589403872E-01  -4.939938103097E+00
   4.234699472710E-01   5.808603696282E-03   1.124680249477E+00   1.417455680295E-01  -4.793799838535E+00
   4.293104459435E-01   5.872519160606E-03   1.125427171949E+00   1.141670825512E-01  -4.650873700774E+00
   4.352152386716E-01   5.937193870949E-03   1.126021043803E+00   8.711954065300E-02  -4.511124134457E+00
   4.411850909306E-01   6.002640324729E-03   1.126461566618E+00   6.059886547745E-02  -4.374513581933E+00
   4.472207808110E-01   6.068871256391E-03   1.126748459322E+00   3.460085926139E-02  -4.241002583351E+00
   4.533230992589E-01   6.135899642772E-03   1.126881457525E+00   9.121216044770E-03  -4.110549879973E+00
   4.594928503202E-01   6.203738708611E-03   1.126860312896E+00  -1.584446559998E-02  -3.983112520457E+00
   4.657308513924E-01   6.272401932198E-03   1.126684792587E+00  -4.030066985317E-02  -3.858645969857E+00
   4.720379334802E-01   6.341903051163E-03   1.126354678712E+00  -6.425195098380E-02  -3.737104221059E+00
   4.784149414579E-01   6.412256068427E-03   1.125869767871E+00  -8.770292077276E-02  -3.618439908395E+00
   4.848627343381E-01   6.483475258298E-03   1.125229870741E+00  -1.106582360602E-01  -3.502604423133E+00
   4.913821855461E-01   6.555575172733E-03   1.124434811723E+00  -1.331225864541E-01  -3.389548030537E+00
   4.979741832006E-01   6.628570647764E-03   1.123484428657E+00  -1.551006822377E-01  -3.279219988207E+00
   5.046396304008E-01   6.702476810086E-03   1.122378572603E+00  -1.765972425121E-01  -3.171568665367E+00
   5.113794455212E-01   6.777309083830E-03   1.121117107692E+00  -1.976169836123E-01  -3.066541662778E+00
   5.181945625116E-01   6.853083197508E-03   1.119699911055E+00  -2.181646078324E-01  -2.964085932954E+00
   5.250859312060E-01   6.929815191146E-03   1.118126872826E+00  -2.382447924969E-01  -2.864147900337E+00
   5.320545176366E-01   7.007521423604E-03   1.116397896224E+00  -2.578621794134E-01  -2.766673581090E+00
   5.391013043575E-01   7.086218580100E-03   1.114512897719E+00  -2.770213647419E-01  -2.671608702173E+00
   5.462272907741E-01   7.165923679926E-03   1.112471807276E+00  -2.957268893147E-01  -2.578898819337E+00
   5.534334934816E-01   7.246654084380E-03   1.110274568691E+00  -3.139832294398E-01  -2.488489433712E+00
   5.607209466109E-01   7.328427504912E-03   1.107921140010E+00  -3.317947882197E-01  -2.400326106627E+00
   5.680907021827E-01   7.411262011483E-03   1.105411494038E+00  -3.491658874152E-01  -2.314354572317E+00
   5.755438304707E-01   7.495176041166E-03   1.102745618934E+00  -3.661007598846E-01  -2.230520848181E+00
   5.830814203728E-01   7.580188406970E-03   1.099923518898E+00  -3.826035426231E-01  -2.148771342253E+00
   5.907045797917E-01   7.666318306912E-03   1.096945214950E+00  -3.986782704301E-01  -2.069052957542E+00
   5.984144360243E-01   7.753585333338E-03   1.093810745793E+00  -4.143288702251E-01  -1.991313192935E+00
   6.062121361613E-01   7.842009482502E-03   1.090520168770E+00  -4.295591560349E-01  -1.915500240330E+00
   6.140988474955E-01   7.931611164409E-03   1.087073560910E+00  -4.443728246705E-01  -1.841563077703E+00
   6.220757579409E-01   8.022411212936E-03   1.083471020059E+00  -4.587734521081E-01  -1.769451557809E+00
   6.301440764614E-01   8.114430896230E-03   1.079712666098E+00  -4.727644905906E-01  -1.699116492238E+00
   6.383050335109E-01   8.207691927403E-03   1.075798642246E+00  -4.863492664581E-01  -1.630509730560E+00
   6.465598814833E-01   8.302216475524E-03   1.071729116447E+00  -4.995309787156E-01  -1.563584234311E+00
   6.549098951744E-01   8.398027176926E-03   1.067504282830E+00  -5.123126983436E-01  -1.498294145576E+00
   6.633563722545E-01   8.495147146827E-03   1.063124363253E+00  -5.246973683532E-01  -1.434594849967E+00
   6.719006337539E-01   8.593599991288E-03   1.058589608916E+00  -5.366878045834E-01  -1.372443033804E+00
   6.805440245593E-01   8.693409819506E-03   1.053900302046E+00  -5.482866972372E-01  -1.311796735307E+00
   6.892879139233E-01   8.794601256469E-03   1.049056757642E+00  -5.594966131473E-01  -1.252615389679E+00
   6.981336959871E-01   8.897199455961E-03   1.044059325289E+00  -5.703199987612E-01  -1.194859867930E+00
   7.070827903152E-01   9.001230113956E-03   1.038908391020E+00  -5.807591838307E-01  -1.138492509355E+00
   7.161366424455E-01   9.106719482390E-03   1.033604379236E+00  -5.908163857864E-01  -1.083477147590E+00
   7.252967244510E-01   9.213694383338E-03   1.028147754669E+00  -6.004937147782E-01  -1.029779130203E+00
   7.345645355186E-01   9.322182223606E-03   1.022539024381E+00  -6.097931793541E-01  -9.773653317884E-01
   7.439416025400E-01   9.432211009745E-03   1.016778739807E+00  -6.187166927510E-01  -9.262041605968E-01
   7.534294807203E-01   9.543809363512E-03   1.010867498816E+00  -6.272660797653E-01  -8.762655587195E-01
   7.630297542000E-01   9.657006537783E-03   1.004805947797E+00  -6.354430841687E-01  -8.275209959093E-01
   7.727440366954E-01   9.771832432940E-03   9.985947837658E-01  -6.432493766313E-01  -7.799434571319E-01
   7.825739721536E-01   9.888317613741E-03   9.922347564717E-01  -6.506865631116E-01  -7.335074239800E-01
   7.925212354258E-01   1.000649332670E-02   9.857266705105E-01  -6.577561936698E-01  -6.881888501067E-01
   8.025875329584E-01   1.012639151798E-02   9.790713874321E-01  -6.644597716587E-01  -6.439651308710E-01
   8.127746035011E-01   1.024804485184E-02   9.722698278350E-01  -6.707987632432E-01  -6.008150674108E-01
   8.230842188350E-01   1.037148672960E-02   9.653229734421E-01  -6.767746071983E-01  -5.587188253946E-01
   8.335181845190E-01   1.049675130923E-02   9.582318691514E-01  -6.823887249332E-01  -5.176578887248E-01
   8.440783406568E-01   1.062387352550E-02   9.509976250531E-01  -6.876425306872E-01  -4.776150084973E-01
   8.547665626839E-01   1.075288911077E-02   9.436214184081E-01  -6.925374418422E-01  -4.385741475468E-01
   8.655847621758E-01   1.088383461638E-02   9.361044955806E-01  -6.970748892946E-01  -4.005204209298E-01
   8.765348876780E-01   1.101674743475E-02   9.284481739185E-01  -7.012563278316E-01  -3.634400327238E-01
   8.876189255584E-01   1.115166582209E-02   9.206538435766E-01  -7.050832464514E-01  -3.273202095402E-01
   8.988389008829E-01   1.128862892191E-02   9.127229692753E-01  -7.085571785726E-01  -2.921491311682E-01
   9.101968783143E-01   1.142767678917E-02   9.046570919912E-01  -7.116797120747E-01  -2.579158587848E-01
   9.216949630368E-01   1.156885041525E-02   8.964578305727E-01  -7.144524991139E-01  -2.246102611802E-01
   9.333353017046E-01   1.171219175365E-02   8.881268832787E-01  -7.168772656587E-01  -1.922229394616E-01
   9.451200834176E-01   1.185774374655E-02   8.796660292330E-01  -7.189558206930E-01  -1.607451507054E-01
   9.570515407237E-01   1.200555035216E-02   8.710771297947E-01  -7.206900650358E-01  -1.301687310387E-01
   9.691319506484E-01   1.215565657299E-02   8.623621298372E-01  -7.220819997271E-01  -1.004860186302E-01
   9.813636357544E-01   1.230810848498E-02   8.535230589379E-01  -7.231337339366E-01  -7.168977707626E-02
   9.937489652293E-01   1.246295326757E-02   8.445620324726E-01  -7.238474923516E-01  -4.377311966094E-02
   1.006290356005E+00   1.262023923477E-02   8.354812526163E-01  -7.242256220054E-01  -1.672943496658E-02
   1.018990273907E+00   1.278001586715E-02   8.262830092476E-01  -7.242705985121E-01   9.447685699701E-03
   1.031851234841E+00   1.294233384499E-02   8.169696807580E-01  -7.239850316783E-01   3.476451860995E-02
   1.044875806003E+00   1.310724508236E-02   8.075437347657E-01  -7.233716704654E-01   5.922727521216E-02
   1.058066607138E+00   1.327480276248E-02   7.980077287356E-01  -7.224334072837E-01   8.284216660200E-02
   1.071426311823E+00   1.344506137405E-02   7.883643105061E-01  -7.211732816028E-01   1.056154644742E-01
   1.084957648792E+00   1.361807674895E-02   7.786162187267E-01  -7.195944828713E-01   1.275535581848E-01
   1.098663403298E+00   1.379390610110E-02   7.687662832068E-01  -7.177003527399E-01   1.486630075840E-01
   1.112546418516E+00   1.397260806657E-02   7.588174251813E-01  -7.154943865958E-01   1.689505913140E-01
   1.126609596985E+00   1.415424274514E-02   7.487726574942E-01  -7.129802344127E-01   1.884233502995E-01
   1.140855902095E+00   1.433887174317E-02   7.386350847060E-01  -7.101617009372E-01   2.070886261976E-01
   1.155288359613E+00   1.452655821788E-02   7.284079031289E-01  -7.070427452304E-01   2.249540946158E-01
   1.169910059257E+00   1.471736692327E-02   7.180944007922E-01  -7.036274795947E-01   2.420277929496E-01
   1.184724156317E+00   1.491136425740E-02   7.076979573462E-01  -6.999201679209E-01   2.583181427340E-01
   1.199733873325E+00   1.510861831145E-02   6.972220439051E-01  -6.959252234949E-01   2.738339664546E-01
   1.214942501771E+00   1.530919892035E-02   6.866702228362E-01  -6.916472063120E-01   2.885844988081E-01
   1.230353403874E+00   1.551317771520E-02   6.760461474994E-01  -6.870908199498E-01   3.025793924540E-01
   1.245970014403E+00   1.572062817747E-02   6.653535619386E-01  -6.822609080567E-01   3.158287183470E-01
   1.261795842559E+00   1.593162569510E-02   6.545963005322E-01  -6.771624505183E-01   3.283429607910E-01
   1.277834473907E+00   1.614624762054E-02   6.437782876021E-01  -6.718005593670E-01   3.401330074041E-01
   1.294089572372E+00   1.636457333079E-02   6.329035369857E-01  -6.661804745033E-01   3.512101342337E-01
   1.310564882294E+00   1.658668428962E-02   6.219761515714E-01  -6.603075593015E-01   3.615859863063E-01
   1.327264230548E+00   1.681266411190E-02   6.110003227972E-01  -6.541872961741E-01   3.712725539447E-01
   1.344191528724E+00   1.704259863026E-02   5.999803301133E-01  -6.478252821686E-01   3.802821452256E-01
   1.361350775387E+00   1.727657596408E-02   5.889205404042E-01  -6.412272246742E-01   3.886273549942E-01
   1.378746058390E+00   1.751468659100E-02   5.778254073688E-01  -6.343989373118E-01   3.963210308862E-01
   1.396381557275E+00   1.775702342093E-02   5.666994708516E-01  -6.273463360824E-01   4.033762368433E-01
   1.414261545744E+00   1.800368187279E-02   5.555473561193E-01  -6.200754358431E-01   4.098062146358E-01
   1.432390394201E+00   1.825475995395E-02   5.443737730728E-01  -6.125923471807E-01   4.156243439310E-01
   1.450772572390E+00   1.851035834267E-02   5.331835153859E-01  -6.049032737439E-01   4.208441014638E-01
   1.469412652102E+00   1.877058047342E-02   5.219814595546E-01  -5.970145100918E-01   4.254790198811E-01
   1.488315309978E+00   1.903553262542E-02   5.107725638464E-01  -5.889324401105E-01   4.295426468375E-01
   1.507485330398E+00   1.930532401444E-02   4.995618671288E-01  -5.806635360399E-01   4.330485049216E-01
   1.526927608467E+00   1.958006688797E-02   4.883544875600E-01  -5.722143581446E-01   4.360100529874E-01
   1.546647153093E+00   1.985987662391E-02   4.771556211205E-01  -5.635915550542E-01   4.384406494536E-01
   1.566649090169E+00   2.014487183303E-02   4.659705399605E-01  -5.548018647868E-01   4.403535181138E-01
   1.586938665861E+00   2.043517446518E-02   4.548045905395E-01  -5.458521164579E-01   4.417617169760E-01
   1.607521250000E+00   2.073090991960E-02   4.436631915288E-01  -5.367492326654E-01   4.426781106194E-01
   1.628402339588E+00   2.103220715932E-02   4.325518314487E-01  -5.275002325272E-01   4.431153465140E-01
   1.649587562420E+00   2.133919883002E-02   4.214760660084E-01  -5.181122353371E-01   4.430858357067E-01
   1.671082680832E+00   2.165202138333E-02   4.104415151165E-01  -5.085924647883E-01   4.426017382243E-01
   1.692893595565E+00   2.197081520497E-02   3.994538595268E-01  -4.989482537004E-01   4.416749534880E-01
   1.715026349769E+00   2.229572474776E-02   3.885188370865E-01  -4.891870491741E-01   4.403171159696E-01
   1.737487133138E+00   2.262689866987E-02   3.776422385493E-01  -4.793164180797E-01   4.385395962550E-01
   1.760282286187E+00   2.296448997842E-02   3.668299029182E-01  -4.693440527754E-01   4.363535076066E-01
   1.783418304674E+00   2.330865617868E-02   3.560877122820E-01  -4.592777769370E-01   4.337697180433E-01
   1.806901844175E+00   2.365955942924E-02   3.454215861103E-01  -4.491255513661E-01   4.307988678781E-01
   1.830739724818E+00   2.401736670327E-02   3.348374749730E-01  -4.388954796371E-01   4.274513925765E-01
   1.854938936184E+00   2.438224995616E-02   3.243413536502E-01  -4.285958134262E-01   4.237375507141E-01
   1.879506642368E+00   2.475438629994E-02   3.139392136045E-01  -4.182349573630E-01   4.196674567394E-01
   1.904450187236E+00   2.513395818467E-02   3.036370547852E-01  -4.078214732324E-01   4.152511181617E-01
   1.929777099847E+00   2.552115358717E-02   2.934408767418E-01  -3.973640833516E-01   4.104984767130E-01
   1.955495100083E+00   2.591616620741E-02   2.833566690250E-01  -3.868716729421E-01   4.054194529584E-01
   1.981612104475E+00   2.631919567292E-02   2.733904008605E-01  -3.763532913139E-01   4.000239937600E-01
   2.008136232230E+00   2.673044775156E-02   2.635480100831E-01  -3.658181516814E-01   3.943221219391E-01
   2.035075811486E+00   2.715013457311E-02   2.538353913286E-01  -3.552756294311E-01   3.883239874222E-01
   2.062439385788E+00   2.757847486001E-02   2.442583834837E-01  -3.447352586688E-01   3.820399191117E-01
   2.090235720801E+00   2.801569416771E-02   2.348227564025E-01  -3.342067268795E-01   3.754804766785E-01
   2.118473811262E+00   2.846202513514E-02   2.255341969083E-01  -3.236998675483E-01   3.686565014466E-01
   2.147162888201E+00   2.891770774564E-02   2.163982941034E-01  -3.132246505986E-01   3.615791655187E-01
   2.176312426413E+00   2.938298959899E-02   2.074205240224E-01  -3.027911705257E-01   3.542600182821E-01
   2.205932152222E+00   2.985812619504E-02   1.986062336706E-01  -2.924096321204E-01   3.467110294395E-01
   2.236032051522E+00   3.034338122938E-02   1.899606245019E-01  -2.820903336987E-01   3.389446277216E-01
   2.266622378129E+00   3.083902690182E-02   1.814887353968E-01  -2.718436477816E-01   3.309737344669E-01
   2.297713662445E+00   3.134534423818E-02   1.731954252148E-01  -2.616799991915E-01   3.228117912951E-01
   2.329316720450E+00   3.186262342603E-02   1.650853550028E-01  -2.516098405649E-01   3.144727811493E-01
   2.361442663038E+00   3.239116416519E-02   1.571629699532E-01  -2.416436253108E-01   3.059712420504E-01
   2.394102905709E+00   3.293127603351E-02   1.494324812139E-01  -2.317917780760E-01   2.973222729815E-01
   2.427309178642E+00   3.348327886897E-02   1.418978476629E-01  -2.220646628156E-01   2.885415314057E-01
   2.461073537146E+00   3.404750316862E-02   1.345627577696E-01  -2.124725486002E-01   2.796452220227E-01
   2.495408372530E+00   3.462429050548E-02   1.274306116725E-01  -2.030255733278E-01   2.706500764720E-01
   2.530326423398E+00   3.521399396401E-02   1.205045036117E-01  -1.937337055443E-01   2.615733238087E-01
   2.565840787378E+00   3.581697859546E-02   1.137872048612E-01  -1.846067046130E-01   2.524326516981E-01
   2.601964933334E+00   3.643362189376E-02   1.072811473119E-01  -1.756540795063E-01   2.432461584038E-01
   2.638712714049E+00   3.706431429322E-02   1.009884078614E-01  -1.668850465282E-01   2.340322957737E-01
   2.676098379430E+00   3.770945968912E-02   9.491069376841E-02  -1.583084863064E-01   2.248098035610E-01
   2.714136590232E+00   3.836947598236E-02   8.904932913365E-02  -1.499329004204E-01   2.155976355505E-01
   2.752842432351E+00   3.904479564947E-02   8.340524266643E-02  -1.417663680610E-01   2.064148780895E-01
   2.792231431696E+00   3.973586633921E-02   7.797895689720E-02  -1.338165031341E-01   1.972806617494E-01
   2.832319569669E+00   4.044315149734E-02   7.277057899042E-02  -1.260904122432E-01   1.882140669649E-01
   2.873123299289E+00   4.116713102086E-02   6.777979330770E-02  -1.185946539963E-01   1.792340246064E-01
   2.914659561979E+00   4.190830194354E-02   6.300585586305E-02  -1.113352000906E-01   1.703592125464E-01
   2.956945805065E+00   4.266717915414E-02   5.844759080241E-02  -1.043173986327E-01   1.616079493653E-01
   3.000000000000E+00   4.344429614932E-02   5.410338902739E-02  -9.754594014567E-02   1.529980864220E-01
   3.043840661365E+00   4.424020582308E-02   4.997120906939E-02  -9.102482670750E-02   1.445468995687E-01
   3.088486866678E+00   4.505548129460E-02   4.604858030385E-02  -8.475734464807E-02   1.362709818357E-01
   3.133958277047E+00   4.589071677685E-02   4.233260857623E-02  -7.874604120900E-02   1.281861384328E-01
   3.180275158719E+00   4.674652848797E-02   3.881998429132E-02  -7.299270554293E-02   1.203072854200E-01
   3.227458405560E+00   4.762355560797E-02   3.550699299547E-02  -6.749835439253E-02   1.126483533825E-01
   3.275529562509E+00   4.852246128332E-02   3.238952845812E-02  -6.226322274864E-02   1.052221974104E-01
   3.324510850077E+00   4.944393368200E-02   2.946310823406E-02  -5.728675973906E-02   9.804051462429E-02
   3.374425189910E+00   5.038868710203E-02   2.672289166227E-02  -5.256762994722E-02   9.111377041208E-02
   3.425296231502E+00   5.135746313639E-02   2.416370023027E-02  -4.810372030179E-02   8.445113444473E-02
   3.477148380094E+00   5.235103189784E-02   2.178004020631E-02  -4.389215261677E-02   7.806042742174E-02
   3.530006825834E+00   5.337019330676E-02   1.956612741407E-02  -3.992930179570E-02   7.194807936530E-02
   3.583897574256E+00   5.441577844603E-02   1.751591399825E-02  -3.621081964612E-02   6.611910013242E-02
   3.638847478148E+00   5.548865098670E-02   1.562311700281E-02  -3.273166418029E-02   6.057706265189E-02
   3.694884270887E+00   5.658970868864E-02   1.388124855898E-02  -2.948613420819E-02   5.532409921992E-02
   3.752036601308E+00   5.771988498079E-02   1.228364745654E-02  -2.646790895884E-02   5.036091100581E-02
   3.810334070199E+00   5.888015062562E-02   1.082351185040E-02  -2.367009239800E-02   4.568679073194E-02
   3.869807268505E+00   6.007151547295E-02   9.493932835488E-03  -2.108526184475E-02   4.129965830249E-02
   3.930487817331E+00   6.129503030858E-02   8.287928606763E-03  -1.870552042854E-02   3.719610896638E-02
   3.992408409843E+00   6.255178880352E-02   7.198478907974E-03  -1.652255287174E-02   3.337147341576E-02
   4.055602855172E+00   6.384292957002E-02   6.218559463388E-03  -1.452768403325E-02   2.981988904429E-02
   4.120106124432E+00   6.516963833101E-02   5.341176080972E-03  -1.271193960629E-02   2.653438142442E-02
   4.185954398964E+00   6.653315021009E-02   4.559398113944E-03  -1.106610832910E-02   2.350695491142E-02
   4.253185120935E+00   6.793475214960E-02   3.866390970256E-03  -9.580805042925E-03   2.072869114864E-02
   4.321837046422E+00   6.937578546490E-02   3.255447366673E-03  -8.246533916076E-03   1.818985413499E-02
   4.391950301120E+00   7.085764854355E-02   2.720017035559E-03  -7.053751148797E-03   1.588000042517E-02
   4.463566438835E+00   7.238179969882E-02   2.253734608403E-03  -5.992926479415E-03   1.378809296767E-02
   4.536728502895E+00   7.394976018725E-02   1.850445420199E-03  -5.054602829553E-03   1.190261704580E-02
   4.611481090679E+00   7.556311740127E-02   1.504229002980E-03  -4.229453453908E-03   1.021169677546E-02
   4.687870421430E+00   7.722352824817E-02   1.209420064710E-03  -3.508335998421E-03   8.703210628967E-03
   4.765944407533E+00   7.893272272784E-02   9.606267809322E-04  -2.882342918870E-03   7.364904497769E-03
   4.845752729492E+00   8.069250772248E-02   7.527462607170E-04  -2.342847769247E-03   6.184500877462E-03
   4.927346914797E+00   8.250477101257E-02   5.809770848454E-04  -1.881546934713E-03   5.149802854093E-03
   5.010780420931E+00   8.437148553436E-02   4.408288523112E-04  -1.490496456273E-03   4.248791690006E-03
   5.096108722763E+00   8.629471389541E-02   3.281287104182E-04  -1.162143672159E-03   3.469716947382E-03
   5.183389404586E+00   8.827661316581E-02   2.390248832925E-04  -8.893534827116E-04   2.801178245014E-03
   5.272682257105E+00   9.031943996425E-02   1.699872528156E-04  -6.654291296858E-04   2.232197915301E-03
   5.364049379651E+00   9.242555585946E-02   1.178050840848E-04  -4.841274655707E-04   1.752284009754E-03
   5.457555287978E+00   9.459743310926E-02   7.958202381588E-05  -3.396687720266E-04   1.351483288328E-03
   5.553267027968E+00   9.683766076100E-02   5.272853394143E-05  -2.267412671054E-04   1.020424016295E-03
   5.651254295630E+00   9.914895113938E-02   3.495195340830E-05  -1.405005168944E-04   7.503485775430E-04
   5.751589563796E+00   1.015341467494E-01   2.424440828144E-05  -7.656403703568E-05   5.331360911150E-04
   5.854348215936E+00   1.039962276248E-01   1.886881324708E-05  -3.100143186511E-05   3.613153841924E-04
   5.959608687557E+00   1.065383191537E-01   1.734322610501E-05  -3.204724768765E-07   2.280688260577E-04
   6.067452615683E+00   1.091637004188E-01   1.842383057833E-05   1.855044105086E-05   1.272276606488E-04
   6.177964996951E+00   1.118758130872E-01   2.108683159814E-05   2.828295441835E-05   5.325958751101E-05
   6.291234354880E+00   1.146782708938E-01   2.450955110221E-05   3.117206905885E-05   1.249430421441E-06
   6.407352916949E+00   1.175748697626E-01   2.805101139853E-05   2.916157329026E-05  -3.312620151371E-05
   6.526416802128E+00   1.205695986129E-01   3.123228747391E-05   2.387107898578E-05  -5.362931428340E-05
   6.648526219580E+00   1.236666509049E-01   3.371689955880E-05   1.662415641226E-05  -6.349502770215E-05
   6.773785679311E+00   1.268704369821E-01   3.529150316408E-05   8.477077458122E-06  -6.546921492696E-05
   6.902304215570E+00   1.301855972713E-01   3.584711612575E-05   2.477033096693E-07  -6.184835210808E-05
   7.034195623922E+00   1.336170164087E-01   3.536110142035E-05  -7.455914419516E-06  -5.452069324261E-05
   7.169578712934E+00   1.371698383673E-01   3.388010117465E-05  -1.420761132807E-05  -4.500794709918E-05
   7.308577571516E+00   1.408494826628E-01   3.150409192576E-05  -1.973621560280E-05  -3.450670785230E-05
   7.451321853057E+00   1.446616617293E-01   2.837170432666E-05  -2.389998372531E-05  -2.392897551192E-05
   7.597947077547E+00   1.486123995567E-01   2.464692265204E-05  -2.666262093132E-05  -1.394119302177E-05
   7.748594953021E+00   1.527080516973E-01   2.050725112245E-05  -2.807109210480E-05  -5.001320796142E-06
   7.903413717736E+00   1.569553267535E-01   1.613340567123E-05  -2.823538058554E-05   2.606436533454E-06
   8.062558504629E+00   1.613613094717E-01   1.170056172688E-05  -2.731030564404E-05   8.739544941497E-06
   8.226191729726E+00   1.659334855793E-01   7.371161224387E-06  -2.547946490050E-05   1.336790451542E-05
   8.394483506327E+00   1.706797685137E-01   3.289255706965E-06  -2.294132631870E-05   1.654758862314E-05
   8.567612086926E+00   1.756085282071E-01  -4.236626825116E-07  -1.989745600233E-05   1.839761334686E-05
   8.745764335025E+00   1.807286221064E-01  -3.671414030521E-06  -1.654283311255E-05   1.907972792174E-05
   8.929136229160E+00   1.860494286260E-01  -6.384560712993E-06  -1.305817193834E-05   1.878116183165E-05
   9.117933401693E+00   1.915808832504E-01  -8.520627729315E-06  -9.604143514836E-06   1.770021779097E-05
   9.312371715124E+00   1.973335175235E-01  -1.006324364416E-05  -6.317365174816E-06   1.603456164928E-05
   9.512677878945E+00   2.033185011886E-01  -1.102034712982E-05  -3.308005989220E-06   1.397202965114E-05
   9.719090110332E+00   2.095476877688E-01  -1.142161581941E-05  -6.588391712578E-07   1.168374970079E-05
   9.931858842267E+00   2.160336639044E-01  -1.131528263725E-05   1.574440810473E-06   9.319355538912E-06
   1.015124748302E+01   2.227898028021E-01  -1.076450965033E-05   3.361828386897E-06   7.004060305467E-06
   1.037753323129E+01   2.298303221843E-01  -9.843490489127E-06   4.696742298308E-06   4.837348230644E-06
   1.061100795175E+01   2.371703471699E-01  -8.633449276375E-06   5.593086398147E-06   2.893039708850E-06
   1.085197911611E+01   2.448259785618E-01  -7.218696615455E-06   6.081834124274E-06   1.220485475798E-06
   1.110077081537E+01   2.528143670735E-01  -5.682891483253E-06   6.207328888772E-06  -1.533501189469E-07
   1.135772484956E+01   2.611537940784E-01  -4.105641945851E-06   6.023482380365E-06  -1.221148709991E-06
   1.162320190175E+01   2.698637595360E-01  -2.559557748453E-06   5.590038310918E-06  -1.992060526319E-06
   1.189758280382E+01   2.789650778206E-01  -1.107844495397E-06   4.969050646499E-06  -2.488294549858E-06
   1.218126990242E+01   2.884799822596E-01   1.974969919263E-07   4.221703203396E-06  -2.741661457550E-06
   1.247468853413E+01   2.984322392826E-01   1.316830599713E-06   3.405572223183E-06  -2.790231815751E-06
   1.277828862002E+01   3.088472731875E-01   2.223397511071E-06   2.572405939377E-06  -2.675246185303E-06
   1.309254639077E+01   3.197523026463E-01   2.903203455826E-06   1.766466175093E-06  -2.438385578585E-06
   1.341796625462E+01   3.311764902095E-01   3.354329661979E-06   1.023447787329E-06  -2.119480938678E-06
   1.375508282195E+01   3.431511062169E-01   3.585740757455E-06   3.699635214998E-07  -1.754710025267E-06
   1.410446310162E+01   3.557097086969E-01   3.615683041088E-06  -1.764441883213E-07  -1.375300464714E-06
   1.446670888596E+01   3.688883410292E-01   3.469781629643E-06  -6.068255440897E-07  -1.006729982661E-06
   1.484245934302E+01   3.827257493700E-01   3.178954183522E-06  -9.199590318108E-07  -6.683901830878E-07
   1.523239383723E+01   3.972636220891E-01   2.777261715158E-06  -1.121192410922E-06  -3.736597347162E-07
   1.563723500136E+01   4.125468537596E-01   2.299813251139E-06  -1.221088044090E-06  -1.303173189870E-07
   1.605775208607E+01   4.286238365683E-01   1.780831105478E-06  -1.233972530625E-06   5.878527055799E-08
   1.649476461582E+01   4.455467823929E-01   1.251967877898E-06  -1.176485754410E-06   1.948737173096E-07
   1.694914638379E+01   4.633720792263E-01   7.409460372513E-07  -1.066214363137E-06   2.823079774438E-07
   1.742182982203E+01   4.821606861220E-01   2.705674162749E-07  -9.204802722289E-07   3.276214776168E-07
   1.791381078784E+01   5.019785714107E-01  -1.418853166974E-07  -7.553372171350E-07   3.386084527968E-07
   1.842615381215E+01   5.228971995942E-01  -4.848584614370E-07  -5.848090240926E-07   3.235116845946E-07
   1.895999786176E+01   5.449940730840E-01  -7.523753296139E-07  -4.203835646782E-07   2.903476580520E-07
   1.951656267356E+01   5.683533358366E-01  -9.435700665813E-07  -2.707576927099E-07   2.463904383618E-07
   2.009715572669E+01   5.930664469535E-01  -1.061970935960E-06  -1.418120693044E-07   1.978205915063E-07
   2.070317992707E+01   6.192329335039E-01  -1.114607528992E-06  -3.678165289113E-08   1.495322714741E-07
   2.133614208874E+01   6.469612332096E-01  -1.111021239549E-06   4.342155933353E-08   1.050809568310E-07
   2.199766230782E+01   6.763696392388E-01  -1.062257251098E-06   9.978188135799E-08   6.674672836535E-08
   2.268948433818E+01   7.075873612439E-01  -9.799095940644E-07   1.346984264501E-07   3.568361377773E-08
   2.341348709294E+01   7.407557189842E-01  -8.752793537765E-07   1.514946260274E-07   1.212426898392E-08
   2.417169741362E+01   7.760294874639E-01  -7.586909986638E-07   1.539583069063E-07  -4.389245002860E-09
   2.496630426925E+01   8.135784155747E-01  -6.389944747003E-07   1.459431333295E-07  -1.477414376445E-08
   2.579967457140E+01   8.535889438281E-01  -5.232627367279E-07   1.310521212169E-07  -2.019539062705E-08
   2.667437081864E+01   8.962661510291E-01  -4.166773320038E-07   1.124134687968E-07  -2.188823014761E-08
   2.759317081651E+01   9.418359647997E-01  -3.225799585810E-07   9.254908142506E-08  -2.102284052065E-08
   2.855908975674E+01   9.905476768748E-01  -2.426567694360E-07   7.332772827202E-08  -1.861338324684E-08
   2.957540498378E+01   1.042676811269E+00  -1.772153787390E-07   5.598838393969E-08  -1.546886265755E-08
   3.064568382919E+01   1.098528402000E+00  -1.255123757474E-07   4.121535730248E-08  -1.217957904283E-08
   3.177381495601E+01   1.158440747351E+00  -8.609147964534E-08   2.924539155637E-08  -9.130727183353E-09
   3.296404372807E+01   1.222789720048E+00  -5.709859602348E-08   1.998785114490E-08  -6.533852312922E-09
   3.422101220608E+01   1.291993727721E+00  -3.654887138363E-08   1.314195949700E-08  -4.467272766517E-09
   3.554980447538E+01   1.366519436102E+00  -2.253102828421E-08   8.299194236190E-09  -2.917936352149E-09
   3.695599813319E+01   1.446888389511E+00  -1.334436913295E-08   5.023662710615E-09  -1.819140949112E-09
   3.844572291106E+01   1.533684690030E+00  -7.572568727646E-09   2.907856908834E-09  -1.080738458740E-09
   4.002572758518E+01   1.627563929686E+00  -4.104775077521E-09   1.605023271023E-09  -6.105046971068E-10
   4.170345654134E+01   1.729263610453E+00  -2.118114553839E-09   8.420791866987E-10  -3.270257106801E-10
   4.348713762001E+01   1.839615336740E+00  -1.036476085158E-09   4.184102002179E-10  -1.655666971386E-10
   4.538588318162E+01   1.959559126947E+00  -4.789135615176E-10   1.960800802525E-10  -7.892115672860E-11
   4.740980671574E+01   2.090160267552E+00  -2.079503517451E-10   8.626188251727E-11  -3.526292051039E-11
   4.957015778746E+01   2.232629229408E+00  -8.439832249769E-11   3.543830885865E-11  -1.469419470158E-11
   5.187947869225E+01   2.388345286640E+00  -3.182466841990E-11   1.351513983313E-11  -5.677671171166E-12
   5.435178690397E+01   2.558884630889E+00  -1.107421241210E-11   4.752909741453E-12  -2.020912221966E-12
   5.700278828629E+01   2.746053966795E+00  -3.529205728940E-12   1.529736632474E-12  -6.577376772857E-13
   5.985012714155E+01   2.951930820846E+00  -1.021250840871E-12   4.467807209774E-13  -1.941019512884E-13
   6.291368055481E+01   3.178912111311E+00  -2.657493426526E-13   1.172759494089E-13  -5.144348126998E-14
   6.621590623276E+01   3.429772933797E+00  -6.150797834046E-14   2.736627904461E-14  -1.211266859570E-14
   6.978225524452E+01   3.707738044625E+00  -1.250543424215E-14   5.606880886726E-15  -2.502597779537E-15
   7.364166388185E+01   4.016569212832E+00  -2.201964446792E-15   9.944380073501E-16  -4.473616765584E-16
   7.782714245929E+01   4.360672516382E+00  -3.303869050846E-16   1.502297088310E-16  -6.808223267601E-17
   8.237648351994E+01   4.745230855210E+00  -4.146303388060E-17   1.897548956209E-17  -8.659061989221E-18
   8.733311794503E+01   5.176368549127E+00  -4.260229251555E-18   1.961590678647E-18  -9.009578957666E-19
   9.274715535088E+01   5.661357031559E+00  -3.496269987263E-19   1.619118326766E-19  -7.482123608554E-20
   9.867665554529E+01   6.208873552072E+00  -2.227036763878E-20   1.036962406058E-20  -4.819516604321E-21
   1.051891916055E+02   6.829328764649E+00  -1.064870149470E-21   4.983864936121E-22  -2.328925780620E-22
   1.123637836013E+02   7.535284543316E+00  -3.675675760663E-23   1.728702194655E-23  -8.119379005833E-24
   1.202933069206E+02   8.341990973528E+00  -8.747433188410E-25   4.132978030277E-25  -1.950526717737E-25
   1.290875131414E+02   9.268082166539E+00  -1.359290523011E-26   6.450396367265E-27  -3.058032071197E-27
   1.388768482001E+02   1.033648575811E+01  -1.292840548023E-28   6.160393169897E-29  -2.933043435488E-29
   1.498173177370E+02   1.157562284364E+01  -6.965717922185E-31   3.332126132851E-31  -1.592868057475E-31
   1.620967411853E+02   1.302100699722E+01  -1.936790750974E-33   9.299029938135E-34  -4.462146970362E-34
   1.759428668168E+02   1.471739812515E+01  -2.481796906774E-36   1.195727087605E-36  -5.758254143430E-37
   1.916340085825E+02   1.672173748087E+01  -1.276281932777E-39   6.169339110827E-40  -2.980981489252E-40
   2.095131417987E+02   1.910719757888E+01  -2.221056755596E-43   1.076952789731E-43  -5.220267339903E-44
   2.300068054477E+02   2.196884699990E+01  -1.057915830219E-47   5.144641264898E-48  -2.501174710361E-48
   2.536507797910E+02   2.543169216868E+01  -1.056359964397E-52   5.151192592317E-53  -2.511368707423E-53
   2.811254638474E+02   2.966227967912E+01  -1.575832008879E-58   7.704158609878E-59  -3.765873716995E-59
   3.133053780630E+02   3.488573552677E+01  -2.271736476089E-65   1.113326901382E-65  -5.455418470280E-66
   3.513296254502E+02   4.141128389041E+01  -1.794056543599E-73   8.812164090730E-74  -4.327951551493E-74
   3.967041014106E+02   4.967130404214E+01  -3.663756380958E-83   1.803387336074E-83  -8.875959166280E-84
   4.514529193349E+02   6.028257212519E+01  -7.051326058519E-95   3.477645795963E-95  -1.715032236789E-95
   5.183481233601E+02   7.414493328740E+01 -3.208783380403E-109  1.585422098918E-109 -7.833010080098E-110
   6.012676077950E+02   9.260523890243E+01 -4.986407736397E-127  2.467866331042E-127 -1.221350221909E-127
   7.057700503752E+02   1.177394213729E+02 -1.650826737734E-149  8.182866254879E-150 -4.056004509456E-150
   8.400513767914E+02   1.528577972397E+02 -1.945615296516E-178  9.657686022314E-179 -4.793817551037E-179
   1.016602135495E+03   2.034537342122E+02 -1.596010173910E-216  7.932445385796E-217 -3.942514612768E-217
   1.255220715580E+03   2.790860613466E+02 -4.624228291183E-268  2.300966077677E-268 -1.144926921683E-268
   1.588815776243E+03   3.973705897531E+02   0.000000000000E+00   0.000000000000E+00   0.000000000000E+00
   2.075392011604E+03   5.931596040112E+02   0.000000000000E+00   0.000000000000E+00   0.000000000000E+00
   2.825079847529E+03   9.419154890021E+02   0.000000000000E+00   0.000000000000E+00   0.000000000000E+00
   4.068408296184E+03   1.627629972033E+03   0.000000000000E+00   0.000000000000E+00   0.000000000000E+00
   6.357262947674E+03   3.178964796686E+03   0.000000000000E+00   0.000000000000E+00   0.000000000000E+00
   1.130231930164E+04   7.535323971013E+03   0.000000000000E+00   0.000000000000E+00   0.000000000000E+00
   2.543105175140E+04   2.543171841285E+04   0.000000000000E+00   0.000000000000E+00   0.000000000000E+00
   1.017262069958E+05   2.034537473226E+05   0.000000000000E+00   0.000000000000E+00   0.000000000000E+00
