481
  -2.930301325771E-01  -7.634027606016E-01  -2.058782174826E-01  -5.827012794361E-01  -7.166835266787E-01
  -2.722849323388E-01  -7.698229526643E-01  -2.209354530992E-01  -5.660986985325E-01  -7.098666725544E-01
  -2.537844547029E-01  -7.740475501597E-01  -2.360723740709E-01  -5.493920768850E-01  -7.029103061851E-01
  -2.374365774343E-01  -7.762256640048E-01  -2.512404416790E-01  -5.326245258830E-01  -6.958290671439E-01
  -2.231410655193E-01  -7.765025941236E-01  -2.663942161798E-01  -5.158355690819E-01  -6.886368721845E-01
  -2.107921423169E-01  -7.750191400095E-01  -2.814914191535E-01  -4.990612910553E-01  -6.813469198716E-01
  -2.002806265270E-01  -7.719110661625E-01  -2.964929434217E-01  -4.823344973371E-01  -6.739716973276E-01
  -1.914956935477E-01  -7.673087200970E-01  -3.113628211010E-01  -4.656848858376E-01  -6.665229947334E-01
  -1.843263215557E-01  -7.613367620093E-01  -3.260681576451E-01  -4.491392224039E-01  -6.590119215031E-01
  -1.786624665088E-01  -7.541139939296E-01  -3.405790406356E-01  -4.327215180255E-01  -6.514489251171E-01
  -1.743960061354E-01  -7.457532726629E-01  -3.548684286184E-01  -4.164532062400E-01  -6.438438127562E-01
  -1.714214874686E-01  -7.363614923231E-01  -3.689120252780E-01  -4.003533183284E-01  -6.362057745434E-01
  -1.696367089687E-01  -7.260396240346E-01  -3.826881438463E-01  -3.844386554805E-01  -6.285434079182E-01
  -1.689431605010E-01  -7.148828031180E-01  -3.961775644992E-01  -3.687239556590E-01  -6.208647437459E-01
  -1.692463458173E-01  -7.029804525752E-01  -4.093633884221E-01  -3.532220546638E-01  -6.131772718199E-01
  -1.704560078948E-01  -6.904164336583E-01  -4.222308922456E-01  -3.379440411622E-01  -6.054879646049E-01
  -1.724862662120E-01  -6.772692280922E-01  -4.347673767344E-01  -3.228994005724E-01  -5.978033058122E-01
  -1.752556894229E-01  -6.636121345822E-01  -4.469620320444E-01  -3.080961647182E-01  -5.901293160245E-01
  -1.786873114575E-01  -6.495134699629E-01  -4.588057895230E-01  -2.935410333278E-01  -5.824715743807E-01
  -1.827085972406E-01  -6.350367917157E-01  -4.702911896784E-01  -2.792395039194E-01  -5.748352474612E-01
  -1.872513784142E-01  -6.202411252221E-01  -4.814122529410E-01  -2.651959901263E-01  -5.672251102204E-01
  -1.922517502089E-01  -6.051811758552E-01  -4.921643542720E-01  -2.514139245167E-01  -5.596455702082E-01
  -1.976499538775E-01  -5.899075639833E-01  -5.025441066385E-01  -2.378958638555E-01  -5.521006887656E-01
  -2.033902363263E-01  -5.744670473818E-01  -5.125492497468E-01  -2.246435813044E-01  -5.445942041872E-01
  -2.094206982235E-01  -5.589027332408E-01  -5.221785456892E-01  -2.116581497019E-01  -5.371295498065E-01
  -2.156931327302E-01  -5.432542971981E-01  -5.314316814744E-01  -1.989400216833E-01  -5.297098748207E-01
  -2.221628583954E-01  -5.275581877374E-01  -5.403091780083E-01  -1.864890998660E-01  -5.223380621848E-01
  -2.287885494591E-01  -5.118478267996E-01  -5.488123057017E-01  -1.743048018494E-01  -5.150167459857E-01
  -2.355320658060E-01  -4.961538017985E-01  -5.569430066663E-01  -1.623861186561E-01  -5.077483272135E-01
  -2.423582810643E-01  -4.805040485911E-01  -5.647038218630E-01  -1.507316668198E-01  -5.005349913601E-01
  -2.492349166150E-01  -4.649240260250E-01  -5.720978256175E-01  -1.393397354300E-01  -4.933787208734E-01
  -2.561323788288E-01  -4.494368855196E-01  -5.791285653343E-01  -1.282083293384E-01  -4.862813090109E-01
  -2.630235969516E-01  -4.340636258680E-01  -5.858000050009E-01  -1.173352057428E-01  -4.792443750331E-01
  -2.698838706185E-01  -4.188232385623E-01  -5.921164748595E-01  -1.067179060791E-01  -4.722693734837E-01
  -2.766907237670E-01  -4.037328573036E-01  -5.980826264843E-01  -9.635378947508E-02  -4.653576064657E-01
  -2.834237590319E-01  -3.888078817307E-01  -6.037033897715E-01  -8.624005538975E-02  -4.585102350202E-01
  -2.900645240393E-01  -3.740621046031E-01  -6.089839355657E-01  -7.637376818270E-02  -4.517282880427E-01
  -2.965963817696E-01  -3.595078299091E-01  -6.139296415928E-01  -6.675187859528E-02  -4.450126722834E-01
  -3.030043887227E-01  -3.451559792574E-01  -6.185460615219E-01  -5.737124112813E-02  -4.383641790186E-01
  -3.092751759957E-01  -3.310161964291E-01  -6.228388967017E-01  -4.822863069443E-02  -4.317834957790E-01
  -3.153968420384E-01  -3.170969418992E-01  -6.268139712106E-01  -3.932075757202E-02  -4.252712094769E-01
  -3.213588453073E-01  -3.034055831111E-01  -6.304772086405E-01  -3.064427980600E-02  -4.188278174218E-01
  -3.271519105689E-01  -2.899484766065E-01  -6.338346127895E-01  -2.219581497807E-02  -4.124537292092E-01
  -3.327679328893E-01  -2.767310506073E-01  -6.368922483200E-01  -1.397195125050E-02  -4.061492776253E-01
  -3.381998904101E-01  -2.637578711832E-01  -6.396562239154E-01  -5.969254328441E-03  -3.999147214811E-01
  -3.434417678335E-01  -2.510327179268E-01  -6.421326795351E-01   1.815721660639E-03  -3.937502503143E-01
  -3.484884739205E-01  -2.385586433362E-01  -6.443277710028E-01   9.386429181063E-03  -3.876559918087E-01
  -3.533357750996E-01  -2.263380302964E-01  -6.462476603496E-01   1.674632119307E-02  -3.816320118629E-01
  -3.579802238995E-01  -2.143726523872E-01  -6.478985037832E-01   2.389884504509E-02  -3.756783254328E-01
  -3.624191014809E-01  -2.026637222692E-01  -6.492864445403E-01   3.084743803820E-02  -3.697948946907E-01
  -3.666503550594E-01  -1.912119352056E-01  -6.504176028717E-01   3.759552603162E-02  -3.639816340019E-01
  -3.706725473635E-01  -1.800175201345E-01  -6.512980712889E-01   4.414651712522E-02  -3.582384152453E-01
  -3.744848038559E-01  -1.690802751476E-01  -6.519339070728E-01   5.050380136475E-02  -3.525650685240E-01
  -3.780867655907E-01  -1.583996030011E-01  -6.523311273031E-01   5.667074950431E-02  -3.469613860514E-01
  -3.814785487578E-01  -1.479745575957E-01  -6.524957052008E-01   6.265070760220E-02  -3.414271281421E-01
  -3.846606997511E-01  -1.378038560995E-01  -6.524335650997E-01   6.844700152108E-02  -3.359620171477E-01
  -3.876341625877E-01  -1.278859313675E-01  -6.521505803717E-01   7.406292949048E-02  -3.305657512019E-01
  -3.904002388260E-01  -1.182189370117E-01  -6.516525690722E-01   7.950176764296E-02  -3.252379958072E-01
  -3.929605602618E-01  -1.088007900265E-01  -6.509452932012E-01   8.476676404984E-02  -3.199783933418E-01
  -3.953170550051E-01  -9.962918250683E-02  -6.500344551483E-01   8.986114141566E-02  -3.147865601208E-01
  -3.974719229916E-01  -9.070161475527E-02  -6.489256971637E-01   9.478809343657E-02  -3.096620942892E-01
  -3.994276053641E-01  -8.201539867145E-02  -6.476245980005E-01   9.955078861554E-02  -3.046045690902E-01
  -4.011867677512E-01  -7.356769465406E-02  -6.461366740091E-01   1.041523644385E-01  -2.996135417281E-01
  -4.027522705415E-01  -6.535551454509E-02  -6.444673756552E-01   1.085959310089E-01  -2.946885510089E-01
  -4.041271527281E-01  -5.737574380037E-02  -6.426220875625E-01   1.128845684111E-01  -2.898291195460E-01
  -4.053146136682E-01  -4.962515918613E-02  -6.406061282261E-01   1.170213252210E-01  -2.850347563794E-01
  -4.063179886658E-01  -4.210043136039E-02  -6.384247471616E-01   1.210092209632E-01  -2.803049545521E-01
  -4.071407419997E-01  -3.479815484154E-02  -6.360831269465E-01   1.248512408746E-01  -2.756391993164E-01
  -4.077864432239E-01  -2.771484102629E-02  -6.335863801358E-01   1.285503401944E-01  -2.710369605272E-01
  -4.082587572218E-01  -2.084694258109E-02  -6.309395500684E-01   1.321094394651E-01  -2.664976990278E-01
  -4.085614307165E-01  -1.419085971453E-02  -6.281476101970E-01   1.355314254322E-01  -2.620208674211E-01
  -4.086982787959E-01  -7.742947657989E-03  -6.252154634237E-01   1.388191507398E-01  -2.576059087284E-01
  -4.086731734000E-01  -1.499526990916E-03  -6.221479416502E-01   1.419754326338E-01  -2.532522590215E-01
  -4.084900357819E-01   4.543104317681E-03  -6.189498061180E-01   1.450030515082E-01  -2.489593485693E-01
  -4.081528215704E-01   1.038867252954E-02  -6.156257460009E-01   1.479047527154E-01  -2.447265995390E-01
  -4.076655157749E-01   1.604091221405E-02  -6.121803792067E-01   1.506832434617E-01  -2.405534306011E-01
  -4.070321246082E-01   2.150356161387E-02  -6.086182519934E-01   1.533411929911E-01  -2.364392564775E-01
  -4.062566636055E-01   2.678036121535E-02  -6.049438380217E-01   1.558812331170E-01  -2.323834868733E-01
  -4.053431547717E-01   3.187504431193E-02  -6.011615391413E-01   1.583059567262E-01  -2.283855275053E-01
  -4.042956185862E-01   3.679133089383E-02  -5.972756851066E-01   1.606179172625E-01  -2.244447832633E-01
  -4.031180669912E-01   4.153292655920E-02  -5.932905332769E-01   1.628196291687E-01  -2.205606555030E-01
  -4.018144979742E-01   4.610351507170E-02  -5.892102685047E-01   1.649135668661E-01  -2.167325454869E-01
  -4.003888911809E-01   5.050675672318E-02  -5.850390035754E-01   1.669021650189E-01  -2.129598520596E-01
  -3.988452037651E-01   5.474628250781E-02  -5.807807791305E-01   1.687878178975E-01  -2.092419735953E-01
  -3.971873632306E-01   5.882569349073E-02  -5.764395633216E-01   1.705728796758E-01  -2.055783090489E-01
  -3.954192666042E-01   6.274855549343E-02  -5.720192524793E-01   1.722596639083E-01  -2.019682561925E-01
  -3.935447743978E-01   6.651839686532E-02  -5.675236708450E-01   1.738504436340E-01  -1.984112155622E-01
  -3.915677095967E-01   7.013870639729E-02  -5.629565711419E-01   1.753474513766E-01  -1.949065872960E-01
  -3.894918516354E-01   7.361293365302E-02  -5.583216341372E-01   1.767528799506E-01  -1.914537718442E-01
  -3.873209364305E-01   7.694448213593E-02  -5.536224696359E-01   1.780688811954E-01  -1.880521731725E-01
  -3.850586519530E-01   8.013671160207E-02  -5.488626160592E-01   1.792975673537E-01  -1.847011964527E-01
  -3.827086372931E-01   8.319293376847E-02  -5.440455411691E-01   1.804410102384E-01  -1.814002492236E-01
  -3.802744798912E-01   8.611641327177E-02  -5.391746420953E-01   1.815012423088E-01  -1.781487414666E-01
  -3.777597142433E-01   8.891036551271E-02  -5.342532459595E-01   1.824802568654E-01  -1.749460859928E-01
  -3.751678184141E-01   9.157795701687E-02  -5.292846097467E-01   1.833800083492E-01  -1.717916981576E-01
  -3.725022168439E-01   9.412230054925E-02  -5.242719215275E-01   1.842024117869E-01  -1.686849975477E-01
  -3.697662732518E-01   9.654646088957E-02  -5.192182997804E-01   1.849493450830E-01  -1.656254067177E-01
  -3.669632951136E-01   9.885344885447E-02  -5.141267948128E-01   1.856226477639E-01  -1.626123511310E-01
  -3.640965292622E-01   1.010462230303E-01  -5.090003885918E-01   1.862241220775E-01  -1.596452612421E-01
  -3.611691624805E-01   1.031276906310E-01  -5.038419956938E-01   1.867555340423E-01  -1.567235705440E-01
  -3.581843211512E-01   1.051007044527E-01  -4.986544634562E-01   1.872186129329E-01  -1.538467178568E-01
  -3.551450682501E-01   1.069680667182E-01  -4.934405725281E-01   1.876150528049E-01  -1.510141443784E-01
  -3.520544063891E-01   1.087325255946E-01  -4.882030377290E-01   1.879465126405E-01  -1.482252976940E-01
  -3.489152753010E-01   1.103967773536E-01  -4.829445083058E-01   1.882146169839E-01  -1.454796285334E-01
  -3.457305522731E-01   1.119634657803E-01  -4.776675687258E-01   1.884209565181E-01  -1.427765924729E-01
  -3.425030524180E-01   1.134351824131E-01  -4.723747393045E-01   1.885670889714E-01  -1.401156513322E-01
  -3.392355277410E-01   1.148144683352E-01  -4.670684767095E-01   1.886545396682E-01  -1.374962689966E-01
  -3.359306675124E-01   1.161038129337E-01  -4.617511745326E-01   1.886848023722E-01  -1.349179166626E-01
  -3.325910991718E-01   1.173056544205E-01  -4.564251643277E-01   1.886593392580E-01  -1.323800687193E-01
  -3.292193871249E-01   1.184223824405E-01  -4.510927158749E-01   1.885795829819E-01  -1.298822053711E-01
  -3.258180353973E-01   1.194563349567E-01  -4.457560384067E-01   1.884469356802E-01  -1.274238125903E-01
  -3.223894840856E-01   1.204098035293E-01  -4.404172804803E-01   1.882627714404E-01  -1.250043797260E-01
  -3.189361137100E-01   1.212850296330E-01  -4.350785316681E-01   1.880284355599E-01  -1.226234025511E-01
  -3.154602439654E-01   1.220842082839E-01  -4.297418227276E-01   1.877452463188E-01  -1.202803816800E-01
  -3.119641331211E-01   1.228094880994E-01  -4.244091262558E-01   1.874144954000E-01  -1.179748226790E-01
  -3.084499807395E-01   1.234629702503E-01  -4.190823581511E-01   1.870374477652E-01  -1.157062357063E-01
  -3.049199262624E-01   1.240467118433E-01  -4.137633772621E-01   1.866153438198E-01  -1.134741379010E-01
  -3.013760511009E-01   1.245627254167E-01  -4.084539873136E-01   1.861493991411E-01  -1.112780496356E-01
  -2.978203784339E-01   1.250129793986E-01  -4.031559369856E-01   1.856408054250E-01  -1.091174977891E-01
  -2.942548738279E-01   1.253994002440E-01  -3.978709208077E-01   1.850907315501E-01  -1.069920136002E-01
  -2.906814465523E-01   1.257238713371E-01  -3.926005802448E-01   1.845003233495E-01  -1.049011332286E-01
  -2.871019499999E-01   1.259882353327E-01  -3.873465042232E-01   1.838707052532E-01  -1.028443991232E-01
  -2.835181821215E-01   1.261942950896E-01  -3.821102299723E-01   1.832029808391E-01  -1.008213582404E-01
  -2.799318858803E-01   1.263438133762E-01  -3.768932437792E-01   1.824982326944E-01  -9.883156167475E-02
  -2.763447509082E-01   1.264385142128E-01  -3.716969820111E-01   1.817575238121E-01  -9.687456729207E-02
  -2.727584142128E-01   1.264800839541E-01  -3.665228317761E-01   1.809818980306E-01  -9.494993693801E-02
  -2.691744605981E-01   1.264701717679E-01  -3.613721317712E-01   1.801723805264E-01  -9.305723740337E-02
  -2.655944231913E-01   1.264103909877E-01  -3.562461729835E-01   1.793299786251E-01  -9.119604035132E-02
  -2.620197852124E-01   1.263023188451E-01  -3.511461997910E-01   1.784556819615E-01  -8.936592248194E-02
  -2.584519791028E-01   1.261474988433E-01  -3.460734102123E-01   1.775504636494E-01  -8.756646632893E-02
  -2.548923898496E-01   1.259474392950E-01  -3.410289574187E-01   1.766152799706E-01  -8.579725772939E-02
  -2.513423531641E-01   1.257036174123E-01  -3.360139500064E-01   1.756510721130E-01  -8.405788772150E-02
  -2.478031584372E-01   1.254174760935E-01  -3.310294530710E-01   1.746587651771E-01  -8.234795202696E-02
  -2.442760485232E-01   1.250904272720E-01  -3.260764888495E-01   1.736392695592E-01  -8.066705143050E-02
  -2.407622204983E-01   1.247238535550E-01  -3.211560374274E-01   1.725934820658E-01  -7.901479069283E-02
  -2.372628271015E-01   1.243191048918E-01  -3.162690379665E-01   1.715222843265E-01  -7.739078016089E-02
  -2.337789768301E-01   1.238775043136E-01  -3.114163888721E-01   1.704265454996E-01  -7.579463308829E-02
  -2.303117360134E-01   1.234003438376E-01  -3.065989492203E-01   1.693071205506E-01  -7.422596804900E-02
  -2.268621282753E-01   1.228888895005E-01  -3.018175388835E-01   1.681648527238E-01  -7.268440810777E-02
  -2.234311361014E-01   1.223443781247E-01  -2.970729397453E-01   1.670005719158E-01  -7.116958077392E-02
  -2.200197017688E-01   1.217680203569E-01  -2.923658964522E-01   1.658150961201E-01  -6.968111723057E-02
  -2.166287270948E-01   1.211610021786E-01  -2.876971165673E-01   1.646092324319E-01  -6.821865210880E-02
  -2.132590764402E-01   1.205244815809E-01  -2.830672723882E-01   1.633837751489E-01  -6.678182625349E-02
  -2.099115749064E-01   1.198595930167E-01  -2.784770006381E-01   1.621395079105E-01  -6.537028332217E-02
  -2.065870109616E-01   1.191674463891E-01  -2.739269038023E-01   1.608772036583E-01  -6.398367068510E-02
  -2.032861368885E-01   1.184491268940E-01  -2.694175507405E-01   1.595976238286E-01  -6.262164085411E-02
  -2.000096690612E-01   1.177056979419E-01  -2.649494771489E-01   1.583015204280E-01  -6.128384852180E-02
  -1.967582896092E-01   1.169381980864E-01  -2.605231868036E-01   1.569896338176E-01  -5.996995336000E-02
  -1.935326460711E-01   1.161476452448E-01  -2.561391515941E-01   1.556626952590E-01  -5.867961912014E-02
  -1.903333527461E-01   1.153350345773E-01  -2.517978128056E-01   1.543214255163E-01  -5.741251291263E-02
  -1.871609917390E-01   1.145013405297E-01  -2.474995813410E-01   1.529665357228E-01  -5.616830516714E-02
  -1.840161140191E-01   1.136475149571E-01  -2.432448390466E-01   1.515987267778E-01  -5.494666997202E-02
  -1.808992383006E-01   1.127744914175E-01  -2.390339383713E-01   1.502186910398E-01  -5.374728560004E-02
  -1.778108540265E-01   1.118831810397E-01  -2.348672041616E-01   1.488271100125E-01  -5.256983394566E-02
  -1.747514210689E-01   1.109744774415E-01  -2.307449334330E-01   1.474246572544E-01  -5.141399920935E-02
  -1.717213707332E-01   1.100492528382E-01  -2.266673966898E-01   1.460119957069E-01  -5.027947005584E-02
  -1.687211056224E-01   1.091083620830E-01  -2.226348378641E-01   1.445897801705E-01  -4.916593792858E-02
  -1.657510013573E-01   1.081526401381E-01  -2.186474757913E-01   1.431586552593E-01  -4.807309833699E-02
  -1.628114074470E-01   1.071829037176E-01  -2.147055042002E-01   1.417192568682E-01  -4.700064966958E-02
  -1.599026459302E-01   1.061999536272E-01  -2.108090921343E-01   1.402722125555E-01  -4.594829369283E-02
  -1.570250158247E-01   1.052045697279E-01  -2.069583857966E-01   1.388181392633E-01  -4.491573509309E-02
  -1.541787896627E-01   1.041975170054E-01  -2.031535075596E-01   1.373576461747E-01  -4.390268148989E-02
  -1.513642169257E-01   1.031795422786E-01  -1.993945577597E-01   1.358913327553E-01  -4.290884456727E-02
  -1.485815234325E-01   1.021513759828E-01  -1.956816147071E-01   1.344197896794E-01  -4.193393843196E-02
  -1.458309123350E-01   1.011137321408E-01  -1.920147353105E-01   1.329435987300E-01  -4.097768041639E-02
  -1.431125656024E-01   1.000673073048E-01  -1.883939562132E-01   1.314633318420E-01  -4.003979089534E-02
  -1.404266422966E-01   9.901278403550E-02  -1.848192932671E-01   1.299795531716E-01  -3.911999312521E-02
  -1.377732818949E-01   9.795082790681E-02  -1.812907431071E-01   1.284928168658E-01  -3.821801357341E-02
  -1.351526036795E-01   9.688208848567E-02  -1.778082835495E-01   1.270036679399E-01  -3.733358111273E-02
  -1.325647064205E-01   9.580720130727E-02  -1.743718734695E-01   1.255126429268E-01  -3.646642787748E-02
  -1.300096704578E-01   9.472678619011E-02  -1.709814540519E-01   1.240202687669E-01  -3.561628914806E-02
  -1.274875579288E-01   9.364144801052E-02  -1.676369490985E-01   1.225270632977E-01  -3.478290230487E-02
  -1.249984125240E-01   9.255177707989E-02  -1.643382654092E-01   1.210335351186E-01  -3.396600810045E-02
  -1.225422611495E-01   9.145834875461E-02  -1.610852935530E-01   1.195401834406E-01  -3.316535010317E-02
  -1.201191131102E-01   9.036172555021E-02  -1.578779080839E-01   1.180474986271E-01  -3.238067461430E-02
  -1.177289628369E-01   8.926245431558E-02  -1.547159683333E-01   1.165559613816E-01  -3.161172968614E-02
  -1.153717875889E-01   8.816106903493E-02  -1.515993186566E-01   1.150660431897E-01  -3.085826753070E-02
  -1.130475502269E-01   8.705808890074E-02  -1.485277893202E-01   1.135782056742E-01  -3.012004249540E-02
  -1.107561987918E-01   8.595402110031E-02  -1.455011962007E-01   1.120929019774E-01  -2.939681112171E-02
  -1.084976672282E-01   8.484935783688E-02  -1.425193422338E-01   1.106105748642E-01  -2.868833338817E-02
  -1.062718756371E-01   8.374457917339E-02  -1.395820171926E-01   1.091316581226E-01  -2.799437071150E-02
  -1.040787310334E-01   8.264015168295E-02  -1.366889983726E-01   1.076565756980E-01  -2.731468880130E-02
  -1.019181275667E-01   8.153652900396E-02  -1.338400510903E-01   1.061857421517E-01  -2.664905491576E-02
  -9.978994675536E-02   8.043415256677E-02  -1.310349288293E-01   1.047195625859E-01  -2.599723875912E-02
  -9.769405887128E-02   7.933345024974E-02  -1.282733742848E-01   1.032584320140E-01  -2.535901274448E-02
  -9.563032254800E-02   7.823483823505E-02  -1.255551191371E-01   1.018027362017E-01  -2.473415250684E-02
  -9.359858547635E-02   7.713872043328E-02  -1.228798848251E-01   1.003528512294E-01  -2.412243516617E-02
  -9.159868508601E-02   7.604548804956E-02  -1.202473829807E-01   9.890914328051E-02  -2.352364073657E-02
  -8.963044834037E-02   7.495552091690E-02  -1.176573157188E-01   9.747196884818E-02  -2.293755261096E-02
  -8.769369248855E-02   7.386918691898E-02  -1.151093758268E-01   9.604167532210E-02  -2.236395474055E-02
  -8.578822572445E-02   7.278684173201E-02  -1.126032477702E-01   9.461859932973E-02  -2.180263602892E-02
  -8.391384781799E-02   7.170882959845E-02  -1.101386076319E-01   9.320306843197E-02  -2.125338562205E-02
  -8.207034899799E-02   7.063548394605E-02  -1.077151233198E-01   9.179540052331E-02  -2.071599619592E-02
  -8.025751221899E-02   6.956712647407E-02  -1.053324554850E-01   9.039590360633E-02  -2.019026252261E-02
  -7.847511235595E-02   6.850406810194E-02  -1.029902574025E-01   8.900487613902E-02  -1.967598221980E-02
  -7.672291729244E-02   6.744660798685E-02  -1.006881757567E-01   8.762260662626E-02  -1.917295511810E-02
  -7.500068755304E-02   6.639503499372E-02  -9.842585061731E-02   8.624937416506E-02  -1.868098272820E-02
  -7.330817652353E-02   6.534962737267E-02  -9.620291586840E-02   8.488544825569E-02  -1.819987025136E-02
  -7.164513227230E-02   6.431065300713E-02  -9.401899976649E-02   8.353108866203E-02  -1.772942457353E-02
  -7.001129637670E-02   6.327836858515E-02  -9.187372517231E-02   8.218654574828E-02  -1.726945463376E-02
  -6.840640437382E-02   6.225302145903E-02  -8.976670967187E-02   8.085206035153E-02  -1.681977238758E-02
  -6.683018738276E-02   6.123484795923E-02  -8.769756626230E-02   7.952786378792E-02  -1.638019165931E-02
  -6.528237114233E-02   6.022407489006E-02  -8.566590348814E-02   7.821417791523E-02  -1.595052896298E-02
  -6.376267635346E-02   5.922091990075E-02  -8.367132545438E-02   7.691121577694E-02  -1.553060213847E-02
  -6.227081943506E-02   5.822558979768E-02  -8.171343282068E-02   7.561918041846E-02  -1.512023349377E-02
  -6.080651276070E-02   5.723828261591E-02  -7.979182238513E-02   7.433826629404E-02  -1.471924508190E-02
  -5.936946486745E-02   5.625918718894E-02  -7.790608785740E-02   7.306865855019E-02  -1.432746346908E-02
  -5.795938094372E-02   5.528848248144E-02  -7.605581997363E-02   7.181053335342E-02  -1.394471584722E-02
  -5.657596264718E-02   5.432633880983E-02  -7.424060687798E-02   7.056405777651E-02  -1.357083253608E-02
  -5.521890868135E-02   5.337291756137E-02  -7.246003412195E-02   6.932939037322E-02  -1.320564567120E-02
  -5.388791497898E-02   5.242837155239E-02  -7.071368517086E-02   6.810668083806E-02  -1.284899022854E-02
  -5.258267508790E-02   5.149284485672E-02  -6.900114168595E-02   6.689607023878E-02  -1.250070285843E-02
  -5.130288016575E-02   5.056647315745E-02  -6.732198361715E-02   6.569769117758E-02  -1.216062271868E-02
  -5.004821951944E-02   4.964938375052E-02  -6.567578967293E-02   6.451166775502E-02  -1.182859113983E-02
  -4.881838035780E-02   4.874169596874E-02  -6.406213738083E-02   6.333811583161E-02  -1.150445173725E-02
  -4.761304828098E-02   4.784352169372E-02  -6.248060318590E-02   6.217714340996E-02  -1.118804991856E-02
  -4.643190844017E-02   4.695496408778E-02  -6.093076318346E-02   6.102884999680E-02  -1.087923373993E-02
  -4.527464382003E-02   4.607611943695E-02  -5.941219283177E-02   5.989332750238E-02  -1.057785338475E-02
  -4.414093655019E-02   4.520707655856E-02  -5.792446734861E-02   5.877066007249E-02  -1.028376077151E-02
  -4.303046922769E-02   4.434791615348E-02  -5.646716222290E-02   5.766092386827E-02  -9.996810018113E-03
  -4.194292273188E-02   4.349871245722E-02  -5.503985278341E-02   5.656418803747E-02  -9.716858015146E-03
  -4.087797793846E-02   4.265953344140E-02  -5.364211495735E-02   5.548051411632E-02  -9.443763690319E-03
  -3.983531528021E-02   4.183043890475E-02  -5.227352514797E-02   5.440995638068E-02  -9.177387000800E-03
  -3.881461545404E-02   4.101148319035E-02  -5.093366059589E-02   5.335256217116E-02  -8.917591278268E-03
  -3.781556038183E-02   4.020271274467E-02  -4.962209970164E-02   5.230837163652E-02  -8.664240703337E-03
  -3.683783057569E-02   3.940416911651E-02  -4.833842160388E-02   5.127741851169E-02  -8.417202397243E-03
  -3.588110812708E-02   3.861588726434E-02  -4.708220700214E-02   5.025972949479E-02  -8.176345850828E-03
  -3.494507564989E-02   3.783789548044E-02  -4.585303805803E-02   4.925532497504E-02  -7.941541583404E-03
  -3.402941602363E-02   3.707021715792E-02  -4.465049835847E-02   4.826421913271E-02  -7.712662453770E-03
  -3.313381401913E-02   3.631286932539E-02  -4.347417351043E-02   4.728641962476E-02  -7.489583736121E-03
  -3.225795493293E-02   3.556586343591E-02  -4.232365096811E-02   4.632192815117E-02  -7.272182435954E-03
  -3.140152527757E-02   3.482920635212E-02  -4.119852008868E-02   4.537074073568E-02  -7.060337148064E-03
  -3.056421305748E-02   3.410289888311E-02  -4.009837254963E-02   4.443284736101E-02  -6.853928961380E-03
  -2.974570779135E-02   3.338693677774E-02  -3.902280238079E-02   4.350823243031E-02  -6.652840539596E-03
  -2.894570065856E-02   3.268131132298E-02  -3.797140602549E-02   4.259687498258E-02  -6.456957219179E-03
  -2.816388432098E-02   3.198600888840E-02  -3.694378243278E-02   4.169874876366E-02  -6.266165094887E-03
  -2.739995320362E-02   3.130101081580E-02  -3.593953326134E-02   4.081382221148E-02  -6.080352656964E-03
  -2.665360398098E-02   3.062629413793E-02  -3.495826296820E-02   3.994205883416E-02  -5.899410275271E-03
  -2.592453506711E-02   2.996183178747E-02  -3.399957886724E-02   3.908341730566E-02  -5.723230605101E-03
  -2.521244680511E-02   2.930759244714E-02  -3.306309129459E-02   3.823785140331E-02  -5.551707625523E-03
  -2.451704210991E-02   2.866354051258E-02  -3.214841358028E-02   3.740531057676E-02  -5.384737335968E-03
  -2.383802656697E-02   2.802963599504E-02  -3.125516242047E-02   3.658573955023E-02  -5.222216987393E-03
  -2.317510729465E-02   2.740583592638E-02  -3.038295754629E-02   3.577907898788E-02  -5.064046200013E-03
  -2.252799338552E-02   2.679209378851E-02  -2.953142198089E-02   3.498526539573E-02  -4.910126529587E-03
  -2.189639797833E-02   2.618835851979E-02  -2.870018239909E-02   3.420423108295E-02  -4.760360794902E-03
  -2.128003539694E-02   2.559457669325E-02  -2.788886875155E-02   3.343590466349E-02  -4.614654056781E-03
  -2.067862390681E-02   2.501069084112E-02  -2.709711465448E-02   3.268021096962E-02  -4.472912263026E-03
  -2.009188307640E-02   2.443664052600E-02  -2.632455716662E-02   3.193707131047E-02  -4.335043181839E-03
  -1.951953581163E-02   2.387236289721E-02  -2.557083722935E-02   3.120640337037E-02  -4.200957647754E-03
  -1.896130832334E-02   2.331779190572E-02  -2.483559942346E-02   3.048812160622E-02  -4.070567311614E-03
  -1.841692873817E-02   2.277285821533E-02  -2.411849188576E-02   2.978213752565E-02  -3.943783907987E-03
  -1.788612868575E-02   2.223749045622E-02  -2.341916686423E-02   2.908835927591E-02  -3.820523051881E-03
  -1.736864304906E-02   2.171161439797E-02  -2.273728039727E-02   2.840669220189E-02  -3.700700879275E-03
  -1.686420881995E-02   2.119515368425E-02  -2.207249234317E-02   2.773703890615E-02  -3.584235317500E-03
  -1.637256613712E-02   2.068802948065E-02  -2.142446651094E-02   2.707929928344E-02  -3.471045881248E-03
  -1.589345878961E-02   2.019016066190E-02  -2.079287076004E-02   2.643337071687E-02  -3.361053142112E-03
  -1.542663323363E-02   1.970146467106E-02  -2.017737692875E-02   2.579914822021E-02  -3.254180172271E-03
  -1.497183897232E-02   1.922185621256E-02  -1.957766084758E-02   2.517652444032E-02  -3.150351215116E-03
  -1.452882868794E-02   1.875124853400E-02  -1.899340240043E-02   2.456538998183E-02  -3.049491097040E-03
  -1.409735857281E-02   1.828955293952E-02  -1.842428563904E-02   2.396563328129E-02  -2.951527182607E-03
  -1.367718766607E-02   1.783667956286E-02  -1.786999862689E-02   2.337714101006E-02  -2.856387735790E-03
  -1.326807815261E-02   1.739253653510E-02  -1.733023354675E-02   2.279979788139E-02  -2.764002734814E-03
  -1.286979545937E-02   1.695703044246E-02  -1.680468678282E-02   2.223348691856E-02  -2.674303298187E-03
  -1.248210810404E-02   1.653006735249E-02  -1.629305872919E-02   2.167808978382E-02  -2.587222399186E-03
  -1.210478838675E-02   1.611155096237E-02  -1.579505409171E-02   2.113348638888E-02  -2.502693740772E-03
  -1.173761098776E-02   1.570138451478E-02  -1.531038147677E-02   2.059955545662E-02  -2.420652618598E-03
  -1.138035459210E-02   1.529947044111E-02  -1.483875406470E-02   2.007617418941E-02  -2.341036447763E-03
  -1.103280026733E-02   1.490570979841E-02  -1.437988860492E-02   1.956321914225E-02  -2.263782535562E-03
  -1.069473348831E-02   1.452000235533E-02  -1.393350651292E-02   1.906056532246E-02  -2.188830391287E-03
  -1.036594224341E-02   1.414224761044E-02  -1.349933318349E-02   1.856808693828E-02  -2.116120703177E-03
  -1.004621760899E-02   1.377234448899E-02  -1.307709805625E-02   1.808565742099E-02  -2.045595218382E-03
  -9.735354209997E-03   1.341019103661E-02  -1.266653478711E-02   1.761314935999E-02  -1.977197131852E-03
  -9.433149942457E-03   1.305568471886E-02  -1.226738116676E-02   1.715043467511E-02  -1.910870607712E-03
  -9.139405784708E-03   1.270872235965E-02  -1.187937908251E-02   1.669738464563E-02  -1.846561188202E-03
  -8.853925729481E-03   1.236920087388E-02  -1.150227452185E-02   1.625387018291E-02  -1.784215694428E-03
  -8.576517441889E-03   1.203701666082E-02  -1.113581759610E-02   1.581976168567E-02  -1.723782334445E-03
  -8.306991737286E-03   1.171206536695E-02  -1.077976240717E-02   1.539492923417E-02  -1.665209308035E-03
  -8.045162282674E-03   1.139424260620E-02  -1.043386721982E-02   1.497924258907E-02  -1.608446927134E-03
  -7.790845453099E-03   1.108344491773E-02  -1.009789414577E-02   1.457257158227E-02  -1.553446817436E-03
  -7.543862212026E-03   1.077956743836E-02  -9.771609534960E-03   1.417478567841E-02  -1.500161266292E-03
  -7.304034879141E-03   1.048250577414E-02  -9.454783512127E-03   1.378575439209E-02  -1.448543423960E-03
  -7.071190648510E-03   1.019215558058E-02  -9.147190322566E-03   1.340534736796E-02  -1.398547893022E-03
  -6.845158559376E-03   9.908412930700E-03  -8.848608034647E-03   1.303343437153E-02  -1.350129881980E-03
  -6.625771184897E-03   9.631173575174E-03  -8.558818729436E-03   1.266988520421E-02  -1.303246299437E-03
  -6.412863970191E-03   9.360333743421E-03  -8.277608289450E-03   1.231457005136E-02  -1.257854504273E-03
  -6.206275475334E-03   9.095790063804E-03  -8.004766411625E-03   1.196735939001E-02  -1.213912966404E-03
  -6.005847464225E-03   8.837439043811E-03  -7.740086761764E-03   1.162812405930E-02  -1.171380974133E-03
  -5.811424129791E-03   8.585178231470E-03  -7.483366596661E-03   1.129673533178E-02  -1.130219313434E-03
  -5.622853340254E-03   8.338904965177E-03  -7.234407118683E-03   1.097306494328E-02  -1.090389060979E-03
  -5.439984887673E-03   8.098517738535E-03  -6.993013073410E-03   1.065698526539E-02  -1.051852758932E-03
  -5.262672849484E-03   7.863914650254E-03  -6.758993101906E-03   1.034836913557E-02  -1.014573125586E-03
  -5.090773255210E-03   7.634994760894E-03  -6.532159376569E-03   1.004709007331E-02  -9.785143591825E-04
  -4.924144582337E-03   7.411658280338E-03  -6.312327565566E-03   9.753022431420E-03  -9.436413627126E-04
  -4.762648922091E-03   7.193805453215E-03  -6.099317147954E-03   9.466041124669E-03  -9.099203224002E-04
  -4.606151310708E-03   6.981337168401E-03  -5.892951124379E-03   9.186021948414E-03  -8.773175189076E-04
  -4.454518742573E-03   6.774155077164E-03  -5.693055778839E-03   8.912841480951E-03  -8.458000166204E-04
  -4.307621068695E-03   6.572161821952E-03  -5.499461055358E-03   8.646377234107E-03  -8.153364406831E-04
  -4.165331152046E-03   6.375260578728E-03  -5.312000285946E-03   8.386507544352E-03  -7.858957460720E-04
  -4.027524732983E-03   6.183355351880E-03  -5.130510218679E-03   8.133111760543E-03  -7.574476547952E-04
  -3.894079291693E-03   5.996351004416E-03  -4.954830863854E-03   7.886070186740E-03  -7.299626932435E-04
  -3.764875841823E-03   5.814153211473E-03  -4.784805630834E-03   7.645264141685E-03  -7.034121295647E-04
  -3.639797681044E-03   5.636668557551E-03  -4.620281156829E-03   7.410575995441E-03  -6.777680448268E-04
  -3.518730214504E-03   5.463804590498E-03  -4.461107252013E-03   7.181889200166E-03  -6.530028940918E-04
  -3.401561875191E-03   5.295469548003E-03  -4.307137054179E-03   6.959088235253E-03  -6.290905141837E-04
  -3.288183396707E-03   5.131572799291E-03  -4.158226725425E-03   6.742058808071E-03  -6.060046390874E-04
  -3.178487748363E-03   4.972024620062E-03  -4.014235575874E-03   6.530687731478E-03  -5.837203096147E-04
  -3.072369979833E-03   4.816736515682E-03  -3.875025870268E-03   6.324863089201E-03  -5.622126529149E-04
  -2.969728321506E-03   4.665620723014E-03  -3.740463064964E-03   6.124474062784E-03  -5.414580609678E-04
  -2.870462876218E-03   4.518590049247E-03  -3.610415490678E-03   5.929410980096E-03  -5.214327879943E-04
  -2.774476171351E-03   4.375559013397E-03  -3.484754420773E-03   5.739565516826E-03  -5.021143290659E-04
  -2.681672849844E-03   4.236443461984E-03  -3.363354008412E-03   5.554830693772E-03  -4.834809589353E-04
  -2.591959407111E-03   4.101159603118E-03  -3.246091216162E-03   5.375100658099E-03  -4.655110306213E-04
  -2.505245845742E-03   3.969624335493E-03  -3.132846022633E-03   5.200270841528E-03  -4.481831590763E-04
  -2.421442725201E-03   3.841756838499E-03  -3.023500859895E-03   5.030238178555E-03  -4.314771692355E-04
  -2.340463641345E-03   3.717476553998E-03  -2.917941106614E-03   4.864900667428E-03  -4.153736437757E-04
  -2.262223927607E-03   3.596704218507E-03  -2.816054664409E-03   4.704157699363E-03  -3.998529741110E-04
  -2.186641026074E-03   3.479361540164E-03  -2.717732112810E-03   4.547909960258E-03  -3.848964587271E-04
  -2.113634345087E-03   3.365371496398E-03  -2.622866607684E-03   4.396059546050E-03  -3.704859184113E-04
  -2.043125610585E-03   3.254658120794E-03  -2.531353976839E-03   4.248509942546E-03  -3.566037568880E-04
  -1.975038087341E-03   3.147146653542E-03  -2.443092463273E-03   4.105166077285E-03  -3.432324982012E-04
  -1.909297139059E-03   3.042763395123E-03  -2.357982796862E-03   3.965934162734E-03  -3.303554264383E-04
  -1.845830039426E-03   2.941435732354E-03  -2.275928095468E-03   3.830721653416E-03  -3.179563856527E-04
  -1.784565693906E-03   2.843092059338E-03  -2.196833777027E-03   3.699437301109E-03  -3.060195178115E-04
  -1.725434988275E-03   2.747661933300E-03  -2.120607636730E-03   3.571991202146E-03  -2.945295237695E-04
  -1.668370472707E-03   2.655075879597E-03  -2.047159747915E-03   3.448294906048E-03  -2.834711359506E-04
  -1.613306815124E-03   2.565266102615E-03  -1.976402627240E-03   3.328261564618E-03  -2.728302873879E-04
  -1.560179732693E-03   2.478165881986E-03  -1.908250912105E-03   3.211805830470E-03  -2.625928562531E-04
  -1.508927249158E-03   2.393708793766E-03  -1.842621512438E-03   3.098843488033E-03  -2.527448435156E-04
  -1.459488574609E-03   2.311830772436E-03  -1.779433232011E-03   2.989291780630E-03  -2.432731542500E-04
  -1.411804447322E-03   2.232467585085E-03  -1.718606977229E-03   2.883068813590E-03  -2.341646702990E-04
  -1.365818283729E-03   2.155556552522E-03  -1.660065767693E-03   2.780094036952E-03  -2.254073849680E-04
  -1.321473828606E-03   2.081035655518E-03  -1.603734536530E-03   2.680288248454E-03  -2.169886300547E-04
  -1.278715785689E-03   2.008845320295E-03  -1.549540183679E-03   2.583574179363E-03  -2.088971585431E-04
  -1.237492507736E-03   1.938925860468E-03  -1.497412061495E-03   2.489876016393E-03  -2.011209172623E-04
  -1.197751758792E-03   1.871219835179E-03  -1.447281171146E-03   2.399119582092E-03  -1.936492278365E-04
  -1.159445248273E-03   1.805670205793E-03  -1.399080406932E-03   2.311231641237E-03  -1.864712463089E-04
  -1.122522912264E-03   1.742220882854E-03  -1.352744160257E-03   2.226139875915E-03  -1.795764074967E-04
  -1.086937799199E-03   1.680816272072E-03  -1.308208568360E-03   2.143772651927E-03  -1.729548084697E-04
  -1.052643837860E-03   1.621401899378E-03  -1.265411380255E-03   2.064059587335E-03  -1.665965187715E-04
  -1.019596347177E-03   1.563924567783E-03  -1.224292271112E-03   1.986931972138E-03  -1.604922156628E-04
  -9.877519518258E-04   1.508332577384E-03  -1.184792796434E-03   1.912323148508E-03  -1.546323351993E-04
  -9.570691510383E-04   1.454575777449E-03  -1.146856521814E-03   1.840168375147E-03  -1.490081456485E-04
  -9.275074586778E-04   1.402605508810E-03  -1.110428601976E-03   1.770404409468E-03  -1.436112641982E-04
  -8.990271926882E-04   1.352372873421E-03  -1.075455447517E-03   1.702968480153E-03  -1.384327793084E-04
  -8.715898781805E-04   1.303830010592E-03  -1.041884730306E-03   1.637798194204E-03  -1.334649824746E-04
  -8.451578399435E-04   1.256929120962E-03  -1.009665274814E-03   1.574831438312E-03  -1.286999580980E-04
  -8.196947188761E-04   1.211622818297E-03  -9.787473829401E-04   1.514007042016E-03  -1.241298853058E-04
  -7.951649409853E-04   1.167866266022E-03  -9.490829739212E-04   1.455265967124E-03  -1.197476494983E-04
  -7.715345800573E-04   1.125615947667E-03  -9.206259028848E-04   1.398551581066E-03  -1.155462594726E-04
  -7.487713169600E-04   1.084829424197E-03  -8.933318276371E-04   1.343809380319E-03  -1.115183567631E-04
  -7.268434231371E-04   1.045466415409E-03  -8.671578232129E-04   1.290986599455E-03  -1.076576431055E-04
  -7.057208235725E-04   1.007486235287E-03  -8.420619902024E-04   1.240030545666E-03  -1.039575604592E-04
  -6.853723640027E-04   9.708489054682E-04  -8.180029013446E-04   1.190888382580E-03  -1.004119557379E-04
  -6.657688914671E-04   9.355134663849E-04  -7.949401800915E-04   1.143506768713E-03  -9.701480216818E-05
  -6.468818746434E-04   9.014397401867E-04  -7.728344635413E-04   1.097833004572E-03  -9.376014194643E-05
  -6.286836279335E-04   8.685890533495E-04  -7.516478625538E-04   1.053816321129E-03  -9.064236166448E-05
  -6.111481070184E-04   8.369247674969E-04  -7.313443014077E-04   1.011408721859E-03  -8.765606362575E-05
  -5.942498146408E-04   8.064122013373E-04  -7.118893103024E-04   9.705649104905E-04  -8.479585121452E-05
  -5.779650941166E-04   7.770186461604E-04  -6.932498904691E-04   9.312415408820E-04  -8.205689720508E-05
  -5.622699240386E-04   7.487103054674E-04  -6.753936918053E-04   8.933952973684E-04  -7.943362190216E-05
  -5.471417176166E-04   7.214555574194E-04  -6.582889873326E-04   8.569828088949E-04  -7.692295974923E-05
  -5.325577859594E-04   6.952190174533E-04  -6.419043333830E-04   8.219590143051E-04  -7.451862092043E-05
  -5.184957495998E-04   6.699675932021E-04  -6.262089735417E-04   7.882793734348E-04  -7.221670635075E-05
  -5.049338807314E-04   6.456686297019E-04  -6.111733040865E-04   7.559005553749E-04  -7.001307753253E-05
  -4.918522869509E-04   6.222909421903E-04  -5.967693641250E-04   7.247816945576E-04  -6.790357992097E-05
  -4.792315297546E-04   5.998063043880E-04  -5.829705698967E-04   6.948849934678E-04  -6.588416886283E-05
  -4.670540536196E-04   5.781877454043E-04  -5.697518690806E-04   6.661747423160E-04  -6.395128135332E-05
  -4.553021650280E-04   5.574083855628E-04  -5.570888829137E-04   6.386159298472E-04  -6.210091513734E-05
  -4.439578845082E-04   5.374418052513E-04  -5.449575024838E-04   6.121732532026E-04  -6.032964919644E-05
  -4.330046848326E-04   5.182608411608E-04  -5.333339952064E-04   5.868104273160E-04  -5.863405445944E-05
  -4.224254332175E-04   4.998379399308E-04  -5.221949087001E-04   5.624906822655E-04  -5.701085010951E-05
  -4.122042933321E-04   4.821463177264E-04  -5.115176308125E-04   5.391779342131E-04  -5.545696686396E-05
  -4.023259949240E-04   4.651600015890E-04  -5.012807291396E-04   5.168378445803E-04  -5.396916805819E-05
  -3.927753975634E-04   4.488551776470E-04  -4.914639055850E-04   4.954385283366E-04  -5.254433167010E-05
  -3.835392262434E-04   4.332101617020E-04  -4.820482022887E-04   4.749505074524E-04  -5.118014883755E-05
  -3.746042458176E-04   4.182031714359E-04  -4.730153761383E-04   4.553451733985E-04  -4.987341599078E-05
  -3.659582002266E-04   4.038128745643E-04  -4.643477116394E-04   4.365940638742E-04  -4.862175915920E-05
  -3.575884351595E-04   3.900180922367E-04  -4.560275239887E-04   4.186682246468E-04  -4.742267637768E-05
  -3.494823310226E-04   3.767967742105E-04  -4.480373965040E-04   4.015381261148E-04  -4.627356304189E-05
  -3.416277781969E-04   3.641273323418E-04  -4.403604466124E-04   3.851745897373E-04  -4.517214348621E-05
  -3.340134177956E-04   3.519890972669E-04  -4.329806594022E-04   3.695496594171E-04  -4.411621531805E-05
  -3.266291524033E-04   3.403626268245E-04  -4.258830328438E-04   3.546371089442E-04  -4.310354993724E-05
  -3.194641426740E-04   3.292302004907E-04  -4.190532882006E-04   3.404125563264E-04  -4.213228475664E-05
  -3.125090608077E-04   3.185740754740E-04  -4.124780539821E-04   3.268526572352E-04  -4.120014392634E-05
  -3.057547814544E-04   3.083777660985E-04  -4.061444469358E-04   3.139347113194E-04  -4.030542050122E-05
  -2.991922193819E-04   2.986243943885E-04  -4.000395458201E-04   3.016355090173E-04  -3.944640047661E-05
  -2.928124769023E-04   2.892961591808E-04  -3.941507785555E-04   2.899314162134E-04  -3.862097265084E-05
  -2.866068306169E-04   2.803763143711E-04  -3.884658168828E-04   2.787990529881E-04  -3.782770875560E-05
  -2.805670103180E-04   2.718483405189E-04  -3.829729521727E-04   2.682158984691E-04  -3.706494408940E-05
  -2.746850471732E-04   2.636969986764E-04  -3.776611862787E-04   2.581610205036E-04  -3.633102509971E-05
  -2.689541010920E-04   2.559077746443E-04  -3.725204539611E-04   2.486149196737E-04  -3.562450940341E-05
  -2.633676212248E-04   2.484677346031E-04  -3.675412186719E-04   2.395593037936E-04  -3.494434705283E-05
  -2.579183482722E-04   2.413633948557E-04  -3.627140847001E-04   2.309759354266E-04  -3.428881711109E-05
  -2.526002895597E-04   2.345811212970E-04  -3.580300584276E-04   2.228464335904E-04  -3.365645337065E-05
  -2.474071503945E-04   2.281080699943E-04  -3.534801952383E-04   2.151523419151E-04  -3.304637420139E-05
  -2.423326736083E-04   2.219306610294E-04  -3.490557672186E-04   2.078750375572E-04  -3.245734946197E-05
  -2.373715186086E-04   2.160350525724E-04  -3.447485326942E-04   2.009961855258E-04  -3.188770492709E-05
  -2.325170925935E-04   2.104103583737E-04  -3.405503813482E-04   1.944990054281E-04  -3.133755897048E-05
  -2.277652514027E-04   2.050441100511E-04  -3.364543716778E-04   1.883675582323E-04  -3.080477421412E-05
  -2.231110900057E-04   1.999265796036E-04  -3.324539044286E-04   1.825878448751E-04  -3.028874069300E-05
  -2.185501443920E-04   1.950482870589E-04  -3.285428634405E-04   1.771466094806E-04  -2.978856615404E-05
  -2.140784853959E-04   1.903992702376E-04  -3.247152954078E-04   1.720302636502E-04  -2.930318347299E-05
  -2.096920304455E-04   1.859695990985E-04  -3.209651217418E-04   1.672245085681E-04  -2.883193545824E-05
  -2.053854197303E-04   1.817488290497E-04  -3.172860276254E-04   1.627143852985E-04  -2.837408053849E-05
  -2.011555668135E-04   1.777249077034E-04  -3.136723808415E-04   1.584846947373E-04  -2.792774225693E-05
  -1.969980581288E-04   1.738907976508E-04  -3.101185952735E-04   1.545227033512E-04  -2.749451178816E-05
  -1.929100552547E-04   1.702355785978E-04  -3.066199609567E-04   1.508150663182E-04  -2.707176666430E-05
  -1.888873945674E-04   1.667516963220E-04  -3.031717599252E-04   1.473504811459E-04  -2.665926414548E-05
  -1.849282800910E-04   1.634316401482E-04  -2.997701372387E-04   1.441182162028E-04  -2.625658368771E-05
  -1.810293854329E-04   1.602683003072E-04  -2.964112612113E-04   1.411084676403E-04  -2.586306947684E-05
  -1.771883953968E-04   1.572554624862E-04  -2.930917349599E-04   1.383121146968E-04  -2.547813474270E-05
  -1.734029175829E-04   1.543863686561E-04  -2.898081377691E-04   1.357196137078E-04  -2.510119147448E-05
  -1.696702470422E-04   1.516534456794E-04  -2.865567224092E-04   1.333200785335E-04  -2.473175982385E-05
  -1.659874873703E-04   1.490483383874E-04  -2.833335162906E-04   1.311015108863E-04  -2.436940559398E-05
  -1.623523740560E-04   1.465626143773E-04  -2.801348978114E-04   1.290522787908E-04  -2.401349441750E-05
  -1.587623468073E-04   1.441901375235E-04  -2.769577616592E-04   1.271628634987E-04  -2.366385921664E-05
  -1.552156580010E-04   1.419255853691E-04  -2.737997447811E-04   1.254255340484E-04  -2.332012356731E-05
  -1.517108869331E-04   1.397633922105E-04  -2.706588022723E-04   1.238329914907E-04  -2.298161684664E-05
  -1.482467204728E-04   1.376987374899E-04  -2.675327531611E-04   1.223776891268E-04  -2.264809065744E-05
  -1.448206767960E-04   1.357262488469E-04  -2.644193117322E-04   1.210518258118E-04  -2.231930095290E-05
  -1.414322168567E-04   1.338409093982E-04  -2.613167620477E-04   1.198484477505E-04  -2.199472174211E-05
  -1.380800387551E-04   1.320394090319E-04  -2.582236289533E-04   1.187618847650E-04  -2.167453158398E-05
  -1.347629461541E-04   1.303170585723E-04  -2.551383192502E-04   1.177857571632E-04  -2.135797847670E-05
  -1.314793241473E-04   1.286682771144E-04  -2.520588612712E-04   1.169120606166E-04  -2.104488839254E-05
  -1.282274968995E-04   1.270869070250E-04  -2.489829964911E-04   1.161317123110E-04  -2.073496788077E-05
  -1.250062321250E-04   1.255679562668E-04  -2.459089512131E-04   1.154369465436E-04  -2.042831021600E-05
  -1.218145392896E-04   1.241074622469E-04  -2.428357102572E-04   1.148224497193E-04  -2.012441076595E-05
  -1.186518660083E-04   1.227033538788E-04  -2.397627903233E-04   1.142846679925E-04  -1.982322282181E-05
  -1.155184585049E-04   1.213523200105E-04  -2.366896403635E-04   1.138189912905E-04  -1.952431234143E-05
  -1.124122924558E-04   1.200504085657E-04  -2.336148543657E-04   1.134191054164E-04  -1.922776131348E-05
  -1.093319368312E-04   1.187932901242E-04  -2.305371403859E-04   1.130785473809E-04  -1.893346714404E-05
  -1.062784640843E-04   1.175776316792E-04  -2.274562451195E-04   1.127928187582E-04  -1.864103973427E-05
  -1.032507880613E-04   1.164022493111E-04  -2.243719684024E-04   1.125594364748E-04  -1.835056707132E-05
  -1.002487762387E-04   1.152651809537E-04  -2.212842380742E-04   1.123754231589E-04  -1.806188249128E-05
  -9.727221421366E-05   1.141628191405E-04  -2.181924938384E-04   1.122358302658E-04  -1.777458692123E-05
  -9.431956065887E-05   1.130914022784E-04  -2.150957015517E-04   1.121346145080E-04  -1.748886164552E-05
  -9.139003107127E-05   1.120479516318E-04  -2.119932179344E-04   1.120669544858E-04  -1.720496173704E-05
  -8.848448090005E-05   1.110298325492E-04  -2.088851661453E-04   1.120294620882E-04  -1.692218063858E-05
  -8.560310035211E-05   1.100350277409E-04  -2.057719383855E-04   1.120197586736E-04  -1.663979162614E-05
  -8.274460129059E-05   1.090636257567E-04  -2.026532060458E-04   1.120354910732E-04  -1.635951700453E-05
  -7.990790627163E-05   1.081122479525E-04  -1.995281970539E-04   1.120715787568E-04  -1.608119910823E-05
  -7.709407775482E-05   1.071755236214E-04  -1.963970567262E-04   1.121225530717E-04  -1.580308896771E-05
  -7.430228355687E-05   1.062533507381E-04  -1.932597233205E-04   1.121864429357E-04  -1.552609012160E-05
  -7.153283677558E-05   1.053452250962E-04  -1.901169627924E-04   1.122625441641E-04  -1.525013643419E-05
  -6.878641128797E-05   1.044507509389E-04  -1.869695007985E-04   1.123498533169E-04  -1.497525675845E-05
  -6.606253593922E-05   1.035683456789E-04  -1.838174924450E-04   1.124458706054E-04  -1.470137656589E-05
  -6.336092078498E-05   1.026961051234E-04  -1.806610078640E-04   1.125476448269E-04  -1.442840811557E-05
  -6.068183539203E-05   1.018325146038E-04  -1.775003635964E-04   1.126527626335E-04  -1.415640373451E-05
  -5.802535540846E-05   1.009762159386E-04  -1.743358909769E-04   1.127590225594E-04  -1.388535834842E-05
  -5.539112910376E-05   1.001257035130E-04  -1.711677815105E-04   1.128639960735E-04  -1.361525791795E-05
  -5.277902124617E-05   9.927935379815E-05  -1.679962263711E-04   1.129651867781E-04  -1.334592384702E-05
  -5.018942470861E-05   9.843550090925E-05  -1.648215720899E-04   1.130600684306E-04  -1.307762295798E-05
  -4.762168116762E-05   9.759282231464E-05  -1.616439200654E-04   1.131462596768E-04  -1.281035142610E-05
  -4.507634923335E-05   9.675059777386E-05  -1.584638647456E-04   1.132223483418E-04  -1.254409781589E-05
  -4.255374071504E-05   9.590845911327E-05  -1.552823050504E-04   1.132880483175E-04  -1.227866159651E-05
  -4.005383978412E-05   9.506653786623E-05  -1.521000637083E-04   1.133431797422E-04  -1.201422253458E-05
  -3.757678134514E-05   9.422438939959E-05  -1.489176965089E-04   1.133865658648E-04  -1.175087610795E-05
  -3.512356990760E-05   9.338070786781E-05  -1.457359157188E-04   1.134168106705E-04  -1.148833728904E-05
  -3.269341861947E-05   9.253628181600E-05  -1.425552886374E-04   1.134336608248E-04  -1.122715343964E-05
  -3.028704590598E-05   9.168974474098E-05  -1.393766113482E-04   1.134361708137E-04  -1.096683284248E-05
  -2.790445634284E-05   9.084084220307E-05  -1.362002958365E-04   1.134229695527E-04  -1.070767078633E-05
  -2.554550399586E-05   8.998792014364E-05  -1.330266003247E-04   1.133918874783E-04  -1.044947677355E-05
  -2.321013661336E-05   8.913029558308E-05  -1.298558869097E-04   1.133414945448E-04  -1.019271205176E-05
  -2.089867865045E-05   8.826711383108E-05  -1.266887438356E-04   1.132706741085E-04  -9.937078487254E-06
  -1.861120241375E-05   8.739845644006E-05  -1.235259099487E-04   1.131792740821E-04  -9.682614588051E-06
  -1.634773040201E-05   8.652430434843E-05  -1.203682093592E-04   1.130672961517E-04  -9.429345495335E-06
  -1.410875816348E-05   8.564499360867E-05  -1.172163595912E-04   1.129345094886E-04  -9.177459684795E-06
  -1.189471399261E-05   8.475989371072E-05  -1.140712069248E-04   1.127805158939E-04  -8.926574435999E-06
  -9.705497187137E-06   8.386993094197E-05  -1.109333502996E-04   1.126055789974E-04  -8.677606697400E-06
  -7.541777092737E-06   8.297417850165E-05  -1.078036736488E-04   1.124090207966E-04  -8.429876626539E-06
  -5.403387200166E-06   8.207277211634E-05  -1.046826898120E-04   1.121906523342E-04  -8.183457217684E-06
  -3.290087543126E-06   8.116558829334E-05  -1.015709688695E-04   1.119501042689E-04  -7.938506082568E-06
  -1.202472073491E-06   8.025266495085E-05  -9.846926989863E-05   1.116872509889E-04  -7.695105037482E-06
   8.586093516286E-07   7.933351725693E-05  -9.537841737487E-05   1.114016779120E-04  -7.453046077529E-06
   2.894835863788E-06   7.840841358438E-05  -9.229831531490E-05   1.110929966616E-04  -7.212967037850E-06
   4.905059171018E-06   7.747618870061E-05  -8.922979322538E-05   1.107601651614E-04  -6.974237018790E-06
   6.889127129689E-06   7.653814341360E-05  -8.617352694363E-05   1.104038787809E-04  -6.737415973955E-06
   8.846795625354E-06   7.559341202005E-05  -8.313042592729E-05   1.100244163334E-04  -6.501983085734E-06
   1.077816225001E-05   7.464299171232E-05  -8.010097851394E-05   1.096219144349E-04  -6.268399071293E-06
   1.268277155292E-05   7.368645693754E-05  -7.708600535312E-05   1.091963055086E-04  -6.036345644248E-06
   1.456118050081E-05   7.272510474811E-05  -7.408579038990E-05   1.087483952776E-04  -5.806451090149E-06
