481
   4.651972379271E-01   1.559868507837E-01   2.431473862300E-01   6.989892717210E-01   7.657389680724E-01
   4.641842089524E-01   1.601861894257E-01   2.547779160233E-01   6.892887575557E-01   7.623308554559E-01
   4.632575290666E-01   1.639740524280E-01   2.663133783325E-01   6.792404219647E-01   7.587836788475E-01
   4.624211459678E-01   1.673505272833E-01   2.777466036929E-01   6.688588201432E-01   7.551007703817E-01
   4.616779163652E-01   1.703169072519E-01   2.890704035114E-01   6.581585959351E-01   7.512855152881E-01
   4.610296786087E-01   1.728756014142E-01   3.002776036114E-01   6.471544435732E-01   7.473413440440E-01
   4.604773266115E-01   1.750300478879E-01   3.113610760830E-01   6.358610723559E-01   7.432717249220E-01
   4.600208839493E-01   1.767846304479E-01   3.223137692430E-01   6.242931741955E-01   7.390801569392E-01
   4.596595772291E-01   1.781445987129E-01   3.331287355604E-01   6.124653939532E-01   7.347701632082E-01
   4.593919080027E-01   1.791159919952E-01   3.437991574492E-01   6.003923024527E-01   7.303452846876E-01
   4.592157226531E-01   1.797055668600E-01   3.543183708736E-01   5.880883720550E-01   7.258090743259E-01
   4.591282798124E-01   1.799207284003E-01   3.646798867418E-01   5.755679546609E-01   7.211650915897E-01
   4.591263149781E-01   1.797694651947E-01   3.748774101004E-01   5.628452620053E-01   7.164168973677E-01
   4.592061020890E-01   1.792602878944E-01   3.849048571606E-01   5.499343480974E-01   7.115680492364E-01
   4.593635118990E-01   1.784021713579E-01   3.947563702150E-01   5.368490936629E-01   7.066220970745E-01
   4.595940670516E-01   1.772045002391E-01   4.044263305155E-01   5.236031924407E-01   7.015825790117E-01
   4.598929938118E-01   1.756770179194E-01   4.139093692003E-01   5.102101391909E-01   6.964530176963E-01
   4.602552704553E-01   1.738297786644E-01   4.232003763663E-01   4.966832192701E-01   6.912369168648E-01
   4.606756723525E-01   1.716731028792E-01   4.322945083927E-01   4.830354996387E-01   6.859377581987E-01
   4.611488138117E-01   1.692175353296E-01   4.411871936244E-01   4.692798211664E-01   6.805589984508E-01
   4.616691867689E-01   1.664738061971E-01   4.498741365303E-01   4.554287921093E-01   6.751040668250E-01
   4.622311964317E-01   1.634527948282E-01   4.583513204494E-01   4.414947826390E-01   6.695763625941E-01
   4.628291939938E-01   1.601654960450E-01   4.666150090396E-01   4.274899203107E-01   6.639792529380E-01
   4.634575065495E-01   1.566229888792E-01   4.746617465425E-01   4.134260863637E-01   6.583160709894E-01
   4.641104643438E-01   1.528364075988E-01   4.824883569722E-01   3.993149127572E-01   6.525901140690E-01
   4.647824254952E-01   1.488169148943E-01   4.900919423367E-01   3.851677798490E-01   6.468046420987E-01
   4.654677983322E-01   1.445756771004E-01   4.974698799930E-01   3.709958146355E-01   6.409628761767E-01
   4.661610614845E-01   1.401238413272E-01   5.046198192327E-01   3.568098894747E-01   6.350679973029E-01
   4.668567818663E-01   1.354725143847E-01   5.115396771911E-01   3.426206212254E-01   6.291231452408E-01
   4.675496306884E-01   1.306327433860E-01   5.182276341664E-01   3.284383707402E-01   6.231314175059E-01
   4.682343976320E-01   1.256154979193E-01   5.246821284287E-01   3.142732426551E-01   6.170958684671E-01
   4.689060033103E-01   1.204316536872E-01   5.309018505962E-01   3.001350854303E-01   6.110195085535E-01
   4.695595101433E-01   1.150919775126E-01   5.368857376462E-01   2.860334915963E-01   6.049053035548E-01
   4.701901317614E-01   1.096071136204E-01   5.426329666256E-01   2.719777981696E-01   5.987561740073E-01
   4.707932410518E-01   1.039875711053E-01   5.481429481200E-01   2.579770872057E-01   5.925749946574E-01
   4.713643769524E-01   9.824371250453E-02   5.534153195328E-01   2.440401864624E-01   5.863645939944E-01
   4.718992500954E-01   9.238574339781E-02   5.584499382240E-01   2.301756701516E-01   5.801277538461E-01
   4.723937473944E-01   8.642370296223E-02   5.632468745504E-01   2.163918597600E-01   5.738672090310E-01
   4.728439356639E-01   8.036745541495E-02   5.678064048463E-01   2.026968249253E-01   5.675856470610E-01
   4.732460643567E-01   7.422668228088E-02   5.721290043785E-01   1.890983843568E-01   5.612857078895E-01
   4.735965674940E-01   6.801087542758E-02   5.762153403053E-01   1.756041067911E-01   5.549699837003E-01
   4.738920648637E-01   6.172933081342E-02   5.800662646659E-01   1.622213119791E-01   5.486410187334E-01
   4.741293625537E-01   5.539114289952E-02   5.836828074222E-01   1.489570717009E-01   5.423013091436E-01
   4.743054528825E-01   4.900519967975E-02   5.870661695734E-01   1.358182108064E-01   5.359533028889E-01
   4.744175137856E-01   4.258017828671E-02   5.902177163577E-01   1.228113082847E-01   5.295993996462E-01
   4.744629077125E-01   3.612454113507E-02   5.931389705571E-01   1.099426983629E-01   5.232419507509E-01
   4.744391800819E-01   2.964653256685E-02   5.958316059141E-01   9.721847163869E-02   5.168832591592E-01
   4.743440573435E-01   2.315417596622E-02   5.982974406712E-01   8.464447625099E-02   5.105255794310E-01
   4.741754446865E-01   1.665527131399E-02   6.005384312379E-01   7.222631909453E-02   5.041711177317E-01
   4.739314234343E-01   1.015739315482E-02   6.025566659927E-01   5.996936708378E-02   4.978220318517E-01
   4.736102481611E-01   3.667888952081E-03   6.043543592217E-01   4.787874847291E-02   4.914804312432E-01
   4.732103435630E-01  -2.806122192265E-03   6.059338451972E-01   3.595935423831E-02   4.851483770722E-01
   4.727303011130E-01  -9.257750473515E-03   6.072975723968E-01   2.421583953024E-02   4.788278822863E-01
   4.721688755276E-01  -1.568033599502E-02   6.084480978632E-01   1.265262520035E-02   4.725209116973E-01
   4.715249810697E-01  -2.206744907133E-02   6.093880817032E-01   1.273899411454E-03   4.662293820779E-01
   4.707976877106E-01  -2.841289023970E-02   6.101202817261E-01  -9.916380664328E-03   4.599551622734E-01
   4.699862171726E-01  -3.471068999495E-02   6.106475482170E-01  -2.091448705308E-02   4.537000733270E-01
   4.690899388691E-01  -4.095510826117E-02   6.109728188438E-01  -3.171691908707E-02   4.474658886193E-01
   4.681083657620E-01  -4.714063361324E-02   6.110991136953E-01  -4.232040140811E-02   4.412543340222E-01
   4.670411501502E-01  -5.326198225967E-02   6.110295304450E-01  -5.272188186207E-02   4.350670880669E-01
   4.658880794041E-01  -5.931409679816E-02   6.107672396398E-01  -6.291852928073E-02   4.289057821265E-01
   4.646490716595E-01  -6.529214475402E-02   6.103154801079E-01  -7.290773114774E-02   4.227720006129E-01
   4.633241714821E-01  -7.119151691157E-02   6.096775544834E-01  -8.268709114620E-02   4.166672811888E-01
   4.619135455129E-01  -7.700782544749E-02   6.088568248432E-01  -9.225442658594E-02   4.105931149945E-01
   4.604174781061E-01  -8.273690187545E-02   6.078567084531E-01  -1.016077657092E-01   4.045509468896E-01
   4.588363669661E-01  -8.837479481024E-02   6.066806736189E-01  -1.107453448739E-01   3.985421757105E-01
   4.571707187930E-01  -9.391776755990E-02   6.053322356406E-01  -1.196656056152E-01   3.925681545431E-01
   4.554211449440E-01  -9.936229555368E-02   6.038149528635E-01  -1.283671915846E-01   3.866301910111E-01
   4.535883571166E-01  -1.047050636137E-01   6.021324228264E-01  -1.368489453693E-01   3.807295475807E-01
   4.516731630601E-01  -1.099429630782E-01   6.002882785016E-01  -1.451099051925E-01   3.748674418803E-01
   4.496764623209E-01  -1.150730887829E-01   5.982861846247E-01  -1.531493014974E-01   3.690450470369E-01
   4.475992420269E-01  -1.200927359092E-01   5.961298341119E-01  -1.609665534177E-01   3.632634920279E-01
   4.454425727147E-01  -1.249993967058E-01   5.938229445623E-01  -1.685612651378E-01   3.575238620496E-01
   4.432076042052E-01  -1.297907570901E-01   5.913692548419E-01  -1.759332221468E-01   3.518271989011E-01
   4.408955615292E-01  -1.344646931379E-01   5.887725217499E-01  -1.830823873895E-01   3.461745013843E-01
   4.385077409094E-01  -1.390192674679E-01   5.860365167627E-01  -1.900088973209E-01   3.405667257195E-01
   4.360455057988E-01  -1.434527255273E-01   5.831650228559E-01  -1.967130578668E-01   3.350047859769E-01
   4.335102829811E-01  -1.477634917866E-01   5.801618314022E-01  -2.031953402974E-01   3.294895545235E-01
   4.309035587333E-01  -1.519501658492E-01   5.770307391446E-01  -2.094563770193E-01   3.240218624847E-01
   4.282268750556E-01  -1.560115184841E-01   5.737755452423E-01  -2.154969572901E-01   3.186025002214E-01
   4.254818259672E-01  -1.599464875869E-01   5.704000483911E-01  -2.213180228645E-01   3.132322178213E-01
   4.226700538740E-01  -1.637541740766E-01   5.669080440145E-01  -2.269206635744E-01   3.079117256047E-01
   4.197932460060E-01  -1.674338377354E-01   5.633033215277E-01  -2.323061128527E-01   3.026416946438E-01
   4.168531309295E-01  -1.709848929968E-01   5.595896616718E-01  -2.374757432051E-01   2.974227572961E-01
   4.138514751328E-01  -1.744069046890E-01   5.557708339193E-01  -2.424310616369E-01   2.922555077501E-01
   4.107900796882E-01  -1.776995837406E-01   5.518505939502E-01  -2.471737050419E-01   2.871405025838E-01
   4.076707769908E-01  -1.808627828541E-01   5.478326811976E-01  -2.517054355590E-01   2.820782613355E-01
   4.044954275757E-01  -1.838964921536E-01   5.437208164650E-01  -2.560281359040E-01   2.770692670859E-01
   4.012659170134E-01  -1.868008348126E-01   5.395186996118E-01  -2.601438046826E-01   2.721139670510E-01
   3.979841528856E-01  -1.895760626687E-01   5.352300073109E-01  -2.640545516910E-01   2.672127731859E-01
   3.946520618404E-01  -1.922225518301E-01   5.308583908749E-01  -2.677625932112E-01   2.623660627978E-01
   3.912715867285E-01  -1.947407982792E-01   5.264074741534E-01  -2.712702473059E-01   2.575741791687E-01
   3.878446838211E-01  -1.971314134811E-01   5.218808515001E-01  -2.745799291211E-01   2.528374321869E-01
   3.843733201086E-01  -1.993951199989E-01   5.172820858106E-01  -2.776941462014E-01   2.481560989856E-01
   3.808594706811E-01  -2.015327471249E-01   5.126147066302E-01  -2.806154938227E-01   2.435304245901E-01
   3.773051161906E-01  -2.035452265291E-01   5.078822083326E-01  -2.833466503515E-01   2.389606225707E-01
   3.737122403955E-01  -2.054335879331E-01   5.030880483686E-01  -2.858903726324E-01   2.344468757023E-01
   3.700828277866E-01  -2.071989548113E-01   4.982356455854E-01  -2.882494914120E-01   2.299893366294E-01
   3.664188612937E-01  -2.088425401265E-01   4.933283786171E-01  -2.904269068033E-01   2.255881285353E-01
   3.627223200756E-01  -2.103656421025E-01   4.883695843447E-01  -2.924255837959E-01   2.212433458165E-01
   3.589951773892E-01  -2.117696400382E-01   4.833625564264E-01  -2.942485478162E-01   2.169550547599E-01
   3.552393985400E-01  -2.130559901682E-01   4.783105438994E-01  -2.958988803434E-01   2.127232942226E-01
   3.514569389133E-01  -2.142262215722E-01   4.732167498498E-01  -2.973797145841E-01   2.085480763152E-01
   3.476497420840E-01  -2.152819321380E-01   4.680843301539E-01  -2.986942312114E-01   2.044293870850E-01
   3.438197380061E-01  -2.162247845808E-01   4.629163922878E-01  -2.998456541703E-01   2.003671872018E-01
   3.399688412805E-01  -2.170565025227E-01   4.577159942067E-01  -3.008372465552E-01   1.963614126429E-01
   3.360989494999E-01  -2.177788666343E-01   4.524861432927E-01  -3.016723065616E-01   1.924119753787E-01
   3.322119416715E-01  -2.183937108427E-01   4.472297953704E-01  -3.023541635152E-01   1.885187640569E-01
   3.283096767142E-01  -2.189029186072E-01   4.419498537909E-01  -3.028861739825E-01   1.846816446858E-01
   3.243939920320E-01  -2.193084192660E-01   4.366491685820E-01  -3.032717179639E-01   1.809004613151E-01
   3.204667021608E-01  -2.196121844559E-01   4.313305356654E-01  -3.035141951738E-01   1.771750367150E-01
   3.165295974883E-01  -2.198162246069E-01   4.259966961388E-01  -3.036170214081E-01   1.735051730516E-01
   3.125844430460E-01  -2.199225855140E-01   4.206503356236E-01  -3.035836250027E-01   1.698906525590E-01
   3.086329773714E-01  -2.199333449871E-01   4.152940836761E-01  -3.034174433836E-01   1.663312382072E-01
   3.046769114404E-01  -2.198506095819E-01   4.099305132617E-01  -3.031219197113E-01   1.628266743661E-01
   3.007179276674E-01  -2.196765114114E-01   4.045621402917E-01  -3.027004996202E-01   1.593766874637E-01
   2.967576789732E-01  -2.194132050410E-01   3.991914232204E-01  -3.021566280544E-01   1.559809866392E-01
   2.927977879181E-01  -2.190628644666E-01   3.938207627029E-01  -3.014937462013E-01   1.526392643906E-01
   2.888398458994E-01  -2.186276801780E-01   3.884525013117E-01  -3.007152885231E-01   1.493511972152E-01
   2.848854124128E-01  -2.181098563065E-01   3.830889233105E-01  -2.998246798874E-01   1.461164462445E-01
   2.809360143744E-01  -2.175116078598E-01   3.777322544849E-01  -2.988253327971E-01   1.429346578708E-01
   2.769931455039E-01  -2.168351580420E-01   3.723846620285E-01  -2.977206447205E-01   1.398054643677E-01
   2.730582657655E-01  -2.160827356605E-01   3.670482544826E-01  -2.965139955202E-01   1.367284845020E-01
   2.691328008678E-01  -2.152565726193E-01   3.617250817283E-01  -2.952087449827E-01   1.337033241376E-01
   2.652181418180E-01  -2.143589014995E-01   3.564171350310E-01  -2.938082304471E-01   1.307295768313E-01
   2.613156445310E-01  -2.133919532256E-01   3.511263471330E-01  -2.923157645328E-01   1.278068244203E-01
   2.574266294921E-01  -2.123579548182E-01   3.458545923962E-01  -2.907346329662E-01   1.249346375996E-01
   2.535523814696E-01  -2.112591272329E-01   3.406036869905E-01  -2.890680925057E-01   1.221125764918E-01
   2.496941492785E-01  -2.100976832840E-01   3.353753891285E-01  -2.873193689633E-01   1.193401912063E-01
   2.458531455919E-01  -2.088758256534E-01   3.301713993438E-01  -2.854916553231E-01   1.166170223894E-01
   2.420305467987E-01  -2.075957449834E-01   3.249933608121E-01  -2.835881099554E-01   1.139426017648E-01
   2.382274929076E-01  -2.062596180528E-01   3.198428597129E-01  -2.816118549246E-01   1.113164526638E-01
   2.344450874932E-01  -2.048696060353E-01   3.147214256307E-01  -2.795659743908E-01   1.087380905456E-01
   2.306843976858E-01  -2.034278528398E-01   3.096305319949E-01  -2.774535131030E-01   1.062070235071E-01
   2.269464542003E-01  -2.019364835307E-01   3.045715965547E-01  -2.752774749829E-01   1.037227527827E-01
   2.232322514050E-01  -2.003976028274E-01   2.995459818899E-01  -2.730408217972E-01   1.012847732333E-01
   2.195427474276E-01  -1.988132936828E-01   2.945549959546E-01  -2.707464719186E-01   9.889257382487E-02
   2.158788642969E-01  -1.971856159375E-01   2.895998926526E-01  -2.683972991709E-01   9.654563809623E-02
   2.122414881195E-01  -1.955166050506E-01   2.846818724430E-01  -2.659961317602E-01   9.424344461629E-02
   2.086314692891E-01  -1.938082709044E-01   2.798020829749E-01  -2.635457512873E-01   9.198546743028E-02
   2.050496227268E-01  -1.920625966816E-01   2.749616197483E-01  -2.610488918410E-01   8.977117649533E-02
   2.014967281529E-01  -1.902815378147E-01   2.701615268017E-01  -2.585082391709E-01   8.760003810514E-02
   1.979735303855E-01  -1.884670210042E-01   2.654027974232E-01  -2.559264299364E-01   8.547151530378E-02
   1.944807396675E-01  -1.866209433067E-01   2.606863748844E-01  -2.533060510313E-01   8.338506828866E-02
   1.910190320187E-01  -1.847451712881E-01   2.560131531960E-01  -2.506496389818E-01   8.134015480264E-02
   1.875890496130E-01  -1.828415402434E-01   2.513839778821E-01  -2.479596794146E-01   7.933623051530E-02
   1.841914011774E-01  -1.809118534794E-01   2.467996467745E-01  -2.452386065960E-01   7.737274939345E-02
   1.808266624140E-01  -1.789578816597E-01   2.422609108219E-01  -2.424888030364E-01   7.544916406088E-02
   1.774953764417E-01  -1.769813622099E-01   2.377684749171E-01  -2.397125991610E-01   7.356492614740E-02
   1.741980542567E-01  -1.749839987815E-01   2.333229987362E-01  -2.369122730441E-01   7.171948662726E-02
   1.709351752117E-01  -1.729674607728E-01   2.289250975922E-01  -2.340900502032E-01   6.991229614704E-02
   1.677071875107E-01  -1.709333829051E-01   2.245753433000E-01  -2.312481034533E-01   6.814280534299E-02
   1.645145087201E-01  -1.688833648528E-01   2.202742650511E-01  -2.283885528181E-01   6.641046514805E-02
   1.613575262932E-01  -1.668189709246E-01   2.160223502986E-01  -2.255134654961E-01   6.471472708857E-02
   1.582365981087E-01  -1.647417297962E-01   2.118200456491E-01  -2.226248558792E-01   6.305504357080E-02
   1.551520530199E-01  -1.626531342902E-01   2.076677577622E-01  -2.197246856239E-01   6.143086815729E-02
   1.521041914159E-01  -1.605546412040E-01   2.035658542550E-01  -2.168148637693E-01   5.984165583345E-02
   1.490932857922E-01  -1.584476711822E-01   1.995146646117E-01  -2.138972469042E-01   5.828686326410E-02
   1.461195813298E-01  -1.563336086327E-01   1.955144810965E-01  -2.109736393781E-01   5.676594904038E-02
   1.431832964824E-01  -1.542138016851E-01   1.915655596686E-01  -2.080457935554E-01   5.527837391721E-02
   1.402846235703E-01  -1.520895621882E-01   1.876681208995E-01  -2.051154101111E-01   5.382360104101E-02
   1.374237293802E-01  -1.499621657476E-01   1.838223508896E-01  -2.021841383658E-01   5.240109616846E-02
   1.346007557699E-01  -1.478328517996E-01   1.800284021855E-01  -1.992535766580E-01   5.101032787587E-02
   1.318158202771E-01  -1.457028237198E-01   1.762863946950E-01  -1.963252727518E-01   4.965076775966E-02
   1.290690167313E-01  -1.435732489671E-01   1.725964166005E-01  -1.934007242788E-01   4.832189062795E-02
   1.263604158684E-01  -1.414452592588E-01   1.689585252689E-01  -1.904813792114E-01   4.702317468349E-02
   1.236900659469E-01  -1.393199507770E-01   1.653727481579E-01  -1.875686363672E-01   4.575410169805E-02
   1.210579933645E-01  -1.371983844043E-01   1.618390837176E-01  -1.846638459406E-01   4.451415717845E-02
   1.184642032756E-01  -1.350815859874E-01   1.583575022866E-01  -1.817683100627E-01   4.330283052436E-02
   1.159086802075E-01  -1.329705466268E-01   1.549279469819E-01  -1.788832833852E-01   4.211961517808E-02
   1.133913886760E-01  -1.308662229919E-01   1.515503345827E-01  -1.760099736885E-01   4.096400876650E-02
   1.109122737985E-01  -1.287695376595E-01   1.482245564059E-01  -1.731495425115E-01   3.983551323526E-02
   1.084712619056E-01  -1.266813794743E-01   1.449504791744E-01  -1.703031058021E-01   3.873363497547E-02
   1.060682611485E-01  -1.246026039313E-01   1.417279458764E-01  -1.674717345863E-01   3.765788494304E-02
   1.037031621036E-01  -1.225340335764E-01   1.385567766157E-01  -1.646564556549E-01   3.660777877082E-02
   1.013758383728E-01  -1.204764584266E-01   1.354367694525E-01  -1.618582522667E-01   3.558283687371E-02
   9.908614717872E-02  -1.184306364069E-01   1.323677012339E-01  -1.590780648655E-01   3.458258454698E-02
   9.683392995569E-02  -1.163972938028E-01   1.293493284141E-01  -1.563167918114E-01   3.360655205788E-02
   9.461901293427E-02  -1.143771257284E-01   1.263813878634E-01  -1.535752901232E-01   3.265427473070E-02
   9.244120772040E-02  -1.123707966072E-01   1.234635976663E-01  -1.508543762326E-01   3.172529302569E-02
   9.030031186786E-02  -1.103789406661E-01   1.205956579072E-01  -1.481548267468E-01   3.081915261156E-02
   8.819610944415E-02  -1.084021624405E-01   1.177772514446E-01  -1.454773792204E-01   2.993540443221E-02
   8.612837158918E-02  -1.064410372903E-01   1.150080446728E-01  -1.428227329340E-01   2.907360476753E-02
   8.409685706656E-02  -1.044961119246E-01   1.122876882708E-01  -1.401915496790E-01   2.823331528861E-02
   8.210131280714E-02  -1.025679049351E-01   1.096158179387E-01  -1.375844545477E-01   2.741410310740E-02
   8.014147444456E-02  -1.006569073378E-01   1.069920551203E-01  -1.350020367271E-01   2.661554082113E-02
   7.821706684248E-02  -9.876358311965E-02   1.044160077130E-01  -1.324448502955E-01   2.583720655151E-02
   7.632780461335E-02  -9.688836979254E-02   1.018872707637E-01  -1.299134150223E-01   2.507868397898E-02
   7.447339262835E-02  -9.503167895106E-02   9.940542715165E-02  -1.274082171672E-01   2.433956237210E-02
   7.265352651852E-02  -9.319389683474E-02   9.697004825643E-02  -1.249297102814E-01   2.361943661230E-02
   7.086789316662E-02  -9.137538489345E-02   9.458069461293E-02  -1.224783160070E-01   2.291790721406E-02
   6.911617118983E-02  -8.957648035524E-02   9.223691655173E-02  -1.200544248758E-01   2.223458034078E-02
   6.739803141295E-02  -8.779749679602E-02   8.993825482556E-02  -1.176583971058E-01   2.156906781644E-02
   6.571313733203E-02  -8.603872471023E-02   8.768424122141E-02  -1.152905633942E-01   2.092098713312E-02
   6.406114556838E-02  -8.430043208193E-02   8.547439915845E-02  -1.129512257081E-01   2.028996145473E-02
   6.244170631277E-02  -8.258286495567E-02   8.330824427163E-02  -1.106406580697E-01   1.967561961684E-02
   6.085446375984E-02  -8.088624800643E-02   8.118528498106E-02  -1.083591073376E-01   1.907759612304E-02
   5.929905653246E-02  -7.921078510820E-02   7.910502304698E-02  -1.061067939819E-01   1.849553113765E-02
   5.777511809633E-02  -7.755665990055E-02   7.706695411052E-02  -1.038839128541E-01   1.792907047520E-02
   5.628227716436E-02  -7.592403635259E-02   7.507056822021E-02  -1.016906339494E-01   1.737786558669E-02
   5.482015809122E-02  -7.431305932406E-02   7.311535034431E-02  -9.952710316315E-02   1.684157354271E-02
   5.338838125767E-02  -7.272385512275E-02   7.120078086896E-02  -9.739344303869E-02   1.631985701367E-02
   5.198656344501E-02  -7.115653205808E-02   6.932633608237E-02  -9.528975350788E-02   1.581238424720E-02
   5.061431819940E-02  -6.961118099024E-02   6.749148864494E-02  -9.321611262297E-02   1.531882904284E-02
   4.927125618622E-02  -6.808787587456E-02   6.569570804555E-02  -9.117257727971E-02   1.483887072422E-02
   4.795698553440E-02  -6.658667430074E-02   6.393846104406E-02  -8.915918393133E-02   1.437219410864E-02
   4.667111217093E-02  -6.510761802644E-02   6.221921210027E-02  -8.717594929302E-02   1.391848947454E-02
   4.541324014540E-02  -6.365073350523E-02   6.053742378921E-02  -8.522287103658E-02   1.347745252655E-02
   4.418297194473E-02  -6.221603240812E-02   5.889255720316E-02  -8.329992847503E-02   1.304878435854E-02
   4.297990879823E-02  -6.080351213880E-02   5.728407234041E-02  -8.140708323676E-02   1.263219141462E-02
   4.180365097292E-02  -5.941315634206E-02   5.571142848093E-02  -7.954427992921E-02   1.222738544832E-02
   4.065379805928E-02  -5.804493540526E-02   5.417408454913E-02  -7.771144679158E-02   1.183408347990E-02
   3.952994924754E-02  -5.669880695256E-02   5.267149946387E-02  -7.590849633667E-02   1.145200775202E-02
   3.843170359456E-02  -5.537471633171E-02   5.120313247592E-02  -7.413532598137E-02   1.108088568379E-02
   3.735866028144E-02  -5.407259709320E-02   4.976844349299E-02  -7.239181866591E-02   1.072044982338E-02
   3.631041886192E-02  -5.279237146168E-02   4.836689339260E-02  -7.067784346155E-02   1.037043779918E-02
   3.528657950179E-02  -5.153395079923E-02   4.699794432286E-02  -6.899325616668E-02   1.003059226965E-02
   3.428674320929E-02  -5.029723606073E-02   4.566105999149E-02  -6.733789989118E-02   9.700660872006E-03
   3.331051205678E-02  -4.908211824084E-02   4.435570594326E-02  -6.571160562904E-02   9.380396169703E-03
   3.235748939365E-02  -4.788847881260E-02   4.308134982590E-02  -6.411419281897E-02   9.069555598893E-03
   3.142728005078E-02  -4.671619015768E-02   4.183746164486E-02  -6.254546989329E-02   8.767901413917E-03
   3.051949053652E-02  -4.556511598802E-02   4.062351400711E-02  -6.100523481464E-02   8.475200631903E-03
   2.963372922444E-02  -4.443511175881E-02   3.943898235408E-02  -5.949327560090E-02   8.191224976521E-03
   2.876960653298E-02  -4.332602507282E-02   3.828334518408E-02  -5.800937083797E-02   7.915750821003E-03
   2.792673509709E-02  -4.223769607607E-02   3.715608426433E-02  -5.655329018063E-02   7.648559130517E-03
   2.710472993210E-02  -4.116995784460E-02   3.605668483282E-02  -5.512479484145E-02   7.389435403872E-03
   2.630320858984E-02  -4.012263676255E-02   3.498463579036E-02  -5.372363806770E-02   7.138169614734E-03
   2.552179130740E-02  -3.909555289144E-02   3.393942988284E-02  -5.234956560640E-02   6.894556152350E-03
   2.476010114831E-02  -3.808852033055E-02   3.292056387397E-02  -5.100231615746E-02   6.658393761831E-03
   2.401776413673E-02  -3.710134756867E-02   3.192753870888E-02  -4.968162181518E-02   6.429485484115E-03
   2.329440938447E-02  -3.613383782683E-02   3.095985966858E-02  -4.838720849778E-02   6.207638595596E-03
   2.258966921113E-02  -3.518578939256E-02   3.001703651564E-02  -4.711879636558E-02   5.992664547523E-03
   2.190317925757E-02  -3.425699594518E-02   2.909858363128E-02  -4.587610022740E-02   5.784378905214E-03
   2.123457859280E-02  -3.334724687259E-02   2.820402014407E-02  -4.465882993566E-02   5.582601287115E-03
   2.058350981437E-02  -3.245632757929E-02   2.733287005045E-02  -4.346669077006E-02   5.387155303758E-03
   1.994961914260E-02  -3.158401978591E-02   2.648466232729E-02  -4.229938381001E-02   5.197868496688E-03
   1.933255650874E-02  -3.073010182026E-02   2.565893103683E-02  -4.115660629607E-02   5.014572277395E-03
   1.873197563710E-02  -2.989434889987E-02   2.485521542395E-02  -4.003805198025E-02   4.837101866262E-03
   1.814753412145E-02  -2.907653340619E-02   2.407306000627E-02  -3.894341146554E-02   4.665296231609E-03
   1.757889349586E-02  -2.827642515051E-02   2.331201465707E-02  -3.787237253472E-02   4.498998028863E-03
   1.702571929999E-02  -2.749379163177E-02   2.257163468138E-02  -3.682462046857E-02   4.338053539894E-03
   1.648768113909E-02  -2.672839828611E-02   2.185148088541E-02  -3.579983835369E-02   4.182312612516E-03
   1.596445273894E-02  -2.598000872858E-02   2.115111963944E-02  -3.479770737996E-02   4.031628600256E-03
   1.545571199564E-02  -2.524838498683E-02   2.047012293450E-02  -3.381790712796E-02   3.885858302350E-03
   1.496114102070E-02  -2.453328772710E-02   1.980806843300E-02  -3.286011584645E-02   3.744861904074E-03
   1.448042618133E-02  -2.383447647243E-02   1.916453951341E-02  -3.192401071989E-02   3.608502917352E-03
   1.401325813623E-02  -2.315170981341E-02   1.853912530938E-02  -3.100926812652E-02   3.476648121749E-03
   1.355933186700E-02  -2.248474561136E-02   1.793142074325E-02  -3.011556388683E-02   3.349167505831E-03
   1.311834670523E-02  -2.183334119422E-02   1.734102655440E-02  -2.924257350280E-02   3.225934208925E-03
   1.269000635551E-02  -2.119725354524E-02   1.676754932235E-02  -2.838997238796E-02   3.106824463308E-03
   1.227401891449E-02  -2.057623948458E-02   1.621060148509E-02  -2.755743608856E-02   2.991717536845E-03
   1.187009688611E-02  -1.997005584385E-02   1.566980135251E-02  -2.674464049588E-02   2.880495676100E-03
   1.147795719307E-02  -1.937845963392E-02   1.514477311540E-02  -2.595126204999E-02   2.773044049934E-03
   1.109732118483E-02  -1.880120820598E-02   1.463514684994E-02  -2.517697793509E-02   2.669250693615E-03
   1.072791464208E-02  -1.823805940594E-02   1.414055851807E-02  -2.442146626649E-02   2.569006453441E-03
   1.036946777807E-02  -1.768877172251E-02   1.366064996373E-02  -2.368440626973E-02   2.472204931930E-03
   1.002171523659E-02  -1.715310442883E-02   1.319506890525E-02  -2.296547845151E-02   2.378742433550E-03
   9.684396087024E-03  -1.663081771799E-02   1.274346892397E-02  -2.226436476318E-02   2.288517911019E-03
   9.357253816494E-03  -1.612167283249E-02   1.230550944932E-02  -2.158074875655E-02   2.201432912202E-03
   9.040036319121E-03  -1.562543218772E-02   1.188085574049E-02  -2.091431573227E-02   2.117391527597E-03
   8.732495882677E-03  -1.514185948968E-02   1.146917886478E-02  -2.026475288122E-02   2.036300338424E-03
   8.434389172696E-03  -1.467071984713E-02   1.107015567288E-02  -1.963174941871E-02   1.958068365356E-03
   8.145477214028E-03  -1.421177987801E-02   1.068346877111E-02  -1.901499671193E-02   1.882607017830E-03
   7.865525370204E-03  -1.376480781072E-02   1.030880649094E-02  -1.841418840069E-02   1.809830044059E-03
   7.594303320459E-03  -1.332957357997E-02   9.945862855659E-03  -1.782902051173E-02   1.739653481622E-03
   7.331585034695E-03  -1.290584891754E-02   9.594337544589E-03  -1.725919156670E-02   1.671995608746E-03
   7.077148746416E-03  -1.249340743813E-02   9.253935854819E-03  -1.670440268390E-02   1.606776896234E-03
   6.830776923723E-03  -1.209202472024E-02   8.924368660625E-03  -1.616435767419E-02   1.543919960040E-03
   6.592256238542E-03  -1.170147838237E-02   8.605352370741E-03  -1.563876313096E-02   1.483349514528E-03
   6.361377534100E-03  -1.132154815466E-02   8.296608883523E-03  -1.512732851454E-02   1.424992326390E-03
   6.137935790784E-03  -1.095201594594E-02   7.997865540199E-03  -1.462976623109E-02   1.368777169233E-03
   5.921730090473E-03  -1.059266590658E-02   7.708855076262E-03  -1.414579170614E-02   1.314634778853E-03
   5.712563579421E-03  -1.024328448700E-02   7.429315571158E-03  -1.367512345306E-02   1.262497809168E-03
   5.510243429791E-03  -9.903660492134E-03   7.158990396359E-03  -1.321748313640E-02   1.212300788841E-03
   5.314580799924E-03  -9.573585131949E-03   6.897628161922E-03  -1.277259563050E-02   1.163980078581E-03
   5.125390793405E-03  -9.252852068023E-03   6.644982661648E-03  -1.234018907334E-02   1.117473829118E-03
   4.942492417010E-03  -8.941257456478E-03   6.400812816899E-03  -1.191999491582E-02   1.072721939845E-03
   4.765708537655E-03  -8.638599987252E-03   6.164882619255E-03  -1.151174796670E-02   1.029666018159E-03
   4.594865838367E-03  -8.344680919898E-03   5.936961072019E-03  -1.111518643329E-02   9.882493394635E-04
   4.429794773368E-03  -8.059304115980E-03   5.716822130681E-03  -1.073005195798E-02   9.484168078438E-04
   4.270329522368E-03  -7.782276068210E-03   5.504244642480E-03  -1.035608965083E-02   9.101149174244E-04
   4.116307944054E-03  -7.513405926400E-03   5.299012285020E-03  -9.993048118349E-03   8.732917143685E-04
   3.967571529007E-03  -7.252505520429E-03   5.100913504231E-03  -9.640679488560E-03   8.378967595889E-04
   3.823965351870E-03  -6.999389380175E-03   4.909741451489E-03  -9.298739432484E-03   8.038810920656E-04
   3.685338023106E-03  -6.753874752725E-03   4.725293920260E-03  -8.966987182298E-03   7.711971928773E-04
   3.551541640121E-03  -6.515781616739E-03   4.547373282023E-03  -8.645185546038E-03   7.397989498374E-04
   3.422431738062E-03  -6.284932694244E-03   4.375786421858E-03  -8.333100919251E-03   7.096416228103E-04
   3.297867240166E-03  -6.061153459904E-03   4.210344673528E-03  -8.030503293557E-03   6.806818096664E-04
   3.177710407849E-03  -5.844272147845E-03   4.050863754270E-03  -7.737166262266E-03   6.528774128827E-04
   3.061826790419E-03  -5.634119756107E-03   3.897163699228E-03  -7.452867023208E-03   6.261876067501E-04
   2.950085174675E-03  -5.430530048933E-03   3.749068795727E-03  -7.177386378844E-03   6.005728052567E-04
   2.842357534260E-03  -5.233339556827E-03   3.606407517360E-03  -6.910508733824E-03   5.759946305529E-04
   2.738518978881E-03  -5.042387574585E-03   3.469012457914E-03  -6.652022090003E-03   5.524158820578E-04
   2.638447703481E-03  -4.857516157378E-03   3.336720265304E-03  -6.401718039200E-03   5.298005061683E-04
   2.542024937346E-03  -4.678570114902E-03   3.209371575467E-03  -6.159391753582E-03   5.081135665856E-04
   2.449134893188E-03  -4.505397003756E-03   3.086810946281E-03  -5.924841973974E-03   4.873212152194E-04
   2.359664716294E-03  -4.337847118094E-03   2.968886791599E-03  -5.697870996054E-03   4.673906637103E-04
   2.273504433709E-03  -4.175773478598E-03   2.855451315384E-03  -5.478284654602E-03   4.482901555074E-04
   2.190546903583E-03  -4.019031819976E-03   2.746360446063E-03  -5.265892305908E-03   4.299889385660E-04
   2.110687764590E-03  -3.867480576871E-03   2.641473771046E-03  -5.060506808372E-03   4.124572385742E-04
   2.033825385576E-03  -3.720980868425E-03   2.540654471535E-03  -4.861944501410E-03   3.956662327776E-04
   1.959860815363E-03  -3.579396481469E-03   2.443769257589E-03  -4.670025182806E-03   3.795880243343E-04
   1.888697732849E-03  -3.442593852469E-03   2.350688303580E-03  -4.484572084517E-03   3.641956172507E-04
   1.820242397281E-03  -3.310442048224E-03   2.261285183910E-03  -4.305411847035E-03   3.494628918258E-04
   1.754403598926E-03  -3.182812745504E-03   2.175436809230E-03  -4.132374492457E-03   3.353645806694E-04
   1.691092609942E-03  -3.059580209520E-03   2.093023362988E-03  -3.965293396209E-03   3.218762452072E-04
   1.630223135670E-03  -2.940621271458E-03   2.013928238482E-03  -3.804005257611E-03   3.089742527447E-04
   1.571711266252E-03  -2.825815305054E-03   1.938037976376E-03  -3.648350069344E-03   2.966357540172E-04
   1.515475428611E-03  -2.715044202220E-03   1.865242202699E-03  -3.498171085780E-03   2.848386612517E-04
   1.461436338883E-03  -2.608192347938E-03   1.795433567409E-03  -3.353314790440E-03   2.735616267401E-04
   1.409516955216E-03  -2.505146594293E-03   1.728507683461E-03  -3.213630862432E-03   2.627840218860E-04
   1.359642431039E-03  -2.405796233798E-03   1.664363066486E-03  -3.078972142093E-03   2.524859167319E-04
   1.311740068772E-03  -2.310032972102E-03   1.602901075028E-03  -2.949194595838E-03   2.426480599830E-04
   1.265739274009E-03  -2.217750900012E-03   1.544025851406E-03  -2.824157280253E-03   2.332518594723E-04
   1.221571510179E-03  -2.128846464958E-03   1.487644263193E-03  -2.703722305535E-03   2.242793630960E-04
   1.179170253715E-03  -2.043218441967E-03   1.433665845337E-03  -2.587754798311E-03   2.157132402084E-04
   1.138470949736E-03  -1.960767904140E-03   1.382002742951E-03  -2.476122863918E-03   2.075367634489E-04
   1.099410968223E-03  -1.881398192653E-03   1.332569654744E-03  -2.368697548127E-03   1.997337910039E-04
   1.061929560753E-03  -1.805014886421E-03   1.285283777144E-03  -2.265352798440E-03   1.922887493070E-04
   1.025967817778E-03  -1.731525771393E-03   1.240064749145E-03  -2.165965424991E-03   1.851866161584E-04
   9.914686264243E-04  -1.660840809508E-03   1.196834597795E-03  -2.070415061063E-03   1.784129042460E-04
   9.583766288911E-04  -1.592872107413E-03   1.155517684464E-03  -1.978584123280E-03   1.719536450924E-04
   9.266381813820E-04  -1.527533884929E-03   1.116040651773E-03  -1.890357771560E-03   1.657953733880E-04
   8.962013136094E-04  -1.464742443277E-03   1.078332371284E-03  -1.805623868802E-03   1.599251117021E-04
   8.670156889220E-04  -1.404416133214E-03   1.042323891938E-03  -1.724272940410E-03   1.543303556162E-04
   8.390325649430E-04  -1.346475322947E-03   1.007948389178E-03  -1.646198133645E-03   1.489990591917E-04
   8.122047548591E-04  -1.290842365989E-03   9.751411148828E-04  -1.571295176854E-03   1.439196208370E-04
   7.864865892638E-04  -1.237441568934E-03   9.438393480029E-04  -1.499462338679E-03   1.390808695149E-04
   7.618338786200E-04  -1.186199159182E-03   9.139823459755E-04  -1.430600387128E-03   1.344720513329E-04
   7.382038762746E-04  -1.137043252600E-03   8.855112968614E-04  -1.364612548691E-03   1.300828164390E-04
   7.155552421392E-04  -1.089903821288E-03   8.583692722967E-04  -1.301404467504E-03   1.259032063061E-04
   6.938480069005E-04  -1.044712661253E-03   8.325011811294E-04  -1.240884164449E-03   1.219236413158E-04
   6.730435368968E-04  -1.001403360264E-03   8.078537238967E-04  -1.182961996493E-03   1.181349086898E-04
   6.531044995169E-04  -9.599112656375E-04   7.843753479660E-04  -1.127550615940E-03   1.145281507222E-04
   6.339948292806E-04  -9.201734522838E-04   7.620162035183E-04  -1.074564929996E-03   1.110948533499E-04
   6.156796944817E-04  -8.821286907638E-04   7.407281002695E-04  -1.023922060381E-03   1.078268350161E-04
   5.981254643806E-04  -8.457174154686E-04   7.204644648721E-04  -9.755413030966E-04   1.047162358207E-04
   5.812996771040E-04  -8.108816930847E-04   7.011802991968E-04  -9.293440885141E-04   1.017555070026E-04
   5.651710080412E-04  -7.775651911016E-04   6.828321392666E-04  -8.852539415664E-04   9.893740067580E-05
   5.497092388730E-04  -7.457131465728E-04   6.653780149681E-04  -8.431964422263E-04   9.625495986140E-05
   5.348852271774E-04  -7.152723350645E-04   6.487774105069E-04  -8.030991862342E-04   9.370150879058E-05
   5.206708766569E-04  -6.861910398897E-04   6.329912256246E-04  -7.648917461570E-04   9.127064349086E-05
   5.070391078863E-04  -6.584190214605E-04   6.179817375031E-04  -7.285056326294E-04   8.895622261125E-05
   4.939638296832E-04  -6.319074870009E-04   6.037125634334E-04  -6.938742560189E-04   8.675235852234E-05
   4.814199110628E-04  -6.066090604930E-04   5.901486242163E-04  -6.609328883636E-04   8.465340867238E-05
   4.693831537200E-04  -5.824777528603E-04   5.772561082540E-04  -6.296186256429E-04   8.265396717351E-05
   4.578302651166E-04  -5.594689324849E-04   5.650024363801E-04  -5.998703504249E-04   8.074885663737E-05
   4.467388320994E-04  -5.375392959889E-04   5.533562273757E-04  -5.716286948589E-04   7.893312024409E-05
   4.360872951119E-04  -5.166468393640E-04   5.422872642187E-04  -5.448360040705E-04   7.720201404878E-05
   4.258549229102E-04  -4.967508293496E-04   5.317664609929E-04  -5.194362999048E-04   7.555099948937E-05
   4.160217878597E-04  -4.778117752000E-04   5.217658305111E-04  -4.953752451082E-04   7.397573613817E-05
   4.065687417706E-04  -4.597914007571E-04   5.122584526174E-04  -4.726001078845E-04   7.247207466070E-05
   3.974773922343E-04  -4.426526168518E-04   5.032184431418E-04  -4.510597268963E-04   7.103604996614E-05
   3.887300795216E-04  -4.263594940454E-04   4.946209235459E-04  -4.307044766325E-04   6.966387458076E-05
   3.803098539898E-04  -4.108772357676E-04   4.864419912187E-04  -4.114862332938E-04   6.835193221311E-05
   3.722004540099E-04  -3.961721517579E-04   4.786586904296E-04  -3.933583410287E-04   6.709677151337E-05
   3.643862843902E-04  -3.822116318921E-04   4.712489839117E-04  -3.762755786677E-04   6.589510001435E-05
   3.568523953001E-04  -3.689641203419E-04   4.641917250778E-04  -3.601941268404E-04   6.474377826253E-05
   3.495844617349E-04  -3.563990901980E-04   4.574666309064E-04  -3.450715356561E-04   6.363981414258E-05
   3.425687633924E-04  -3.444870183231E-04   4.510542553805E-04  -3.308666927071E-04   6.258035734125E-05
   3.357921651042E-04  -3.331993606999E-04   4.449359635949E-04  -3.175397916219E-04   6.156269401960E-05
   3.292420976850E-04  -3.225085280914E-04   4.390939064211E-04  -3.050523010479E-04   6.058424162538E-05
   3.229065393024E-04  -3.123878621168E-04   4.335109958057E-04  -2.933669341035E-04   5.964254388458E-05
   3.167739972640E-04  -3.028116116770E-04   4.281708806287E-04  -2.824476182948E-04   5.873526593883E-05
   3.108334902619E-04  -2.937549097618E-04   4.230579231167E-04  -2.722594658803E-04   5.786018963270E-05
   3.050745311280E-04  -2.851937507125E-04   4.181571759126E-04  -2.627687447768E-04   5.701520898052E-05
   2.994871099197E-04  -2.771049677446E-04   4.134543595749E-04  -2.539428498272E-04   5.619832573384E-05
   2.940616775289E-04  -2.694662109525E-04   4.089358407291E-04  -2.457502746183E-04   5.540764512510E-05
   2.887891296851E-04  -2.622559256732E-04   4.045886107280E-04  -2.381605837615E-04   5.464137173731E-05
   2.836607913631E-04  -2.554533312008E-04   4.004002648231E-04  -2.311443855871E-04   5.389780550841E-05
   2.786684016281E-04  -2.490383999417E-04   3.963589818951E-04  -2.246733053963E-04   5.317533786749E-05
   2.738040988536E-04  -2.429918368698E-04   3.924535046679E-04  -2.187199590755E-04   5.247244799236E-05
   2.690604063718E-04  -2.372950594656E-04   3.886731204521E-04  -2.132579272891E-04   5.178769920480E-05
   2.644302184942E-04  -2.319301779485E-04   3.850076423842E-04  -2.082617300485E-04   5.111973547708E-05
   2.599067868833E-04  -2.268799758977E-04   3.814473911081E-04  -2.037068017684E-04   5.046727804280E-05
   2.554837073829E-04  -2.221278913145E-04   3.779831770340E-04  -1.995694668326E-04   4.982912215369E-05
   2.511549071106E-04  -2.176579979613E-04   3.746062829401E-04  -1.958269155262E-04   4.920413391342E-05
   2.469146320117E-04  -2.134549871559E-04   3.713084471671E-04  -1.924571805188E-04   4.859124724553E-05
   2.427574346854E-04  -2.095041498728E-04   3.680818471566E-04  -1.894391137294E-04   4.798946094332E-05
   2.386781626028E-04  -2.057913592275E-04   3.649190834984E-04  -1.867523636604E-04   4.739783583589E-05
   2.346719466683E-04  -2.023030533636E-04   3.618131644069E-04  -1.843773532153E-04   4.681549205673E-05
   2.307341900805E-04  -1.990262186317E-04   3.587574905956E-04  -1.822952578993E-04   4.624160638981E-05
   2.268605575369E-04  -1.959483731511E-04   3.557458405918E-04  -1.804879844826E-04   4.567540972063E-05
   2.230469647875E-04  -1.930575507608E-04   3.527723564887E-04  -1.789381501279E-04   4.511618458550E-05
   2.192895684288E-04  -1.903422852534E-04   3.498315300226E-04  -1.776290618923E-04   4.456326278679E-05
   2.155847560956E-04  -1.877915950207E-04   3.469181891497E-04  -1.765446967143E-04   4.401602312016E-05
   2.119291368568E-04  -1.853949679631E-04   3.440274849043E-04  -1.756696817568E-04   4.347388915403E-05
   2.083195319857E-04  -1.831423468245E-04   3.411548787179E-04  -1.749892752399E-04   4.293632711780E-05
   2.047529659706E-04  -1.810241148054E-04   3.382961300672E-04  -1.744893476411E-04   4.240284385490E-05
   2.012266578033E-04  -1.790310814967E-04   3.354472844755E-04  -1.741563632919E-04   4.187298484337E-05
   1.977380125704E-04  -1.771544691770E-04   3.326046619102E-04  -1.739773624211E-04   4.134633230391E-05
   1.942846132968E-04  -1.753858994255E-04   3.297648454976E-04  -1.739399435787E-04   4.082250337719E-05
   1.908642130225E-04  -1.737173800103E-04   3.269246705589E-04  -1.740322464271E-04   4.030114835523E-05
   1.874747272051E-04  -1.721412921616E-04   3.240812140470E-04  -1.742429349769E-04   3.978194900470E-05
   1.841142262708E-04  -1.706503780522E-04   3.212317842040E-04  -1.745611811199E-04   3.926461692257E-05
   1.807809285124E-04  -1.692377286992E-04   3.183739106469E-04  -1.749766486518E-04   3.874889198665E-05
   1.774731931496E-04  -1.678967720809E-04   3.155053346749E-04  -1.754794775716E-04   3.823454084829E-05
   1.741895136544E-04  -1.666212615669E-04   3.126239999315E-04  -1.760602687906E-04   3.772135548501E-05
   1.709285112894E-04  -1.654052646602E-04   3.097280433322E-04  -1.767100692093E-04   3.720915181155E-05
   1.676889288797E-04  -1.642431520072E-04   3.068157863052E-04  -1.774203571298E-04   3.669776835502E-05
   1.644696247797E-04  -1.631295866936E-04   3.038857262878E-04  -1.781830280404E-04   3.618706496720E-05
   1.612695670729E-04  -1.620595138179E-04   3.009365285281E-04  -1.789903807317E-04   3.567692160358E-05
   1.580878279451E-04  -1.610281503278E-04   2.979670181167E-04  -1.798351037525E-04   3.516723713893E-05
   1.549235782885E-04  -1.600309751382E-04   2.949761723219E-04  -1.807102622166E-04   3.465792824194E-05
   1.517760824772E-04  -1.590637195151E-04   2.919631131497E-04  -1.816092849338E-04   3.414892829437E-05
   1.486446933399E-04  -1.581223576928E-04   2.889271001658E-04  -1.825259518439E-04   3.364018635088E-05
   1.455288473026E-04  -1.572030977645E-04   2.858675235496E-04  -1.834543818038E-04   3.313166614134E-05
   1.424280597328E-04  -1.563023728232E-04   2.827838974002E-04  -1.843890206606E-04   3.262334512641E-05
   1.393419204483E-04  -1.554168323491E-04   2.796758532767E-04  -1.853246296600E-04   3.211521358624E-05
   1.362700893634E-04  -1.545433338080E-04   2.765431339145E-04  -1.862562741197E-04   3.160727374002E-05
   1.332122923647E-04  -1.536789345298E-04   2.733855872468E-04  -1.871793124376E-04   3.109953892698E-05
   1.301683172715E-04  -1.528208837777E-04   2.702031605439E-04  -1.880893853686E-04   3.059203279500E-05
   1.271380100168E-04  -1.519666150790E-04   2.669958948403E-04  -1.889824056033E-04   3.008478855248E-05
   1.241212709279E-04  -1.511137387441E-04   2.637639195051E-04  -1.898545476097E-04   2.957784823412E-05
   1.211180511963E-04  -1.502600346344E-04   2.605074470572E-04  -1.907022377761E-04   2.907126201185E-05
   1.181283494415E-04  -1.494034451033E-04   2.572267681154E-04  -1.915221447842E-04   2.856508752584E-05
   1.151522084660E-04  -1.485420682033E-04   2.539222465991E-04  -1.923111703071E-04   2.805938926452E-05
   1.121897121092E-04  -1.476741510475E-04   2.505943150645E-04  -1.930664399151E-04   2.755423795783E-05
   1.092409822241E-04  -1.467980833767E-04   2.472434702143E-04  -1.937852942461E-04   2.704971000081E-05
   1.063061758264E-04  -1.459123913599E-04   2.438702686287E-04  -1.944652804597E-04   2.654588691896E-05
   1.033854823030E-04  -1.450157315365E-04   2.404753225888E-04  -1.951041438908E-04   2.604285483907E-05
   1.004791207990E-04  -1.441068849915E-04   2.370592961334E-04  -1.956998199816E-04   2.554070400708E-05
   9.758733767029E-05  -1.431847516716E-04   2.336229012145E-04  -1.962504264131E-04   2.503952831303E-05
   9.471040408935E-05  -1.422483449199E-04   2.301668940558E-04  -1.967542555086E-04   2.453942485098E-05
   9.184861371285E-05  -1.412967861418E-04   2.266920715998E-04  -1.972097668041E-04   2.404049349342E-05
   8.900228050710E-05  -1.403292997010E-04   2.231992681664E-04  -1.976155799149E-04   2.354283650031E-05
   8.617173663264E-05  -1.393452079234E-04   2.196893522029E-04  -1.979704675509E-04   2.304655813525E-05
   8.335733043108E-05  -1.383439262869E-04   2.161632231651E-04  -1.982733487609E-04   2.255176430574E-05
   8.055942454656E-05  -1.373249587994E-04   2.126218085896E-04  -1.985232824246E-04   2.205856223539E-05
   7.777839407305E-05  -1.362878934724E-04   2.090660612037E-04  -1.987194608720E-04   2.156706013309E-05
   7.501462485493E-05  -1.352323980073E-04   2.054969562434E-04  -1.988612037714E-04   2.107736690200E-05
   7.226851182698E-05  -1.341582155903E-04   2.019154888314E-04  -1.989479521647E-04   2.058959185118E-05
   6.954045746627E-05  -1.330651608457E-04   1.983226715086E-04  -1.989792627088E-04   2.010384443038E-05
   6.683087029428E-05  -1.319531159202E-04   1.947195318386E-04  -1.989548020876E-04   1.962023397581E-05
   6.414016349935E-05  -1.308220267344E-04   1.911071101785E-04  -1.988743416335E-04   1.913886948347E-05
   6.146875359154E-05  -1.296718993308E-04   1.874864574971E-04  -1.987377520895E-04   1.865985938220E-05
   5.881705913830E-05  -1.285027963565E-04   1.838586333108E-04  -1.985449985468E-04   1.818331132405E-05
   5.618549960859E-05  -1.273148337209E-04   1.802247037645E-04  -1.982961355924E-04   1.770933200370E-05
   5.357449421658E-05  -1.261081773033E-04   1.765857397232E-04  -1.979913025522E-04   1.723802696594E-05
   5.098446088849E-05  -1.248830398348E-04   1.729428150312E-04  -1.976307189402E-04   1.676950044595E-05
   4.841581526720E-05  -1.236396778931E-04   1.692970048280E-04  -1.972146800672E-04   1.630385521356E-05
   4.586896976961E-05  -1.223783889756E-04   1.656493839424E-04  -1.967435527552E-04   1.584119242625E-05
   4.334433271657E-05  -1.210995087196E-04   1.620010253876E-04  -1.962177712415E-04   1.538161149708E-05
   4.084230751561E-05  -1.198034082261E-04   1.583529989344E-04  -1.956378332205E-04   1.492520997507E-05
   3.836329188812E-05  -1.184904914721E-04   1.547063697527E-04  -1.950042960095E-04   1.447208343133E-05
   3.590767715550E-05  -1.171611928296E-04   1.510621971307E-04  -1.943177728497E-04   1.402232535330E-05
   3.347584757327E-05  -1.158159747022E-04   1.474215332727E-04  -1.935789293730E-04   1.357602705360E-05
   3.106817971675E-05  -1.144553252348E-04   1.437854221689E-04  -1.927884801553E-04   1.313327758659E-05
   2.868504189407E-05  -1.130797561252E-04   1.401548985063E-04  -1.919471854187E-04   1.269416366590E-05
   2.632679363727E-05  -1.116898005404E-04   1.365309866936E-04  -1.910558478672E-04   1.225876960186E-05
   2.399378519534E-05  -1.102860110963E-04   1.329146998932E-04  -1.901153096099E-04   1.182717723547E-05
   2.168635709636E-05  -1.088689579373E-04   1.293070391536E-04  -1.891264492225E-04   1.139946588543E-05
   1.940483973797E-05  -1.074392269056E-04   1.257089925841E-04  -1.880901789259E-04   1.097571230037E-05
   1.714955301647E-05  -1.059974177801E-04   1.221215345887E-04  -1.870074418591E-04   1.055599061991E-05
   1.492080598315E-05  -1.045441425911E-04   1.185456251445E-04  -1.858792094643E-04   1.014037233667E-05
   1.271889655128E-05  -1.030800240231E-04   1.149822091509E-04  -1.847064789807E-04   9.728926268143E-06
   1.054411121798E-05  -1.016056938817E-04   1.114322158070E-04  -1.834902710332E-04   9.321718534090E-06
   8.396724833520E-06  -1.001217916415E-04   1.078965580608E-04  -1.822316273328E-04   8.918812538487E-06
   6.277000375224E-06  -9.862896303836E-05   1.043761320651E-04  -1.809316084328E-04   8.520268952810E-06
   4.185188788538E-06  -9.712785877443E-05   1.008718167371E-04  -1.795912916471E-04   8.126145713263E-06
   2.121528809862E-06  -9.561913323044E-05   9.738447329355E-05  -1.782117689749E-04   7.736498010523E-06
   8.624685417016E-08  -9.410344329346E-05   9.391494488292E-05  -1.767941451875E-04   7.351378293687E-06
  -1.920443101082E-06  -9.258144720552E-05   9.046405621610E-05  -1.753395359435E-04   6.970836272218E-06
  -3.898339589782E-06  -9.105380350048E-05   8.703261326221E-05  -1.738490660264E-04   6.594918925238E-06
  -5.847253725059E-06  -8.952116997126E-05   8.362140295734E-05  -1.723238676280E-04   6.223670511233E-06
  -7.767009226835E-06  -8.798420271696E-05   8.023119297091E-05  -1.707650787414E-04   5.857132582797E-06
  -9.657442452846E-06  -8.644355522091E-05   7.686273147882E-05  -1.691738415995E-04   5.495344004079E-06
  -1.151840238721E-05  -8.489987749649E-05   7.351674699753E-05  -1.675513012074E-04   5.138340973102E-06
  -1.334975063274E-05  -8.335381527095E-05   7.019394821167E-05  -1.658986039317E-04   4.786157040883E-06
  -1.515136136785E-05  -8.180600922304E-05   6.689502386875E-05  -1.642168961644E-04   4.438823141268E-06
  -1.692312130109E-05  -8.025709426490E-05   6.362064267071E-05  -1.625073230507E-04   4.096367616408E-06
  -1.866492960053E-05  -7.870769886988E-05   6.037145321053E-05  -1.607710272844E-04   3.758816247455E-06
  -2.037669781857E-05  -7.715844443440E-05   5.714808392081E-05  -1.590091479511E-04   3.426192287185E-06
  -2.205834979665E-05  -7.560994469769E-05   5.395114305060E-05  -1.572228194530E-04   3.098516493229E-06
  -2.370982155793E-05  -7.406280518190E-05   5.078121867205E-05  -1.554131704695E-04   2.775807165500E-06
  -2.533106119071E-05  -7.251762268623E-05   4.763887869437E-05  -1.535813229910E-04   2.458080181390E-06
  -2.692202872013E-05  -7.097498480777E-05   4.452467090617E-05  -1.517283913920E-04   2.145349035789E-06
  -2.848269596882E-05  -6.943546950031E-05   4.143912303928E-05  -1.498554815694E-04   1.837624881616E-06
  -3.001304640578E-05  -6.789964467511E-05   3.838274284600E-05  -1.479636901247E-04   1.534916571083E-06
  -3.151307499501E-05  -6.636806781463E-05   3.535601818668E-05  -1.460541035851E-04   1.237230696423E-06
  -3.298278802168E-05  -6.484128564041E-05   3.235941715658E-05  -1.441277976969E-04   9.445716362834E-07
